2964.879 0.00000 0.00000 0.00000
2964.884 0.00000 -0.00852 0.00107
2964.889 -0.00746 -0.00852 0.00213
2964.894 -0.00213 -0.00852 0.00000
2964.899 -0.00213 -0.00533 0.00107
2964.904 0.00426 -0.00213 0.00000
2964.910 0.00746 0.00213 -0.01065
2964.914 -0.01065 -0.00533 -0.00639
2964.920 0.00639 -0.00320 0.00533
2964.925 0.00213 -0.00852 0.00107
2964.930 0.00107 0.00426 -0.00852
2964.935 -0.00107 -0.00213 -0.00639
2964.940 0.00107 0.00000 0.00426
2964.945 -0.01491 0.00213 -0.00533
2964.950 0.00107 -0.00320 -0.00107
2964.955 -0.00213 -0.00533 -0.00213
2964.960 0.00746 0.00320 0.00639
2964.965 0.00107 -0.00213 0.00213
2964.970 -0.00746 -0.00639 -0.00107
2964.975 0.00000 -0.00533 -0.00746
2964.980 -0.00213 -0.00213 0.00320
2964.985 -0.00959 -0.00533 0.00000
2964.990 0.01278 -0.00107 -0.00213
2964.995 0.00107 -0.00107 -0.00213
2965.000 -0.00533 -0.00107 -0.00213
2965.005 0.00320 -0.00426 -0.00107
2965.010 -0.00533 -0.00426 -0.00107
2965.015 -0.00213 0.00107 0.00107
2965.020 -0.00639 -0.00107 0.00533
2965.025 -0.00426 0.00320 -0.00426
2965.030 0.00107 -0.00107 0.00000
2965.035 -0.00746 0.00852 0.00533
2965.040 0.00213 0.00533 -0.00426
2965.045 -0.00959 0.01172 0.00852
2965.050 0.00746 0.00320 -0.00320
2965.055 -0.00107 0.00107 -0.00533
2965.060 -0.00533 -0.01172 0.00107
2965.065 0.00533 0.00533 -0.00320
2965.070 -0.00213 0.00533 0.00107
2965.075 0.00746 0.00426 0.00320
2965.081 -0.00213 0.00000 0.00000
2965.086 -0.01704 -0.00533 -0.00107
2965.091 -0.00533 -0.00213 -0.00639
2965.096 -0.00107 -0.00533 -0.00107
2965.101 -0.00959 -0.00746 -0.00746
2965.106 -0.00533 -0.00426 0.00426
2965.111 -0.00213 0.00000 0.00213
2965.116 0.00107 0.00000 0.00000
2965.121 -0.00639 0.01278 -0.01172
2965.126 0.00107 0.00639 0.00533
2965.131 0.00000 0.00320 -0.00746
2965.136 -0.00213 -0.00107 0.00533
2965.141 -0.01278 0.00213 -0.00213
2965.146 -0.00852 -0.00320 0.00639
2965.151 -0.00213 -0.00213 0.00213
2965.156 -0.00639 0.00533 -0.00746
2965.161 0.00213 -0.00533 -0.00639
2965.166 0.00000 -0.00107 -0.00213
2965.171 -0.00639 -0.00533 -0.00107
2965.176 -0.00107 -0.00533 0.00639
2965.181 -0.00639 0.00107 -0.00426
2965.186 -0.00320 0.00213 0.00852
2965.191 -0.00107 0.00213 -0.00852
2965.196 -0.00320 0.00746 0.00426
2965.201 -0.00959 0.00213 0.00000
2965.206 -0.00213 -0.00213 0.00746
2965.211 0.00000 0.00320 0.00959
2965.216 0.00320 0.00000 -0.00320
2965.221 0.00107 0.00320 0.00533
2965.226 0.00107 -0.00213 0.00746
2965.231 -0.01172 -0.00533 0.00000
2965.236 0.00107 -0.00639 0.00426
2965.241 0.00107 0.00320 0.00533
2965.246 -0.00213 -0.00213 0.00107
2965.252 -0.00320 -0.00426 -0.00107
2965.256 0.00000 0.00000 -0.00213
2965.262 0.00852 -0.01385 0.00107
2965.267 -0.00639 0.00213 -0.00107
2965.272 -0.00213 0.00533 0.00213
2965.277 -0.00320 0.00107 -0.00213
2965.282 -0.00213 -0.00107 0.00213
2965.287 0.00320 -0.00107 0.00426
2965.292 -0.00639 0.00000 -0.00426
2965.297 -0.00746 0.00746 0.00000
2965.302 -0.01172 -0.00533 -0.00320
2965.307 -0.01065 -0.00213 0.00107
2965.312 -0.00746 -0.00746 -0.00107
2965.317 -0.00107 0.00639 -0.00320
2965.322 0.00213 0.00320 0.00213
2965.327 -0.00533 0.00959 0.00107
2965.332 0.00320 -0.00639 0.00746
2965.337 -0.00213 -0.00107 0.00107
2965.342 0.00746 0.00213 0.00852
2965.347 -0.00107 -0.00213 -0.00107
2965.352 -0.00107 0.00746 0.00107
2965.357 0.00000 -0.00533 0.00107
2965.362 -0.00426 0.00213 -0.00213
2965.367 -0.00426 -0.01278 -0.00213
2965.372 -0.00107 -0.00426 -0.00533
2965.377 -0.00852 0.00213 -0.00852
2965.382 0.00959 -0.00107 0.00107
2965.387 0.00639 -0.00107 0.00320
2965.392 0.00107 0.00213 -0.00746
2965.397 -0.01065 0.00320 0.00320
2965.402 -0.00107 0.00107 -0.00533
2965.407 -0.00426 -0.00533 0.01065
2965.412 -0.00213 -0.01172 0.00320
2965.417 -0.00959 0.00213 0.00000
2965.423 -0.00107 -0.00746 0.00213
2965.428 0.00320 0.00000 0.00107
2965.433 -0.00107 0.00000 -0.00320
2965.438 -0.00320 0.00320 -0.00320
2965.443 0.00107 0.00000 0.00639
2965.448 -0.00746 -0.00852 -0.00107
2965.453 -0.00213 0.00533 0.00426
2965.458 -0.00852 0.00107 -0.00213
2965.463 -0.00320 -0.00213 -0.00213
2965.468 -0.00639 0.00746 0.00426
2965.473 -0.00426 -0.00107 -0.00320
2965.478 -0.00107 -0.00320 0.00107
2965.483 0.00320 -0.00639 0.00213
2965.488 -0.00213 0.00000 -0.00213
2965.493 -0.00639 -0.00213 -0.00426
2965.498 -0.00533 0.00746 0.00213
2965.503 -0.00213 -0.00320 -0.00107
2965.508 -0.00852 0.00107 0.00107
2965.513 -0.00320 0.00639 0.00426
2965.518 0.00639 0.00426 -0.00213
2965.523 0.00426 0.00000 0.00639
2965.528 -0.00639 -0.00107 0.00000
2965.533 -0.00959 -0.00107 -0.00320
2965.538 0.00107 -0.00320 -0.01172
2965.543 -0.00107 -0.00213 -0.00533
2965.548 0.00107 0.00639 -0.00213
2965.553 0.00426 -0.00746 -0.00107
2965.558 0.00107 0.00000 0.00000
2965.564 -0.00533 0.00107 -0.00213
2965.569 -0.00746 0.00107 -0.00320
2965.574 0.00107 -0.01172 -0.00320
2965.579 0.00426 0.00000 -0.00639
2965.584 -0.00107 -0.00746 -0.00320
2965.589 -0.00320 -0.00107 -0.00213
2965.594 -0.00107 0.00852 0.00000
2965.599 -0.00533 0.00000 -0.00320
2965.604 -0.00852 -0.00426 0.00107
2965.609 0.00320 0.00852 -0.00426
2965.614 -0.00426 -0.00213 -0.00107
2965.619 -0.00533 -0.00533 0.00213
2965.624 0.00000 0.00213 -0.00533
2965.629 -0.00639 0.00533 -0.00959
2965.634 0.00320 0.00213 -0.00639
2965.639 -0.00320 -0.00746 -0.00639
2965.644 -0.00426 -0.00426 0.00426
2965.649 0.00746 -0.00107 -0.00320
2965.654 -0.00959 -0.00639 0.00000
2965.659 -0.00533 0.00426 0.00320
2965.664 -0.00107 -0.01172 0.00426
2965.669 0.00639 0.00107 -0.00639
2965.674 -0.00639 -0.00213 -0.00746
2965.679 -0.00533 -0.00213 -0.00213
2965.684 -0.00320 0.00426 -0.00320
2965.689 -0.00213 -0.00320 0.00320
2965.694 0.00533 -0.00533 0.00746
2965.699 0.00533 0.00639 0.00426
2965.705 -0.00639 -0.01278 0.00639
2965.710 -0.00107 -0.00213 0.00000
2965.715 -0.00533 -0.00320 0.00959
2965.720 0.00000 -0.00107 -0.00426
2965.725 0.00746 0.00533 -0.00107
2965.730 0.00000 0.00959 0.00320
2965.735 -0.00107 0.01065 -0.01598
2965.740 0.00000 -0.00213 -0.00426
2965.745 -0.00213 -0.00213 0.00639
2965.750 -0.00533 -0.00213 -0.00852
2965.755 -0.00533 0.00213 -0.01065
2965.760 -0.00426 -0.00213 0.00000
2965.765 -0.01278 -0.00320 -0.00320
2965.770 -0.00746 -0.00213 -0.00426
2965.775 -0.00320 0.00000 0.00107
2965.780 0.00320 0.00320 -0.00320
2965.785 0.00000 -0.00107 0.00639
2965.790 -0.00533 0.00426 0.00426
2965.795 0.00639 -0.00533 0.00107
2965.800 0.00107 -0.00426 -0.00320
2965.805 -0.00426 0.00426 0.00533
2965.810 -0.00959 -0.01065 0.00000
2965.815 -0.00426 0.00746 0.00107
2965.820 0.00320 -0.00320 -0.00426
2965.825 0.00639 -0.00213 0.00107
2965.830 -0.00852 -0.00320 -0.00426
2965.835 0.00107 0.00213 0.01172
2965.840 -0.00746 0.00107 0.00213
2965.846 0.00000 -0.00639 -0.00320
2965.851 0.00107 -0.00639 0.00533
2965.856 -0.00213 -0.00959 0.00107
2965.861 -0.01704 0.00213 -0.00320
2965.866 -0.00852 -0.00746 0.00107
2965.871 -0.00213 0.00426 -0.00639
2965.876 -0.01065 0.00533 -0.00107
2965.881 0.00107 0.00426 -0.00320
2965.886 -0.00639 0.00000 0.00320
2965.891 0.00107 -0.00213 -0.00533
2965.896 -0.00213 -0.00320 0.00639
2965.901 -0.00746 0.00107 -0.00320
2965.906 -0.00426 0.00000 -0.00320
2965.911 -0.00213 0.00107 0.00320
2965.916 0.00639 0.00639 -0.01065
2965.921 -0.00533 0.00107 0.00107
2965.926 -0.00107 -0.00746 -0.00213
2965.931 -0.00213 -0.00320 -0.00107
2965.936 -0.00107 0.00000 -0.00320
2965.941 0.00639 -0.00107 -0.00746
2965.946 -0.00639 -0.00746 0.00426
2965.951 -0.00959 0.00320 0.00213
2965.956 0.00852 0.01385 -0.01172
2965.961 -0.00213 0.00107 0.01385
2965.966 0.00533 0.00107 0.00000
2965.971 0.00213 -0.00320 0.00213
2965.976 -0.00320 0.00852 -0.00320
2965.981 0.00000 0.00320 0.00107
2965.986 -0.00107 -0.00107 -0.00852
2965.991 -0.00959 -0.00533 0.00213
2965.996 -0.00746 0.01172 -0.00426
2966.001 -0.00959 0.00320 -0.00320
2966.007 0.00639 0.00320 0.00000
2966.012 -0.00107 0.00426 -0.00320
2966.017 -0.00107 -0.00107 -0.00213
2966.022 -0.00533 -0.00107 -0.00107
2966.027 -0.00107 0.00213 0.00533
2966.032 -0.00107 -0.00426 -0.00426
2966.037 0.00959 0.00320 -0.00320
2966.042 -0.00533 -0.00107 0.00213
2966.047 -0.00426 -0.00426 -0.00639
2966.052 -0.00320 -0.00746 0.00107
2966.057 -0.00213 -0.00426 0.00426
2966.062 -0.00533 -0.00107 -0.00107
2966.067 0.00639 -0.00533 0.00213
2966.072 -0.00533 0.00639 -0.00107
2966.077 -0.00107 -0.00320 -0.01278
2966.082 -0.00959 -0.00213 0.01278
2966.087 -0.00213 -0.00746 0.00213
2966.092 -0.00639 0.00320 0.00426
2966.097 -0.00959 -0.00320 0.00533
2966.102 -0.00320 0.00320 0.00320
2966.107 -0.00639 -0.00852 -0.00213
2966.112 -0.00320 -0.01385 0.00000
2966.117 -0.00213 -0.00107 0.00107
2966.122 0.00320 -0.00107 0.00000
2966.127 -0.01491 0.00107 -0.00320
2966.132 0.00000 -0.00746 -0.00533
2966.137 0.00320 -0.00320 0.00533
2966.142 -0.00426 -0.00320 -0.00213
2966.147 -0.00107 0.00533 -0.00107
2966.152 0.00639 -0.00107 -0.00107
2966.157 -0.00426 0.00639 0.00320
2966.162 -0.00426 -0.00533 -0.00107
2966.168 -0.01172 0.01065 0.00000
2966.172 0.00213 0.00746 -0.00107
2966.178 0.00107 0.00320 -0.00639
2966.183 -0.00639 -0.01065 -0.00533
2966.188 -0.00107 0.00426 0.00320
2966.193 -0.00107 -0.00746 0.00639
2966.198 -0.00320 0.00000 0.00320
2966.203 -0.00852 -0.00320 -0.00320
2966.208 0.00426 -0.00107 -0.00213
2966.213 0.00639 0.00320 -0.01278
2966.218 -0.00320 -0.00107 0.00426
2966.223 0.00426 0.00000 -0.00107
2966.228 0.00107 0.00107 0.00213
2966.233 -0.00320 -0.00852 -0.00320
2966.238 -0.01172 -0.00320 -0.00852
2966.243 -0.00852 -0.00639 0.00000
2966.248 0.00107 -0.00320 0.00533
2966.253 -0.00746 0.00213 -0.00639
2966.258 -0.00107 0.00639 0.00000
2966.263 0.00639 -0.00213 0.00746
2966.268 -0.00213 -0.00746 -0.00426
2966.273 -0.00533 -0.00213 -0.00426
2966.278 -0.00533 0.00320 0.00533
2966.283 0.00000 0.00213 0.00959
2966.288 -0.01598 -0.00426 0.00213
2966.293 -0.00213 -0.00320 -0.00426
2966.298 -0.00320 -0.00320 -0.00426
2966.303 0.00107 0.00533 0.00426
2966.308 -0.00533 -0.00852 -0.00426
2966.313 -0.00533 0.00000 0.00000
2966.318 0.00639 0.00426 -0.00533
2966.323 -0.00320 -0.00213 0.00000
2966.328 0.00959 0.00533 -0.01278
2966.333 0.00533 0.00000 -0.00213
2966.339 0.00639 -0.00107 -0.00320
2966.344 0.00426 -0.00639 -0.00746
2966.349 -0.00213 -0.00213 -0.00639
2966.354 0.00533 -0.00107 -0.00107
2966.359 0.00000 0.00107 0.00639
2966.364 0.00107 0.00426 -0.01065
2966.369 0.00213 0.00107 0.00000
2966.374 0.00107 0.00746 -0.00320
2966.379 0.00320 -0.00852 0.00213
2966.384 -0.01065 0.00000 0.00639
2966.389 -0.00852 0.00107 -0.00320
2966.394 -0.00213 0.00639 0.00746
2966.399 -0.00959 -0.00213 0.00107
2966.404 0.00107 -0.00426 0.00213
2966.409 -0.00107 0.00213 -0.00213
2966.414 0.01598 0.00213 -0.00320
2966.419 -0.00213 -0.00746 0.00746
2966.424 -0.00426 0.00213 0.00213
2966.429 0.00107 0.00320 -0.00213
2966.434 -0.00852 0.01172 -0.00320
2966.439 0.00000 0.01065 0.00533
2966.444 0.00213 -0.00852 -0.00213
2966.449 -0.00320 -0.00426 -0.00533
2966.454 -0.00746 -0.00852 0.00959
2966.459 0.00746 0.00213 0.00320
2966.464 -0.00533 -0.00213 -0.00107
2966.469 0.00000 -0.00320 -0.00107
2966.474 -0.00107 0.00320 -0.00852
2966.479 -0.00426 -0.01278 -0.00639
2966.484 0.00000 0.00533 0.00000
2966.489 0.01065 0.00533 0.00320
2966.494 0.00000 0.00000 0.01065
2966.500 -0.00320 -0.00107 0.00852
2966.505 -0.00213 0.00533 -0.00213
2966.510 -0.00533 0.00000 -0.00320
2966.515 0.00000 0.00533 -0.00320
2966.520 -0.00746 -0.00639 -0.00320
2966.525 -0.00426 0.00746 0.00000
2966.530 -0.00426 0.00320 -0.00852
2966.535 -0.00320 0.00533 -0.00426
2966.540 -0.00320 -0.00639 -0.00213
2966.545 0.00426 0.01065 -0.00107
2966.550 0.00213 -0.00852 0.00426
2966.555 -0.00959 -0.00639 0.00426
2966.560 -0.00533 -0.00639 0.00213
2966.565 0.00746 0.00639 -0.00533
2966.570 0.00213 -0.00320 0.00426
2966.575 0.00320 0.00533 -0.00320
2966.580 -0.00533 0.00107 -0.00107
2966.585 0.00000 -0.00852 0.00320
2966.590 0.00107 -0.00426 -0.00746
2966.595 -0.00852 -0.00852 0.00959
2966.600 -0.00639 0.00639 -0.00746
2966.605 -0.00320 -0.00426 0.00107
2966.610 -0.00107 -0.00426 -0.00426
2966.615 0.00426 0.00107 -0.00426
2966.620 -0.00959 0.00000 -0.00639
2966.625 -0.00213 -0.00426 0.00213
2966.630 -0.00213 -0.00107 0.00000
2966.635 -0.01172 -0.00213 0.01172
2966.641 -0.00320 -0.00320 0.00533
2966.646 0.00107 0.00000 -0.00107
2966.651 0.00320 -0.00107 -0.01065
2966.656 -0.00533 -0.00533 0.00107
2966.661 0.00426 -0.00533 -0.00639
2966.666 0.00213 -0.00213 0.00107
2966.671 -0.00746 -0.00852 -0.00320
2966.676 0.00533 -0.00107 0.00000
2966.681 -0.01278 -0.00426 0.00213
2966.686 -0.00426 -0.00320 -0.00320
2966.691 -0.00959 -0.00533 0.00107
2966.696 0.00107 -0.00852 0.00639
2966.701 -0.00213 0.00000 0.00213
2966.706 0.00107 -0.00959 -0.00639
2966.711 -0.00533 -0.00320 -0.00107
2966.716 0.00320 -0.00213 -0.00639
2966.721 0.00107 -0.00213 -0.00746
2966.726 0.00213 -0.00639 0.00320
2966.731 -0.01704 -0.00852 -0.00959
2966.736 -0.00533 -0.00107 0.00000
2966.741 0.00107 -0.00426 -0.00107
2966.746 -0.00213 0.00107 -0.00852
2966.751 0.00320 -0.01065 -0.00639
2966.756 -0.00213 -0.00639 0.00533
2966.761 -0.00533 -0.00320 -0.00426
2966.766 -0.00320 0.00000 0.00107
2966.771 -0.02024 0.00107 -0.00746
2966.776 -0.00746 0.00320 -0.00639
2966.781 -0.00320 0.00320 0.00000
2966.786 0.00000 0.00320 -0.00213
2966.791 -0.00107 0.00213 0.00000
2966.796 -0.00320 -0.00213 -0.00107
2966.801 0.00533 0.00000 0.00000
2966.806 -0.00639 0.00213 -0.00213
2966.811 0.00107 -0.00213 0.00107
2966.816 0.00959 0.00000 0.00107
2966.822 -0.00213 0.00000 0.00000
2966.827 -0.00320 0.00852 0.00852
2966.832 -0.00746 -0.00107 -0.00746
2966.837 0.00213 0.00426 -0.00320
2966.842 -0.01385 0.00320 -0.00533
2966.847 -0.00426 -0.00213 0.00213
2966.852 -0.00213 0.00426 -0.00426
2966.857 -0.00852 -0.00320 -0.00426
2966.862 0.00000 0.00320 -0.00320
2966.867 -0.00107 -0.00533 0.00320
2966.872 0.00426 0.00746 0.00746
2966.877 -0.00533 -0.00107 -0.00533
2966.882 -0.00107 -0.00533 -0.00213
2966.887 -0.00320 0.00000 0.00000
2966.892 0.00213 -0.00320 -0.00213
2966.897 0.00533 0.00426 -0.00320
2966.902 -0.00320 -0.00746 -0.00852
2966.907 0.00533 -0.00213 0.00107
2966.912 0.00320 0.00107 -0.00320
2966.917 -0.00320 0.00213 0.00426
2966.922 -0.00107 -0.01598 -0.00852
2966.927 -0.00639 0.00107 0.00746
2966.932 -0.00533 0.00107 -0.00107
2966.937 -0.00533 0.00213 -0.00107
2966.942 0.00746 0.00000 0.00000
2966.947 0.00107 -0.00533 -0.00213
2966.952 -0.00213 -0.00639 -0.00959
2966.957 0.00533 -0.00107 0.00107
2966.962 -0.01065 -0.01811 0.00533
2966.967 -0.00320 -0.00426 -0.00107
2966.973 -0.00320 -0.00533 -0.00320
2966.978 -0.00746 0.00213 -0.00320
2966.983 -0.00320 -0.00320 -0.00213
2966.988 0.00000 -0.00320 -0.00213
2966.993 -0.00426 0.00213 0.00320
2966.998 -0.01704 0.01385 -0.00213
2967.003 0.00213 0.00213 0.00320
2967.008 -0.01065 -0.00107 0.00213
2967.013 -0.00533 0.00107 -0.00320
2967.018 -0.00426 0.00320 -0.00426
2967.023 -0.00426 -0.00533 0.00213
2967.028 0.00107 0.00000 0.00639
2967.033 -0.00639 -0.00213 0.00533
2967.038 -0.01278 0.00320 -0.00639
2967.043 0.00000 -0.00320 -0.00213
2967.048 -0.00426 0.00533 -0.00426
2967.053 -0.00746 -0.00639 -0.00533
2967.058 -0.00533 0.01172 -0.00746
2967.063 -0.00746 -0.00213 -0.00213
2967.068 0.01278 0.00426 -0.00959
2967.073 0.00107 -0.01065 -0.00213
2967.078 -0.00426 -0.00426 -0.00533
2967.083 -0.00959 0.00639 0.00000
2967.088 -0.00320 0.00000 -0.00852
2967.093 -0.00320 -0.00426 -0.00107
2967.098 0.00213 0.00213 -0.00320
2967.103 -0.00746 0.00000 -0.00852
2967.108 0.00213 0.00000 -0.00320
2967.113 0.00107 -0.02131 0.00320
2967.118 0.00959 -0.00746 0.00000
2967.123 -0.01172 0.00107 -0.00107
2967.128 -0.00746 -0.00852 -0.00426
2967.134 0.00107 0.00000 0.00000
2967.139 -0.00213 -0.00426 0.00426
2967.144 0.00639 -0.00639 0.00320
2967.149 -0.00107 0.00533 0.00213
2967.154 0.00107 0.01065 0.00320
2967.159 -0.01172 -0.00107 -0.00320
2967.164 -0.00533 0.00213 -0.00426
2967.169 -0.00320 0.00320 0.00213
2967.174 -0.00320 0.00213 -0.00213
2967.179 0.00639 0.00107 0.00320
2967.184 0.00533 0.00746 0.00000
2967.189 -0.00213 0.00852 0.00107
2967.194 -0.00533 0.00107 -0.00426
2967.199 -0.00320 -0.00213 -0.00639
2967.204 -0.00426 -0.00107 -0.00213
2967.209 -0.00746 0.00213 0.00639
2967.214 0.00746 -0.00426 -0.00213
2967.219 0.00426 -0.00426 -0.00107
2967.224 0.00107 -0.00746 -0.00320
2967.229 0.00320 0.00107 0.00000
2967.234 0.00000 0.00746 -0.00533
2967.239 0.01065 -0.00639 0.00107
2967.244 0.00107 -0.00852 -0.00320
2967.249 -0.00426 0.00426 0.00320
2967.254 0.00852 0.00107 -0.00639
2967.259 0.00000 0.00533 0.00426
2967.264 -0.00320 -0.00959 0.00107
2967.269 -0.00533 -0.00852 0.00000
2967.274 0.00213 -0.00213 0.00213
2967.279 -0.00639 -0.00639 -0.00320
2967.284 0.00746 -0.00426 0.00107
2967.289 0.00000 0.00000 0.00107
2967.295 -0.00852 -0.01065 0.00426
2967.300 0.00107 0.00852 0.00852
2967.305 -0.00746 -0.00213 -0.00213
2967.310 -0.00107 -0.00107 0.00000
2967.315 -0.00213 -0.00107 0.00533
2967.320 -0.01172 0.00213 0.00746
2967.325 0.00000 -0.00533 -0.00320
2967.330 0.00320 -0.00107 -0.00639
2967.335 -0.00426 0.00213 -0.00213
2967.340 0.00639 -0.00107 0.00107
2967.345 -0.00107 -0.00639 -0.00320
2967.350 -0.00320 -0.00320 0.00746
2967.355 -0.00320 0.00639 0.00533
2967.360 0.00107 -0.00746 0.00639
2967.365 -0.00107 -0.00107 0.00320
2967.370 -0.01065 0.00320 -0.00959
2967.375 0.00320 0.00213 -0.00320
2967.380 0.00852 0.00320 0.00746
2967.385 0.00000 -0.00320 0.00213
2967.390 0.00000 -0.00213 -0.00533
2967.395 -0.00746 -0.00320 0.00107
2967.400 -0.00426 0.00213 0.00213
2967.405 0.00000 -0.01065 0.00213
2967.410 -0.00320 -0.00213 -0.00639
2967.415 -0.00320 -0.00107 0.00959
2967.420 -0.00639 0.00213 0.00000
2967.425 0.00107 -0.00213 0.00213
2967.430 -0.00639 -0.01065 -0.00107
2967.435 -0.00107 -0.00320 0.00426
2967.440 0.00320 0.00213 0.00000
2967.445 -0.00959 0.00000 -0.00746
2967.450 -0.00320 -0.00533 0.00213
2967.456 -0.01491 -0.00107 0.00533
2967.461 -0.00320 0.00639 -0.00213
2967.466 -0.00426 -0.00213 0.00000
2967.471 0.00320 -0.00746 0.00213
2967.476 0.00533 0.00107 0.00107
2967.481 -0.00213 -0.00959 0.00107
2967.486 0.00213 -0.00426 0.00533
2967.491 0.00000 -0.00533 -0.00426
2967.496 -0.00213 -0.00213 0.00000
2967.501 0.00000 0.00107 -0.00320
2967.506 0.00000 -0.00320 -0.00320
2967.511 -0.01278 0.00426 0.01598
2967.516 -0.00639 0.00533 0.00000
2967.521 -0.00107 0.00959 0.00746
2967.526 -0.00107 0.00107 0.00639
2967.531 -0.00213 0.00320 0.00320
2967.536 0.00213 0.00000 0.00107
2967.541 -0.00213 -0.00107 -0.00639
2967.546 0.00320 0.00107 -0.00107
2967.551 0.00639 0.00639 0.00000
2967.556 0.00533 -0.00213 -0.00426
2967.561 0.00533 -0.00213 0.00426
2967.566 -0.00533 -0.00533 -0.00107
2967.571 0.00000 -0.00533 -0.00213
2967.576 0.00000 -0.00746 -0.00639
2967.581 -0.01065 -0.00107 -0.00426
2967.586 0.00107 -0.00107 -0.00107
2967.591 -0.00639 0.00107 0.00426
2967.596 0.01065 0.00000 0.00107
2967.601 0.00320 -0.00213 0.00852
2967.606 -0.00852 0.00320 0.00000
2967.611 -0.00213 -0.00746 0.00107
2967.616 0.00320 0.00000 -0.00533
2967.621 -0.00533 -0.00107 0.00213
2967.626 0.00320 0.00320 -0.00107
2967.631 -0.00533 -0.00533 -0.00107
2967.637 0.00000 0.00533 0.00000
2967.642 -0.00746 0.00000 -0.00426
2967.647 0.00213 -0.00213 0.00426
2967.652 -0.00426 0.00320 -0.00426
2967.657 -0.01065 0.00213 0.00426
2967.662 0.00107 0.00533 0.00213
2967.667 -0.00533 -0.00746 0.00959
2967.672 -0.00426 0.00320 0.00213
2967.677 0.00852 0.00000 0.00746
2967.682 0.00107 0.00320 -0.00107
2967.687 -0.00320 -0.00426 0.00000
2967.692 -0.00852 -0.00107 -0.00213
2967.697 0.00639 -0.00320 0.00213
2967.702 0.00533 -0.00320 -0.00320
2967.707 0.00107 -0.00107 0.00107
2967.712 -0.00746 -0.00213 0.00107
2967.717 -0.00746 0.00107 0.00107
2967.722 0.00320 0.00533 -0.00959
2967.727 -0.01811 -0.00639 -0.00533
2967.732 0.01704 -0.00320 0.01172
2967.737 0.00533 -0.00852 0.00533
2967.742 -0.00426 -0.00533 -0.00320
2967.747 -0.00107 -0.00426 -0.01065
2967.752 0.00107 -0.00213 -0.00213
2967.757 0.00107 0.00000 -0.00533
2967.762 -0.00746 -0.00639 0.00426
2967.767 -0.01172 0.00107 0.00533
2967.772 -0.00426 0.00533 -0.00213
2967.777 -0.01172 0.00426 0.01385
2967.782 0.00320 0.00000 0.00107
2967.787 -0.00320 0.00533 -0.00746
2967.792 0.00959 -0.00107 0.00000
2967.798 0.00320 -0.00107 0.00639
2967.803 -0.00852 0.00107 0.00320
2967.808 -0.00426 0.00959 -0.00426
2967.813 -0.00639 0.00000 -0.00107
2967.818 -0.00107 -0.00533 0.00320
2967.823 0.00426 -0.00320 0.00107
2967.828 0.00426 -0.00533 0.00213
2967.833 0.00320 0.00639 -0.00107
2967.838 0.00213 -0.00213 -0.00426
2967.843 -0.00959 0.00107 -0.00852
2967.848 -0.00426 -0.00426 0.00213
2967.853 0.00320 0.00746 0.00320
2967.858 0.00000 0.00746 -0.00213
2967.863 -0.00426 -0.00320 -0.00320
2967.868 -0.00746 -0.00213 -0.00320
2967.873 -0.00959 0.00107 0.00000
2967.878 -0.00213 0.00107 0.00000
2967.883 0.00533 0.00213 -0.00320
2967.888 -0.00320 0.00213 0.00426
2967.893 0.00426 -0.00746 0.00320
2967.898 -0.00320 -0.00213 -0.00107
2967.903 -0.00107 0.00533 0.00320
2967.908 0.00533 0.00107 0.00213
2967.913 -0.00320 -0.00107 0.00852
2967.918 0.00000 0.00107 -0.00426
2967.923 0.00000 -0.00320 0.00426
2967.928 -0.00639 0.00959 0.00746
2967.933 0.00746 0.00213 0.01491
2967.938 0.00426 0.00533 0.00639
2967.943 0.00213 -0.00213 -0.00959
2967.948 -0.00639 0.00320 0.00852
2967.953 -0.00639 0.00639 0.00426
2967.959 0.00320 0.00320 -0.00426
2967.964 -0.00320 -0.00533 0.00107
2967.969 0.00320 0.00426 0.00320
2967.974 -0.00213 0.00000 0.00000
2967.979 -0.00107 -0.00746 0.00320
2967.984 -0.00852 -0.00639 0.00000
2967.989 0.00107 0.00959 0.00959
2967.994 -0.00213 0.00213 -0.00852
2967.999 -0.00107 -0.00213 0.00213
2968.004 -0.00959 -0.00320 0.00213
2968.009 -0.00426 -0.01811 -0.00533
2968.014 0.00000 0.00639 0.00746
2968.019 -0.00213 0.00107 0.00000
2968.024 0.00426 0.00639 -0.00533
2968.029 -0.00852 0.00000 0.00426
2968.034 -0.00107 0.00000 -0.00426
2968.039 -0.00320 0.00533 -0.00639
2968.044 -0.00533 0.00213 0.00426
2968.049 0.00000 0.00639 -0.00639
2968.054 -0.00639 0.00107 -0.00746
2968.059 -0.00852 0.00533 0.00107
2968.064 0.00852 -0.00639 -0.00213
2968.069 -0.00959 0.00320 -0.00852
2968.074 -0.00533 -0.00213 0.00107
2968.079 0.00639 -0.00320 0.00107
2968.084 0.00533 0.00213 0.00000
2968.089 0.00000 -0.00320 0.00746
2968.094 -0.00107 0.00639 -0.00213
2968.100 -0.00320 0.00107 0.00000
2968.105 0.00533 0.00320 -0.00426
2968.110 -0.00639 -0.00107 -0.00320
2968.115 0.00746 0.00533 0.00213
2968.120 0.00000 -0.00213 -0.00107
2968.125 -0.00107 -0.00107 -0.00320
2968.130 0.00533 -0.00533 0.00852
2968.135 -0.00107 -0.00320 0.00320
2968.140 0.00639 -0.00213 -0.00213
2968.145 -0.00213 0.00426 -0.00852
2968.150 -0.00320 -0.01065 0.00213
2968.155 0.00213 -0.00213 -0.00852
2968.160 -0.00959 -0.00639 -0.00426
2968.165 0.00320 0.00107 0.00746
2968.170 -0.00213 -0.00426 0.00000
2968.175 0.00320 -0.00639 0.00533
2968.180 -0.00320 0.00213 0.00320
2968.185 -0.00107 0.00320 -0.00213
2968.190 -0.00639 -0.00533 -0.00639
2968.195 -0.00426 -0.00320 -0.00320
2968.200 0.00746 -0.00852 -0.00639
2968.205 0.00000 0.00320 0.00000
2968.210 -0.00107 -0.00107 0.00107
2968.215 0.00426 0.00107 0.00746
2968.220 -0.00426 0.00000 0.00320
2968.225 -0.00320 -0.00107 0.00213
2968.230 0.00852 0.00107 0.00000
2968.235 0.00107 0.00000 0.00320
2968.240 0.00107 -0.00320 0.00000
2968.245 -0.00320 -0.00639 0.00107
2968.250 0.00639 -0.00107 0.00639
2968.255 -0.00320 -0.00746 0.00107
2968.261 -0.00320 -0.00746 -0.00426
2968.266 -0.00746 0.00639 0.00000
2968.271 0.00000 -0.01065 0.00533
2968.276 0.00213 0.00107 0.00213
2968.281 0.00213 0.00107 -0.00959
2968.286 -0.00426 -0.01065 -0.00107
2968.291 0.00320 0.00639 0.01065
2968.296 0.01385 0.00320 0.00852
2968.301 0.00000 0.00213 -0.00107
2968.306 -0.00213 0.00000 0.00639
2968.311 -0.00320 -0.00213 0.00533
2968.316 -0.00320 -0.00320 0.00000
2968.321 -0.00107 0.00320 -0.00107
2968.326 0.00213 -0.00533 0.00320
2968.331 0.00000 -0.00426 0.00107
2968.336 0.01278 0.00533 0.00107
2968.341 -0.00852 0.00639 -0.00426
2968.346 -0.00746 -0.00426 0.00320
2968.351 0.00213 0.00000 0.00852
2968.356 -0.01278 0.00320 0.00000
2968.361 -0.00320 -0.00107 0.00852
2968.366 -0.00213 -0.00213 -0.01172
2968.371 -0.00107 0.00107 -0.00426
2968.376 0.00000 -0.00213 -0.00426
2968.381 0.00000 -0.00533 -0.00320
2968.386 -0.00426 0.00000 -0.00746
2968.391 -0.00213 0.00639 0.00320
2968.396 -0.00320 0.00320 0.00426
2968.401 -0.00852 0.00426 0.00533
2968.406 0.00213 0.00320 0.00213
2968.411 -0.01385 0.01065 -0.01278
2968.416 0.00000 0.00000 0.00000
2968.422 0.00320 0.00107 0.00533
2968.427 0.00213 0.00000 -0.00320
2968.432 0.00000 0.00213 0.00320
2968.437 -0.01065 -0.00746 -0.01385
2968.442 0.00107 0.00213 -0.00213
2968.447 -0.00213 0.00426 -0.00107
2968.452 0.00000 -0.00426 0.00107
2968.457 -0.00533 -0.00639 -0.00213
2968.462 0.00320 -0.00426 0.00320
2968.467 -0.00107 0.00533 0.00107
2968.472 0.00426 0.00426 0.00107
2968.477 0.00213 -0.00426 -0.00107
2968.482 -0.00213 0.00213 0.00426
2968.487 0.00000 0.00107 -0.00213
2968.492 -0.00213 -0.00533 0.01491
2968.497 0.00533 -0.00213 -0.00213
2968.502 -0.00320 0.00107 -0.00639
2968.507 -0.00107 0.00320 0.00000
2968.512 0.00000 -0.00533 0.00852
2968.517 -0.00746 -0.00213 -0.00107
2968.522 -0.00107 -0.00320 -0.00213
2968.527 -0.00107 -0.00746 -0.00533
2968.532 0.00213 -0.00213 -0.00107
2968.537 -0.00746 -0.00107 -0.00320
2968.542 -0.00533 0.00000 0.00107
2968.547 -0.00639 0.00000 0.00746
2968.552 -0.00320 0.00107 0.00426
2968.557 -0.01172 0.00426 -0.00746
2968.562 0.00107 0.00426 0.00107
2968.567 0.00000 0.00107 -0.00213
2968.573 -0.00533 -0.00107 -0.00852
2968.577 0.00213 0.00107 -0.00213
2968.583 -0.00107 -0.00533 -0.00320
2968.588 -0.00746 0.00426 0.00000
2968.593 -0.00959 -0.00746 0.00320
2968.598 -0.00533 -0.00320 0.00000
2968.603 -0.00639 -0.00533 0.00320
2968.608 0.01065 0.00213 0.00426
2968.613 -0.00213 -0.00320 -0.00426
2968.618 0.00639 -0.00426 -0.00533
2968.623 -0.00213 0.00213 -0.00533
2968.628 -0.00959 0.00213 -0.00320
2968.633 0.00320 0.00213 -0.00213
2968.638 -0.00746 -0.00320 0.00320
2968.643 -0.00533 -0.00213 -0.00107
2968.648 0.00320 0.00107 -0.00639
2968.653 -0.00533 0.00107 -0.00746
2968.658 -0.00533 -0.00107 -0.01065
2968.663 -0.00213 0.00959 0.00213
2968.668 -0.00852 -0.00107 0.00426
2968.673 0.00107 -0.00639 -0.00213
2968.678 -0.00107 0.00426 0.00213
2968.683 0.00746 0.00639 -0.00107
2968.688 -0.00213 -0.00533 -0.00746
2968.693 0.00107 0.00107 0.00639
2968.698 -0.00107 -0.00320 0.00000
2968.703 -0.00852 0.00000 0.00426
2968.708 -0.00107 -0.00746 -0.00320
2968.713 0.00000 -0.00320 0.00320
2968.718 0.00320 0.00746 0.00533
2968.723 -0.00107 -0.00320 -0.00426
2968.728 -0.00107 -0.00107 0.00213
2968.733 -0.01172 -0.00107 -0.00213
2968.738 -0.00107 -0.00107 0.00000
2968.743 0.00959 -0.00107 0.00852
2968.748 -0.00213 -0.00959 -0.00959
2968.753 0.00000 -0.00107 0.00320
2968.758 -0.00639 -0.00107 0.00533
2968.763 0.00533 -0.00107 0.00213
2968.768 -0.00959 -0.01278 0.00426
2968.773 0.00746 -0.00213 0.00320
2968.778 -0.00959 0.00107 -0.00320
2968.784 0.00639 0.00852 0.00426
2968.789 0.00320 0.00852 0.00107
2968.794 0.00426 0.00426 0.00320
2968.799 -0.00426 0.00000 0.00426
2968.804 -0.00320 -0.00426 -0.00107
2968.809 -0.00320 -0.00426 -0.00426
2968.814 -0.00213 0.00107 0.00320
2968.819 -0.00852 0.00320 -0.00426
2968.824 0.00320 0.00000 -0.00107
2968.829 -0.00533 0.00000 0.00000
2968.834 0.00852 -0.00746 0.00213
2968.839 -0.00746 -0.00213 0.01065
2968.844 0.00852 0.00000 0.01385
2968.849 0.00107 -0.00639 0.00320
2968.854 0.00107 -0.00213 0.00107
2968.859 -0.00639 -0.01278 -0.00107
2968.864 -0.00320 0.00107 -0.00213
2968.869 -0.01811 -0.00533 -0.00320
2968.874 -0.00320 0.00213 -0.00107
2968.879 0.00000 0.00533 0.00213
2968.884 -0.00746 -0.00213 0.00426
2968.889 -0.00320 0.00426 -0.00320
2968.894 -0.00213 -0.00107 -0.00639
2968.899 0.00000 -0.00320 -0.00213
2968.904 0.00426 0.00533 -0.01065
2968.909 -0.00639 -0.00107 0.00852
2968.914 0.00107 -0.00107 -0.00213
2968.919 0.00107 -0.00107 0.00320
2968.925 -0.00213 0.00959 0.00213
2968.929 0.00320 0.00959 -0.00852
2968.935 -0.00426 0.00107 0.00213
2968.940 -0.00852 -0.00639 0.00320
2968.945 0.00000 -0.00533 -0.00639
2968.950 0.00533 0.00852 -0.00746
2968.955 0.00107 -0.00533 -0.00426
2968.960 0.00426 -0.00639 0.00107
2968.965 -0.00852 -0.01385 0.00426
2968.970 -0.01491 0.00213 0.00320
2968.975 0.00107 -0.00107 0.00639
2968.980 0.00000 0.00426 -0.00107
2968.985 0.00959 0.00107 -0.00533
2968.990 0.00107 -0.00213 0.00213
2968.995 -0.00426 0.01172 -0.00746
2969.000 -0.00213 0.00000 -0.00639
2969.005 -0.00959 -0.00639 -0.00639
2969.010 0.00000 0.00107 -0.00320
2969.015 0.00000 0.00320 0.00107
2969.020 0.00320 -0.00107 0.00000
2969.025 -0.00320 -0.00639 -0.00639
2969.030 0.00000 0.00213 -0.00639
2969.035 -0.00746 -0.00107 -0.00320
2969.040 0.00959 -0.01278 -0.01278
2969.045 0.00426 -0.00533 0.00107
2969.050 0.00426 -0.00426 -0.00639
2969.055 -0.00107 0.00107 0.00426
2969.060 0.00000 0.00107 -0.00213
2969.065 0.00213 0.00107 -0.00213
2969.070 0.00426 -0.00533 -0.00746
2969.075 -0.00852 0.00639 0.00000
2969.080 -0.00959 -0.00320 0.00213
2969.085 0.00426 0.00107 0.01172
2969.090 0.00639 -0.00533 0.00320
2969.095 0.00000 0.00000 0.01065
2969.100 -0.01065 -0.00213 0.00213
2969.106 -0.00426 0.00746 0.00213
2969.111 0.00213 -0.01172 -0.00107
2969.116 -0.00533 -0.00746 -0.00107
2969.121 -0.01172 0.00107 0.00213
2969.126 -0.01172 0.00426 0.00213
2969.131 -0.00533 0.00000 0.00000
2969.136 0.00000 -0.00107 -0.00107
2969.141 -0.00852 0.00852 -0.00533
2969.146 -0.00107 0.00639 0.00000
2969.151 0.00000 0.01598 0.00746
2969.156 0.00000 0.00107 -0.00107
2969.161 -0.00533 0.00533 0.00533
2969.166 -0.00639 -0.00746 0.00107
2969.171 0.00533 0.00107 -0.00107
2969.176 -0.00320 0.00213 -0.00320
2969.181 0.00213 0.00852 0.00639
2969.186 -0.00426 0.00000 0.00639
2969.191 -0.00320 0.00000 -0.00107
2969.196 -0.00746 0.00426 -0.01172
2969.201 0.00533 0.00213 -0.00320
2969.206 -0.00213 -0.00213 -0.00639
2969.211 -0.00746 -0.00107 -0.00639
2969.216 -0.00852 0.00533 0.00000
2969.221 -0.00533 -0.00746 -0.00107
2969.226 0.00107 -0.00533 0.00107
2969.231 -0.00320 -0.00533 -0.00426
2969.236 -0.00426 -0.00533 0.00426
2969.241 0.00852 -0.00320 0.01278
2969.247 -0.00107 0.00320 0.00213
2969.252 0.00320 -0.00639 -0.01278
2969.257 -0.00426 0.00000 -0.00213
2969.262 -0.00426 0.00107 -0.00746
2969.267 -0.00639 0.00533 -0.00107
2969.272 -0.00107 -0.00959 0.00213
2969.277 0.00533 0.00213 -0.00533
2969.282 -0.00107 -0.00213 0.00000
2969.287 -0.00533 -0.00639 -0.00107
2969.292 -0.00426 0.00639 0.00107
2969.297 -0.01491 -0.00426 -0.00426
2969.302 0.00426 -0.00852 0.00107
2969.307 -0.00426 -0.00959 -0.00107
2969.312 -0.00959 -0.00426 -0.00213
2969.317 0.00000 0.00000 -0.00107
2969.322 -0.00639 0.00107 0.00533
2969.327 -0.00107 0.00213 0.00426
2969.332 -0.00320 -0.00959 -0.00107
2969.337 -0.00852 0.00320 -0.00426
2969.342 -0.00213 -0.00639 0.01917
2969.347 0.00320 -0.00426 0.00213
2969.352 -0.00213 0.00107 -0.01598
2969.357 -0.00320 -0.00320 0.00107
2969.362 -0.00213 0.00107 0.00426
2969.367 0.00213 -0.00533 0.00000
2969.372 -0.00107 -0.00639 -0.00426
2969.377 0.00000 -0.00107 -0.00533
2969.382 0.00000 0.00000 0.00000
2969.387 0.00320 0.00533 0.00320
2969.392 0.00426 -0.00639 0.00107
2969.397 0.00107 0.00213 -0.01917
2969.402 0.00213 -0.00533 0.00533
2969.408 -0.00213 0.00213 0.00000
2969.413 -0.00959 -0.00320 0.00213
2969.418 0.00107 -0.00426 -0.00533
2969.423 -0.00746 0.00426 0.00000
2969.428 -0.00213 0.00213 -0.00107
2969.433 0.00320 -0.00533 0.00107
2969.438 -0.00426 0.00533 -0.00213
2969.443 -0.00107 -0.00213 -0.00320
2969.448 0.00000 -0.00426 0.00213
2969.453 0.00107 -0.00107 -0.00746
2969.458 0.00426 0.00107 0.00213
2969.463 0.00107 -0.00320 0.00107
2969.468 -0.00639 -0.00213 -0.01065
2969.473 -0.00107 0.00213 0.00852
2969.478 0.00213 -0.01917 -0.00746
2969.483 0.00000 -0.00426 0.00213
2969.488 0.00000 0.00320 0.00000
2969.493 0.00426 -0.00213 0.00213
2969.498 0.00000 -0.00320 0.00320
2969.503 0.00320 0.00533 0.00426
2969.508 -0.00107 0.00746 0.00000
2969.513 -0.00639 0.00320 0.00426
2969.518 -0.00107 -0.01065 -0.00426
2969.523 -0.00852 -0.00213 0.00426
2969.528 -0.00213 0.00320 0.00320
2969.533 -0.00107 0.00107 -0.00639
2969.538 -0.00746 0.00213 -0.00639
2969.543 -0.00533 -0.00426 0.00107
2969.549 0.00533 0.01065 0.00426
2969.554 -0.00213 -0.00639 -0.01385
2969.559 -0.00320 -0.00639 0.00107
2969.564 0.00000 0.00213 -0.00533
2969.569 -0.00213 0.00000 -0.00320
2969.574 -0.00213 0.00213 -0.00213
2969.579 -0.00320 -0.00639 -0.00320
2969.584 0.00320 -0.00213 -0.00426
2969.589 0.00213 -0.00746 0.00213
2969.594 0.00320 -0.00639 0.00426
2969.599 0.00000 -0.00533 0.00213
2969.604 0.01811 -0.00426 -0.00639
2969.609 0.00639 0.00639 -0.00426
2969.614 -0.00746 -0.00320 0.00107
2969.619 -0.00320 0.00320 0.00000
2969.624 0.00000 0.00320 0.00107
2969.629 -0.00213 0.00746 0.00320
2969.634 -0.00426 0.00533 -0.00852
2969.639 -0.00320 -0.00852 0.00107
2969.644 -0.00639 -0.00746 0.00000
2969.649 -0.00320 0.00639 0.00426
2969.654 0.00639 0.00000 0.00852
2969.659 -0.00639 -0.00852 -0.00426
2969.664 -0.00746 0.00320 -0.00107
2969.669 -0.00213 0.00000 -0.00213
2969.674 0.00213 0.00000 -0.00426
2969.679 -0.00426 0.00320 -0.00959
2969.684 0.00213 -0.00320 -0.00107
2969.689 0.00213 -0.00320 -0.00639
2969.694 0.00959 -0.00320 0.00320
2969.699 -0.00533 -0.00426 0.01172
2969.704 -0.00746 -0.00320 -0.00320
2969.709 0.00426 0.00426 -0.00320
2969.714 -0.00213 0.00000 0.00426
2969.719 0.00320 -0.00639 -0.00426
2969.724 -0.00213 -0.00213 -0.00107
2969.730 0.00213 -0.00107 -0.00426
2969.735 -0.00213 0.00639 -0.00320
2969.740 -0.00533 0.00320 0.00639
2969.745 -0.00320 -0.00213 0.00426
2969.750 -0.00320 -0.00426 0.00320
2969.755 -0.00426 -0.00639 0.00213
2969.760 -0.00213 0.00426 0.00426
2969.765 -0.00639 -0.00320 -0.00746
2969.770 0.00213 -0.00213 -0.00746
2969.775 0.01065 0.00000 -0.00320
2969.780 -0.00639 -0.00959 -0.00320
2969.785 -0.00639 -0.00533 0.00000
2969.790 0.00107 -0.00320 0.00852
2969.795 -0.00426 -0.00639 -0.00852
2969.800 -0.00852 -0.00426 -0.00959
2969.805 0.00107 -0.00213 0.00107
2969.810 -0.00107 -0.01065 0.00426
2969.815 0.00000 0.01065 -0.00320
2969.820 -0.00746 -0.00213 -0.00639
2969.825 -0.01065 0.00000 -0.00426
2969.830 -0.00213 -0.00533 -0.00213
2969.835 -0.00320 -0.00426 0.00000
2969.840 -0.00746 0.00639 -0.00426
2969.845 -0.00320 -0.01172 0.00746
2969.850 -0.00107 -0.00746 0.00107
2969.855 0.00213 0.00533 -0.00533
2969.860 -0.00639 -0.00533 0.00000
2969.865 0.00426 -0.00320 -0.00107
2969.870 0.01278 0.00213 0.00426
2969.875 -0.00533 -0.00213 -0.00426
2969.881 0.00213 -0.00533 -0.00320
2969.886 -0.00426 0.00213 -0.00320
2969.891 0.00426 0.00320 0.00320
2969.896 0.00000 0.00426 0.00000
2969.901 0.00426 -0.00213 0.00320
2969.906 -0.00533 -0.01065 0.00000
2969.911 0.00746 -0.00107 0.00213
2969.916 -0.00213 0.00000 0.00000
2969.921 -0.00107 -0.00320 0.00000
2969.926 0.00426 0.00320 0.00320
2969.931 0.00213 0.00426 -0.00320
2969.936 -0.00533 -0.00533 -0.00107
2969.941 0.00000 -0.00320 0.00213
2969.946 -0.00107 -0.00533 -0.01598
2969.951 -0.00320 -0.00213 0.00213
2969.956 0.01811 0.00320 -0.00213
2969.961 -0.00320 0.00107 0.00000
2969.966 -0.00426 -0.00213 -0.00213
2969.971 0.00000 0.00639 0.00000
2969.976 -0.00107 0.00213 0.00107
2969.981 -0.00213 -0.00852 0.00000
2969.986 -0.00213 0.00213 0.00107
2969.991 0.00213 0.00000 0.00107
2969.996 0.00320 0.00320 0.00320
2970.001 -0.00213 -0.00533 0.00746
2970.006 -0.00639 0.00426 -0.00533
2970.011 -0.00959 -0.00639 0.00213
2970.016 0.00000 0.00000 0.00000
2970.021 -0.00107 -0.00426 -0.00107
2970.026 -0.00426 -0.00213 0.00320
2970.031 0.00320 -0.00213 0.00107
2970.036 -0.00107 0.00639 -0.00426
2970.042 -0.01065 0.00000 0.00533
2970.047 -0.00959 0.00107 0.00320
2970.052 -0.00213 -0.01385 0.00320
2970.057 -0.00533 0.00426 -0.00213
2970.062 0.00533 0.00639 -0.00107
2970.067 0.00107 -0.00320 0.00533
2970.072 -0.00533 0.00213 -0.00213
2970.077 -0.00533 -0.00426 0.00320
2970.082 -0.00852 -0.00959 0.00213
2970.087 0.00533 -0.00852 -0.00320
2970.092 -0.00746 0.00426 0.00107
2970.097 -0.00213 0.00213 0.00533
2970.102 0.00426 0.00213 -0.00320
2970.107 -0.00746 -0.00213 0.00533
2970.112 -0.00320 0.00213 0.00533
2970.117 -0.00320 -0.00107 -0.00639
2970.122 -0.00852 -0.00320 0.00107
2970.127 0.00639 -0.00639 0.00320
2970.132 -0.00107 -0.00426 -0.00320
2970.137 -0.01065 -0.00213 0.00533
2970.142 -0.00320 -0.00533 -0.01278
2970.147 0.00746 0.00320 -0.00533
2970.152 0.00107 0.00000 -0.01065
2970.157 -0.00852 -0.00320 -0.00852
2970.162 -0.00320 -0.00320 -0.00320
2970.167 -0.00746 0.00107 0.00000
2970.172 0.01065 -0.00746 0.00000
2970.177 -0.00107 -0.00213 0.00000
2970.182 -0.00213 -0.00107 -0.00107
2970.187 0.01065 -0.00320 -0.00320
2970.192 -0.00426 0.00213 -0.00320
2970.197 0.00320 0.00107 0.00000
2970.202 0.00320 0.00107 -0.00107
2970.207 -0.00426 -0.00426 -0.00426
2970.213 0.00426 -0.00320 -0.00320
2970.218 0.00107 -0.00746 -0.00533
2970.223 -0.01172 0.00533 -0.00746
2970.228 -0.00320 -0.00746 -0.00639
2970.233 0.00000 0.00213 -0.00320
2970.238 -0.00320 -0.00320 -0.00426
2970.243 -0.00852 0.00213 0.00107
2970.248 0.00533 0.00213 0.01172
2970.253 0.00426 -0.01172 0.00000
2970.258 0.00213 0.00320 0.00107
2970.263 0.00533 0.00213 0.00213
2970.268 0.00213 -0.00320 0.00533
2970.273 -0.00107 0.00000 -0.00213
2970.278 0.00000 0.00213 0.00213
2970.283 0.00213 0.00426 0.00533
2970.288 0.01065 -0.00213 -0.00533
2970.293 -0.00320 -0.00426 0.00320
2970.298 -0.00213 0.00426 0.00107
2970.303 -0.00533 -0.00959 -0.00320
2970.308 0.00533 0.00426 0.00000
2970.313 0.00320 0.00107 -0.00533
2970.318 0.00213 -0.00320 -0.00426
2970.323 -0.00320 -0.00639 -0.00320
2970.328 -0.00533 -0.00213 -0.00213
2970.333 -0.01065 -0.00107 -0.00959
2970.338 -0.00426 0.00852 0.00320
2970.343 0.00213 -0.00639 -0.01065
2970.348 -0.00320 -0.00107 0.00107
2970.353 0.00000 0.00000 -0.00426
2970.358 -0.00107 -0.00746 -0.00639
2970.363 -0.00426 -0.00107 -0.00320
2970.368 0.00213 0.00107 -0.00426
2970.374 0.00107 0.00533 0.00426
2970.379 0.00533 0.00107 0.00213
2970.384 0.00213 -0.00213 -0.00746
2970.389 -0.00320 -0.00107 0.00000
2970.394 -0.01278 -0.00426 -0.00213
2970.399 -0.01065 0.00000 -0.00320
2970.404 0.00107 -0.00107 0.00320
2970.409 0.00000 -0.00533 0.00000
2970.414 0.00213 -0.00533 0.00746
2970.419 -0.00213 -0.00639 -0.00426
2970.424 -0.00213 0.00107 -0.00320
2970.429 -0.00213 0.00000 0.00107
2970.434 0.00213 -0.00852 0.00213
2970.439 0.00320 -0.00107 0.00320
2970.444 -0.00426 -0.00320 0.00746
2970.449 0.01065 -0.00213 -0.00533
2970.454 -0.00959 -0.00639 0.00639
2970.459 0.00000 -0.00320 -0.00639
2970.464 0.00426 0.00213 0.00213
2970.469 -0.00426 -0.00107 -0.00320
2970.474 -0.00533 0.00320 -0.00639
2970.479 -0.00533 -0.00320 -0.00107
2970.484 0.00213 -0.00426 -0.00533
2970.489 0.00213 0.00000 -0.00320
2970.494 -0.00213 0.00639 0.00213
2970.499 0.00213 -0.00639 -0.00320
2970.504 -0.00746 0.00107 -0.00107
2970.509 -0.00107 -0.00852 -0.00213
2970.514 -0.00426 0.00533 0.00213
2970.519 -0.01065 0.00852 0.00639
2970.525 -0.00426 -0.00426 0.00213
2970.530 0.00107 0.00000 0.00000
2970.535 0.00533 0.00107 -0.00107
2970.540 0.00107 -0.00639 0.00000
2970.545 -0.00107 -0.00107 0.00639
2970.550 0.00426 -0.00107 -0.00639
2970.555 -0.00639 0.00852 -0.00107
2970.560 0.00320 0.00107 -0.00639
2970.565 -0.00320 0.00320 -0.00852
2970.570 0.00107 -0.00213 0.00852
2970.575 0.00533 -0.00320 0.00107
2970.580 -0.00639 -0.00426 0.00426
2970.585 0.00426 -0.00213 0.00107
2970.590 0.00000 0.00000 0.00320
2970.595 -0.00320 0.00320 -0.00213
2970.600 -0.00213 0.00639 -0.00533
2970.605 0.00213 0.00000 -0.00107
2970.610 -0.00426 0.01172 0.00000
2970.615 -0.00107 0.00320 0.00426
2970.620 -0.00746 -0.01278 0.00213
2970.625 0.00213 0.00426 0.00107
2970.630 0.00000 0.00746 0.00639
2970.635 0.00000 -0.00639 0.00320
2970.640 -0.00320 0.00000 -0.00213
2970.645 -0.00746 -0.00426 -0.00107
2970.650 0.00213 -0.00639 -0.00320
2970.655 0.00213 0.00639 0.00533
2970.660 -0.00852 -0.00426 -0.00533
2970.665 0.00426 -0.00746 0.00533
2970.670 0.00107 0.00000 -0.01598
2970.676 -0.00320 -0.00426 0.00107
2970.681 0.00852 0.00213 -0.00107
2970.686 -0.00959 -0.00426 -0.00107
2970.691 -0.00213 0.00533 0.00533
2970.696 0.00426 0.00533 0.00107
2970.701 -0.00639 0.00213 -0.00107
2970.706 -0.00320 0.00213 0.00426
2970.711 -0.00320 -0.01278 -0.00107
2970.716 0.00107 -0.00320 -0.00107
2970.721 -0.00213 0.00107 0.00533
2970.726 -0.00320 0.00000 0.00533
2970.731 0.00107 -0.00213 0.00107
2970.736 0.00213 -0.00852 -0.00426
2970.741 -0.01385 -0.01065 0.00107
2970.746 0.01065 0.01065 -0.00746
2970.751 -0.00426 0.00320 0.00320
2970.756 -0.00426 0.00107 0.00107
2970.761 -0.00107 0.00000 0.00533
2970.766 -0.00426 -0.00107 -0.00320
2970.771 -0.01065 -0.00107 -0.01704
2970.776 0.00000 0.00320 -0.00107
2970.781 0.00213 -0.00320 0.00107
2970.786 -0.00959 0.00000 -0.00320
2970.791 -0.00320 0.00107 0.00000
2970.796 -0.00107 -0.00320 -0.00107
2970.801 0.00213 0.00000 0.00533
2970.806 -0.00107 0.00000 0.00213
2970.811 0.00213 -0.00426 -0.00426
2970.816 -0.01065 -0.00533 0.00959
2970.821 0.00107 0.00107 -0.00533
2970.826 0.00000 0.00213 -0.00107
2970.831 -0.00426 -0.00533 -0.00107
2970.836 -0.00852 -0.00639 0.00000
2970.841 -0.01065 -0.00107 -0.00320
2970.846 0.00213 -0.00852 0.00320
2970.851 -0.00320 -0.00213 -0.00639
2970.857 -0.00320 0.00107 0.00426
2970.862 -0.00426 -0.01491 -0.01065
2970.867 -0.00533 0.00533 -0.00533
2970.872 -0.00320 0.00000 0.00213
2970.877 -0.01704 0.00320 0.00852
2970.882 -0.00213 0.00426 -0.00959
2970.887 -0.00639 0.00213 -0.00533
2970.892 -0.00426 -0.00533 0.00000
2970.897 -0.00107 0.00107 0.00320
2970.902 -0.00213 0.00213 0.00000
2970.907 -0.00107 -0.00107 -0.00320
2970.912 0.00426 -0.00533 0.00320
2970.917 -0.01385 -0.00639 0.00107
2970.922 -0.00533 0.00320 0.00107
2970.927 0.00959 0.00000 0.00426
2970.932 0.00320 -0.00320 0.00107
2970.937 0.00213 0.00000 -0.00107
2970.942 0.00107 -0.00213 -0.00320
2970.947 0.00426 0.00533 0.00107
2970.952 -0.00746 -0.00426 -0.00959
2970.957 0.00000 0.00746 0.00213
2970.962 -0.00852 0.00426 -0.01065
2970.967 0.00000 0.00107 0.00533
2970.972 -0.00639 -0.00107 -0.00107
2970.977 -0.00426 0.00426 0.00213
2970.982 0.00107 -0.00746 0.00852
2970.987 -0.00320 -0.00213 -0.00320
2970.992 0.00426 -0.00107 0.00000
2970.997 -0.00213 0.00000 0.00426
2971.002 -0.00107 0.00746 0.00426
2971.007 -0.01491 -0.00533 0.00959
2971.012 0.00000 -0.00320 0.00107
2971.017 -0.00107 0.00320 -0.00746
2971.022 -0.00852 -0.00213 -0.00320
2971.028 0.00107 -0.00320 -0.00107
2971.033 -0.00639 -0.00213 0.00107
2971.038 0.00426 0.00320 -0.00320
2971.043 -0.00746 -0.00213 -0.00639
2971.048 -0.00959 -0.00852 0.00107
2971.053 0.00320 -0.00320 -0.00426
2971.058 0.00746 0.00533 -0.00426
2971.063 -0.00107 0.00320 -0.00852
2971.068 0.00107 0.00639 0.00107
2971.073 0.00213 0.00639 -0.00746
2971.078 0.00213 -0.00852 0.00426
2971.083 -0.00107 0.00000 -0.00533
2971.088 -0.00213 -0.00533 -0.00213
2971.093 0.00000 0.00107 0.00000
2971.098 0.00639 0.00213 0.00426
2971.103 0.00426 -0.00426 0.00107
2971.108 -0.00107 0.00320 0.00213
2971.113 -0.00107 -0.00746 0.00000
2971.118 -0.00426 0.00107 -0.00213
2971.123 0.00426 0.00320 -0.00533
2971.128 -0.00107 -0.00533 -0.00639
2971.133 0.00320 0.00639 0.00320
2971.138 0.00213 0.00213 -0.00107
2971.143 -0.00533 -0.00852 -0.01172
2971.148 0.00213 0.00320 -0.00320
2971.153 -0.00746 -0.00533 -0.00852
2971.158 -0.00213 0.00107 0.00852
2971.163 0.00107 0.00320 0.00533
2971.169 0.00000 -0.00426 -0.00107
2971.174 0.00000 -0.00320 -0.00746
2971.179 0.00639 0.00000 0.00426
2971.184 -0.00426 -0.00533 0.00107
2971.189 0.00426 0.00639 0.00320
2971.194 -0.00213 0.00213 -0.00746
2971.199 0.00107 -0.00639 0.00746
2971.204 -0.00533 -0.00533 0.00107
2971.209 -0.00107 -0.00852 0.00213
2971.214 0.00000 -0.00533 -0.00959
2971.219 0.00213 -0.00639 0.00426
2971.224 -0.00213 0.00533 -0.00213
2971.229 -0.00533 -0.00107 0.00107
2971.234 0.00639 0.00000 0.00213
2971.239 0.00852 -0.00533 -0.00533
2971.244 0.00000 0.00107 -0.00107
2971.249 0.00107 0.00213 -0.01172
2971.254 -0.00852 0.00107 0.00107
2971.259 0.00320 0.00107 -0.00639
2971.264 0.00320 -0.00320 -0.00533
2971.269 -0.00746 0.00213 -0.00213
2971.274 0.00639 0.00320 -0.00426
2971.279 -0.00533 0.00000 0.00320
2971.284 0.00107 -0.00107 -0.00426
2971.289 -0.00746 0.00213 -0.00426
2971.294 -0.00959 0.00107 0.00000
2971.299 -0.00107 -0.00426 -0.00533
2971.304 -0.00639 -0.00107 0.00107
2971.309 0.00426 0.00320 0.00639
2971.314 0.00426 0.00213 0.00320
2971.319 -0.00533 -0.00639 -0.00107
2971.324 0.00000 -0.00639 0.00000
2971.329 -0.00746 -0.00107 -0.00213
2971.334 -0.00320 -0.00852 0.00000
2971.340 -0.00107 -0.00426 -0.00107
2971.345 0.00320 -0.00533 -0.00426
2971.350 -0.00426 -0.00213 0.00320
2971.355 -0.01917 0.00000 -0.00426
2971.360 0.00213 0.00107 -0.00213
2971.365 -0.00852 -0.00320 0.00533
2971.370 0.01065 -0.00426 -0.00107
2971.375 0.00107 -0.00426 -0.00320
2971.380 -0.00746 -0.00639 -0.00107
2971.385 -0.00533 -0.00213 -0.00320
2971.390 -0.00426 -0.00107 -0.00533
2971.395 -0.00213 -0.00746 0.00746
2971.400 0.01172 0.00426 0.00213
2971.405 -0.01278 -0.00639 -0.00426
2971.410 0.00213 -0.00639 0.00426
2971.415 -0.00533 -0.01385 -0.00320
2971.420 0.00213 -0.00746 0.00533
2971.425 -0.00213 -0.00533 -0.00320
2971.430 0.00213 -0.00426 -0.00213
2971.435 -0.00639 -0.00213 -0.00107
2971.440 -0.00320 0.00320 -0.00320
2971.445 0.00746 -0.00426 -0.00213
2971.450 -0.01172 -0.00107 -0.00213
2971.455 -0.00852 -0.00107 -0.01065
2971.460 0.00213 -0.00107 -0.00639
2971.465 -0.01172 0.00107 -0.00852
2971.470 0.00426 0.00213 0.00746
2971.475 -0.00533 -0.00320 -0.00639
2971.480 -0.00107 -0.00746 0.00107
2971.485 0.00746 -0.00320 -0.00320
2971.490 0.00107 0.00000 0.00533
2971.495 0.00107 -0.00107 -0.00426
2971.500 -0.00426 -0.00533 -0.00320
2971.505 0.00426 -0.00107 0.00000
2971.511 0.00213 -0.00426 -0.00533
2971.516 -0.00213 -0.00639 0.00213
2971.521 0.00000 0.00000 -0.00852
2971.526 -0.00959 -0.00320 -0.00746
2971.531 0.00320 -0.00107 0.00000
2971.536 -0.00426 -0.00107 0.00533
2971.541 -0.00107 -0.00533 0.00107
2971.546 -0.00107 -0.00852 0.00107
2971.551 -0.01491 -0.00533 0.00746
2971.556 -0.00107 -0.00533 -0.00426
2971.561 -0.00213 0.00000 0.00426
2971.566 0.00213 -0.00852 0.00000
2971.571 0.00213 0.00639 -0.00639
2971.576 0.00746 0.00852 -0.00107
2971.581 0.00213 0.00320 0.00320
2971.586 0.00746 -0.00639 0.00533
2971.591 -0.00107 -0.00426 0.00000
2971.596 0.00107 -0.00533 -0.00959
2971.601 0.00213 0.00320 -0.00320
2971.606 -0.00320 0.00959 0.00639
2971.611 -0.00107 -0.00107 -0.00426
2971.616 -0.01385 0.00213 -0.00107
2971.621 0.00320 0.00746 -0.00639
2971.626 0.00107 -0.00852 -0.00320
2971.631 0.00639 0.00320 -0.00639
2971.636 0.00107 -0.00107 0.00213
2971.641 0.00959 0.00213 0.00426
2971.646 -0.00320 0.00213 0.00320
2971.651 -0.00107 0.00639 0.00000
2971.656 -0.00107 0.00320 0.00107
2971.662 0.00213 -0.00533 0.00213
2971.667 0.00107 -0.00852 -0.00639
2971.672 -0.00959 0.01172 -0.00213
2971.677 -0.00213 -0.00533 -0.00213
2971.682 0.00107 -0.00320 -0.00213
2971.687 -0.00639 -0.00533 -0.00213
2971.692 0.00533 -0.00746 -0.00213
2971.697 0.00107 -0.00213 -0.00533
2971.702 -0.00639 -0.01065 0.00320
2971.707 0.00107 0.00107 -0.00746
2971.712 -0.00959 -0.00213 0.00320
2971.717 0.00639 -0.00639 -0.00320
2971.722 0.00320 -0.00107 -0.00639
2971.727 0.00426 -0.00107 0.00000
2971.732 -0.00639 -0.00107 0.00213
2971.737 0.00107 -0.00107 0.00320
2971.742 -0.00639 -0.00426 -0.00320
2971.747 -0.00426 0.00213 0.00639
2971.752 0.00000 0.00426 0.00000
2971.757 -0.00959 -0.00639 -0.00107
2971.762 0.00107 -0.00533 0.00000
2971.767 0.00000 0.00213 0.00213
2971.772 0.00107 0.00320 0.00000
2971.777 -0.00107 0.01172 0.00426
2971.782 0.00426 0.00213 -0.00107
2971.787 -0.00533 -0.00213 -0.00213
2971.792 -0.00533 -0.00107 0.00320
2971.797 0.00852 -0.00320 -0.00959
2971.802 -0.00533 -0.00320 -0.00320
2971.807 0.00213 -0.00213 -0.00320
2971.812 0.00107 -0.00320 -0.00320
2971.817 0.00213 -0.00107 0.00213
2971.823 0.00320 0.00533 0.00213
2971.828 -0.00533 -0.00533 0.00107
2971.833 -0.00639 -0.00213 0.00426
2971.838 0.00746 -0.00959 0.00213
2971.843 -0.00959 0.00426 -0.00639
2971.848 -0.01172 -0.00746 0.00320
2971.853 -0.00107 0.00533 -0.00639
2971.858 -0.00959 0.00426 0.00320
2971.863 0.00426 0.00320 -0.00320
2971.868 0.00107 0.00426 0.00107
2971.873 -0.00852 -0.01065 -0.00213
2971.878 -0.00426 -0.00213 0.00213
2971.883 -0.01278 -0.00213 -0.00213
2971.888 -0.01172 -0.00426 0.00533
2971.893 -0.00639 0.00320 0.00107
2971.898 -0.00320 -0.00746 -0.00533
2971.903 0.00107 0.00213 0.00000
2971.908 -0.00639 -0.00213 0.00213
2971.913 0.00320 0.00426 0.00533
2971.918 -0.00533 -0.00213 -0.00426
2971.923 0.00000 0.00320 0.00000
2971.928 0.00639 -0.00639 0.00213
2971.933 -0.00107 -0.00107 0.00852
2971.938 0.00320 -0.00746 0.00320
2971.943 -0.00426 0.00000 0.00107
2971.948 0.00000 0.00320 0.00107
2971.953 -0.00213 0.00426 -0.00107
2971.958 -0.00107 -0.00426 -0.00426
2971.963 -0.00426 -0.00533 -0.00213
2971.968 -0.00107 0.00320 0.00213
2971.973 0.00213 -0.00320 -0.00320
2971.978 -0.00320 -0.00213 -0.00426
2971.984 0.00426 -0.00426 -0.00426
2971.989 -0.00107 0.00426 0.00107
2971.994 0.00320 -0.00213 0.00107
2971.999 -0.00320 0.00000 0.00320
2972.004 -0.00639 -0.00107 0.00959
2972.009 -0.00320 -0.01278 0.00213
2972.014 -0.00533 0.01172 -0.00639
2972.019 -0.00426 0.00746 0.00213
2972.024 -0.00852 -0.00320 -0.00746
2972.029 0.00000 -0.00213 -0.00852
2972.034 -0.00107 -0.00107 0.00213
2972.039 -0.00213 -0.01065 0.00639
2972.044 -0.01172 0.00213 0.00533
2972.049 -0.00320 -0.01491 -0.00533
2972.054 -0.00213 0.02024 0.00426
2972.059 -0.01598 -0.01065 0.00213
2972.064 0.00639 -0.00320 -0.00320
2972.069 0.00107 -0.00639 -0.00426
2972.074 0.00107 -0.00213 -0.00746
2972.079 -0.00426 -0.00426 0.00000
2972.084 0.00746 -0.00320 0.00107
2972.089 -0.00533 0.00320 0.00320
2972.094 0.00000 -0.01278 0.00639
2972.099 0.00213 -0.00107 0.00107
2972.104 -0.00213 0.00213 -0.00533
2972.109 0.00000 -0.00107 -0.00533
2972.114 0.00000 -0.00320 0.00320
2972.119 -0.00107 -0.00320 -0.00533
2972.124 -0.00852 0.00000 0.00533
2972.129 -0.00639 -0.01065 0.00107
2972.134 -0.00320 -0.00213 0.00000
2972.139 0.00213 -0.00320 -0.00426
2972.144 0.00107 -0.01598 0.00533
2972.149 -0.00107 0.00533 -0.00213
2972.155 -0.01172 0.00213 -0.00426
2972.160 -0.00533 -0.01278 0.00426
2972.165 -0.01065 0.00213 -0.00852
2972.170 0.00639 0.00426 0.00107
2972.175 -0.00959 -0.00746 0.00107
2972.180 -0.00107 0.00213 0.00213
2972.185 0.00000 -0.00639 0.00213
2972.190 -0.00746 0.00533 -0.00213
2972.195 -0.00320 0.00107 0.00959
2972.200 0.00000 -0.00852 -0.00213
2972.205 -0.00107 0.00000 -0.00107
2972.210 0.00107 0.00426 -0.00533
2972.215 0.00213 -0.00959 -0.00213
2972.220 -0.00320 -0.00320 0.00107
2972.225 0.00000 0.00213 0.00320
2972.230 -0.01065 -0.00426 -0.00639
2972.235 0.00959 0.00213 -0.01278
2972.240 -0.00213 -0.01172 -0.00426
2972.245 0.00533 -0.00107 0.00000
2972.250 -0.00533 0.00533 0.00426
2972.255 0.00852 0.01385 0.00426
2972.260 0.00107 0.00213 0.00213
2972.265 -0.00426 -0.00533 -0.00107
2972.270 -0.00320 -0.01172 0.00213
2972.275 0.00320 -0.01065 0.00320
2972.280 -0.00320 0.01385 0.00533
2972.285 -0.00426 0.00107 0.00107
2972.290 -0.00320 -0.01278 0.00746
2972.296 0.00000 -0.00320 -0.00426
2972.301 -0.00426 0.00000 -0.00426
2972.306 0.00320 0.00320 0.00107
2972.311 0.00320 0.00533 -0.00107
2972.316 -0.00107 0.00533 -0.00533
2972.321 0.00107 0.00000 -0.00320
2972.326 0.00639 0.00533 -0.00320
2972.331 0.00107 0.00107 -0.00533
2972.336 -0.00533 -0.00426 -0.00107
2972.341 0.00107 -0.00426 0.00426
2972.346 -0.00639 0.00320 0.00107
2972.351 0.00320 0.00533 0.00426
2972.356 -0.00426 -0.00533 0.00426
2972.361 0.01172 0.00213 -0.00107
2972.366 0.00107 -0.00213 0.00426
2972.371 -0.00213 0.00000 -0.00426
2972.376 -0.00533 0.00000 0.00000
2972.381 -0.00426 -0.00107 0.00533
2972.386 -0.00107 -0.00639 0.00000
2972.391 -0.00746 -0.00213 -0.00320
2972.396 -0.00107 -0.00107 -0.00639
2972.401 0.00107 0.00426 -0.00320
2972.406 0.00213 -0.00107 -0.00213
2972.411 -0.00533 -0.00533 0.00639
2972.416 0.01811 0.00000 0.00213
2972.421 0.00107 0.00533 0.00320
2972.426 0.00213 0.01491 -0.00320
2972.431 0.00533 0.00000 0.00320
2972.437 -0.00959 0.00107 -0.00959
2972.441 0.00426 0.00000 -0.00746
2972.447 -0.01065 0.00426 -0.00213
2972.452 0.00213 -0.00426 0.00213
2972.457 -0.00746 -0.00320 -0.00639
2972.462 -0.00107 -0.00746 0.00959
2972.467 0.00213 0.00426 0.00213
2972.472 -0.00107 0.00000 -0.01065
2972.477 -0.00213 -0.00213 0.00000
2972.482 0.00426 0.00320 -0.01065
2972.487 0.00000 -0.00107 0.00959
2972.492 -0.00320 0.00426 -0.00852
2972.497 -0.00320 -0.00852 -0.00639
2972.502 0.00426 0.01278 0.00107
2972.507 -0.00639 -0.01704 -0.00213
2972.512 -0.00107 -0.00107 -0.00213
2972.517 0.00000 0.00639 0.00213
2972.522 0.00320 -0.00107 0.00213
2972.527 0.00107 0.00000 -0.00107
2972.532 0.00320 0.00320 -0.00107
2972.537 0.01065 -0.00107 -0.00426
2972.542 -0.00746 -0.00533 -0.00320
2972.547 -0.00213 -0.00320 -0.00213
2972.552 -0.00533 -0.00746 -0.00213
2972.557 0.00320 -0.00213 0.00213
2972.562 -0.00426 -0.00533 0.00213
2972.567 0.00213 0.00000 -0.00533
2972.572 -0.00959 -0.01065 -0.00852
2972.577 0.00533 0.00213 -0.00107
2972.582 -0.00320 0.00213 0.00959
2972.587 0.00107 -0.00213 0.00000
2972.592 0.00213 -0.00426 -0.00533
2972.597 -0.00639 0.00213 0.00000
2972.602 -0.00107 -0.00107 -0.00426
2972.607 0.00320 -0.00320 0.00000
2972.612 -0.00107 0.01065 0.00213
2972.618 0.00213 0.00213 -0.00107
2972.623 -0.00533 -0.00426 0.00639
2972.628 0.00107 0.00533 0.00213
2972.633 0.00426 -0.00320 -0.00107
2972.638 -0.00639 -0.00533 0.00213
2972.643 -0.00533 0.00000 -0.00213
2972.648 -0.00426 -0.00746 -0.01491
2972.653 -0.00426 0.01491 0.00107
2972.658 -0.00426 0.00533 0.00000
2972.663 -0.00533 -0.00213 0.00000
2972.668 -0.00852 0.00533 0.01065
2972.673 -0.00426 -0.00426 0.00746
2972.678 -0.00320 -0.00213 0.00000
2972.683 -0.00852 0.00000 -0.00320
2972.688 0.00426 0.00320 -0.00320
2972.693 0.00320 0.00213 -0.01598
2972.698 -0.00959 -0.00533 -0.00213
2972.703 -0.00107 -0.00639 -0.00213
2972.708 0.00320 0.00000 -0.00320
2972.713 -0.00107 -0.00426 -0.00107
2972.718 -0.00107 0.00213 -0.00213
2972.723 0.01278 0.00746 -0.00213
2972.728 0.00000 -0.00213 0.00000
2972.733 -0.00639 -0.00107 -0.00320
2972.738 0.00107 0.00213 -0.00213
2972.743 0.00213 0.00107 0.00852
2972.748 0.00107 -0.00426 -0.00320
2972.753 -0.00639 -0.00107 0.00533
2972.758 0.00213 -0.01598 0.00959
2972.763 -0.00639 -0.00320 0.00107
2972.768 -0.00426 -0.00533 -0.00107
2972.773 0.00000 0.00426 0.00426
2972.778 -0.00107 0.00320 -0.00107
2972.783 0.00000 -0.00320 0.00000
2972.788 -0.00320 -0.00639 0.00000
2972.793 -0.00852 -0.00639 0.00426
2972.799 0.00852 0.00000 0.00320
2972.804 -0.00746 0.00000 0.00213
2972.809 -0.00746 -0.00533 0.00213
2972.814 0.00000 -0.00213 -0.00213
2972.819 -0.01172 0.00320 0.00426
2972.824 0.00959 -0.00107 -0.00426
2972.829 -0.00639 -0.00426 0.00533
2972.834 0.00107 -0.00320 -0.00533
2972.839 -0.00533 -0.01278 -0.00320
2972.844 -0.00320 0.00000 0.00320
2972.849 0.00213 0.00000 0.00746
2972.854 -0.00852 -0.00533 -0.00852
2972.859 -0.00852 -0.00426 0.00107
2972.864 -0.00107 -0.00426 0.00213
2972.869 -0.01065 -0.00426 -0.00213
2972.874 -0.00107 -0.00746 0.00320
2972.879 0.00213 0.00320 -0.00107
2972.884 -0.00320 -0.00213 -0.00320
2972.889 -0.00639 0.00000 -0.00213
2972.894 -0.00213 -0.00639 0.00426
2972.899 0.00213 0.00320 -0.00107
2972.904 -0.01065 -0.00320 -0.00426
2972.909 -0.00639 -0.00639 -0.00639
2972.914 -0.00213 0.00959 -0.00426
2972.919 0.00213 -0.00426 -0.00320
2972.924 -0.00533 0.00320 -0.00107
2972.930 -0.00852 -0.00213 0.00533
2972.935 -0.00320 0.00107 0.00000
2972.940 -0.01491 -0.00746 -0.00107
2972.945 -0.00320 -0.00320 0.00213
2972.950 -0.00107 0.00000 0.00533
2972.955 -0.00746 0.00107 0.00320
2972.960 0.00639 -0.00426 0.00426
2972.965 -0.00746 0.00320 0.00213
2972.970 0.00533 -0.00639 -0.00107
2972.975 -0.00533 0.00000 0.00320
2972.980 -0.00533 -0.00426 0.00533
2972.985 -0.00107 -0.00426 -0.00959
2972.990 0.00746 0.00107 -0.00320
2972.995 0.00107 -0.00107 -0.00320
2973.000 -0.00852 0.00107 0.00000
2973.005 -0.01065 0.00533 -0.00107
2973.010 0.00107 -0.00426 0.00213
2973.015 0.00000 -0.00320 0.00639
2973.020 -0.00639 0.00533 0.00000
2973.025 -0.00746 0.00213 0.00320
2973.030 0.00426 0.00746 0.00533
2973.035 -0.00213 0.00533 0.00426
2973.040 -0.00426 0.00107 0.00426
2973.045 0.00320 -0.00213 -0.00213
2973.050 0.01065 0.00213 0.00213
2973.055 -0.00320 -0.00426 0.00213
2973.060 -0.00213 0.00000 -0.00320
2973.065 -0.00107 0.01172 0.00107
2973.070 -0.00213 0.00320 -0.00107
2973.075 -0.00746 -0.00320 -0.00213
2973.080 0.00533 0.01278 -0.00107
2973.085 -0.00213 0.00959 -0.00107
2973.090 -0.00320 -0.00320 -0.01172
2973.095 -0.00107 0.00426 0.01385
2973.101 0.00000 -0.00959 0.00213
2973.106 0.00000 -0.00213 -0.00852
2973.111 -0.00107 -0.00107 0.00107
2973.116 -0.00320 0.00533 -0.00320
2973.121 -0.00426 -0.00213 0.00533
2973.126 -0.00213 0.00107 0.00000
2973.131 0.00213 -0.00852 -0.00320
2973.136 -0.00107 0.00320 0.00107
2973.141 0.00320 -0.00213 0.00000
2973.146 -0.00746 0.00107 0.00426
2973.151 0.00107 0.00533 0.00533
2973.156 -0.00107 -0.00320 0.00107
2973.161 -0.00639 0.01065 0.00000
2973.166 0.00000 -0.00426 0.00213
2973.171 0.00107 -0.00320 0.00213
2973.176 0.00746 0.00533 -0.00533
2973.181 -0.00533 0.00000 -0.00107
2973.186 -0.00639 0.00426 0.00320
2973.191 -0.00852 -0.00107 0.00107
2973.196 -0.00639 -0.00533 -0.01385
2973.201 -0.00107 -0.00426 0.00639
2973.206 0.00639 -0.00959 -0.00852
2973.211 0.00107 -0.00107 -0.00533
2973.216 -0.00320 0.00000 -0.00213
2973.221 -0.00533 -0.00320 -0.00320
2973.226 -0.00639 0.00426 0.00000
2973.231 0.01704 -0.00107 -0.00320
2973.236 -0.00533 0.00213 -0.00107
2973.241 -0.00320 0.00320 -0.00852
2973.246 -0.00639 0.00426 -0.00426
2973.251 0.00320 -0.00639 -0.00746
2973.256 0.00533 0.00213 -0.00107
2973.262 0.00426 0.00000 0.00852
2973.267 -0.00533 -0.00107 -0.00320
2973.272 0.00213 -0.00426 0.00746
2973.277 0.00533 0.00000 0.00213
2973.282 -0.00320 0.00426 -0.00533
2973.287 -0.00959 -0.00426 0.00533
2973.292 -0.00213 -0.00107 0.00107
2973.297 0.00107 -0.00320 0.00320
2973.302 0.00000 0.00213 0.00213
2973.307 -0.00213 -0.00213 0.00000
2973.312 -0.00533 -0.00426 -0.00320
2973.317 -0.00426 -0.01278 0.00746
2973.322 -0.01065 -0.00213 0.00213
2973.327 -0.00426 -0.00426 0.00213
2973.332 0.00320 -0.00639 -0.00320
2973.337 -0.00320 -0.00533 -0.00107
2973.342 -0.00639 0.00000 -0.00320
2973.347 -0.00320 -0.00426 -0.00213
2973.352 0.00533 0.00107 0.00107
2973.357 -0.00320 0.00107 -0.00320
2973.362 0.00213 -0.00320 -0.00639
2973.367 -0.01065 0.00000 -0.00213
2973.372 -0.00213 -0.00107 -0.00746
2973.377 -0.00320 -0.00107 0.00000
2973.382 -0.00639 0.00639 0.00426
2973.387 -0.00426 0.00107 -0.00107
2973.392 0.00107 -0.00426 0.00213
2973.397 -0.00852 -0.00320 -0.00426
2973.402 0.00000 0.00213 -0.00107
2973.407 -0.00746 -0.00746 -0.00959
2973.413 0.00213 -0.00746 -0.00107
2973.418 0.00533 0.00639 -0.00426
2973.423 -0.00426 -0.00213 -0.00213
2973.428 0.00000 0.00107 0.00000
2973.433 0.00213 -0.00320 0.00213
2973.438 0.00320 0.00107 -0.00213
2973.443 -0.00107 0.00107 0.00213
2973.448 -0.00852 0.00107 -0.00426
2973.453 -0.00320 -0.00213 -0.00746
2973.458 -0.00107 0.00213 0.00213
2973.463 -0.00852 -0.00107 0.00000
2973.468 0.00107 0.00426 -0.00959
2973.473 0.00000 0.00000 0.00533
2973.478 -0.00426 0.00320 0.00000
2973.483 -0.01385 0.00533 -0.00320
2973.488 0.00107 -0.00320 -0.00639
2973.493 0.00320 0.00639 0.00533
2973.498 0.00426 -0.00107 0.00320
2973.503 -0.00852 -0.00746 0.00213
2973.508 -0.00320 -0.00746 0.00852
2973.513 -0.00426 0.00426 -0.00213
2973.518 -0.00213 0.00107 -0.00533
2973.523 -0.00213 -0.01278 0.00533
2973.528 0.00213 0.00213 -0.00107
2973.533 -0.01065 0.00000 -0.00107
2973.538 -0.00320 -0.01278 0.00852
2973.543 -0.00213 -0.00746 -0.00107
2973.548 0.00000 -0.00213 -0.00213
2973.553 0.00000 -0.00426 0.00533
2973.558 0.00426 -0.00639 -0.00213
2973.563 -0.00213 0.00000 0.00213
2973.568 0.00533 0.00107 0.00213
2973.573 -0.00213 0.00000 0.00000
2973.578 -0.01065 -0.00426 -0.00852
2973.583 -0.00639 0.00107 0.00213
2973.588 0.00320 0.00000 0.00000
2973.594 0.00959 0.00746 -0.00320
2973.599 0.00107 -0.00426 -0.00320
2973.604 0.00426 -0.00852 -0.00213
2973.609 -0.00639 -0.00213 -0.00320
2973.614 0.00320 -0.00639 0.00533
2973.619 0.00000 -0.00533 0.00746
2973.624 0.00107 0.00426 -0.00213
2973.629 -0.00533 -0.00213 0.00213
2973.634 -0.00533 0.00000 0.00320
2973.639 -0.00213 -0.00107 -0.00320
2973.644 -0.00320 -0.01172 0.00000
2973.649 -0.00426 -0.00426 -0.00320
2973.654 -0.00320 -0.00213 -0.00320
2973.659 -0.00746 0.00107 0.00213
2973.664 -0.00746 -0.00533 -0.01598
2973.669 -0.00639 -0.00746 0.00320
2973.674 0.00000 -0.00213 -0.00107
2973.679 0.00426 0.00107 -0.00426
2973.684 -0.00639 0.00746 0.00000
2973.689 -0.00639 -0.00320 0.00000
2973.694 -0.00533 0.00320 0.00426
2973.699 0.00639 0.00213 -0.00639
2973.704 -0.00746 0.00639 -0.00320
2973.709 0.00320 0.00000 -0.01811
2973.714 -0.00320 0.00107 0.00320
2973.719 -0.00213 -0.00107 -0.00426
2973.724 0.00000 0.00426 -0.00213
2973.729 -0.00320 0.00000 0.00213
2973.734 -0.00746 -0.00213 -0.00213
2973.739 -0.00533 0.00107 0.00213
2973.745 -0.01172 0.00000 -0.00746
2973.750 0.00426 0.00426 0.00426
2973.754 -0.00639 -0.00533 0.00426
2973.759 -0.00959 -0.00852 -0.00533
2973.764 -0.00426 -0.00107 0.00959
2973.769 0.00533 0.00107 -0.00213
2973.774 0.00000 -0.00107 -0.00320
2973.779 -0.00746 -0.00533 0.00107
2973.784 0.00213 0.00213 -0.00107
2973.789 -0.00639 0.00746 -0.00213
2973.795 -0.01065 -0.00426 -0.00533
2973.800 0.00639 0.00213 -0.00107
2973.805 0.00000 -0.00213 -0.00107
2973.810 0.00213 -0.00107 -0.00107
2973.815 0.00639 0.00852 0.00000
2973.820 -0.00426 -0.00320 0.00000
2973.825 0.00213 0.00213 0.00426
2973.830 -0.00320 0.00107 -0.01811
2973.835 0.00107 0.00320 -0.00107
2973.840 0.01385 0.00426 0.00107
2973.845 0.00426 0.00639 0.00320
2973.850 0.00533 0.00000 0.00533
2973.855 -0.00533 0.00213 -0.00533
2973.860 0.00107 -0.00213 -0.00320
2973.865 -0.00533 -0.00533 0.00426
2973.870 0.00000 -0.00746 -0.00107
2973.875 -0.00213 -0.00320 -0.01491
2973.880 0.00533 -0.00426 -0.00107
2973.885 -0.00213 -0.00213 -0.00213
2973.890 0.00213 -0.00107 -0.00426
2973.895 -0.01811 0.00107 -0.00107
2973.900 -0.00107 -0.00852 0.00213
2973.906 0.00533 0.00213 0.00213
2973.911 -0.00107 -0.00213 -0.00320
2973.916 0.01065 -0.00107 0.00533
2973.921 -0.00213 -0.00320 0.00320
2973.926 -0.00533 0.00107 -0.00959
2973.931 0.00000 -0.00213 0.00213
2973.936 -0.00107 0.00107 -0.00213
2973.941 -0.00107 0.00746 -0.00320
2973.946 0.00320 -0.00639 -0.00426
2973.951 -0.00639 -0.00213 -0.00213
2973.956 0.00213 -0.00320 0.00000
2973.961 0.00213 0.00107 -0.00213
2973.966 -0.00959 0.00000 -0.00426
2973.971 -0.00107 0.00320 0.00213
2973.976 0.00000 0.00746 -0.00639
2973.981 -0.00533 0.00746 0.00000
2973.986 -0.00426 -0.00639 0.00533
2973.991 -0.00426 0.00426 0.00107
2973.996 0.00320 -0.00746 0.00107
2974.001 -0.00533 -0.00213 -0.00639
2974.006 -0.00213 -0.00213 -0.00746
2974.011 -0.00213 -0.00852 0.00000
2974.016 -0.01917 -0.00639 -0.00320
2974.021 -0.00107 0.00746 -0.00320
2974.026 -0.00746 0.00852 -0.00533
2974.031 0.00639 -0.00426 -0.00959
2974.036 0.00639 -0.00426 0.00852
2974.041 0.00107 -0.00320 -0.00107
2974.046 0.00000 0.00533 0.00107
2974.051 -0.00426 0.00852 -0.00426
2974.056 -0.00533 -0.00746 -0.00320
2974.061 -0.00533 -0.00213 -0.00107
2974.066 -0.00320 0.00000 0.00213
2974.071 0.00107 -0.00320 -0.00213
2974.076 -0.00213 0.00107 -0.00213
2974.081 -0.00213 0.00639 -0.00107
2974.086 0.00213 0.00107 -0.00320
2974.091 -0.00320 -0.00746 0.00107
2974.096 -0.00213 0.01278 0.00639
2974.101 -0.00426 0.00107 0.00213
2974.106 0.00639 0.00959 -0.00426
2974.111 0.00213 -0.00852 0.00000
2974.116 -0.00533 -0.00320 -0.00639
2974.121 0.00320 0.00746 0.00320
2974.127 -0.00746 -0.00639 -0.00213
2974.132 0.00107 -0.00426 0.00000
2974.137 -0.00639 0.00639 -0.00213
2974.142 -0.00107 0.00213 -0.00746
2974.147 -0.00852 0.00426 -0.00746
2974.152 -0.00107 -0.00320 0.00533
2974.157 -0.00533 0.00213 0.00000
2974.162 0.00746 -0.00213 -0.00107
2974.167 0.00426 0.00000 0.00426
2974.172 0.00000 0.00320 -0.00426
2974.177 0.00426 0.00213 0.00213
2974.182 -0.00107 -0.00320 -0.01065
2974.187 0.00639 0.00533 0.00107
2974.192 0.00213 0.00320 0.00639
2974.197 -0.00639 -0.00959 -0.00107
2974.202 -0.01598 -0.00426 -0.01278
2974.207 0.00107 -0.00639 0.00320
2974.212 -0.00107 -0.00746 -0.00213
2974.218 -0.00213 -0.00213 -0.00852
2974.223 0.00426 -0.00320 -0.00107
2974.228 -0.00533 0.00639 -0.00213
2974.233 -0.00213 -0.00320 0.00107
2974.238 0.00000 0.00107 -0.00320
2974.243 0.00533 -0.00746 0.00533
2974.248 -0.00320 -0.00213 -0.00426
2974.253 -0.00320 -0.00107 -0.00107
2974.258 -0.00320 0.00533 0.00000
2974.263 -0.00107 -0.00213 0.00746
2974.268 -0.00639 0.01278 -0.00320
2974.273 -0.00533 -0.00746 -0.00107
2974.278 -0.00959 0.00000 -0.00959
2974.283 -0.01278 -0.00426 0.00000
2974.288 0.00213 -0.00320 0.00426
2974.293 0.00746 -0.00107 -0.00426
2974.298 0.00000 -0.00639 0.00320
2974.303 0.00426 0.00000 0.00213
2974.308 0.00107 0.00533 0.00213
2974.313 0.00107 -0.00533 0.00213
2974.318 0.00000 -0.00746 0.00852
2974.323 -0.00533 -0.00213 0.00107
2974.328 -0.00852 0.00533 0.00107
2974.333 -0.01385 0.00852 0.00639
2974.338 0.00320 0.00000 0.00426
2974.343 -0.00426 0.00426 0.00639
2974.348 0.00107 -0.00426 0.00320
2974.353 0.00000 -0.01065 -0.01172
2974.358 0.00000 -0.00213 0.00213
2974.363 0.00213 -0.00533 -0.00533
2974.368 -0.00320 -0.00533 0.00000
2974.373 -0.00107 0.00213 0.00320
2974.378 0.00852 -0.00213 -0.00213
2974.383 0.00213 0.00107 0.00320
2974.389 -0.00213 -0.00213 0.00213
2974.394 0.00000 0.00426 0.00000
2974.399 0.00107 -0.00107 -0.00213
2974.404 -0.00639 -0.00107 0.00426
2974.409 0.00213 0.00107 -0.00107
2974.414 0.00320 -0.00320 -0.00107
2974.419 -0.00107 0.00107 -0.00533
2974.424 -0.01385 -0.00320 0.00533
2974.429 0.00852 0.00426 0.00746
2974.434 -0.00533 0.00213 0.00000
2974.439 -0.00852 -0.00426 0.00107
2974.444 -0.00426 0.00107 -0.00320
2974.449 0.00320 0.00000 -0.00533
2974.454 -0.00107 -0.00213 0.00959
2974.459 -0.00852 0.00533 -0.00107
2974.464 -0.00533 -0.00533 -0.00533
2974.469 0.00533 0.00107 0.00213
2974.474 -0.00746 0.00639 0.00213
2974.479 -0.00320 -0.00213 -0.00533
2974.484 -0.00107 -0.00213 0.00107
2974.489 -0.00426 -0.00959 0.00320
2974.494 0.00107 0.00213 -0.00533
2974.499 0.00000 -0.00107 -0.00426
2974.504 -0.00426 -0.00746 -0.00213
2974.509 0.00639 0.00426 0.00852
2974.514 -0.00213 -0.00639 0.00213
2974.519 -0.00533 -0.00213 0.00213
2974.524 -0.00213 -0.01278 0.00426
2974.529 -0.00639 0.01172 -0.00107
2974.534 -0.00320 -0.00852 0.00533
2974.540 -0.00639 -0.00107 0.00107
2974.545 -0.00959 -0.01065 0.00213
2974.550 -0.01385 0.00213 -0.00107
2974.555 0.00639 0.00959 0.00533
2974.560 0.00639 0.00639 -0.00107
2974.565 -0.00533 0.00533 -0.00639
2974.570 -0.00320 -0.00852 -0.00320
2974.575 -0.00533 0.00107 0.00107
2974.580 0.00320 -0.00639 -0.00426
2974.585 -0.00639 -0.00320 -0.00320
2974.590 0.00213 0.00000 0.00426
2974.595 0.00426 -0.00320 -0.00320
2974.600 -0.00852 -0.00639 0.00320
2974.605 0.00213 0.00107 -0.00107
2974.610 -0.00426 0.00320 0.01172
2974.615 -0.00213 0.00213 0.00213
2974.620 -0.00533 0.00213 0.00107
2974.625 0.00639 0.00320 -0.00852
2974.630 0.00426 -0.00213 0.00000
2974.635 0.00000 0.01172 0.00000
2974.640 -0.01278 0.00213 0.01065
2974.645 -0.00426 -0.00107 0.00107
2974.650 -0.00213 -0.00213 -0.00639
2974.655 -0.00533 0.00746 -0.00852
2974.660 0.00107 -0.00426 0.00000
2974.665 -0.00320 0.00107 0.00213
2974.670 -0.00746 -0.01385 0.00320
2974.675 -0.00107 0.00639 -0.00426
2974.680 -0.00426 -0.00746 0.00000
2974.685 -0.00107 0.00000 0.00852
2974.690 0.00533 0.00213 -0.00426
2974.695 0.00000 0.00107 0.00000
2974.700 0.00107 -0.00107 0.01172
2974.705 -0.00533 -0.00533 -0.00107
2974.711 -0.00533 -0.00852 0.00746
2974.716 0.00107 -0.00107 -0.00107
2974.721 -0.01917 0.00107 0.00320
2974.726 -0.00959 -0.00426 0.00107
2974.731 0.00426 0.00320 0.00107
2974.736 -0.00426 -0.00426 -0.00426
2974.741 -0.00533 0.00000 -0.00426
2974.746 -0.00320 -0.00959 -0.00639
2974.751 0.00107 0.00000 -0.00426
2974.756 -0.00533 0.00213 -0.00107
2974.761 0.00533 -0.00426 0.00533
2974.766 0.00107 -0.00639 -0.01278
2974.771 -0.00533 0.00000 0.00000
2974.776 -0.00852 0.00107 -0.00746
2974.781 0.00533 0.00000 -0.00320
2974.786 -0.00426 0.00426 -0.00107
2974.791 -0.00639 -0.00320 0.00213
2974.796 0.00533 0.00533 -0.00426
2974.801 -0.00107 0.00107 -0.00320
2974.806 0.00426 -0.00213 -0.00426
2974.811 -0.00852 0.00000 -0.00639
2974.816 0.00426 0.00533 -0.00320
2974.821 -0.00533 0.00746 0.00320
2974.826 0.00533 0.00320 0.01172
2974.831 -0.00320 -0.00426 0.00426
2974.836 0.00320 -0.00320 0.00000
2974.841 0.00000 -0.00533 -0.00426
2974.846 -0.00533 -0.00213 0.00320
2974.851 -0.00746 0.00000 -0.00746
2974.856 -0.01385 -0.00213 -0.00746
2974.861 -0.00746 0.00000 0.00320
2974.866 -0.00746 0.00426 0.00213
2974.872 0.00000 -0.00213 -0.00639
2974.877 0.00320 0.00533 -0.00320
2974.882 -0.00746 -0.00213 -0.00639
2974.887 0.00000 0.00000 0.00533
2974.892 -0.00852 0.00746 -0.00213
2974.897 -0.00639 0.00213 -0.00107
2974.901 -0.00320 0.00852 -0.00639
2974.906 -0.00320 -0.00533 0.00320
2974.911 -0.00320 -0.00852 -0.00107
2974.916 -0.00852 -0.00852 -0.00639
2974.921 -0.00320 0.00107 0.00107
2974.926 0.00639 0.00107 0.00639
2974.932 0.00746 -0.00213 0.00107
2974.937 0.00000 0.00639 0.00426
2974.942 -0.00107 -0.00320 0.00000
2974.947 0.00000 0.00000 0.00000
2974.952 0.00000 -0.00533 -0.00107
2974.957 -0.00639 -0.00426 -0.00320
2974.962 0.00107 0.00107 0.00320
2974.967 -0.00107 -0.00426 0.00107
2974.972 -0.00533 -0.00107 -0.00426
2974.977 0.01278 0.00107 0.00426
2974.982 0.00639 0.00000 -0.00213
2974.987 -0.01065 0.00213 0.00320
2974.992 0.00000 0.00213 -0.00320
2974.997 -0.00959 0.00000 -0.00426
2975.002 -0.00320 -0.00213 -0.01172
2975.007 -0.00746 0.00320 0.00107
2975.012 -0.00639 -0.00107 0.00213
2975.017 -0.00107 -0.00213 0.00320
2975.022 -0.00426 -0.00746 0.00000
2975.027 0.00533 -0.00213 0.00533
2975.033 -0.00213 0.00533 0.00959
2975.038 -0.00213 -0.00639 -0.00213
2975.043 0.00320 0.00320 -0.00426
2975.048 -0.00533 -0.00320 0.00000
2975.053 -0.00533 -0.00426 -0.00426
2975.058 0.00746 -0.00746 0.00000
2975.063 -0.00320 0.00107 0.01065
2975.068 -0.00426 -0.00426 0.00320
2975.073 -0.00426 -0.00107 0.00746
2975.078 -0.00533 -0.00639 0.00213
2975.083 0.00213 0.00213 -0.00320
2975.088 0.00213 -0.00746 -0.00107
2975.093 -0.00426 0.00000 -0.00320
2975.098 0.00639 -0.00107 0.00107
2975.103 -0.00213 0.00426 -0.01065
2975.108 -0.00746 -0.00746 -0.00639
2975.113 0.00426 -0.00426 -0.00959
2975.118 0.00426 -0.00959 -0.00107
2975.123 -0.00533 0.00000 0.00107
2975.128 0.00107 0.01065 0.00000
2975.133 -0.00320 -0.00107 0.00000
2975.138 -0.00213 0.00000 -0.00320
2975.143 0.00533 0.00213 0.00000
2975.148 0.00426 0.00426 0.00426
2975.153 0.00639 -0.00533 0.00746
2975.158 -0.00213 0.00107 -0.00107
2975.163 0.00746 -0.00107 -0.00426
2975.168 0.00000 -0.00426 0.00852
2975.173 -0.00107 -0.00107 0.00213
2975.178 -0.00639 -0.00320 0.00000
2975.183 -0.00426 -0.00107 -0.00746
2975.188 0.00533 -0.00213 -0.00107
2975.194 0.00000 -0.00533 -0.01385
2975.199 0.00852 -0.00746 0.00107
2975.204 -0.00426 0.00000 0.00533
2975.209 -0.00213 0.00639 -0.00107
2975.214 0.00213 0.00320 0.00213
2975.219 -0.00320 -0.00426 0.00000
2975.224 0.00426 -0.01491 -0.00959
2975.229 -0.00320 -0.00107 0.00107
2975.234 0.00107 0.00107 0.00320
2975.239 -0.00320 0.00107 -0.00320
2975.244 -0.00426 -0.00213 0.00213
2975.249 0.00533 0.00000 0.01598
2975.254 -0.00533 -0.00746 0.00426
2975.259 -0.00320 -0.00107 -0.00320
2975.264 0.00107 -0.00320 0.00107
2975.269 -0.00426 0.00639 0.00320
2975.274 0.00320 -0.00213 0.00320
2975.279 -0.01065 -0.00639 0.00533
2975.284 0.00320 0.00852 0.00213
2975.289 0.00000 -0.00639 0.00213
2975.294 0.00320 -0.00213 -0.00639
2975.299 -0.00533 -0.00213 -0.00533
2975.304 0.00213 0.00320 0.00746
2975.309 -0.00639 -0.00107 0.00533
2975.314 0.00852 0.01172 -0.00426
2975.319 0.00000 -0.00107 0.00000
2975.324 0.00533 -0.00107 0.00000
2975.329 -0.00639 0.00000 -0.00213
2975.334 -0.00320 0.00000 0.00320
2975.339 0.01172 0.00213 -0.00533
2975.344 0.00213 -0.01172 0.00320
2975.349 0.00000 0.00107 0.00000
2975.354 0.00959 0.00746 0.00639
2975.359 -0.01172 0.00107 -0.00426
2975.364 0.00533 -0.00426 -0.00320
2975.369 -0.00107 0.00639 0.00000
2975.375 0.00000 0.00320 0.00426
2975.380 -0.00426 -0.00426 -0.00213
2975.385 -0.00213 -0.00533 -0.00639
2975.390 -0.00533 0.00213 -0.00107
2975.395 -0.00426 0.00107 0.00426
2975.400 -0.00320 -0.00213 0.00107
2975.405 -0.00320 0.00320 -0.00852
2975.410 -0.00320 0.00213 0.00426
2975.415 -0.00639 -0.00320 -0.01172
2975.420 -0.00426 0.00533 0.00000
2975.425 -0.00107 -0.00533 0.00000
2975.430 -0.00213 -0.00852 0.00107
