2863.458 -0.00426 -0.00426 0.00000
2863.463 0.00213 0.00000 -0.00533
2863.468 -0.00959 -0.00426 -0.00426
2863.473 0.00533 0.00107 -0.00213
2863.478 -0.00852 -0.00320 0.00533
2863.483 -0.00320 -0.00426 -0.00639
2863.488 -0.00213 -0.00426 -0.00213
2863.493 -0.00107 0.00213 0.00107
2863.498 0.00213 0.00320 -0.00533
2863.503 -0.00107 0.00426 -0.00213
2863.508 -0.00746 -0.00213 -0.00426
2863.513 -0.00320 0.00746 0.00533
2863.518 0.00426 -0.00107 0.00213
2863.523 0.00213 -0.00639 0.00107
2863.528 -0.00213 0.01172 0.00426
2863.533 0.00213 0.00107 0.00320
2863.539 0.00213 0.00426 -0.00213
2863.544 0.00213 0.00639 -0.00320
2863.549 -0.00852 0.00320 0.00000
2863.554 0.00107 -0.00426 -0.00107
2863.559 -0.01278 0.00000 0.00000
2863.564 -0.00639 0.01917 -0.00213
2863.569 -0.00426 -0.00746 -0.00320
2863.574 -0.00426 -0.00426 -0.00852
2863.579 -0.00213 0.00320 0.00639
2863.584 -0.00533 -0.00107 0.00426
2863.589 -0.00533 0.00107 0.00426
2863.594 -0.00426 0.00213 0.00000
2863.599 0.00107 -0.00533 -0.00639
2863.604 -0.00107 0.00426 -0.00426
2863.609 -0.00746 0.00320 -0.00213
2863.614 -0.00533 0.00213 -0.00320
2863.619 -0.00639 -0.00213 -0.00533
2863.624 -0.00107 0.00320 -0.00107
2863.629 -0.00107 0.00107 0.00320
2863.634 0.00426 -0.00320 0.00000
2863.639 -0.00320 0.00426 -0.00852
2863.644 -0.00320 -0.00426 0.00533
2863.649 -0.00107 -0.00746 -0.00213
2863.654 -0.00426 -0.00320 0.00320
2863.659 -0.00320 -0.00533 0.00000
2863.664 0.00000 -0.00107 0.00213
2863.669 -0.00959 0.00107 -0.00213
2863.674 -0.00426 -0.00426 0.00000
2863.679 -0.00320 -0.00426 0.00000
2863.684 0.00213 -0.00639 -0.00320
2863.689 0.00000 -0.00320 -0.00426
2863.694 -0.00426 0.00000 0.00000
2863.699 -0.00320 -0.00533 0.01385
2863.704 -0.00107 0.00000 0.00000
2863.710 -0.00533 -0.00746 0.00746
2863.714 0.00533 0.00639 0.00959
2863.720 -0.00107 -0.00533 0.00000
2863.725 -0.00213 -0.00213 -0.00426
2863.730 0.00107 0.00426 0.00107
2863.735 0.00426 0.00000 -0.00107
2863.740 -0.00533 -0.00959 -0.00320
2863.745 -0.00213 -0.00959 -0.00852
2863.750 -0.01065 -0.00320 -0.00320
2863.755 0.00000 -0.00213 0.00213
2863.760 -0.00107 -0.00213 0.00533
2863.765 0.00107 -0.00213 -0.00107
2863.770 0.00213 0.00000 0.00107
2863.775 -0.00213 -0.00639 -0.00426
2863.780 -0.00746 -0.00426 0.00320
2863.785 -0.00426 0.00213 0.00426
2863.790 -0.00746 -0.00320 -0.00107
2863.795 0.00533 0.00426 0.00107
2863.800 -0.01065 -0.00107 0.00000
2863.805 -0.00107 0.00107 -0.00426
2863.810 0.00000 0.00000 0.00000
2863.815 0.00000 0.00213 -0.00533
2863.820 -0.00746 -0.01598 0.00107
2863.825 -0.01065 0.00213 0.00000
2863.830 0.00533 0.00000 0.00320
2863.835 -0.00426 0.00213 -0.00213
2863.840 0.00426 -0.00213 -0.00107
2863.845 -0.00746 -0.00107 -0.00320
2863.850 -0.00533 -0.00639 0.00533
2863.855 -0.00959 -0.00852 -0.00320
2863.860 -0.00213 -0.00320 0.00213
2863.865 -0.00213 -0.01065 0.00000
2863.871 -0.00213 -0.00746 -0.00320
2863.876 -0.00107 -0.00107 -0.00320
2863.881 0.00320 0.00000 0.00320
2863.886 -0.00213 -0.00107 0.00213
2863.891 -0.00107 -0.00107 -0.00320
2863.896 0.00533 0.00213 0.00320
2863.901 -0.00639 0.00852 -0.00852
2863.906 0.00107 -0.00107 0.00320
2863.911 -0.00746 0.00320 -0.00426
2863.916 0.00639 -0.00639 0.00213
2863.921 -0.00107 0.00213 0.00107
2863.926 0.00320 -0.00213 0.00533
2863.931 0.00533 0.00213 0.00639
2863.936 0.00107 0.01172 -0.01385
2863.941 -0.00320 -0.00213 -0.00320
2863.946 -0.00320 -0.00959 -0.00959
2863.951 0.00320 -0.00852 0.00000
2863.956 -0.00107 -0.00107 -0.00213
2863.961 0.01278 0.00320 -0.00639
2863.966 -0.01172 -0.00213 0.00000
2863.971 -0.00852 0.00320 0.00320
2863.976 -0.00746 -0.00107 -0.00213
2863.981 -0.00107 0.00639 0.00213
2863.986 -0.00320 -0.00639 -0.00320
2863.991 -0.00107 -0.00959 0.00213
2863.996 0.00320 -0.00213 -0.00320
2864.001 0.00213 -0.00639 -0.00107
2864.006 -0.01704 -0.00320 0.00426
2864.011 -0.01172 0.00320 -0.00107
2864.016 -0.00320 -0.00533 -0.00533
2864.022 -0.00639 -0.00426 0.00320
2864.026 0.00320 0.00107 0.00107
2864.032 -0.00107 -0.00213 0.00426
2864.037 -0.00533 -0.00213 0.00639
2864.042 0.00213 0.00000 0.00000
2864.047 -0.00320 -0.00320 0.00213
2864.052 0.00000 0.00533 0.00000
2864.057 -0.00639 0.00320 0.01065
2864.062 -0.00639 -0.00959 0.00533
2864.067 0.00320 -0.00213 -0.00107
2864.072 -0.00746 0.00213 -0.01065
2864.077 -0.00426 0.00213 -0.00426
2864.082 -0.00959 -0.00639 0.00107
2864.087 -0.00320 0.00426 0.00000
2864.092 0.00000 -0.00426 -0.00426
2864.097 -0.00533 0.00107 -0.00213
2864.102 0.00000 -0.00639 0.00426
2864.107 -0.00426 -0.00107 0.00000
2864.112 -0.00426 -0.00213 0.02024
2864.117 0.00000 -0.00852 -0.00320
2864.122 0.00213 -0.00320 0.00107
2864.127 -0.00852 0.00107 0.00000
2864.132 0.00213 -0.00213 -0.00746
2864.137 -0.00213 0.00213 -0.00320
2864.142 0.00213 0.00639 -0.01278
2864.147 0.00426 -0.00746 -0.00852
2864.152 0.00213 0.00000 -0.00320
2864.157 -0.00426 0.00107 0.00852
2864.162 -0.00107 0.00213 0.00639
2864.167 -0.00213 -0.00746 0.00000
2864.172 -0.00320 0.00320 -0.00107
2864.177 -0.00746 -0.00639 -0.00213
2864.182 -0.00107 -0.00320 0.00000
2864.187 -0.00107 -0.00852 0.00533
2864.193 -0.00533 -0.00639 -0.00213
2864.198 -0.00107 -0.00213 -0.00426
2864.203 -0.00533 -0.00107 -0.00320
2864.208 -0.00639 -0.00959 -0.00320
2864.213 0.00426 -0.00533 -0.00533
2864.218 0.00000 -0.00213 0.00213
2864.223 0.00000 -0.00426 0.00213
2864.228 -0.00959 -0.00213 0.00533
2864.233 0.00320 -0.00746 0.00320
2864.238 -0.00746 0.00107 -0.00320
2864.243 0.00000 -0.00320 -0.00213
2864.248 -0.00213 -0.00426 0.00107
2864.253 -0.00852 -0.00107 0.00426
2864.258 0.00320 0.00320 -0.00852
2864.263 -0.00639 0.00000 0.00320
2864.268 -0.01172 0.00107 -0.00320
2864.273 0.00533 0.00320 0.00426
2864.278 -0.00426 -0.00426 0.00320
2864.283 -0.00533 0.00426 -0.00426
2864.288 0.00639 -0.00213 -0.00213
2864.293 0.00639 0.00213 -0.00639
2864.298 0.00213 -0.00746 -0.00426
2864.303 0.00000 -0.00746 -0.00107
2864.308 0.00533 0.00426 0.00000
2864.313 -0.00426 -0.00426 -0.00959
2864.318 -0.00959 0.00213 -0.00107
2864.323 0.00107 -0.00107 -0.00213
2864.328 0.01065 -0.00107 0.00000
2864.333 0.01811 -0.00213 -0.00320
2864.338 -0.00533 0.00533 0.00107
2864.344 -0.00213 0.00107 -0.00426
2864.349 0.01172 -0.00533 0.00000
2864.354 0.00959 -0.00107 0.00320
2864.359 -0.00959 -0.00852 -0.00746
2864.364 -0.00533 0.00426 -0.00107
2864.369 0.00000 0.00746 -0.00533
2864.374 0.00746 0.00426 -0.00107
2864.379 0.00000 -0.00107 -0.00213
2864.384 -0.00107 0.00000 -0.00107
2864.389 0.00639 -0.00852 -0.00533
2864.394 -0.00107 0.00533 0.00213
2864.399 0.00533 -0.00107 -0.00320
2864.404 0.00000 0.00639 -0.00213
2864.409 0.00000 0.00000 -0.00426
2864.414 0.00639 -0.00533 0.00107
2864.419 0.00639 -0.00213 0.00639
2864.424 0.01065 -0.00959 0.00426
2864.429 -0.00213 -0.00320 -0.00426
2864.434 -0.00320 -0.00107 0.00746
2864.439 0.00320 -0.00426 0.00000
2864.444 -0.00213 -0.00320 0.00213
2864.449 -0.00320 -0.00426 0.00213
2864.454 0.00000 -0.00213 -0.00533
2864.459 0.00320 0.00000 0.00213
2864.465 0.00107 -0.00533 0.00107
2864.469 -0.00426 -0.00426 -0.00746
2864.475 0.00107 -0.00320 -0.00107
2864.480 0.00000 -0.00213 -0.00639
2864.485 -0.00320 -0.00320 -0.00426
2864.490 0.00320 -0.00746 -0.00107
2864.495 -0.00533 -0.00426 -0.00639
2864.500 0.00959 -0.00533 -0.00213
2864.505 0.00320 -0.00213 0.00320
2864.510 0.01065 0.00639 0.00000
2864.515 -0.00320 0.00320 -0.00426
2864.520 -0.00213 -0.00746 -0.00426
2864.525 -0.00746 0.00320 0.00533
2864.530 -0.00320 -0.00426 -0.00107
2864.535 -0.00426 0.00213 -0.00426
2864.540 -0.01278 -0.00213 -0.00320
2864.545 0.00107 -0.00639 -0.00533
2864.550 0.00000 0.00533 0.00320
2864.555 -0.00533 -0.01278 0.00000
2864.560 -0.00639 -0.00639 -0.00213
2864.565 -0.00107 0.00320 -0.00426
2864.570 0.00107 -0.00746 0.00320
2864.575 -0.00320 -0.00852 0.00213
2864.580 0.00107 -0.00852 0.00852
2864.585 -0.00107 -0.00320 -0.00959
2864.590 -0.00852 0.00107 0.00213
2864.595 -0.00107 -0.00107 0.00000
2864.600 -0.00320 0.00533 0.00426
2864.605 -0.00426 0.00000 -0.00213
2864.610 -0.00213 0.00426 -0.00107
2864.620 0.00000 -0.00320 -0.00746
2864.625 -0.00533 -0.00320 0.00213
2864.630 0.00107 0.00320 -0.00426
2864.635 -0.00533 0.00000 -0.00107
2864.640 0.00000 0.00107 -0.00213
2864.645 -0.00107 -0.00107 0.00746
2864.650 -0.00746 0.00213 -0.00639
2864.655 0.00213 -0.00533 -0.00639
2864.660 -0.00746 -0.00533 -0.00107
2864.665 0.00000 -0.00213 0.00213
2864.670 0.00213 -0.00107 0.00426
2864.676 -0.00426 -0.00426 -0.00639
2864.681 -0.00213 0.00107 0.00320
2864.686 0.00852 0.00000 0.00320
2864.691 0.00320 0.00107 0.00426
2864.696 -0.00426 -0.00959 0.00533
2864.701 -0.00533 -0.00320 0.00107
2864.706 0.00426 -0.00320 -0.00852
2864.711 -0.00213 -0.00533 0.00107
2864.716 -0.00426 -0.00533 0.00320
2864.721 -0.00639 0.00107 0.00959
2864.726 0.00000 0.00213 -0.00320
2864.731 0.00426 -0.00746 0.00639
2864.736 -0.00107 0.00426 0.00426
2864.741 -0.00852 0.00746 -0.00107
2864.746 0.00000 0.00213 -0.00213
2864.751 -0.00107 -0.00746 0.00746
2864.756 0.00213 -0.00533 0.00320
2864.761 0.00533 0.00000 -0.00213
2864.766 -0.00426 -0.01065 0.00426
2864.771 0.01065 -0.00107 -0.00533
2864.776 0.00426 -0.00959 0.00000
2864.781 -0.00320 0.01491 -0.00426
2864.787 -0.00320 -0.00639 -0.00533
2864.792 -0.00320 -0.00533 0.00746
2864.797 -0.00320 0.00107 0.00426
2864.802 -0.00320 0.00533 0.00852
2864.807 -0.00959 -0.00426 0.00000
2864.812 -0.00213 -0.00107 -0.00852
2864.817 0.01172 0.00320 0.00107
2864.822 -0.01917 -0.01065 0.00000
2864.827 -0.00107 -0.00426 -0.00213
2864.832 0.00639 -0.00107 -0.00639
2864.837 -0.01172 0.00213 0.00000
2864.842 0.00213 -0.00639 -0.00320
2864.846 0.00852 -0.00320 -0.00213
2864.851 -0.00107 -0.00639 -0.00852
2864.856 0.00107 -0.00320 0.00746
2864.861 -0.01172 -0.00426 0.00107
2864.866 -0.00852 -0.00320 -0.00107
2864.871 0.00107 -0.00426 -0.00107
2864.876 -0.00320 -0.01065 -0.00107
2864.881 -0.00426 -0.00533 0.00533
2864.887 -0.00213 0.00320 0.00320
2864.892 0.00426 0.00213 -0.00959
2864.897 0.00107 0.00426 -0.00639
2864.902 -0.00639 0.00107 -0.00320
2864.907 0.00533 0.00746 -0.00320
2864.912 -0.00213 0.00107 0.00107
2864.917 0.00107 -0.00107 0.00320
2864.922 -0.00746 0.00000 -0.00107
2864.927 -0.01172 0.00320 -0.00533
2864.932 0.00533 0.00107 -0.00533
2864.937 -0.00213 -0.01278 -0.00320
2864.942 0.00107 -0.00746 -0.00533
2864.946 -0.00426 0.00213 -0.00213
2864.951 -0.00213 -0.00107 -0.00213
2864.956 0.01278 -0.00213 -0.00533
2864.961 -0.00959 -0.00746 0.00000
2864.966 0.00746 0.00959 0.00000
2864.971 -0.00213 0.00213 -0.00213
2864.976 -0.01065 0.00000 0.00000
2864.981 -0.00533 0.00213 0.00107
2864.986 -0.00107 -0.00320 0.01065
2864.991 0.00426 0.00213 0.00000
2864.997 0.00426 0.00533 0.00320
2865.002 0.00639 0.00746 0.00000
2865.007 0.00320 0.00320 -0.00320
2865.012 -0.01172 -0.00320 -0.00320
2865.017 0.00107 -0.00426 0.00639
2865.022 -0.00320 -0.00533 -0.00107
2865.027 -0.00426 -0.00320 -0.00107
2865.032 -0.00426 0.00107 -0.00639
2865.037 0.00533 0.00426 -0.00639
2865.042 -0.01278 -0.00533 -0.00426
2865.046 0.00639 -0.00107 0.00320
2865.051 0.00000 0.00639 0.00320
2865.056 -0.00107 -0.00746 -0.00426
2865.061 0.00000 0.00107 -0.00746
2865.066 0.00533 0.00533 -0.00107
2865.071 -0.00746 -0.00107 0.00107
2865.077 -0.00959 0.00533 -0.00107
2865.081 0.00852 -0.00320 -0.00107
2865.087 0.00000 -0.00426 -0.00533
2865.092 -0.00746 -0.00639 0.00213
2865.097 -0.00746 -0.00213 0.00107
2865.102 0.00000 0.00320 -0.00533
2865.107 0.00426 -0.00426 0.00320
2865.112 0.00213 -0.00533 0.00426
2865.117 0.00320 0.00000 -0.00852
2865.122 -0.00107 -0.00320 -0.00107
2865.127 0.00000 -0.00213 0.00000
2865.132 0.00639 -0.00852 -0.00533
2865.137 0.00533 0.00213 -0.00426
2865.142 0.00107 -0.00320 -0.01278
2865.146 0.00107 0.00213 0.00533
2865.151 -0.00320 -0.00533 -0.00213
2865.156 0.00107 -0.00107 -0.00639
2865.161 -0.00426 -0.00107 0.00213
2865.167 0.00000 -0.00107 -0.00426
2865.172 -0.00320 -0.00639 0.00959
2865.177 0.00426 0.01491 -0.00320
2865.182 -0.00639 -0.00426 0.00639
2865.187 -0.00426 -0.00639 -0.00213
2865.192 0.00107 0.00639 -0.00213
2865.197 -0.00213 0.00107 -0.01172
2865.202 0.00000 -0.00107 -0.00426
2865.207 -0.00426 0.00320 0.00107
2865.212 -0.00746 0.00213 -0.00746
2865.217 -0.01385 0.00213 0.00852
2865.222 0.00107 0.00746 0.00213
2865.227 0.00000 0.00746 0.00426
2865.232 0.01065 -0.00213 -0.00533
2865.237 -0.00426 0.00000 -0.00107
2865.242 -0.00213 -0.00639 0.00213
2865.247 -0.00107 0.00107 0.00000
2865.252 0.00320 0.00320 -0.00320
2865.257 -0.00852 0.00000 0.00213
2865.262 0.00107 0.00107 -0.00426
2865.267 -0.00426 -0.00107 0.00426
2865.272 0.00426 0.00213 -0.00107
2865.277 -0.00107 -0.00426 -0.00320
2865.282 0.00852 0.00213 -0.00320
2865.287 -0.00213 0.00426 0.00533
2865.292 -0.00426 0.00746 0.00107
2865.297 0.00107 -0.02024 0.00213
2865.302 0.00959 -0.00320 0.00000
2865.307 0.00320 -0.00107 0.00000
2865.312 0.00213 -0.00320 0.00107
2865.317 -0.00533 0.00213 -0.00426
2865.322 -0.00533 -0.00320 -0.00107
2865.327 0.00639 0.01065 0.00107
2865.332 0.00000 -0.00320 0.00426
2865.337 -0.00107 0.00320 -0.00320
2865.342 -0.00533 -0.00107 -0.00533
2865.347 -0.01065 -0.00107 0.00107
2865.352 0.00000 -0.00320 -0.00107
2865.357 0.00639 0.00000 0.00107
2865.362 -0.00533 0.01278 0.00639
2865.367 -0.00426 -0.00213 -0.00320
2865.372 0.00213 0.01065 0.00000
2865.377 0.00639 0.00320 0.00107
2865.382 0.00107 -0.01278 0.00426
2865.387 -0.00852 -0.00320 -0.00533
2865.392 0.00426 -0.01065 0.00426
2865.397 0.00000 -0.01065 -0.00533
2865.402 -0.00320 0.00000 0.00426
2865.407 -0.01065 -0.00320 0.01385
2865.412 -0.00320 0.00213 -0.00533
2865.417 -0.00533 -0.00320 -0.00107
2865.422 0.00320 0.00000 -0.00107
2865.427 -0.00213 0.00426 0.00213
2865.432 -0.00746 0.00426 -0.00639
2865.437 -0.00320 0.00213 0.00533
2865.442 0.00533 0.00213 0.00000
2865.447 -0.00533 -0.00320 0.00107
2865.452 -0.00320 0.00213 -0.00107
2865.457 -0.00213 0.00426 0.00639
2865.462 0.00213 0.00320 -0.00639
2865.467 -0.00533 -0.00213 0.00426
2865.472 0.00213 -0.01278 -0.01278
2865.477 0.00107 -0.00213 0.00000
2865.482 -0.00213 -0.00533 0.00320
2865.487 -0.00639 -0.00320 -0.00320
2865.492 -0.00639 -0.00213 0.00426
2865.497 -0.00533 -0.00852 -0.00213
2865.502 0.00320 0.00213 0.00000
2865.507 0.00107 0.00533 0.00533
2865.512 0.00533 -0.00213 0.00426
2865.517 -0.00320 -0.00107 -0.00533
2865.522 -0.00426 0.00107 -0.00426
2865.527 -0.00426 0.00213 -0.00746
2865.532 0.00000 0.00213 -0.00213
2865.537 -0.00107 -0.00426 0.00959
2865.542 -0.00533 0.00107 0.00000
2865.547 -0.00320 0.00213 0.00107
2865.552 0.00107 -0.00426 0.00107
2865.557 -0.00533 0.00426 0.00213
2865.562 0.00107 0.00000 -0.00533
2865.567 0.00213 -0.00639 -0.00533
2865.572 -0.00320 0.00426 -0.00107
2865.577 -0.00213 -0.00213 -0.00639
2865.582 -0.00852 -0.00107 0.00000
2865.587 -0.00746 0.00213 0.00320
2865.592 -0.00639 -0.00107 -0.00320
2865.597 -0.00107 0.00107 0.00639
2865.602 0.00107 0.00107 0.00000
2865.607 -0.00852 -0.00320 0.00426
2865.612 -0.00746 0.00000 0.00213
2865.618 -0.00426 -0.00426 0.00320
2865.623 -0.00107 0.00533 -0.00746
2865.628 -0.00426 0.00000 -0.01172
2865.633 0.00107 0.00426 0.00107
2865.638 -0.00852 -0.00107 0.00320
2865.643 -0.00213 0.00426 0.00213
2865.647 0.00320 -0.00533 -0.00213
2865.652 -0.00107 -0.00959 0.00320
2865.657 -0.00426 0.00000 0.00320
2865.662 0.00107 0.00107 -0.00639
2865.667 0.00000 -0.00213 -0.00213
2865.672 -0.01065 -0.00320 0.00320
2865.677 -0.00107 -0.00320 0.00320
2865.682 -0.00320 0.00000 -0.01598
2865.687 0.00639 0.00107 -0.00320
2865.692 0.00000 0.00107 -0.00320
2865.697 0.00320 0.00426 -0.00213
2865.702 -0.00426 0.00426 0.00107
2865.707 0.00213 0.00213 -0.00107
2865.712 0.00107 -0.00746 0.00213
2865.717 0.00000 0.00107 0.00107
2865.722 0.00639 -0.00533 0.00213
2865.728 0.00746 -0.00746 -0.00320
2865.733 -0.00533 -0.00533 0.00000
2865.738 -0.00320 -0.00213 -0.00213
2865.743 -0.00213 -0.00852 0.00426
2865.747 -0.00639 -0.00320 -0.00426
2865.752 0.00639 -0.00107 0.00000
2865.757 0.00533 0.00746 0.00000
2865.762 -0.01278 -0.00107 -0.00320
2865.768 0.00426 -0.00959 0.00320
2865.772 -0.00107 -0.00107 0.00533
2865.778 -0.01065 -0.00213 0.00107
2865.783 0.00000 -0.00320 0.00746
2865.788 -0.00320 0.00320 0.00107
2865.793 -0.00852 0.00320 -0.00639
2865.798 -0.00639 -0.00533 0.00213
2865.803 0.00107 -0.00426 0.00213
2865.808 0.00107 -0.00746 -0.00426
2865.813 0.00107 -0.00426 0.00213
2865.818 -0.00320 -0.01065 0.00000
2865.823 0.00000 0.00639 0.00213
2865.828 -0.00213 0.00000 0.00426
2865.833 -0.00533 0.00000 -0.00107
2865.838 0.00426 -0.01172 -0.02024
2865.843 -0.00213 0.00426 0.00213
2865.848 0.00320 -0.00426 -0.00639
2865.853 0.00320 0.00107 -0.00107
2865.858 0.00426 -0.00107 -0.00426
2865.863 -0.00746 -0.00320 0.00426
2865.868 -0.00213 -0.00213 0.00213
2865.873 0.00213 0.00320 -0.01172
2865.878 -0.00639 0.00213 -0.00107
2865.883 0.00320 0.00213 0.00000
2865.888 -0.01172 -0.00213 -0.00107
2865.893 -0.00426 -0.00107 -0.00213
2865.898 -0.00533 0.00320 -0.00426
2865.903 -0.00107 -0.00213 0.00107
2865.908 -0.00213 0.00639 -0.00320
2865.913 -0.01172 -0.00746 0.00213
2865.918 0.00000 0.00000 0.00213
2865.923 -0.00426 -0.00426 0.00426
2865.928 0.00107 -0.00426 -0.00213
2865.933 -0.00746 -0.00746 0.00320
2865.938 -0.00107 -0.00320 -0.01065
2865.943 0.00213 -0.00107 -0.00320
2865.948 0.00320 0.00000 0.01172
2865.953 -0.00959 -0.00320 -0.00213
2865.958 -0.00639 -0.00426 -0.00426
2865.963 -0.00639 -0.00213 0.00533
2865.968 -0.00107 -0.00320 0.00639
2865.973 -0.00320 0.00107 -0.00213
2865.978 -0.00213 0.00000 0.00426
2865.983 -0.00213 0.00107 -0.00746
2865.988 0.00000 -0.01065 -0.00107
2865.993 0.00213 -0.00320 0.00000
2865.998 0.00000 0.00213 -0.00639
2866.003 0.00320 -0.00320 0.00213
2866.008 -0.00320 -0.00213 -0.00213
2866.013 -0.01065 0.00107 -0.00426
2866.018 0.00000 -0.00107 -0.00746
2866.023 -0.00320 0.00320 -0.00639
2866.028 -0.00107 0.00533 -0.00213
2866.033 -0.00639 -0.00852 -0.00426
2866.038 -0.00107 0.00320 -0.00213
2866.043 0.00000 -0.00959 -0.00320
2866.048 -0.00426 -0.00426 -0.00746
2866.053 -0.00533 -0.00213 0.00426
2866.058 -0.00213 0.00426 -0.00639
2866.063 -0.00320 -0.00320 0.00533
2866.068 -0.00533 0.00426 0.00000
2866.073 0.00852 0.00107 0.00320
2866.078 -0.00533 -0.00426 -0.00533
2866.083 -0.00852 -0.00639 0.00213
2866.088 -0.00320 -0.00107 -0.00426
2866.093 0.00000 -0.00320 -0.00426
2866.098 -0.00639 -0.00639 -0.00213
2866.103 0.00000 -0.00639 0.00320
2866.108 -0.00959 0.00213 -0.00213
2866.113 -0.00320 -0.01172 0.00426
2866.118 -0.00213 0.00639 -0.00107
2866.123 -0.00107 -0.00639 -0.00426
2866.128 0.00533 -0.00107 -0.00213
2866.133 -0.00533 0.00959 0.00852
2866.138 -0.00426 -0.00959 0.00000
2866.143 -0.00320 0.00639 0.00533
2866.148 -0.00213 -0.00320 0.00107
2866.153 0.00107 0.00000 0.00639
2866.158 0.00000 -0.00213 0.00426
2866.163 0.00000 -0.00213 0.00746
2866.168 0.00533 0.00852 0.00639
2866.173 0.00107 0.00959 0.00107
2866.178 0.00213 -0.00639 -0.00107
2866.183 0.00426 -0.00107 0.00107
2866.188 -0.00533 -0.00746 0.00107
2866.193 0.00000 0.00107 0.00426
2866.198 -0.00107 -0.00639 -0.00746
2866.203 -0.00426 0.00426 0.00426
2866.208 -0.00107 -0.00320 -0.00533
2866.213 -0.00639 -0.00213 -0.00213
2866.218 0.00000 0.00213 0.00639
2866.223 0.00213 0.00533 0.00533
2866.228 -0.00213 -0.00639 -0.00107
2866.233 -0.01065 -0.00426 0.00639
2866.238 -0.00320 0.00213 0.00852
2866.243 -0.00533 -0.00213 0.00320
2866.250 -0.00426 -0.00426 0.00320
2866.255 0.00533 0.00639 0.01491
2866.260 -0.00320 -0.00426 -0.01278
2866.265 -0.00746 0.00213 0.00000
2866.271 -0.00213 -0.00639 -0.01065
2866.276 0.00533 0.00107 -0.00107
2866.281 0.00426 0.00107 0.00213
2866.286 -0.00533 0.01065 -0.00426
2866.291 -0.00639 -0.00107 -0.00107
2866.296 -0.00320 0.00426 -0.00107
2866.300 -0.00107 -0.00320 -0.00426
2866.305 -0.00959 -0.00533 0.00426
2866.311 -0.00746 0.00107 -0.00426
2866.316 0.01065 -0.00107 -0.00320
2866.321 0.01065 -0.00533 0.00320
2866.326 -0.00533 -0.00213 0.00213
2866.331 0.00000 -0.00426 -0.00213
2866.336 -0.00959 -0.00959 -0.00426
2866.341 -0.00426 0.00639 0.00107
2866.346 0.00533 0.00107 0.00213
2866.351 0.00213 0.00426 -0.00639
2866.356 -0.01172 -0.00320 0.00426
2866.361 -0.00533 0.00426 0.00000
2866.366 -0.00320 0.00320 0.00000
2866.371 -0.00639 0.00000 -0.00320
2866.376 -0.00320 -0.00213 -0.00213
2866.381 -0.00320 -0.00426 0.00426
2866.386 0.00320 0.00426 -0.00107
2866.392 -0.00320 -0.00852 0.00107
2866.397 -0.00533 -0.01491 -0.00320
2866.402 0.00426 0.00213 -0.00213
2866.407 -0.00746 0.00533 -0.00426
2866.412 0.00959 -0.00107 0.00320
2866.417 -0.00639 -0.00107 -0.00959
2866.422 0.00426 -0.00533 -0.00746
2866.427 0.00000 0.00107 0.00746
2866.432 0.00320 0.00746 -0.00213
2866.437 0.00426 -0.00959 -0.00107
2866.442 -0.00426 0.00000 0.00000
2866.447 -0.00107 0.00533 -0.00320
2866.452 0.00000 -0.00426 0.00533
2866.457 0.00000 -0.00107 0.00320
2866.462 0.00533 -0.00213 -0.00213
2866.467 -0.00426 0.00107 0.00426
2866.472 -0.00213 -0.00213 0.00639
2866.477 0.01172 0.00107 -0.00426
2866.482 -0.00107 0.00639 -0.00533
2866.487 -0.00533 -0.00533 -0.00320
2866.492 0.00000 0.00213 -0.00213
2866.497 0.00533 0.00213 0.00000
2866.502 -0.00320 -0.00107 0.00000
2866.507 0.00000 -0.00213 0.00959
2866.512 -0.00746 0.00426 0.00000
2866.517 -0.00107 -0.00320 -0.00852
2866.522 -0.00107 -0.00426 0.00213
2866.527 0.00426 0.00000 -0.00320
2866.533 -0.00426 -0.00320 0.00320
2866.538 -0.00426 -0.00107 0.00746
2866.543 -0.00533 -0.00746 0.00533
2866.548 -0.00213 0.00639 0.00320
2866.553 -0.00107 -0.00213 -0.00320
2866.558 -0.00852 0.00213 0.00000
2866.563 0.00107 -0.00320 0.00000
2866.568 -0.00533 0.00000 -0.00320
2866.573 0.00320 0.00213 0.00639
2866.578 -0.00107 0.00533 0.00213
2866.583 0.00426 -0.00533 0.00213
2866.588 0.00107 0.00107 0.00533
2866.593 0.00426 0.00426 0.00852
2866.598 -0.00426 -0.00959 0.00213
2866.603 -0.00746 -0.00852 0.00213
2866.608 0.00320 -0.00533 0.00426
2866.613 -0.00533 -0.00107 0.00000
2866.618 -0.00746 -0.00107 0.00320
2866.623 -0.00426 0.00213 -0.00852
2866.628 -0.00533 -0.01491 0.00213
2866.633 -0.00320 -0.00213 0.00959
2866.638 -0.00959 -0.00213 -0.00533
2866.643 0.00320 0.00639 -0.00107
2866.648 0.00426 -0.00107 -0.00320
2866.653 0.00320 -0.01172 0.00533
2866.658 0.00320 0.00213 0.00213
2866.663 -0.00213 -0.01811 -0.00746
2866.668 -0.00320 -0.00320 0.00852
2866.673 0.01172 -0.00213 0.00320
2866.678 -0.00213 -0.00426 -0.00426
2866.683 -0.00107 -0.00320 -0.00426
2866.688 0.00213 -0.00320 0.00000
2866.693 0.01065 -0.00320 0.00426
2866.698 -0.00426 -0.00107 0.01385
2866.703 0.00000 0.00426 0.00320
2866.708 -0.00533 -0.00213 -0.00107
2866.714 -0.00320 0.00320 -0.00107
2866.719 -0.01385 -0.00320 -0.00426
2866.724 0.01172 -0.00213 -0.00213
2866.729 0.00107 0.00746 0.00320
2866.734 -0.00107 -0.00959 0.00213
2866.739 -0.00320 0.00213 0.00320
2866.744 0.00000 0.00320 -0.00213
2866.749 0.00533 -0.00107 0.00107
2866.754 -0.00639 -0.00426 0.00000
2866.759 -0.00426 0.00213 0.00000
2866.764 -0.00959 -0.01172 -0.00213
2866.769 0.00000 0.01598 -0.00320
2866.774 -0.00213 0.00213 -0.00107
2866.779 0.01278 0.00746 -0.00320
2866.784 -0.00213 0.00320 -0.01385
2866.789 -0.00213 0.00107 -0.00213
2866.794 -0.00533 0.00213 -0.00639
2866.799 0.00107 0.00107 -0.00320
2866.804 -0.00426 0.00000 0.00533
2866.809 -0.01172 0.00746 0.00107
2866.814 0.00852 0.00107 0.01065
2866.819 0.00426 0.00213 -0.00639
2866.824 0.00746 0.00213 -0.00533
2866.829 0.00533 -0.00213 0.00746
2866.834 -0.00426 -0.00107 0.00746
2866.839 0.00107 -0.00320 0.00000
2866.844 -0.00959 -0.00959 -0.00107
2866.849 0.00852 0.00852 -0.00426
2866.854 0.00426 0.00959 -0.00320
2866.859 -0.00746 -0.01385 0.00213
2866.864 0.01065 -0.00426 0.00000
2866.869 0.00000 -0.00852 0.00000
2866.874 -0.00107 -0.00320 -0.00213
2866.879 -0.00320 0.00639 -0.00852
2866.885 0.00000 -0.00746 -0.01065
2866.890 0.00000 -0.00639 0.00213
2866.895 0.00959 0.00107 0.00000
2866.900 -0.00426 -0.00213 0.00107
2866.905 -0.00320 -0.00533 0.00320
2866.910 0.00000 -0.00746 -0.00213
2866.915 -0.00746 0.00533 -0.00107
2866.920 0.01385 -0.00320 -0.00213
2866.925 -0.00107 0.00107 -0.00426
2866.930 0.00107 -0.00213 0.01598
2866.935 -0.00320 0.00533 -0.00639
2866.940 0.00426 0.00213 0.00426
2866.945 0.00000 0.00000 0.00426
2866.950 -0.00426 0.00107 0.00320
2866.955 -0.00533 -0.00213 0.00320
2866.960 -0.01065 -0.00746 -0.00852
2866.965 0.00213 0.00639 0.00533
2866.970 -0.00213 -0.00107 -0.00107
2866.975 0.00213 0.00213 -0.00746
2866.980 -0.00639 -0.00426 0.00107
2866.985 -0.00320 -0.00213 0.00533
2866.990 -0.00320 -0.00320 -0.00213
2866.995 -0.00213 0.00746 0.00533
2867.000 -0.00426 -0.00426 -0.00213
2867.005 -0.00107 0.00107 0.00213
2867.010 -0.00639 -0.00107 -0.00213
2867.015 -0.00852 -0.00107 0.00213
2867.020 0.00320 -0.00852 0.00000
2867.025 -0.00852 -0.00320 0.00746
2867.030 0.01065 -0.00639 0.00852
2867.035 -0.00320 -0.01278 -0.00320
2867.040 -0.00426 0.00320 0.00426
2867.046 0.00107 -0.00320 0.00000
2867.051 0.00426 0.00107 -0.00213
2867.056 0.00320 -0.00320 -0.00213
2867.061 -0.00213 0.00320 -0.01172
2867.066 -0.00852 -0.00213 -0.00320
2867.071 -0.01172 0.01278 0.00533
2867.076 -0.00426 0.00426 -0.00213
2867.081 -0.00426 0.00107 -0.00320
2867.086 0.00852 -0.00746 -0.00107
2867.091 -0.00533 -0.00852 0.00213
2867.096 -0.00107 0.00000 0.00320
2867.101 -0.00533 -0.00533 0.00639
2867.106 -0.00213 0.01917 -0.01278
2867.111 0.00426 0.00000 0.00107
2867.116 0.00107 -0.00639 0.00746
2867.121 -0.00320 0.00533 0.00213
2867.126 0.00533 -0.00213 -0.00107
2867.131 0.00213 -0.00746 -0.00533
2867.136 -0.00533 -0.00213 -0.00213
2867.141 -0.00746 -0.00533 0.01065
2867.146 -0.00533 -0.01172 -0.00746
2867.151 0.00746 0.00213 0.00746
2867.156 -0.00533 0.00213 -0.00107
2867.161 0.00426 0.00213 0.00213
2867.166 -0.00107 -0.00107 -0.00107
2867.171 -0.00426 0.01065 0.00533
2867.176 -0.00107 -0.00426 0.00426
2867.181 0.00107 -0.00213 0.00746
2867.186 -0.00959 -0.00107 0.00533
2867.191 -0.00639 0.00426 -0.00852
2867.197 -0.00426 -0.00320 -0.00426
2867.202 0.00107 0.00107 0.00533
2867.207 -0.00213 -0.00213 -0.00639
2867.212 -0.00213 -0.00639 0.00426
2867.217 0.00000 0.00107 0.01491
2867.222 0.00213 0.00107 0.00426
2867.227 -0.00426 -0.00533 -0.01172
2867.232 0.00320 0.00107 0.00426
2867.237 -0.00107 0.00000 -0.00320
2867.242 -0.00959 0.00000 -0.00320
2867.247 -0.00320 -0.00107 0.00107
2867.252 -0.00213 -0.00533 0.00000
2867.257 0.00000 0.01065 0.00213
2867.262 0.00320 -0.00320 0.00213
2867.267 -0.00213 0.00000 -0.00213
2867.272 0.00107 0.00320 0.01172
2867.277 0.00000 0.00107 0.00426
2867.282 0.00426 0.00000 0.00320
2867.287 0.00426 0.00107 0.00000
2867.292 -0.00426 -0.01065 0.00000
2867.297 0.00213 -0.00320 0.00426
2867.302 -0.00639 -0.00533 -0.00533
2867.307 -0.00533 -0.00746 -0.00426
2867.312 -0.00213 0.00213 0.00320
2867.317 -0.01065 -0.00107 -0.00533
2867.322 -0.00746 0.00107 -0.00426
2867.327 -0.00320 -0.00107 -0.00959
2867.332 -0.00107 0.00746 0.00000
2867.337 -0.00533 -0.00107 -0.00852
2867.342 -0.00213 -0.00107 0.00213
2867.347 -0.00852 -0.00533 -0.00533
2867.352 -0.00426 -0.00320 -0.00107
2867.357 -0.01811 -0.00107 -0.00639
2867.362 0.01065 0.01172 0.00107
2867.367 0.00213 -0.00107 0.00107
2867.372 0.00959 -0.00426 0.00426
2867.377 0.00213 0.00000 -0.00107
2867.382 0.00213 0.01065 0.00533
2867.387 -0.01278 0.00426 -0.00639
2867.392 -0.00746 -0.01385 -0.00533
2867.397 -0.00213 0.00320 0.00533
2867.402 0.00107 -0.00959 0.00000
2867.408 -0.00107 -0.00533 -0.00213
2867.413 -0.00533 -0.00533 -0.00959
2867.418 -0.00746 -0.00533 0.00320
2867.423 -0.01065 -0.00639 -0.00107
2867.428 0.00107 0.00107 -0.00426
2867.433 0.00533 -0.00213 0.00000
2867.438 0.00000 0.00000 -0.00107
2867.443 -0.00320 -0.00320 0.00107
2867.448 -0.00639 -0.00213 -0.00213
2867.453 -0.00107 -0.00533 -0.00639
2867.458 -0.00746 0.00213 0.00107
2867.463 -0.01278 0.00533 -0.01065
2867.468 0.00639 0.00107 0.00213
2867.473 0.00213 0.00746 0.00746
2867.478 -0.00107 0.00533 -0.00107
2867.483 0.00426 -0.00107 -0.00533
2867.488 0.00533 0.00639 0.00107
2867.493 -0.00533 -0.00533 0.00000
2867.498 0.00107 -0.00426 0.00107
2867.503 -0.00426 -0.00213 0.00320
2867.508 0.00320 -0.00426 -0.00639
2867.513 -0.00426 0.00000 0.00213
2867.518 -0.00320 -0.00320 0.00852
2867.523 -0.00533 0.00213 -0.00320
2867.529 -0.00959 -0.00746 -0.00533
2867.534 0.00000 0.00000 0.00320
2867.539 -0.00639 0.00107 0.00000
2867.544 0.00000 0.00639 0.00533
2867.549 0.00213 -0.00213 0.00000
2867.554 -0.01598 -0.00107 -0.00533
2867.559 -0.00852 -0.00426 0.00533
2867.564 -0.00213 -0.00107 -0.00107
2867.569 -0.00639 -0.00746 -0.00320
2867.574 -0.00213 0.00746 0.01278
2867.579 -0.00320 -0.01065 -0.00107
2867.584 0.00426 0.00639 0.00852
2867.589 -0.00533 -0.00852 0.00426
2867.594 -0.00533 -0.00639 -0.00852
2867.599 -0.00426 -0.00213 -0.00320
2867.604 -0.00959 0.00639 -0.00533
2867.609 -0.00426 0.00000 0.00213
2867.614 0.00000 -0.00746 -0.00107
2867.619 -0.00107 0.00852 0.00107
2867.624 -0.00107 0.00426 0.01065
2867.629 -0.00533 0.00320 -0.00213
2867.634 -0.00107 -0.00320 0.00533
2867.639 -0.00533 -0.00213 -0.00959
2867.644 0.00746 -0.00320 -0.01065
2867.649 -0.00320 -0.00746 0.00107
2867.654 -0.00852 0.00213 0.00107
2867.659 0.00213 -0.00320 0.00746
2867.664 -0.00533 0.00639 -0.00320
2867.669 0.00107 -0.00533 0.00639
2867.674 0.00000 -0.00746 -0.00107
2867.680 -0.00533 -0.00320 -0.00320
2867.685 0.00107 -0.01278 -0.00852
2867.690 0.00107 0.00213 -0.00213
2867.695 0.00213 -0.00213 -0.01704
2867.700 0.00320 0.00426 -0.00639
2867.705 -0.00426 -0.00426 0.00320
2867.710 0.00000 0.00533 -0.00320
2867.715 -0.00746 0.00000 0.00000
2867.720 0.00959 0.00852 -0.00533
2867.725 -0.00639 -0.00746 -0.00320
2867.730 0.00320 0.00852 0.00213
2867.735 -0.00639 -0.00852 0.00746
2867.740 -0.00213 0.00000 0.00213
2867.745 -0.00320 0.00426 0.00746
2867.750 0.00320 0.00959 0.00213
2867.755 0.00213 -0.00426 0.00426
2867.760 -0.00426 0.00639 0.00639
2867.765 0.01065 -0.00320 -0.00533
2867.770 -0.00213 0.00213 0.00533
2867.775 -0.00533 -0.01065 0.00213
2867.780 -0.00107 0.00320 -0.00107
2867.785 -0.00107 -0.00213 0.00107
2867.790 -0.00107 -0.00320 -0.00213
2867.795 -0.00426 -0.00426 0.00852
2867.800 0.00426 -0.00107 0.00213
2867.805 0.00533 0.00746 0.00320
2867.810 -0.00746 0.00000 0.00320
2867.815 -0.00426 -0.01278 0.00426
2867.820 -0.00852 0.00107 -0.00320
2867.830 -0.00320 -0.01172 0.00852
2867.835 0.00533 0.00213 0.00000
2867.840 -0.00533 -0.00426 -0.00213
2867.845 0.00426 0.00000 0.00000
2867.850 -0.00107 -0.00852 0.00000
2867.855 0.00533 0.00320 -0.00533
2867.860 0.00107 -0.00107 0.00639
2867.865 -0.00320 0.00107 -0.00959
2867.870 0.00107 -0.00533 0.00000
2867.875 -0.01491 -0.00959 0.00213
2867.880 0.01278 -0.00533 -0.00107
2867.885 0.00320 0.00320 -0.00320
2867.890 -0.00107 -0.00107 -0.00320
2867.895 -0.00213 0.00852 -0.00320
2867.901 -0.00107 -0.00320 -0.00213
2867.906 0.00000 -0.00107 0.00107
2867.911 -0.00213 0.00533 0.00639
2867.916 0.00213 0.00852 0.00320
2867.921 -0.01278 -0.00107 -0.00213
2867.926 0.00213 0.00533 0.00107
2867.931 -0.00426 -0.00639 0.00107
2867.936 0.00213 0.01278 0.00107
2867.941 -0.00107 -0.00746 0.00320
2867.946 0.00107 0.00320 -0.01491
2867.951 -0.00639 -0.00959 -0.00213
2867.956 -0.00639 -0.00107 -0.01172
2867.961 0.00213 -0.00320 -0.00107
2867.966 0.00213 -0.00107 0.01385
2867.971 -0.00852 -0.00852 0.01172
2867.976 -0.00107 -0.00320 -0.00213
2867.981 -0.00852 -0.00213 -0.00213
2867.986 -0.00107 0.01065 0.00852
2867.992 -0.00320 0.01065 0.00000
2867.997 -0.00639 -0.00213 0.00107
2868.002 0.00213 0.00426 0.00107
2868.007 -0.00426 0.00000 0.00426
2868.012 -0.00107 0.00426 -0.00852
2868.017 -0.00107 0.00107 -0.00320
2868.022 -0.00107 -0.00320 0.00107
2868.027 0.00000 0.00852 0.00213
2868.032 0.00213 -0.00852 0.00533
2868.037 0.00000 0.00746 -0.00213
2868.042 -0.00320 -0.00426 -0.00320
2868.047 -0.00320 -0.00320 -0.00213
2868.051 0.00000 -0.00107 -0.00107
2868.056 0.00000 -0.00852 -0.00320
2868.061 0.00000 0.00000 0.00213
2868.066 -0.00107 -0.00852 0.00000
2868.071 0.00000 -0.00639 0.00107
2868.076 -0.00107 -0.00213 -0.00533
2868.081 -0.00320 -0.00213 -0.00107
2868.086 0.00852 -0.00533 -0.00533
2868.091 0.00107 -0.00426 0.00107
2868.096 0.00746 0.00639 0.00107
2868.102 0.00426 0.00320 -0.00320
2868.107 -0.00852 -0.00426 -0.00320
2868.112 -0.00213 -0.00320 0.00320
2868.117 0.00000 -0.00533 0.00000
2868.122 0.00000 -0.01172 -0.00533
2868.127 -0.00107 -0.00107 -0.00426
2868.132 -0.00852 0.00746 0.00107
2868.137 -0.00213 0.00533 0.00320
2868.142 0.00320 -0.00639 0.00320
2868.147 0.00000 -0.00959 -0.00213
2868.151 0.00213 -0.00320 0.00426
2868.156 0.00000 -0.00533 0.00320
2868.161 -0.00852 0.00746 -0.00320
2868.166 0.01065 0.00639 0.00107
2868.171 0.00000 0.00000 -0.00852
2868.176 -0.00852 -0.00852 0.00107
2868.181 0.00533 -0.00107 0.00533
2868.186 0.00426 -0.00213 -0.00533
2868.191 0.00639 -0.00107 -0.00213
2868.196 0.00213 -0.00426 -0.00320
2868.201 0.00746 0.00426 0.00213
2868.206 -0.00213 -0.01065 0.00107
2868.211 -0.00746 0.01491 -0.00533
2868.216 -0.00107 0.00213 -0.00107
2868.222 -0.00320 0.00107 -0.00746
2868.227 0.00426 0.00107 0.00426
2868.232 0.00000 0.00107 0.00533
2868.237 -0.00959 -0.00426 -0.00320
2868.242 0.00746 0.00213 0.00107
2868.247 0.00107 0.00639 -0.00107
2868.251 -0.00746 -0.00426 -0.00639
2868.256 -0.00639 0.00000 -0.00213
2868.261 0.00000 0.00426 -0.01065
2868.266 0.00852 0.00746 -0.00533
2868.271 0.00107 0.00533 -0.00426
2868.276 0.00533 0.00000 -0.00852
2868.281 -0.00959 -0.00213 -0.00426
2868.286 -0.00746 0.00533 -0.00533
2868.292 -0.00320 -0.00213 -0.00320
2868.297 -0.00107 -0.00213 -0.00320
2868.302 -0.00533 -0.00107 -0.00639
2868.307 0.00533 -0.00320 0.00426
2868.312 0.00320 -0.00320 0.00533
2868.317 -0.00213 -0.00320 0.00213
2868.322 -0.01598 0.00213 0.00320
2868.327 -0.00107 -0.00320 0.00426
2868.332 -0.00107 -0.00107 -0.00959
2868.337 0.00213 0.00107 -0.00213
2868.342 -0.00746 -0.00426 0.00533
2868.347 -0.00107 -0.00320 0.00320
2868.351 -0.00426 0.00107 0.00107
2868.356 0.00639 -0.00746 -0.00426
2868.361 0.00107 0.00533 -0.00639
2868.366 0.00107 -0.00107 -0.00213
2868.371 -0.00426 0.00000 -0.00320
2868.376 -0.00426 -0.00639 -0.00639
2868.381 0.00213 -0.00639 -0.00320
2868.386 -0.00107 0.00320 0.00852
2868.392 -0.00533 0.00107 -0.00213
2868.397 0.00320 0.00639 -0.01598
2868.402 -0.00320 0.00533 0.00107
2868.407 0.00000 0.00320 0.00320
2868.412 -0.00213 0.00213 -0.00320
2868.417 -0.00320 -0.00213 -0.00426
2868.422 0.00107 0.00000 0.00000
2868.427 -0.00107 0.00426 0.00320
2868.432 0.00000 -0.00213 0.00533
2868.437 -0.00533 -0.00107 0.00426
2868.442 -0.00213 0.00107 -0.00107
2868.447 -0.00639 -0.01065 0.00000
2868.452 -0.00533 -0.00213 0.00639
2868.457 0.00000 -0.00852 -0.00426
2868.462 -0.00426 0.00639 0.00320
2868.467 0.00000 -0.00213 0.00000
2868.472 0.00107 -0.00213 -0.00107
2868.477 -0.00426 -0.00533 0.00000
2868.482 -0.00746 -0.00320 0.00107
2868.487 -0.00852 -0.00426 -0.00533
2868.492 -0.00639 -0.00107 -0.00213
2868.497 0.00107 -0.01491 0.00107
2868.502 0.00639 -0.00533 0.00000
2868.507 0.00000 0.00746 0.00213
2868.512 0.00213 -0.00213 -0.00320
2868.517 -0.00426 0.00107 0.00320
2868.522 0.00107 0.00533 -0.00107
2868.527 0.00320 -0.00639 -0.00320
2868.532 -0.00320 -0.00107 0.00533
2868.537 0.01385 0.00213 -0.00107
2868.542 0.00639 -0.00320 0.00533
2868.547 -0.00107 -0.00320 0.00426
2868.552 -0.00107 0.00000 0.00852
2868.557 -0.00639 0.00107 -0.00213
2868.562 -0.00639 0.00213 0.00107
2868.567 0.00000 -0.00213 -0.00213
2868.572 -0.00107 -0.00746 0.00320
2868.577 0.00000 -0.00959 -0.00320
2868.582 0.01065 -0.00213 -0.00213
2868.587 0.00213 0.00000 0.00107
2868.592 0.00213 -0.00107 0.00213
2868.597 -0.00639 0.00107 0.00320
2868.602 -0.00533 -0.00746 -0.00320
2868.607 0.00000 0.00000 -0.00213
2868.612 -0.00107 -0.00746 0.00107
2868.617 -0.00426 0.00213 0.00426
2868.622 -0.00426 0.00320 0.00426
2868.627 0.00639 -0.00852 -0.00107
2868.632 -0.01385 -0.00746 -0.00852
2868.637 -0.00107 0.00320 0.00000
2868.642 0.00000 0.00213 0.00426
2868.647 -0.00959 -0.00746 0.00533
2868.652 0.00000 -0.00533 0.00639
2868.657 -0.00639 -0.00426 -0.00426
2868.662 0.01172 0.00000 -0.00320
2868.667 0.00533 -0.00639 0.00426
2868.672 0.00533 -0.00213 -0.00213
2868.677 -0.00533 -0.00213 -0.00320
2868.682 -0.00213 -0.00320 0.00320
2868.687 0.00000 0.00107 0.00107
2868.692 -0.00533 -0.00533 0.00107
2868.697 -0.00213 -0.00213 0.00639
2868.702 -0.01065 -0.00746 -0.00426
2868.707 0.00213 0.00000 -0.00746
2868.712 -0.00533 0.00746 0.00320
2868.717 0.00213 -0.00426 0.00107
2868.722 0.00320 0.00533 0.00000
2868.727 0.00213 0.01172 -0.00746
2868.732 -0.00426 -0.00107 0.00320
2868.737 -0.00959 0.00320 -0.00213
2868.742 0.01065 0.00533 -0.00533
2868.747 0.00000 0.00107 0.00320
2868.752 0.00107 -0.00213 0.00746
2868.757 -0.00533 -0.00746 -0.00107
2868.762 -0.00959 -0.00107 -0.00533
2868.767 -0.00320 0.00000 0.00107
2868.772 0.00000 -0.00426 -0.00533
2868.777 -0.00852 -0.00320 -0.00426
2868.782 0.00107 -0.00852 0.00533
2868.787 0.00746 -0.00746 -0.00213
2868.792 0.00107 0.00107 0.00426
2868.797 -0.01172 -0.00426 -0.00107
2868.802 -0.00639 -0.00213 0.00320
2868.807 -0.00213 -0.00426 0.00000
2868.812 -0.00852 0.00107 0.00213
2868.817 0.00000 0.00213 -0.00213
2868.823 -0.00533 -0.00426 -0.00107
2868.828 0.00107 -0.00320 -0.00746
2868.833 -0.00213 0.01385 -0.00639
2868.838 0.00426 -0.00107 -0.00213
2868.843 0.00426 0.00959 0.00320
2868.848 0.00426 -0.00959 0.00533
2868.852 -0.01598 0.00852 0.00213
2868.857 -0.00426 0.00533 0.00852
2868.862 -0.00533 -0.00107 0.00426
2868.867 -0.00320 0.00107 0.00320
2868.872 0.00426 0.00213 0.00533
2868.877 0.00639 -0.00426 -0.00320
2868.882 0.00213 -0.00213 -0.00426
2868.887 0.00107 -0.00107 0.00107
2868.892 -0.00213 -0.00426 -0.00107
2868.897 0.01065 -0.00107 -0.01385
2868.903 -0.00107 -0.01172 -0.00107
2868.908 0.00000 -0.00533 -0.00320
2868.913 -0.00959 0.00000 0.00213
2868.918 0.00213 0.00746 0.00000
2868.923 -0.00426 -0.00213 0.00320
2868.928 0.00107 0.00107 -0.00107
2868.933 0.00213 -0.00639 -0.00107
2868.938 0.00107 -0.00320 0.00213
2868.943 -0.00107 0.00746 -0.00746
2868.948 -0.00426 -0.00533 0.00320
2868.952 -0.00533 0.00000 0.00320
2868.957 0.00000 -0.00639 0.00213
2868.962 0.00107 -0.00320 -0.00746
2868.967 -0.00107 0.00320 -0.00746
2868.972 0.00213 -0.00426 0.00000
2868.977 0.00426 0.00533 0.00426
2868.982 -0.00213 0.01172 0.00000
2868.987 0.00320 -0.00426 -0.00639
2868.993 -0.00533 -0.00107 0.00000
2868.997 0.00426 0.00107 0.00107
2869.003 -0.00959 -0.00213 -0.00426
2869.008 -0.00213 0.00426 -0.00213
2869.013 0.00320 -0.00426 0.00746
2869.018 -0.00213 0.00426 -0.00533
2869.023 -0.00320 0.00107 0.00107
2869.028 -0.00533 -0.00426 -0.00107
2869.033 0.00533 0.00213 -0.00746
2869.038 -0.00107 0.00000 0.01385
2869.043 0.00320 -0.01065 0.00533
2869.048 0.00426 0.00000 0.00426
2869.053 0.00639 -0.00213 -0.00320
2869.058 -0.01278 0.00533 0.00107
2869.063 0.00533 -0.00852 0.00320
2869.068 -0.00107 0.00426 0.00213
2869.073 -0.00533 -0.00533 -0.00852
2869.078 -0.00213 0.00320 -0.00213
2869.083 -0.01172 -0.00746 -0.00320
2869.088 -0.00320 -0.00746 0.00533
2869.093 0.00000 0.00107 -0.00107
2869.098 -0.00107 0.00000 0.00639
2869.103 -0.01065 -0.00320 0.00107
2869.108 -0.00426 0.00426 -0.00426
2869.113 -0.00107 -0.00213 -0.00533
2869.118 -0.00852 -0.00320 0.00746
2869.123 -0.01278 0.00213 0.00107
2869.128 -0.01704 -0.00213 -0.00852
2869.133 -0.00746 0.00426 0.00000
2869.138 0.00320 -0.00746 0.00107
2869.143 0.00639 0.00426 0.00000
2869.148 -0.00746 -0.00107 0.00107
2869.152 0.00107 0.00000 -0.00533
2869.157 0.00533 0.00000 0.00320
2869.162 -0.00107 -0.01385 0.00639
2869.167 0.00320 0.00213 0.00639
2869.172 -0.00852 0.00000 -0.00107
2869.177 -0.00426 -0.00852 -0.00107
2869.182 -0.00852 0.00213 -0.00533
2869.187 -0.01172 0.00320 -0.00213
2869.192 -0.00426 -0.00426 -0.00320
2869.197 0.00000 0.00320 -0.00213
2869.202 0.00959 0.00213 0.00000
2869.207 0.00426 -0.00213 -0.00533
2869.213 -0.00533 0.00000 -0.00852
2869.217 -0.00107 -0.00107 -0.00426
2869.223 0.00000 -0.00852 -0.00107
2869.228 0.00320 -0.00639 -0.00639
2869.233 -0.00213 0.00000 0.00000
2869.238 -0.00107 -0.00213 -0.00107
2869.243 -0.00320 -0.00320 0.00320
2869.248 0.00746 -0.00426 -0.00426
2869.253 -0.00320 -0.00852 -0.00213
2869.258 0.00320 0.00107 0.00320
2869.263 0.00213 -0.00852 0.00107
2869.268 0.00107 0.00000 0.00320
2869.273 -0.00426 0.00533 -0.00639
2869.278 -0.00426 -0.00639 0.00107
2869.283 0.00107 0.00213 0.01065
2869.288 0.00000 0.00533 0.00213
2869.293 0.00213 -0.00426 -0.00213
2869.298 -0.00852 -0.00213 0.00000
2869.303 -0.01278 -0.00320 0.00320
2869.308 0.00746 0.00426 0.00107
2869.313 0.00000 0.00639 -0.00213
2869.318 -0.01065 0.00213 0.00213
2869.323 0.00107 -0.00213 0.00213
2869.328 -0.00107 -0.00320 0.00852
2869.333 -0.00533 0.00320 -0.00107
2869.338 -0.00107 -0.00426 0.00426
2869.343 0.00533 -0.00426 -0.00533
2869.348 -0.00959 -0.00107 0.00213
2869.353 -0.00852 -0.00426 0.00107
2869.358 0.00107 -0.00426 -0.00213
2869.363 -0.00746 -0.00639 -0.00639
2869.368 -0.00107 0.00107 -0.00426
2869.373 -0.00107 -0.00107 0.00107
2869.378 -0.00852 -0.00852 0.00426
2869.383 0.00213 0.00107 0.00213
2869.388 -0.00426 -0.00533 -0.00533
2869.393 0.00213 0.00000 -0.00959
2869.398 0.00426 -0.00639 0.00426
2869.403 -0.00213 -0.00426 0.00533
2869.408 -0.00959 -0.00533 -0.00320
2869.413 0.00426 -0.00320 0.00000
2869.418 -0.00107 -0.00639 0.00320
2869.423 -0.00213 0.00533 0.00320
2869.428 0.00107 -0.00852 0.01172
2869.433 -0.01385 0.00533 0.01172
2869.438 -0.00213 -0.00746 0.00852
2869.443 -0.00746 -0.00639 -0.00213
2869.448 -0.00426 0.00320 0.00320
2869.455 0.00107 0.00107 -0.00107
2869.460 0.00000 -0.00746 -0.00107
2869.465 0.00639 0.00426 -0.00320
2869.470 0.00107 -0.00639 -0.00107
2869.475 0.00426 -0.00213 0.00107
2869.480 -0.00426 0.00000 0.00320
2869.485 0.00320 -0.00320 -0.00426
2869.490 -0.00639 0.00107 0.00426
2869.495 -0.00746 -0.00107 0.00213
2869.500 -0.00426 0.00426 0.00213
2869.506 -0.00320 0.00000 0.00320
2869.511 0.00213 0.00852 0.00000
2869.516 -0.00852 -0.00213 -0.00320
2869.521 0.00320 -0.00639 0.00426
2869.526 -0.00107 0.00426 -0.00959
2869.531 0.00959 -0.00639 0.00639
2869.536 -0.00213 0.00746 -0.00639
2869.541 0.00533 0.00107 -0.00320
2869.546 -0.00533 -0.00426 -0.00213
2869.551 -0.00213 -0.00107 -0.00533
2869.556 0.00320 0.00426 -0.00107
2869.561 -0.00107 -0.00320 -0.00959
2869.566 -0.00639 0.00107 -0.00320
2869.571 0.00000 -0.00426 0.00639
2869.576 -0.00213 -0.00639 -0.00320
2869.581 -0.00107 -0.00852 -0.00107
2869.586 -0.00533 -0.00639 -0.00213
2869.591 -0.00107 -0.00639 -0.00426
2869.596 -0.00639 0.00000 0.00959
2869.601 -0.00213 -0.00746 0.00107
2869.606 -0.00533 0.00320 0.00107
2869.611 -0.00746 -0.00213 -0.00426
2869.617 -0.00959 -0.00533 0.00107
2869.622 -0.01065 -0.00426 0.00000
2869.627 -0.00213 -0.00320 -0.00320
2869.632 -0.00533 -0.00107 0.00533
2869.637 0.00213 -0.00426 -0.00320
2869.642 -0.00107 0.01385 -0.01065
2869.646 0.00426 0.00426 -0.00213
2869.651 0.00213 -0.00107 0.00213
2869.656 -0.01172 -0.00533 -0.00852
2869.661 -0.00639 -0.01172 -0.00320
2869.666 0.00320 -0.00320 -0.00107
2869.671 -0.00533 -0.00107 0.00533
2869.676 -0.00639 0.00000 -0.00426
2869.681 -0.00320 0.00533 0.00533
2869.686 0.00852 0.00320 0.00213
2869.691 0.00000 -0.01065 0.00000
2869.697 -0.00426 -0.00746 0.00213
2869.701 0.00533 -0.00320 -0.00746
2869.707 -0.00426 -0.00320 0.00000
2869.712 0.00213 -0.01065 -0.00320
2869.717 -0.00107 -0.00213 -0.00213
2869.722 -0.01065 0.00533 0.00107
2869.727 -0.00533 0.00426 -0.00639
2869.732 -0.00533 -0.00852 0.00107
2869.737 -0.00107 -0.00852 0.00426
2869.742 -0.00320 -0.01065 0.00213
2869.747 0.00320 0.00107 0.00320
2869.752 -0.00639 0.00746 0.00000
2869.757 0.00107 -0.00426 -0.00639
2869.762 0.00533 0.00107 -0.00320
2869.768 0.00000 -0.00320 -0.00320
2869.772 0.00000 -0.00746 -0.00426
2869.778 0.00107 -0.00426 0.00107
2869.783 0.00213 0.00000 0.00000
2869.788 0.00107 -0.00213 0.00533
2869.793 -0.00852 -0.00746 0.00107
2869.798 0.00639 0.00320 -0.00852
2869.803 0.00320 0.00213 0.00533
2869.808 -0.00107 0.00000 -0.00320
2869.813 0.00426 -0.00639 -0.00746
2869.818 -0.00107 0.00746 0.00000
2869.823 -0.00426 0.00107 0.00639
2869.828 -0.00107 -0.00533 0.00000
2869.833 -0.00852 0.00107 -0.00426
2869.838 -0.00213 -0.00426 0.00959
2869.843 -0.00533 0.00000 0.00107
2869.848 0.00213 0.00320 0.00533
2869.853 -0.00107 0.00213 0.00959
2869.858 0.00000 -0.00107 0.00000
2869.863 0.00000 -0.00533 -0.00639
2869.868 0.00426 -0.00426 0.00107
2869.873 -0.00639 -0.00639 -0.00320
2869.878 0.00533 -0.01278 -0.00959
2869.883 -0.00426 -0.00320 0.00320
2869.888 -0.00320 0.00746 0.00533
2869.893 -0.00320 0.00213 -0.00320
2869.898 -0.00639 0.00000 -0.00213
2869.903 -0.00320 0.00639 -0.00213
2869.908 0.00213 0.00426 -0.00746
2869.913 -0.00426 0.00107 0.00320
2869.918 -0.00639 0.00000 -0.00639
2869.923 -0.00213 -0.00852 0.00107
2869.928 -0.00107 -0.00213 -0.00320
2869.933 -0.00852 -0.00107 0.00107
2869.939 0.00639 -0.00959 -0.00639
2869.944 -0.00852 0.00533 -0.00320
2869.949 -0.00959 0.00320 -0.00959
2869.954 -0.00320 -0.00639 0.00426
2869.959 -0.00746 0.00533 -0.00107
2869.964 0.00320 -0.00533 0.00000
2869.969 -0.00533 0.00533 -0.00107
2869.974 -0.00533 0.00000 0.00000
2869.979 -0.00639 -0.00107 0.00107
2869.984 -0.00107 0.00533 0.00426
2869.989 -0.01491 -0.00213 -0.00533
2869.994 0.00320 -0.00107 0.00852
2869.999 -0.00107 -0.00213 -0.00107
2870.004 -0.00213 -0.00320 0.00107
2870.009 -0.01278 -0.00107 -0.00746
2870.014 0.00852 0.00852 -0.00959
2870.019 -0.00426 0.00959 -0.00213
2870.024 -0.00852 0.00320 -0.00107
2870.029 -0.00213 -0.00107 0.00000
2870.034 -0.00107 0.00107 0.00107
2870.039 0.00107 0.00320 0.00639
2870.044 -0.00213 0.00533 0.00107
2870.049 0.00000 -0.00533 0.00639
2870.054 0.00000 -0.00746 -0.00639
2870.059 0.00639 -0.00426 0.00107
2870.064 -0.00533 0.00107 0.01172
2870.069 0.00426 -0.00213 0.00213
2870.074 -0.00107 -0.00213 0.00426
2870.079 0.00852 -0.01598 -0.00746
2870.084 0.00426 -0.00639 -0.00107
2870.089 -0.00320 -0.00426 0.00107
2870.094 0.00426 -0.00107 -0.00213
2870.099 -0.00213 0.00000 -0.01065
2870.104 0.00000 -0.00852 -0.00107
2870.110 0.00107 0.00000 0.00107
2870.115 -0.00533 0.00000 -0.00107
2870.120 0.00213 -0.00213 -0.00639
2870.125 -0.00213 0.00320 -0.00639
2870.130 -0.00107 -0.00213 -0.01172
2870.135 0.00426 -0.00213 -0.00107
2870.140 -0.00213 0.00107 -0.00426
2870.145 -0.00746 0.00000 -0.00213
2870.150 -0.00852 -0.00959 0.00000
2870.155 -0.00426 -0.00320 -0.00213
2870.160 -0.00213 -0.00533 0.00320
2870.165 -0.00320 -0.00213 0.00533
2870.170 -0.00426 -0.00426 0.00000
2870.175 0.00107 -0.00746 -0.00426
2870.180 0.00852 -0.00639 -0.00107
2870.185 0.00213 -0.00533 0.00746
2870.190 -0.00213 -0.00107 -0.00852
2870.195 -0.00107 -0.00852 -0.00320
2870.200 0.00213 0.00107 0.00000
2870.205 -0.00533 -0.00533 0.00107
2870.210 -0.00639 -0.00213 -0.00533
2870.215 -0.01065 -0.00320 -0.00639
2870.220 -0.00426 -0.00426 0.00107
2870.225 -0.00746 0.00852 -0.00213
2870.230 0.00000 -0.00426 0.00426
2870.235 0.00107 -0.00959 -0.00426
2870.240 -0.00320 0.00533 0.00426
2870.245 -0.00213 -0.00320 0.00000
2870.250 -0.00852 -0.00639 0.00213
2870.255 0.00000 -0.00320 -0.00320
2870.261 -0.00320 0.00000 0.00426
2870.266 0.00320 0.00000 -0.00320
2870.271 -0.00533 -0.00107 0.00107
2870.276 -0.00852 -0.00107 0.00107
2870.281 0.00320 0.00000 -0.00959
2870.286 -0.00213 -0.00213 -0.00320
2870.291 -0.00107 -0.00852 -0.00213
2870.296 -0.00107 -0.00107 0.00107
2870.301 0.00213 -0.00746 -0.00320
2870.306 0.00107 0.00000 -0.00320
2870.311 -0.00426 -0.00426 0.00107
2870.316 -0.00320 0.00639 -0.00213
2870.321 -0.01065 0.00639 0.00000
2870.326 -0.00746 -0.00426 0.00000
2870.331 0.00320 0.00533 0.00320
2870.336 0.00000 0.01065 0.00320
2870.341 -0.00746 -0.00533 -0.00746
2870.346 0.00000 0.00213 0.00639
2870.351 -0.00959 -0.00320 -0.01065
2870.356 -0.00107 0.00107 0.00213
2870.361 0.00533 -0.00213 -0.00107
2870.366 0.00320 -0.00320 0.00639
2870.371 -0.00639 -0.00959 0.01278
2870.376 0.00107 -0.00959 -0.00426
2870.381 0.00533 -0.00107 -0.00320
2870.386 -0.00746 -0.00746 -0.00533
2870.391 -0.00426 -0.00639 -0.00213
2870.396 -0.00533 0.00107 0.00320
2870.401 -0.00107 -0.00533 0.00213
2870.406 -0.00639 -0.00746 0.00426
2870.412 -0.00852 0.00639 -0.00107
2870.417 0.00213 0.00320 0.00320
2870.422 -0.00107 -0.00213 -0.00320
2870.427 0.00213 -0.00639 -0.00320
2870.432 -0.00533 0.00000 0.00320
2870.437 0.00000 -0.00639 -0.00533
2870.442 0.00852 0.00000 -0.00639
2870.447 0.00213 0.00107 0.00320
2870.452 0.00213 0.00533 0.00000
2870.457 0.00320 0.00213 0.00852
2870.462 -0.00320 -0.00639 -0.00320
2870.467 0.00213 0.00533 -0.00213
2870.472 -0.00533 0.00213 -0.00320
2870.477 -0.00107 -0.00852 -0.00320
2870.482 -0.00107 0.00107 -0.00320
2870.487 -0.00426 0.00000 0.00213
2870.492 0.00107 0.00000 0.00000
2870.497 -0.00746 0.00107 0.00000
2870.502 -0.01598 0.00320 -0.00107
2870.507 -0.01065 -0.00426 -0.00320
2870.512 0.00107 -0.00959 -0.00320
2870.517 -0.00746 -0.00852 0.00000
2870.522 -0.00533 -0.00320 -0.00213
2870.527 -0.00746 0.01385 -0.00213
2870.532 -0.00426 -0.00533 0.00213
2870.537 -0.00426 -0.00746 -0.00107
2870.542 0.00213 -0.00107 0.00959
2870.547 0.00107 -0.00213 0.00000
2870.553 -0.00320 -0.00746 0.00213
2870.558 0.00000 0.00852 0.00320
2870.563 -0.00533 0.00107 -0.00533
2870.568 0.00426 0.00426 0.00000
2870.573 -0.00533 0.00107 -0.00320
2870.578 -0.01172 -0.00107 0.00426
2870.583 -0.00746 -0.00746 -0.00107
2870.588 0.00639 0.00426 -0.00959
2870.593 0.00213 0.00000 0.00000
2870.598 -0.00213 -0.00533 -0.00426
2870.603 0.00107 -0.00107 -0.00533
2870.608 0.00213 -0.00852 -0.00107
2870.613 0.00000 -0.00533 0.00107
2870.618 -0.00320 -0.00320 -0.00213
2870.623 -0.00746 -0.00320 0.00000
2870.628 -0.00426 -0.00320 0.00320
2870.633 0.00426 -0.00107 0.00320
2870.638 -0.00959 -0.00320 0.00000
2870.643 0.00426 -0.00107 0.00000
2870.648 -0.00746 -0.00320 -0.00213
2870.653 0.00533 0.00000 -0.00426
2870.658 -0.00533 -0.00639 0.00852
2870.663 0.00320 0.00107 0.00533
2870.668 -0.00639 -0.00320 -0.00426
2870.673 -0.00639 0.00533 -0.00426
2870.678 0.00107 -0.00959 -0.00107
2870.683 0.00746 -0.00107 -0.00107
2870.688 -0.00213 -0.00320 0.00213
2870.693 -0.00426 0.00107 0.00320
2870.698 -0.00213 -0.00533 0.00213
2870.703 0.00000 -0.00639 -0.00746
2870.708 -0.00959 -0.00639 -0.00533
2870.713 -0.00426 0.00000 0.00320
2870.718 -0.00213 -0.00426 -0.00426
2870.723 -0.00213 0.01278 -0.00426
2870.728 -0.00533 -0.00213 0.00320
2870.733 -0.00852 -0.00426 0.00320
2870.738 -0.00746 -0.00426 0.00320
2870.744 -0.00213 0.00107 0.00107
2870.749 -0.00107 -0.00107 -0.00107
2870.754 -0.00213 -0.00533 -0.00107
2870.759 -0.00426 -0.00639 -0.01065
2870.764 0.00320 -0.00426 0.00639
2870.769 -0.00320 -0.00320 0.00426
2870.774 -0.01278 -0.00213 -0.00426
2870.779 -0.00320 0.00107 0.00320
2870.784 -0.00746 -0.00426 0.00107
2870.789 -0.00213 -0.00320 0.00000
2870.794 0.00213 -0.00426 -0.00320
2870.799 0.00639 -0.00533 0.00107
2870.804 -0.00533 0.00107 0.00213
2870.809 -0.00533 0.00000 0.00107
2870.814 -0.00107 -0.01172 0.00426
2870.819 -0.00320 -0.00320 0.00320
2870.824 0.00000 -0.00746 -0.00107
2870.829 -0.00426 0.00320 0.00746
2870.834 0.00213 -0.00426 -0.00320
2870.839 -0.00426 0.00320 0.00533
2870.844 0.00213 -0.00533 0.00426
2870.849 0.00213 -0.00746 0.00852
2870.854 -0.01065 -0.00320 0.00107
2870.859 -0.00533 0.00639 0.00320
2870.864 0.00320 0.00533 0.01065
2870.869 0.01065 0.00213 -0.00213
2870.874 -0.00213 -0.00639 0.00000
2870.879 0.00320 0.00000 0.00213
2870.884 -0.00959 0.00746 0.01172
2870.889 -0.00213 -0.00107 0.00000
2870.895 0.00533 0.00533 0.00959
2870.900 -0.00533 -0.00533 -0.00320
2870.905 0.00746 -0.00320 0.00213
2870.910 0.00107 0.00213 0.00320
2870.915 0.00320 0.00320 0.00320
2870.920 -0.00533 -0.00107 -0.00213
2870.925 -0.00213 -0.00852 0.00000
2870.930 -0.00852 -0.00426 0.00639
2870.935 -0.00426 -0.00213 0.00320
2870.940 0.00000 -0.00213 -0.00107
2870.945 0.00107 0.00213 0.00107
2870.950 -0.00959 0.00000 0.00000
2870.955 -0.00107 -0.00107 -0.00320
2870.960 -0.00320 -0.00107 0.00000
2870.965 0.00107 -0.00426 0.00000
2870.970 -0.00320 -0.00213 -0.00533
2870.975 -0.00213 0.00107 -0.00213
2870.980 -0.00639 0.00107 0.00000
2870.985 0.00107 0.00320 -0.00213
2870.990 -0.00107 -0.00426 0.00533
2870.995 0.00426 -0.00320 0.00320
2871.000 0.00639 0.00426 0.00000
2871.005 -0.00213 0.01278 0.00639
2871.010 -0.00852 -0.00639 -0.00426
2871.015 0.00320 -0.00320 0.00107
2871.020 -0.00852 -0.00213 -0.00320
2871.030 -0.00107 -0.00320 -0.00213
2871.035 0.00213 0.00213 -0.00320
2871.040 -0.00107 -0.00852 -0.00107
2871.045 0.00107 0.00107 0.00639
2871.050 -0.00746 0.00213 0.00000
2871.055 0.00639 -0.00426 0.00533
2871.060 -0.00213 -0.00320 -0.00852
2871.065 0.00746 -0.00639 0.00320
2871.070 -0.00533 -0.00533 0.00533
2871.075 -0.00639 0.00426 0.00320
2871.080 -0.00213 -0.00639 -0.00639
2871.085 -0.01278 0.00107 0.00426
2871.090 0.00426 0.00533 0.00107
2871.095 -0.00107 -0.00320 0.00426
2871.101 -0.00213 -0.00533 0.00426
2871.106 0.00320 -0.00213 -0.00213
2871.111 -0.00320 0.00107 0.00533
2871.116 -0.00426 0.00107 -0.00426
2871.121 -0.00426 -0.00533 -0.00107
2871.126 0.01385 0.00852 0.00426
2871.131 -0.01278 -0.00426 0.00213
2871.136 -0.01172 -0.00746 -0.00426
2871.141 -0.00959 -0.01065 -0.00320
2871.146 -0.00746 0.00213 -0.01172
2871.150 -0.00852 -0.00213 0.00213
2871.155 -0.00213 -0.00426 -0.00746
2871.160 0.00107 -0.00639 0.00213
2871.165 0.00107 -0.00639 0.00107
2871.170 -0.00746 0.00107 -0.00213
2871.175 0.00746 -0.00213 0.00852
2871.181 -0.00426 -0.00746 -0.00107
2871.186 0.00213 -0.00533 0.00000
2871.191 0.00000 -0.00107 -0.00639
2871.196 0.00746 0.00000 0.00746
2871.201 -0.00852 0.00107 0.00959
2871.206 -0.00639 -0.00107 -0.00213
2871.211 -0.00746 -0.00639 0.00213
2871.216 0.00533 -0.00107 0.00213
2871.221 -0.00213 -0.00107 -0.00213
2871.226 0.00533 -0.00426 -0.00213
2871.231 -0.00533 -0.00959 -0.00426
2871.236 -0.00213 0.00639 0.00000
2871.241 -0.00213 -0.00426 0.00107
2871.246 -0.00426 -0.00213 -0.00639
2871.250 -0.00107 -0.00320 0.00426
2871.255 -0.00746 -0.00426 0.00000
2871.260 -0.00959 -0.00959 0.00213
2871.265 0.00213 0.00000 -0.00426
2871.270 -0.00639 0.00639 -0.00639
2871.275 0.00746 0.01172 -0.00320
2871.281 -0.00639 -0.00746 0.00320
2871.286 -0.00426 -0.00533 -0.00639
2871.291 0.00320 -0.00639 0.00107
2871.296 -0.00213 -0.00107 -0.00320
2871.301 -0.00107 0.00000 -0.00213
2871.306 -0.01491 -0.00107 0.00639
2871.311 -0.00426 0.00213 -0.00320
2871.316 0.01065 0.00533 0.00107
2871.321 0.00639 -0.00213 0.00107
2871.326 -0.00320 -0.00213 0.00000
2871.331 0.00213 -0.00213 -0.00213
2871.336 -0.00746 0.00000 0.00107
2871.341 -0.00639 -0.00320 -0.00320
2871.346 0.00852 0.00320 0.01385
2871.351 0.00213 0.00852 -0.00107
2871.355 0.00533 0.00107 -0.00959
2871.361 -0.01065 -0.00959 -0.00426
2871.366 0.00320 -0.00426 -0.00426
2871.371 -0.00107 -0.00852 0.00213
2871.376 -0.00852 -0.00107 -0.00746
2871.381 -0.00639 -0.00639 -0.00107
2871.386 0.00533 -0.00746 0.00107
2871.391 0.00107 -0.00213 0.00213
2871.396 -0.01917 -0.00852 -0.00533
2871.401 -0.01172 0.00213 0.00426
2871.406 0.00533 0.00213 0.00000
2871.411 -0.00746 -0.00213 0.02024
2871.416 -0.00213 0.00533 0.00107
2871.421 -0.00213 0.00000 0.00533
2871.426 -0.00213 -0.00639 -0.00533
2871.431 -0.00746 -0.00852 -0.00213
2871.436 -0.00213 -0.00426 -0.00213
2871.441 -0.01491 0.00639 0.00213
2871.446 0.00213 -0.00426 0.00000
2871.451 0.00426 -0.00746 0.00107
2871.456 0.00533 0.01704 0.02131
2871.461 0.00000 -0.00959 0.00213
2871.466 -0.00426 0.00213 0.00426
2871.471 -0.00639 -0.00213 0.00107
2871.476 -0.00533 -0.00533 -0.00320
2871.481 0.00000 -0.00107 0.00107
2871.486 -0.01385 0.00000 0.00852
2871.491 -0.00852 0.00426 -0.00213
2871.496 -0.00107 0.00107 -0.00320
2871.501 -0.00746 -0.00107 -0.00213
2871.506 -0.00107 -0.00107 0.00107
2871.511 0.00320 -0.00533 0.00107
2871.516 0.00320 -0.00639 -0.00426
2871.521 0.00107 -0.00426 0.00000
2871.526 0.00320 -0.00746 -0.00213
2871.531 0.00746 0.00320 0.00107
2871.536 -0.00213 -0.00533 0.00107
2871.541 -0.00320 -0.00320 0.00213
2871.546 -0.00320 0.00746 0.00107
2871.551 0.00213 0.00639 0.00639
2871.556 -0.00213 0.00852 -0.00959
2871.561 -0.00213 0.00320 -0.00213
2871.566 -0.00639 -0.00213 0.00959
2871.571 0.00533 -0.00107 0.00533
2871.576 -0.00213 -0.00107 0.00852
2871.581 -0.00320 -0.00320 -0.00107
2871.586 -0.00107 0.00213 -0.00426
2871.591 -0.00959 -0.00213 -0.00639
2871.596 0.00213 0.00639 -0.00107
2871.601 0.00213 -0.00107 -0.00107
2871.606 -0.00639 -0.00107 0.00213
2871.611 -0.00746 0.00000 0.00213
2871.616 -0.00533 -0.00107 0.00000
2871.621 -0.00639 0.00107 -0.00852
2871.626 -0.00213 0.00320 -0.00320
2871.632 -0.00533 0.00320 -0.00320
2871.637 -0.00213 -0.00426 0.00213
2871.642 0.00000 -0.00639 0.00107
2871.647 0.00000 -0.00213 0.00320
2871.651 0.00426 -0.00959 -0.00426
2871.656 -0.00533 0.00213 -0.00213
2871.661 0.01491 0.00320 0.00000
2871.666 -0.00320 -0.00852 0.00533
2871.671 0.00852 0.00213 0.00000
2871.676 0.00213 -0.00852 -0.00746
2871.681 0.00320 -0.00107 -0.00852
2871.686 -0.00959 0.00107 0.00000
2871.691 -0.00213 0.00426 -0.00320
2871.696 -0.00426 -0.00107 -0.00639
2871.701 -0.01278 -0.00213 0.00320
2871.706 0.00107 0.00533 0.00426
2871.711 -0.00426 -0.00320 -0.00213
2871.716 -0.00320 0.00107 0.00320
2871.721 -0.00107 0.00426 -0.00746
2871.726 0.00959 -0.00107 -0.00107
2871.732 -0.00533 0.00213 0.00320
2871.737 -0.00852 0.00213 -0.00107
2871.741 -0.00107 0.00320 -0.01385
2871.746 -0.01385 0.00320 0.00000
2871.751 0.00746 -0.00320 0.00213
2871.756 -0.00426 0.00000 0.00426
2871.761 0.00852 -0.00426 0.00320
2871.766 -0.00107 0.00852 -0.00426
2871.771 -0.00107 -0.01065 0.00213
2871.776 0.00107 0.00426 0.00746
2871.781 -0.00320 -0.00639 -0.00107
2871.786 0.00320 0.00000 -0.00320
2871.791 -0.01278 0.00000 0.00213
2871.796 0.00426 -0.00320 0.00000
2871.801 0.00107 0.00000 -0.00533
2871.806 0.00107 -0.00533 0.00320
2871.812 -0.00426 0.00000 -0.00107
2871.817 0.00959 0.00746 0.00213
2871.822 -0.00320 -0.00426 0.00213
2871.827 0.00320 0.00107 0.00426
2871.832 0.00320 -0.00533 -0.00107
2871.837 -0.00107 0.00639 0.00320
2871.842 -0.00533 -0.00426 -0.00426
2871.847 -0.00320 0.00000 -0.00213
2871.852 0.00320 -0.00213 -0.00107
2871.857 -0.00426 0.00746 0.00533
2871.862 -0.00320 -0.00426 -0.00639
2871.867 0.00107 -0.00746 -0.00213
2871.872 0.00320 0.00533 0.00000
2871.877 0.00107 -0.00746 0.00213
2871.882 -0.00107 -0.00746 0.00320
2871.887 -0.00213 -0.00213 0.01598
2871.892 -0.00426 0.00426 -0.00320
2871.897 0.00426 -0.00426 0.00320
2871.902 0.00426 -0.00213 -0.00213
2871.907 0.00426 -0.00426 0.00213
2871.912 0.00746 0.00000 0.00213
2871.917 0.00320 0.00000 -0.00533
2871.922 0.00213 -0.00213 0.00533
2871.927 -0.00320 0.00320 0.00000
2871.932 0.00639 0.00852 -0.00426
2871.937 -0.00533 -0.00533 0.00000
2871.942 -0.00320 0.00107 -0.00107
2871.947 -0.00213 0.00000 -0.00107
2871.952 0.00639 -0.00320 0.00320
2871.957 -0.00213 0.00000 0.00426
2871.962 0.00320 0.00213 -0.00213
2871.967 -0.00213 -0.00107 0.00639
2871.972 0.00959 -0.00533 -0.00959
2871.977 -0.00213 0.00107 0.00213
2871.982 -0.00320 0.00000 0.00746
2871.987 0.00320 0.00426 -0.01065
2871.992 0.00107 0.00426 0.00320
2871.997 -0.00959 -0.00213 0.00107
2872.002 -0.00320 -0.01172 0.00426
2872.007 -0.00426 0.00320 -0.01065
2872.012 -0.00320 0.00107 -0.00320
2872.017 0.00213 0.00000 -0.00213
2872.022 -0.00320 -0.00320 -0.00320
2872.027 -0.00533 -0.00213 0.00320
2872.032 0.00213 -0.00107 -0.00426
2872.037 0.00000 0.00213 -0.00107
2872.042 -0.00746 -0.00213 -0.00320
2872.047 -0.00426 0.00000 0.00107
2872.052 0.00107 -0.00746 -0.00213
2872.057 0.00320 0.00746 -0.00426
2872.062 0.00426 -0.00639 -0.00959
2872.067 -0.00213 -0.00533 -0.00107
2872.072 0.00320 0.00000 0.00213
2872.077 0.00320 0.01278 -0.01065
2872.082 0.00639 0.00426 0.00320
2872.087 0.00107 0.00426 -0.00852
2872.092 -0.00639 -0.00639 0.00213
2872.097 -0.00746 0.00213 -0.00107
2872.102 -0.00107 -0.00320 0.00320
2872.107 -0.00213 0.00000 0.00959
2872.112 0.00000 -0.00746 0.00000
2872.117 -0.00746 0.00533 0.00000
2872.122 0.00107 -0.00533 -0.00107
2872.127 -0.00213 -0.00107 -0.00533
2872.132 -0.00533 0.00320 0.00320
2872.137 -0.00320 -0.00320 -0.00639
2872.143 0.00000 0.00107 -0.00533
2872.147 -0.00107 0.00000 -0.00533
2872.152 0.00639 -0.00107 0.00000
2872.157 0.00000 -0.00213 0.00213
2872.162 -0.00959 0.00000 -0.00107
2872.167 -0.00320 0.00852 0.00213
2872.172 -0.00213 0.00533 -0.00959
2872.177 -0.00213 0.00107 -0.00533
2872.182 -0.00213 -0.00107 -0.00213
2872.187 -0.00852 -0.00320 0.00107
2872.192 -0.00959 0.00000 0.00107
2872.197 -0.00426 0.00213 -0.00320
2872.202 -0.00852 -0.00639 0.00107
2872.207 0.00000 -0.00533 0.00320
2872.212 -0.00213 0.00107 0.00639
2872.217 0.00000 -0.00107 0.00959
2872.222 0.00426 -0.00639 0.00213
2872.227 -0.00320 -0.00320 -0.00213
2872.232 -0.00426 0.00000 0.00107
2872.237 -0.00533 -0.00959 0.00639
2872.243 -0.00426 -0.00639 -0.00320
2872.247 -0.00533 0.00213 -0.00426
2872.252 -0.00533 -0.00213 -0.00426
2872.257 -0.00426 0.00213 -0.00320
2872.262 -0.00320 -0.00533 0.00213
2872.267 -0.00852 0.00320 -0.00426
2872.273 -0.00320 -0.00639 -0.00320
2872.278 -0.00320 -0.00320 0.00426
2872.283 -0.01065 0.00000 -0.00426
2872.288 -0.00959 -0.00426 -0.00107
2872.293 0.00426 0.01172 -0.00107
2872.298 0.00000 -0.00107 0.00426
2872.303 -0.00426 -0.00320 0.00000
2872.308 0.01491 0.00746 0.00107
2872.313 0.00320 -0.00533 0.00000
2872.318 -0.00533 0.00213 -0.00320
2872.323 0.00213 0.00107 -0.00320
2872.328 0.00000 0.00852 0.00533
2872.333 -0.00746 -0.00320 0.00000
2872.338 -0.01491 -0.00746 -0.00533
2872.343 -0.00107 0.00107 0.00000
2872.348 -0.00533 0.00000 -0.00107
2872.353 -0.00107 0.00320 -0.00639
2872.358 0.00213 0.00639 -0.00533
2872.363 0.00000 0.00426 -0.00107
2872.368 -0.00320 -0.00639 -0.00213
2872.373 -0.00107 -0.00639 0.00639
2872.378 -0.00959 -0.00426 0.00107
2872.383 0.00213 0.00426 -0.00107
2872.388 -0.00107 -0.00107 0.00000
2872.393 -0.00533 0.00213 0.00000
2872.398 0.00213 0.00000 0.00213
2872.403 0.00000 0.00213 0.00213
2872.408 -0.00107 0.00852 -0.00746
2872.413 0.00639 0.00213 -0.00852
2872.418 -0.00320 -0.00533 0.00533
2872.423 0.00426 0.00426 -0.00320
2872.428 -0.00852 -0.00426 -0.00533
2872.433 0.00426 0.00533 -0.00213
2872.438 -0.00213 -0.00320 0.00746
2872.443 -0.00107 0.01065 -0.00213
2872.448 0.00320 -0.00426 0.00426
2872.453 -0.00213 0.00852 -0.00533
2872.458 0.00000 0.00320 -0.00107
2872.463 -0.00959 0.00213 -0.00639
2872.468 -0.00213 -0.00320 0.00000
2872.473 -0.00639 -0.00320 0.00959
2872.478 -0.00426 0.00000 0.00426
2872.483 0.00639 -0.00213 0.00320
2872.488 -0.00426 0.00213 0.00320
2872.493 0.01065 0.00107 -0.00213
2872.498 -0.00213 -0.00213 -0.00213
2872.503 -0.00426 -0.00639 -0.00213
2872.508 0.00107 -0.00107 -0.00213
2872.513 0.00426 0.00852 0.00533
2872.518 -0.01278 -0.00852 -0.00320
2872.523 -0.00639 0.00107 -0.00533
2872.528 -0.00533 0.00213 0.00533
2872.534 -0.00107 -0.01065 -0.00426
2872.539 0.00107 -0.00320 -0.00213
2872.544 -0.00107 0.00107 -0.00639
2872.549 0.01065 0.00320 -0.00213
2872.553 -0.00107 -0.00107 -0.00107
2872.558 0.00320 -0.00639 -0.00107
2872.563 -0.00320 -0.00107 -0.00107
2872.568 0.00000 -0.00213 -0.00213
2872.573 0.00107 0.00000 0.01172
2872.578 0.00000 -0.00746 -0.00746
2872.583 0.00213 -0.00107 -0.00213
2872.588 0.00426 0.01065 -0.00852
2872.593 0.00320 -0.00533 0.00107
2872.598 0.00107 -0.00426 -0.00852
2872.603 0.00746 -0.00320 0.00107
2872.608 -0.02450 0.00426 0.00107
2872.614 0.00639 0.00213 -0.00213
2872.618 -0.00426 0.00213 0.01172
2872.624 -0.00959 0.00533 -0.00213
2872.629 0.00107 -0.00746 0.00426
2872.633 0.00000 0.00107 0.00107
2872.638 -0.00746 -0.00320 0.00533
2872.643 0.00959 0.00426 -0.00107
2872.648 0.00320 0.00426 0.00533
2872.656 -0.00852 0.00320 0.00000
2872.661 0.00000 -0.00213 -0.00533
2872.666 -0.00320 -0.00426 0.00213
2872.671 -0.00107 -0.00426 -0.00107
2872.676 0.00320 0.00000 0.00533
2872.681 0.00213 -0.00213 0.00000
2872.686 -0.00320 0.00426 -0.00213
2872.691 0.00320 0.00746 -0.00107
2872.696 -0.01172 -0.00533 0.00213
2872.701 -0.00852 -0.00639 0.00107
2872.706 -0.00426 -0.00213 -0.00320
2872.711 0.00426 0.00213 -0.00107
2872.716 0.00533 -0.00959 0.00107
2872.721 0.00000 0.00320 -0.00107
2872.726 -0.00746 -0.00639 -0.00426
2872.731 0.00320 -0.00426 0.00426
2872.736 0.00639 -0.00320 -0.00533
2872.741 -0.00426 0.00746 -0.00320
2872.746 -0.00639 -0.00213 0.00107
2872.751 -0.00320 -0.00426 -0.00107
2872.756 -0.00959 -0.00426 0.00107
2872.761 -0.00533 -0.00533 -0.00213
2872.766 -0.00320 0.00107 -0.00533
2872.771 -0.00107 0.00213 0.00107
2872.776 0.01065 0.00000 0.00426
2872.781 0.00213 0.00213 -0.00107
2872.787 -0.00746 -0.00107 0.00213
2872.792 0.00426 0.00107 -0.00107
2872.797 -0.00852 0.00320 -0.01065
2872.802 -0.00959 0.00213 -0.00320
2872.807 -0.01172 0.00213 -0.00320
2872.812 0.00107 -0.00107 -0.00426
2872.817 0.00533 0.00746 -0.00107
2872.822 0.00107 0.00533 -0.00213
2872.827 0.00107 -0.00533 0.00213
2872.832 0.00533 -0.00320 -0.00426
2872.837 0.00000 0.00320 -0.00746
2872.842 0.00107 -0.00213 0.00213
2872.847 0.00000 0.00107 0.00107
2872.852 0.00639 0.00746 0.00000
2872.857 -0.00959 -0.00426 0.00852
2872.862 -0.00533 -0.00213 0.00639
2872.867 0.00107 -0.00533 0.00746
2872.872 -0.00107 0.00107 -0.00213
2872.877 -0.01172 0.00533 0.00320
2872.882 -0.00320 -0.00107 0.00639
2872.887 -0.00107 0.00213 0.00213
2872.892 0.00213 -0.00533 0.00107
2872.897 -0.00639 -0.00107 0.00320
2872.902 0.00000 0.00107 0.00000
2872.907 0.00213 -0.00533 -0.00213
2872.912 0.00000 0.00213 -0.00426
2872.917 0.00533 0.00000 -0.00426
2872.922 0.00107 0.01065 0.00107
2872.927 -0.00213 0.00426 0.00213
2872.932 0.00320 0.00213 -0.00639
2872.938 0.00533 0.00533 0.01065
2872.943 -0.00639 0.00426 0.00320
2872.948 -0.00107 0.00000 0.00639
2872.953 -0.00213 0.00852 0.00107
2872.958 0.00320 -0.00426 -0.00426
2872.963 -0.00107 -0.00320 -0.00107
2872.968 0.00107 -0.00746 -0.00213
2872.973 0.00320 -0.00852 0.00000
2872.978 -0.00107 0.00533 0.00426
2872.983 -0.00107 -0.00107 -0.00213
2872.988 -0.00639 -0.00639 -0.01491
2872.993 -0.00426 -0.01811 0.00746
2872.998 0.00213 -0.00426 0.01065
2873.003 0.00852 -0.00426 0.00426
2873.008 -0.00320 0.00320 -0.00213
2873.013 -0.00426 0.00000 -0.00213
2873.018 -0.00746 -0.00426 0.00213
2873.023 0.00107 0.00639 -0.00533
2873.028 -0.00213 -0.01278 0.00107
2873.033 0.00320 -0.00320 0.00107
2873.038 0.00213 -0.00533 -0.00639
2873.043 0.00000 0.00320 0.00320
2873.048 -0.01385 -0.00320 0.00000
2873.053 0.00426 -0.00320 0.00107
2873.058 -0.00107 0.00000 0.00107
2873.063 0.00107 0.00320 -0.00107
2873.068 -0.00320 0.00426 -0.00533
2873.073 -0.00320 -0.00426 -0.00213
2873.078 -0.00107 -0.00213 0.00000
2873.083 -0.00320 -0.00746 -0.00107
2873.088 -0.01065 -0.00213 -0.00320
2873.093 -0.01065 -0.00426 -0.00107
2873.098 -0.00852 -0.00107 0.00213
2873.103 -0.00852 0.00000 -0.00213
2873.108 0.00000 0.00000 -0.00320
2873.113 -0.00320 -0.00107 -0.00426
2873.118 0.00107 0.00000 0.00000
2873.123 0.00000 -0.00639 -0.00213
2873.128 -0.00533 -0.00213 0.00107
2873.133 -0.00320 -0.00533 -0.00426
2873.138 -0.00852 -0.00213 0.00107
2873.143 -0.00320 -0.00426 -0.00426
2873.149 -0.00107 0.00000 -0.00107
2873.154 -0.00959 -0.00107 0.00213
2873.159 0.00213 0.00533 0.00107
2873.164 -0.00107 0.00426 0.00107
2873.169 -0.00852 -0.00320 0.00000
2873.174 0.00533 -0.00107 -0.00320
2873.179 0.00320 0.00107 0.00320
2873.184 -0.01065 0.00000 -0.01065
2873.189 -0.00852 -0.00107 0.00320
2873.194 0.00213 0.00320 -0.00959
2873.199 -0.00320 -0.00107 0.00000
2873.204 0.00000 0.00426 -0.00533
2873.209 -0.00852 0.00000 0.00213
2873.214 -0.00213 -0.00107 -0.00320
2873.219 -0.00639 -0.01172 -0.00107
2873.224 0.01065 -0.00213 0.00000
2873.229 -0.00533 -0.00426 -0.00746
2873.234 -0.01172 -0.00320 -0.00107
2873.239 0.00639 -0.00107 -0.00107
2873.244 0.00213 -0.00107 0.00213
2873.249 0.00000 0.00320 0.00107
2873.254 0.00426 0.00639 0.00107
2873.259 -0.00426 0.01491 0.00320
2873.264 -0.00320 0.00000 0.00107
2873.269 0.01278 -0.00213 -0.00746
2873.274 0.01278 -0.00746 -0.00320
2873.279 0.00000 -0.00746 0.00107
2873.284 -0.00107 0.00213 -0.00639
2873.290 -0.00959 0.00107 0.00213
2873.295 -0.00107 0.00000 0.00000
2873.300 -0.00320 -0.00320 -0.01385
2873.305 -0.00213 -0.00639 0.00000
2873.310 0.00000 0.00320 0.00320
2873.315 -0.00107 -0.00107 -0.00533
2873.320 0.00852 0.00000 -0.00426
2873.325 0.00852 0.00000 -0.00320
2873.330 -0.00320 -0.00320 0.00213
2873.335 -0.00320 0.00000 -0.00320
2873.340 0.00213 -0.00426 0.00107
2873.345 -0.00320 -0.00959 -0.01917
2873.350 -0.00107 0.00107 -0.00426
2873.355 0.00533 -0.00320 -0.00852
2873.360 0.00426 0.00000 -0.00320
2873.365 -0.00639 0.00639 0.00320
2873.370 -0.00426 -0.00320 -0.00639
2873.375 0.00000 -0.00320 0.00000
2873.380 -0.00213 0.00320 0.00426
2873.385 -0.00107 0.00639 0.00320
2873.390 -0.00639 -0.00213 -0.00107
2873.395 0.00639 -0.00426 -0.00107
2873.400 -0.00639 -0.00746 -0.00746
2873.405 0.00107 -0.00746 -0.00213
2873.410 -0.00213 0.00107 -0.00426
2873.415 -0.01278 -0.00533 -0.00426
2873.420 0.00000 -0.00746 0.00213
2873.425 -0.00639 0.00000 -0.00213
2873.430 0.00320 -0.00426 -0.00213
2873.435 0.00320 0.00000 -0.00852
2873.440 0.00213 -0.00533 0.00426
2873.445 0.00426 0.00426 -0.00107
2873.450 0.00213 -0.00746 0.00213
2873.455 -0.00426 -0.00320 0.00959
2873.461 0.00320 -0.00639 -0.00213
2873.466 -0.00320 -0.00426 0.00320
2873.471 0.00320 0.00426 0.00107
2873.476 -0.00213 0.00213 0.00000
2873.481 -0.00213 -0.01172 -0.00107
2873.486 0.00107 0.00426 0.00213
2873.491 0.00000 -0.00746 0.00107
2873.496 0.01065 0.00213 -0.00107
2873.501 -0.00426 -0.00107 -0.00320
2873.506 -0.00639 -0.01278 -0.00426
2873.511 -0.00426 0.00533 0.00746
2873.516 0.00107 -0.00107 -0.00107
2873.521 0.00213 0.00000 -0.00426
2873.526 0.00107 -0.00107 0.01065
2873.531 0.00426 -0.00213 -0.00639
2873.536 -0.00107 0.00107 0.00639
2873.541 -0.00959 -0.00426 -0.00320
2873.546 -0.00426 -0.00320 -0.00639
2873.551 -0.00426 0.00000 -0.00213
2873.556 -0.00639 -0.01278 -0.00213
2873.561 -0.00746 -0.00426 -0.00426
2873.566 -0.01172 0.00000 0.00213
2873.571 0.00000 0.00213 0.00533
2873.576 0.00000 0.00000 -0.00107
2873.581 0.00746 0.00107 0.00107
2873.586 -0.00426 -0.00107 -0.00320
2873.591 -0.00320 0.00320 -0.00213
2873.596 0.00107 0.01704 0.00320
2873.601 -0.00426 0.00213 -0.00746
2873.606 -0.01278 -0.00213 -0.00213
2873.611 -0.00107 -0.00639 0.00426
2873.616 -0.01065 0.00107 0.00320
2873.621 -0.00320 -0.00852 0.00533
2873.626 0.01278 0.00213 0.00107
2873.632 -0.00107 0.00639 -0.00107
2873.637 -0.00746 -0.00107 0.00320
2873.642 -0.00213 -0.00959 0.00213
2873.647 -0.00533 -0.00320 0.00000
2873.652 0.00426 0.00213 -0.00533
2873.657 -0.00639 -0.00426 0.00320
2873.662 -0.00639 -0.01172 0.00533
2873.667 -0.00320 -0.00959 0.00320
2873.672 0.00107 -0.00107 -0.00107
2873.677 -0.00213 0.00213 0.00000
2873.682 0.00000 -0.00533 -0.00213
2873.687 -0.00426 -0.00213 0.00426
2873.692 -0.00639 -0.00213 0.00213
2873.697 0.00533 -0.00213 0.00426
2873.702 -0.00213 0.00426 0.00533
2873.707 -0.00426 -0.00746 0.00639
2873.712 0.00213 -0.00426 0.00213
2873.717 -0.00320 -0.00320 -0.00533
2873.722 0.00213 -0.00426 -0.00107
2873.727 -0.00107 -0.00426 -0.00107
2873.732 0.00320 0.00426 0.00107
2873.737 -0.00107 0.00213 0.00213
2873.742 -0.00213 0.00746 -0.00213
2873.747 -0.00426 -0.00107 0.00320
2873.752 0.00852 -0.00213 0.00639
2873.757 0.00426 0.00533 -0.00213
2873.762 -0.00426 0.00533 0.00639
2873.767 0.00000 0.00852 -0.00533
2873.772 0.00000 0.00107 0.00107
2873.777 0.00213 -0.00533 0.00746
2873.782 -0.00320 0.00320 0.00639
2873.787 -0.00426 0.00000 0.00533
2873.792 0.00852 0.00320 0.00533
2873.797 0.00213 0.00320 0.00320
2873.802 -0.00320 -0.00213 0.00639
2873.807 0.00000 0.00533 -0.00213
2873.813 -0.00426 -0.00746 0.00213
2873.818 -0.00213 -0.00639 -0.00213
2873.823 0.00000 -0.00213 -0.00639
2873.828 -0.00426 0.00746 -0.00213
2873.833 -0.00746 0.00000 -0.00852
2873.838 -0.00533 -0.00213 0.00107
2873.843 -0.00426 -0.00320 0.00213
2873.848 0.00213 -0.00107 0.00000
2873.853 -0.01065 -0.00107 -0.00213
2873.858 0.00320 -0.00213 -0.00959
2873.863 -0.00426 -0.00533 0.00107
2873.868 0.00426 -0.00746 0.00107
2873.873 -0.00426 -0.01065 0.00639
2873.878 0.00107 0.00000 0.01385
2873.883 -0.00533 -0.00320 0.00213
2873.888 -0.00426 0.00426 -0.00107
2873.893 -0.00639 0.00639 -0.00213
2873.898 -0.00426 0.00107 -0.00213
2873.903 0.00320 0.00426 -0.00639
2873.908 -0.00213 -0.00107 0.00000
2873.913 -0.00107 -0.00213 0.00639
2873.918 0.00213 -0.00426 0.00213
2873.923 0.00000 0.00107 -0.00320
2873.928 -0.00746 0.00107 -0.00107
2873.933 0.00000 -0.00533 -0.00107
2873.938 -0.00320 -0.00639 -0.00426
2873.943 -0.00746 -0.00213 -0.00533
2873.948 0.00639 0.00000 0.00426
2873.954 0.00000 -0.00639 0.00426
2873.959 0.00107 -0.00533 0.00107
2873.964 -0.00746 0.00000 0.00107
2873.969 -0.00320 -0.00320 0.00320
2873.974 0.00426 -0.00107 0.00107
2873.979 0.00320 -0.00426 0.00107
2873.984 0.00213 -0.00320 0.00320
2873.989 -0.00533 -0.00533 -0.00107
2873.994 0.00213 0.00426 -0.00426
2873.999 0.00107 0.00426 0.00213
2874.004 0.00639 -0.00320 0.00426
2874.009 0.00000 0.00320 0.00000
