2876.771 0.00213 -0.00746 -0.00746
2876.776 0.00107 -0.00320 -0.00746
2876.781 -0.00107 0.00107 0.00639
2876.786 -0.00746 -0.00320 0.00000
2876.791 -0.00959 -0.00533 -0.00533
2876.796 -0.00213 -0.00213 0.00746
2876.801 -0.00533 -0.00639 0.00639
2876.806 0.00000 0.01385 0.00852
2876.811 0.00639 0.00426 0.00107
2876.816 -0.00533 -0.00426 0.00107
2876.821 0.00213 0.00000 -0.00639
2876.826 0.00000 0.00320 0.00533
2876.831 -0.00320 -0.00533 -0.00320
2876.836 -0.00107 -0.01278 0.00746
2876.841 -0.00213 0.00746 -0.00746
2876.846 -0.00746 -0.00533 -0.00746
2876.852 0.00320 0.00000 -0.00107
2876.857 0.00426 0.00107 0.00213
2876.862 -0.00107 0.00213 0.00000
2876.867 -0.00107 0.00533 0.00639
2876.872 -0.00107 0.01172 -0.01278
2876.877 0.00000 0.00213 0.00213
2876.882 0.00533 0.00107 -0.00320
2876.887 0.01172 0.00000 0.00852
2876.892 -0.00746 0.00320 0.00213
2876.897 -0.01065 -0.00852 0.00213
2876.902 0.00426 0.00000 -0.00746
2876.907 0.00213 -0.00639 -0.00959
2876.912 -0.00959 0.00213 -0.00746
2876.917 -0.00746 -0.00533 0.00959
2876.922 0.00107 -0.00533 0.00000
2876.927 0.00320 0.00213 0.00000
2876.932 0.00533 -0.00852 -0.00213
2876.937 0.00000 0.00000 -0.00426
2876.942 -0.00533 -0.00959 0.00213
2876.947 -0.00107 -0.00213 -0.00426
2876.952 0.00107 0.00959 0.00000
2876.957 0.00426 -0.00107 -0.00533
2876.962 -0.00213 -0.00320 -0.00320
2876.967 -0.00320 0.00107 0.00000
2876.972 -0.00746 -0.00213 0.00320
2876.977 0.00107 0.00000 -0.00107
2876.982 0.00213 0.00639 -0.00213
2876.987 -0.01598 -0.00533 0.00000
2876.992 -0.00426 -0.00213 0.00426
2876.997 -0.00426 -0.00107 0.00320
2877.002 0.00320 0.00533 -0.00533
2877.007 -0.00426 0.00107 0.00320
2877.013 -0.00107 -0.00320 0.00000
2877.018 -0.00426 -0.00746 -0.00533
2877.023 -0.00213 -0.00213 0.00320
2877.028 0.00426 -0.00639 -0.00320
2877.033 0.00000 -0.00426 0.00107
2877.038 0.00000 -0.00320 -0.00213
2877.043 0.00639 -0.00107 -0.00746
2877.048 -0.00852 -0.00426 -0.00213
2877.053 -0.00852 0.00000 -0.00533
2877.058 0.00852 -0.00213 0.00000
2877.063 -0.00320 -0.00639 -0.00426
2877.068 -0.00746 -0.00533 0.00107
2877.073 -0.01172 0.00213 -0.01172
2877.078 -0.00107 -0.00746 0.00107
2877.083 0.00320 -0.00213 0.00320
2877.088 -0.00959 0.00213 -0.00426
2877.093 -0.00639 0.00533 -0.00213
2877.098 -0.00213 0.00426 -0.00107
2877.103 -0.01172 0.00107 -0.00107
2877.108 0.00107 -0.00426 0.00320
2877.113 -0.00320 0.00426 0.00320
2877.118 0.00000 0.01065 0.00000
2877.123 -0.00959 -0.00852 0.00213
2877.128 -0.00426 -0.00426 -0.00639
2877.133 -0.00426 0.00426 -0.00533
2877.138 -0.01065 0.00426 -0.00852
2877.143 -0.00533 0.00000 -0.00107
2877.148 -0.00852 -0.00107 -0.00213
2877.153 -0.01065 -0.00107 0.00533
2877.158 -0.00426 -0.00426 -0.00533
2877.163 -0.00107 -0.00213 0.00746
2877.168 -0.00213 -0.00107 -0.00213
2877.174 -0.00959 0.00533 0.00426
2877.179 0.00107 0.01491 0.00746
2877.184 0.00852 0.00426 0.00107
2877.189 -0.00533 0.00107 0.00533
2877.194 -0.00639 -0.00533 -0.00639
2877.199 -0.00533 0.00213 0.00000
2877.204 0.00107 -0.00213 0.00107
2877.209 -0.01278 -0.01065 -0.00213
2877.214 -0.00533 0.00107 0.00000
2877.219 0.00426 -0.00426 -0.00426
2877.224 0.00426 0.00000 0.00213
2877.229 0.00746 -0.00426 0.00213
2877.234 -0.00639 -0.00426 0.00426
2877.239 -0.00107 -0.00320 0.01491
2877.244 -0.00746 -0.01598 -0.00107
2877.249 -0.01172 0.00320 0.00426
2877.254 -0.00533 0.00000 0.00320
2877.259 0.00533 0.00107 0.00213
2877.264 0.00107 0.00213 0.00320
2877.269 -0.00107 -0.00320 0.00746
2877.274 -0.00746 0.00107 0.00000
2877.279 -0.00639 -0.00107 0.00213
2877.284 -0.00107 -0.00320 0.00213
2877.289 0.01065 0.00746 0.00107
2877.294 -0.00107 0.00213 -0.00107
2877.299 0.00000 -0.00533 -0.01065
2877.304 0.01278 -0.00320 0.00533
2877.309 -0.00959 -0.00959 0.00213
2877.315 -0.00426 -0.00320 0.00426
2877.320 -0.00746 0.00320 0.00213
2877.325 -0.00213 0.00426 0.00000
2877.330 -0.00533 -0.00639 -0.00213
2877.335 0.00000 0.01065 0.00533
2877.340 0.00213 0.00426 -0.01172
2877.345 0.00320 -0.00213 0.00426
2877.350 -0.00533 0.00213 -0.00746
2877.355 -0.00639 -0.00426 -0.00639
2877.360 0.00426 -0.00639 -0.00320
2877.365 0.00107 -0.00213 0.00000
2877.370 -0.00426 -0.00426 -0.00533
2877.375 -0.00320 -0.00426 0.00213
2877.380 -0.00213 0.00320 -0.00213
2877.385 -0.00426 0.00000 0.00107
2877.390 -0.01598 -0.00639 -0.00533
2877.395 -0.00639 -0.00533 -0.00213
2877.400 0.00320 0.00320 0.00533
2877.405 0.00533 -0.00320 -0.00107
2877.410 -0.00746 -0.00852 0.00320
2877.415 -0.00639 0.00000 -0.00320
2877.420 -0.00639 0.00213 0.00213
2877.425 -0.00320 0.00213 0.00426
2877.430 -0.00107 -0.00852 -0.00320
2877.435 0.00107 -0.00213 -0.00107
2877.440 0.00426 -0.00213 0.00000
2877.445 -0.00107 -0.00213 0.00213
2877.450 0.00320 -0.00426 -0.00107
2877.456 -0.01278 -0.00320 0.00000
2877.461 -0.00213 0.00000 -0.00426
2877.466 0.00746 0.01385 -0.00213
2877.471 -0.00213 -0.00107 0.00639
2877.476 -0.00959 0.01598 0.00213
2877.481 0.01172 0.00107 -0.00533
2877.486 -0.00426 -0.00533 0.00533
2877.491 -0.00533 -0.01065 -0.00107
2877.496 0.00533 -0.00213 -0.00533
2877.501 0.00107 -0.00213 -0.01065
2877.506 0.00320 -0.00852 0.00213
2877.511 0.01278 0.00107 -0.00213
2877.516 -0.00426 -0.00639 0.00533
2877.521 -0.00320 -0.00533 0.00533
2877.526 0.00533 0.00320 0.00213
2877.531 0.00107 0.00213 -0.00533
2877.536 0.00213 0.00213 0.00000
2877.541 0.00107 0.00213 0.00320
2877.546 -0.00107 -0.00426 0.00107
2877.551 -0.00533 0.00213 0.00107
2877.556 -0.00533 -0.00959 -0.00320
2877.561 0.00107 -0.00852 0.00320
2877.566 -0.01917 0.00000 -0.00533
2877.571 0.00000 -0.00426 -0.00426
2877.576 -0.00533 -0.00639 0.00000
2877.581 -0.00107 -0.00639 0.00000
2877.586 -0.00107 0.00107 0.00426
2877.591 -0.00533 0.00213 0.00213
2877.596 0.00320 0.00320 0.00426
2877.601 -0.00426 0.00213 -0.00639
2877.606 -0.00426 -0.01065 -0.00107
2877.611 -0.00213 0.00107 0.00533
2877.616 -0.00320 -0.00426 0.00959
2877.621 -0.00107 0.00000 0.00107
2877.626 -0.01385 0.00000 0.00107
2877.631 -0.00533 -0.00639 -0.00107
2877.637 0.00107 -0.01704 -0.00533
2877.642 -0.00213 0.00000 0.00000
2877.647 0.00000 -0.00320 -0.00320
2877.652 -0.00320 0.00533 -0.00533
2877.657 -0.00639 0.00320 -0.00320
2877.662 -0.00213 0.00533 -0.00213
2877.667 -0.00107 0.00213 -0.00746
2877.672 0.00426 -0.00533 0.00320
2877.677 -0.00107 -0.00746 -0.00639
2877.682 0.00000 -0.00426 -0.00107
2877.687 -0.00639 0.00000 -0.00107
2877.692 -0.00746 -0.01172 -0.00746
2877.697 -0.00959 0.00320 0.00746
2877.702 -0.00426 0.00107 -0.00107
2877.707 0.00107 0.00533 -0.00746
2877.712 0.00213 -0.01172 -0.00852
2877.717 0.00213 -0.00639 -0.00320
2877.722 -0.00746 0.00320 0.00426
2877.727 -0.00533 0.00639 -0.00320
2877.732 -0.00320 -0.00426 0.00320
2877.738 -0.00639 -0.00533 0.00320
2877.742 0.00746 -0.00746 -0.00426
2877.748 -0.00959 -0.00213 0.00000
2877.753 0.00639 0.00000 0.00213
2877.758 -0.00426 0.00533 0.00000
2877.763 -0.00639 -0.00746 0.00746
2877.768 -0.00107 0.00320 -0.00320
2877.773 -0.00213 -0.00107 -0.00426
2877.778 0.00533 -0.00426 -0.00426
2877.783 -0.00746 -0.00426 -0.00426
2877.788 -0.01598 0.01065 0.00107
2877.793 -0.01172 -0.00639 0.00426
2877.798 0.00107 -0.00746 -0.00107
2877.803 -0.00213 -0.00320 0.00107
2877.808 0.00107 -0.00213 -0.00213
2877.813 0.00426 -0.00426 0.00107
2877.818 -0.00746 -0.00213 -0.00852
2877.823 -0.01385 0.00533 -0.00959
2877.828 -0.00320 -0.00426 0.00000
2877.833 0.00639 0.00000 -0.00639
2877.838 -0.00746 0.00000 -0.00533
2877.843 0.00320 0.00426 0.00639
2877.848 -0.00320 0.00107 0.00000
2877.853 0.00639 0.01278 -0.00320
2877.858 0.00533 0.00533 -0.00107
2877.863 0.00213 0.00213 0.00320
2877.868 -0.00320 -0.00426 0.00213
2877.873 0.00639 -0.00107 -0.00107
2877.878 0.00852 0.00426 -0.00320
2877.883 -0.00746 0.00639 -0.00639
2877.888 -0.00639 0.00852 -0.00213
2877.893 -0.00533 0.00107 0.00320
2877.899 0.00852 -0.00746 0.00000
2877.904 -0.00533 -0.00746 0.00320
2877.909 -0.00426 0.01491 0.00533
2877.914 0.00639 0.00000 0.00533
2877.919 -0.00107 0.00533 -0.00533
2877.924 0.00959 0.00746 -0.00107
2877.929 0.00426 -0.00533 0.00746
2877.934 0.00213 0.00000 0.00852
2877.939 -0.00426 -0.00426 0.00852
2877.944 -0.01065 -0.00746 -0.00426
2877.949 -0.02131 -0.00107 0.00213
2877.954 0.00320 -0.00852 0.00426
2877.959 0.00426 0.00213 0.00426
2877.964 0.00426 -0.00213 -0.00320
2877.969 -0.01172 -0.00213 -0.00107
2877.974 -0.00852 0.00320 -0.01491
2877.979 -0.00533 0.00639 -0.00213
2877.984 -0.00639 -0.00533 0.00639
2877.989 0.00533 -0.00426 0.00000
2877.994 0.00213 -0.00639 0.00533
2877.999 0.00426 -0.00320 0.00320
2878.004 -0.00107 -0.00639 0.00639
2878.009 -0.00320 -0.01385 0.00000
2878.014 0.00000 0.00000 0.00533
2878.019 0.00852 0.00213 0.00107
2878.024 0.00107 0.00107 -0.00320
2878.029 -0.00107 -0.00320 0.00426
2878.034 -0.01065 -0.00426 -0.00533
2878.040 -0.00320 -0.00213 0.00000
2878.045 -0.00426 0.00426 -0.00320
2878.050 -0.01172 0.00000 -0.00320
2878.055 0.00639 -0.00533 -0.00639
2878.060 -0.00107 0.00000 -0.00107
2878.065 -0.00213 0.00213 -0.00320
2878.070 -0.00959 0.00426 0.00959
2878.075 -0.00213 0.00320 0.00533
2878.080 -0.00320 0.00107 0.00213
2878.085 0.00107 0.00000 0.00000
2878.090 0.00426 -0.01172 -0.00533
2878.095 -0.00746 -0.00320 -0.00213
2878.100 -0.00320 0.00213 -0.00320
2878.105 -0.00852 0.00107 -0.00320
2878.110 -0.00320 0.00000 -0.00639
2878.115 -0.00107 0.00107 0.00107
2878.120 0.00426 0.00213 0.00426
2878.125 0.00426 -0.00320 0.00000
2878.130 0.00426 0.00213 0.00000
2878.135 -0.01065 0.00639 0.00426
2878.140 0.00000 -0.00533 -0.00213
2878.145 0.00320 0.00639 0.00533
2878.150 -0.01491 -0.01491 -0.00639
2878.155 0.00107 -0.00746 0.00426
2878.160 -0.00320 0.00639 0.00213
2878.165 -0.00533 -0.00320 0.00107
2878.170 -0.00639 0.00213 0.00213
2878.175 0.00000 0.00107 0.00213
2878.180 -0.00107 0.00107 0.00000
2878.185 -0.01598 -0.00852 -0.01704
2878.190 0.00639 -0.00213 -0.00107
2878.195 -0.00213 0.00107 -0.00213
2878.200 -0.00320 -0.00746 0.00746
2878.205 -0.00426 0.00213 0.00213
2878.210 -0.00320 0.00320 -0.00533
2878.215 -0.00213 0.00000 -0.00213
2878.221 -0.00213 -0.00213 -0.00107
2878.226 -0.00320 -0.00213 -0.00959
2878.231 -0.00746 -0.00213 -0.00213
2878.236 -0.00639 -0.00533 -0.00213
2878.241 0.00852 -0.00107 0.00107
2878.246 -0.00320 -0.00533 -0.00533
2878.251 -0.00426 0.00426 0.00426
2878.256 -0.00107 -0.00426 -0.00107
2878.261 0.00000 0.00320 0.00426
2878.266 0.00320 -0.00746 0.00000
2878.271 -0.00213 0.00852 -0.00639
2878.276 -0.00107 0.00107 0.00320
2878.281 -0.01278 0.00852 -0.00533
2878.286 -0.00533 -0.00746 0.00107
2878.291 0.00213 -0.00107 -0.00107
2878.296 0.00426 0.00213 0.00000
2878.301 0.00000 0.00000 0.00213
2878.306 -0.00959 0.00000 -0.00320
2878.311 0.00959 0.00533 0.00426
2878.316 0.00107 0.00959 -0.00852
2878.321 0.01917 -0.00533 -0.00959
2878.326 -0.00320 -0.00320 -0.00746
2878.331 0.00320 0.00000 -0.00320
2878.336 -0.00213 0.00107 -0.00533
2878.341 -0.01172 -0.00639 0.00000
2878.346 -0.00213 0.00000 0.00000
2878.351 -0.00107 -0.01172 -0.00746
2878.356 0.00107 -0.00959 -0.00320
2878.361 -0.01491 0.00107 0.00107
2878.366 -0.00426 0.00213 0.00213
2878.371 0.00320 -0.00746 -0.00107
2878.376 -0.00320 -0.00533 0.00852
2878.381 0.00213 -0.00639 -0.00213
2878.386 0.00000 0.00320 -0.00213
2878.391 -0.00639 0.00107 0.00213
2878.396 -0.00639 0.00000 -0.00746
2878.402 0.00426 -0.00107 -0.00426
2878.407 -0.00213 -0.00639 0.00746
2878.412 0.00320 -0.00213 -0.00320
2878.417 -0.00639 0.00000 0.00107
2878.422 -0.00639 0.00639 -0.00959
2878.427 -0.00852 0.00639 -0.00852
2878.432 -0.00107 0.00320 -0.00959
2878.437 0.00320 -0.01065 0.00320
2878.442 0.00213 0.00320 0.00213
2878.447 0.01278 -0.01172 -0.00213
2878.452 0.00213 0.00533 -0.00639
2878.457 -0.00426 0.00639 -0.00426
2878.462 -0.00320 -0.00107 -0.00639
2878.467 0.00107 0.00000 -0.00852
2878.472 0.00000 -0.00533 0.00213
2878.477 -0.00426 0.00426 0.00533
2878.482 0.00639 0.00107 0.00000
2878.487 -0.00107 0.00213 -0.00746
2878.492 0.00426 -0.00320 -0.00533
2878.497 0.00213 0.00746 0.00746
2878.502 -0.00533 -0.00426 0.00426
2878.507 0.00533 -0.01172 -0.00426
2878.512 -0.00852 -0.00213 -0.00320
2878.517 0.00107 -0.00746 0.00746
2878.522 -0.00426 -0.00959 0.00639
2878.527 0.00959 0.00533 -0.00213
2878.532 -0.00639 0.00426 -0.00107
2878.537 -0.00746 -0.00320 0.00107
2878.542 -0.00213 -0.00852 0.00533
2878.547 -0.00852 0.00320 -0.00107
2878.552 0.00746 -0.00426 0.00107
2878.557 0.00426 0.00426 0.00533
2878.562 0.00000 -0.00320 -0.00107
2878.567 -0.00426 -0.00533 -0.00320
2878.573 -0.00639 0.00320 0.00746
2878.578 -0.00213 -0.00107 0.00320
2878.583 0.00852 -0.00320 -0.00320
2878.588 -0.00107 0.00107 -0.00213
2878.593 -0.00639 0.00213 -0.00213
2878.598 -0.00426 -0.00213 0.00107
2878.603 0.00107 -0.00639 -0.00107
2878.608 0.00852 0.00107 0.00107
2878.613 0.00213 -0.00320 -0.00107
2878.618 -0.00639 0.00213 -0.00107
2878.623 -0.00426 0.00107 0.00000
2878.628 -0.00107 -0.00320 0.00533
2878.633 0.00639 -0.00213 -0.00533
2878.638 -0.00852 0.00213 0.00107
2878.643 0.00107 -0.00320 0.00000
2878.648 0.00000 -0.00213 -0.00426
2878.653 -0.00639 0.00213 0.00107
2878.658 -0.00426 -0.00320 -0.00852
2878.663 -0.00320 -0.00320 -0.00426
2878.668 -0.00107 -0.00213 -0.00320
2878.673 0.00639 -0.00746 0.00107
2878.678 -0.00746 0.00533 0.00426
2878.683 -0.00107 -0.00107 -0.00213
2878.688 -0.00107 0.00426 0.01172
2878.693 0.00000 -0.00213 -0.00852
2878.698 -0.00107 0.00000 0.00107
2878.703 -0.00213 -0.00107 0.00639
2878.708 -0.00426 0.00320 0.00213
2878.714 -0.00426 0.00213 -0.00426
2878.719 0.01172 -0.00746 -0.00320
2878.724 -0.00320 0.00639 0.00533
2878.729 -0.00107 0.00426 -0.00213
2878.734 0.00213 -0.00107 -0.00320
2878.739 -0.00107 -0.00426 0.00000
2878.744 0.00746 0.00000 0.00000
2878.749 0.00426 -0.00959 0.00213
2878.754 0.00107 0.00000 -0.00533
2878.759 0.00107 -0.00639 0.00320
2878.764 0.00000 0.00320 0.00746
2878.769 0.00000 -0.00426 0.00107
2878.774 -0.01172 -0.00533 0.00213
2878.779 0.00320 -0.00107 -0.00426
2878.784 0.00213 0.00320 -0.00320
2878.789 -0.00320 0.00213 0.00107
2878.794 -0.00320 0.00213 -0.00107
2878.799 -0.00533 -0.00107 -0.00213
2878.804 0.01278 -0.00213 -0.00639
2878.809 -0.00107 0.00426 -0.00107
2878.814 -0.00320 0.00213 -0.00639
2878.819 -0.00639 -0.00533 0.00000
2878.824 0.00107 0.00107 -0.00107
2878.829 -0.00213 -0.00746 0.00213
2878.834 -0.00320 0.00107 -0.00852
2878.839 0.00000 -0.00320 -0.00213
2878.844 -0.00213 -0.00639 -0.00213
2878.849 -0.00746 0.00533 -0.00213
2878.854 0.00426 -0.00533 0.00213
2878.859 0.00107 0.01065 0.00533
2878.864 -0.00320 -0.00320 0.00000
2878.869 -0.00533 0.00320 0.00107
2878.874 0.00213 -0.00533 -0.00426
2878.879 0.00852 0.00533 -0.00107
2878.885 -0.00320 -0.00426 -0.00107
2878.890 0.00107 -0.00107 -0.00426
2878.895 -0.00213 0.00107 -0.00426
2878.900 -0.01065 -0.00746 0.00000
2878.905 -0.00639 -0.00639 -0.00426
2878.910 0.00320 0.00107 0.00000
2878.915 0.00426 -0.00533 -0.00852
2878.920 -0.00426 0.00107 0.00320
2878.925 -0.00639 0.00000 0.00320
2878.930 -0.00107 -0.00639 -0.00107
2878.935 -0.00746 -0.01172 -0.00533
2878.940 -0.00320 0.00213 0.00213
2878.945 -0.00639 0.00852 -0.00320
2878.950 0.00746 0.00320 0.00107
2878.955 0.00107 0.00107 0.00852
2878.960 -0.00639 -0.01385 -0.00426
2878.965 -0.00320 -0.00107 -0.00639
2878.970 0.00000 -0.00426 0.00107
2878.975 -0.00320 -0.00426 0.00852
2878.980 0.00107 -0.00426 0.00959
2878.985 0.00000 0.00213 0.00426
2878.990 -0.00107 -0.00426 0.00320
2878.995 -0.01385 -0.00639 -0.00426
2879.000 -0.00426 0.00000 -0.00426
2879.005 -0.00533 0.01172 -0.00213
2879.010 0.00746 -0.00426 0.00426
2879.015 -0.00107 -0.00852 0.00000
2879.020 0.00107 -0.00639 -0.00107
2879.025 -0.00213 -0.00213 -0.00107
2879.030 -0.01172 -0.00320 0.00000
2879.035 -0.00213 0.00107 -0.00320
2879.040 -0.00746 -0.00852 -0.00639
2879.046 -0.00320 -0.00426 0.00213
2879.051 0.00213 -0.00107 0.00320
2879.056 0.00000 -0.00320 0.00320
2879.061 0.00639 0.00533 0.00000
2879.066 0.00107 0.00213 0.00533
2879.071 -0.00426 0.00000 0.00320
2879.076 -0.00107 0.00107 0.00533
2879.081 0.00107 0.00213 0.00639
2879.086 0.00213 -0.00213 0.00320
2879.091 0.00533 -0.00746 0.00000
2879.096 -0.00852 -0.00533 0.00639
2879.101 -0.01065 -0.00426 -0.00320
2879.106 -0.01598 0.00213 0.00107
2879.111 0.00639 -0.00533 -0.00213
2879.116 0.00213 0.00107 0.00213
2879.121 -0.00107 0.00959 -0.00107
2879.126 0.00746 -0.01065 0.00639
2879.131 -0.01172 0.00107 -0.00426
2879.136 -0.00639 -0.00213 0.00107
2879.141 0.00000 -0.00320 -0.00213
2879.146 -0.00533 -0.00107 0.00107
2879.151 -0.00320 -0.00533 0.00213
2879.156 -0.00746 0.00000 0.00426
2879.161 0.00000 -0.00107 -0.00639
2879.166 -0.00213 -0.00107 -0.00533
2879.171 -0.00320 0.00533 -0.00320
2879.176 -0.00852 0.00000 0.00107
2879.181 0.00000 0.00852 -0.00639
2879.186 -0.00746 -0.00959 0.00639
2879.191 -0.00426 -0.00320 0.00107
2879.196 0.00639 0.00533 0.00213
2879.201 -0.00213 0.00000 -0.00107
2879.206 -0.00107 0.00426 0.00852
2879.211 0.00213 0.00000 0.00852
2879.216 0.00533 -0.00213 -0.00533
2879.221 -0.00213 0.00000 -0.00107
2879.227 -0.00639 0.00426 0.00000
2879.232 -0.01278 0.00000 0.00320
2879.237 0.00107 -0.00213 -0.00746
2879.242 0.00107 -0.00107 0.00426
2879.247 0.00107 -0.00107 0.00533
2879.252 0.00320 0.00852 0.00213
2879.257 -0.00746 -0.00213 -0.00213
2879.262 0.00426 0.00746 -0.00639
2879.267 -0.00107 -0.00959 -0.00852
2879.272 0.00320 0.00107 0.00639
2879.277 -0.00852 -0.00320 -0.00746
2879.282 -0.01065 -0.00213 0.00320
2879.287 0.00426 -0.00213 0.00213
2879.292 0.00426 -0.00107 0.00000
2879.297 0.00533 0.00213 0.00213
2879.302 -0.00107 0.00320 0.00000
2879.307 -0.00107 -0.00533 -0.00533
2879.312 -0.00213 -0.00320 -0.00533
2879.317 -0.01385 -0.00533 -0.00107
2879.322 0.00107 -0.00107 -0.00213
2879.327 -0.00320 0.00746 -0.00320
2879.332 -0.00533 0.00213 0.00320
2879.337 0.01172 -0.00213 0.00000
2879.342 0.01065 -0.00213 0.00000
2879.347 0.00426 -0.00107 -0.00426
2879.352 0.00213 0.00533 0.00426
2879.357 -0.00213 -0.00107 -0.00852
2879.362 -0.00213 -0.00533 0.00320
2879.367 0.00107 0.00533 0.00320
2879.372 0.00107 0.00426 -0.00213
2879.377 -0.00213 -0.00533 -0.00959
2879.382 -0.00533 0.00107 -0.01065
2879.387 -0.00746 0.00000 0.00320
2879.392 0.00000 -0.01065 0.00000
2879.398 0.01172 0.00000 -0.00320
2879.403 -0.00533 -0.00320 -0.00213
2879.408 -0.01172 -0.00533 0.00426
2879.413 -0.00213 -0.00107 -0.00533
2879.418 -0.00426 0.00533 -0.00320
2879.423 -0.00746 -0.00639 0.00959
2879.428 0.00426 0.00746 -0.00426
2879.433 -0.00107 0.00639 -0.01385
2879.438 -0.00107 0.00320 0.00000
2879.443 -0.00639 -0.01598 0.00213
2879.448 0.00639 0.00746 0.00320
2879.453 0.01491 0.00320 0.00000
2879.458 0.00639 -0.00107 0.00959
2879.463 -0.00320 0.00213 0.00426
2879.468 -0.00639 0.00320 0.00959
2879.473 -0.00533 -0.00533 0.00746
2879.478 -0.00107 0.00000 0.01598
2879.483 -0.00213 -0.00959 -0.00746
2879.488 0.00213 -0.00426 -0.00213
2879.493 0.00213 0.00639 0.00533
2879.498 -0.00320 0.00320 -0.00639
2879.503 -0.00107 0.00213 -0.00320
2879.508 -0.00639 -0.00320 -0.00639
2879.513 0.00000 -0.00746 -0.00533
2879.518 -0.00426 -0.00320 -0.00320
2879.523 -0.00533 0.00107 -0.00213
2879.528 0.00107 -0.00533 0.00426
2879.533 0.00213 -0.00426 -0.00959
2879.538 -0.00213 -0.00213 -0.00213
2879.543 0.00533 0.00320 0.00107
2879.549 -0.01278 -0.00213 -0.00213
2879.554 -0.00533 0.00533 0.00000
2879.559 0.00639 -0.00959 0.00213
2879.564 -0.00107 0.00000 -0.00852
2879.569 -0.00533 0.00959 0.01278
2879.574 0.00000 -0.00426 0.00213
2879.579 0.00107 -0.00107 0.00533
2879.584 0.00107 0.00107 -0.00213
2879.589 0.00107 -0.01065 0.00639
2879.594 -0.00533 -0.00746 -0.00213
2879.599 0.00000 0.00533 0.00107
2879.604 0.00000 -0.00426 0.00426
2879.609 0.00213 -0.00320 0.00746
2879.614 -0.00426 -0.01065 -0.00320
2879.619 -0.00213 0.00426 -0.00107
2879.624 -0.01065 -0.00533 0.00000
2879.629 -0.01278 -0.00107 0.00213
2879.634 0.00320 -0.00533 -0.00107
2879.639 -0.00320 0.00107 -0.00320
2879.644 -0.00320 -0.00320 -0.00426
2879.649 0.00320 -0.00320 -0.00852
2879.654 -0.00107 0.00320 0.00107
2879.659 0.00746 0.00213 -0.00107
2879.664 0.00320 0.01172 -0.00426
2879.669 0.00000 0.00746 0.00000
2879.674 -0.00959 -0.00533 -0.00426
2879.679 0.00533 -0.00107 0.01278
2879.684 0.00320 0.00320 -0.00107
2879.690 0.01065 -0.00320 0.01278
2879.695 0.00426 -0.00213 -0.00107
2879.699 0.00000 0.00320 0.00320
2879.704 0.01065 0.00320 0.00213
2879.709 0.00213 0.00213 -0.00107
2879.714 -0.00746 -0.00639 -0.00213
2879.720 -0.00107 -0.00320 0.00107
2879.724 -0.00107 -0.00320 0.00107
2879.730 0.01065 0.00000 0.00213
2879.735 0.00320 0.00639 0.00213
2879.740 0.00000 0.00959 0.00533
2879.745 -0.00107 -0.00533 0.00213
2879.750 -0.00107 -0.00852 0.00107
2879.755 0.00213 0.00426 0.00639
2879.760 0.00000 0.00639 -0.01278
2879.765 -0.00639 0.00107 -0.00426
2879.770 -0.00320 0.00000 -0.00213
2879.775 -0.00426 -0.00533 0.00000
2879.780 -0.00320 0.00533 -0.00213
2879.785 -0.00852 -0.00746 -0.00107
2879.790 0.00213 0.00320 0.00320
2879.795 0.00426 0.00533 0.00107
2879.800 0.00852 0.00000 -0.00320
2879.805 0.00852 -0.00533 0.00959
2879.810 -0.00320 -0.00107 0.00426
2879.815 -0.00639 0.00107 -0.00107
2879.820 0.00000 0.00320 0.00533
2879.825 -0.00533 0.00426 0.00320
2879.830 -0.01172 0.00320 -0.00746
2879.835 -0.00533 0.00000 -0.00746
2879.840 -0.00426 -0.00426 0.00000
2879.845 0.00320 0.01065 -0.00107
2879.850 0.00000 0.00852 0.00213
2879.855 -0.00852 0.00107 0.00533
2879.860 0.01065 0.00000 -0.00852
2879.865 0.00533 0.00107 -0.01065
2879.871 -0.01065 -0.00213 -0.00107
2879.876 -0.00320 -0.00213 0.00639
2879.881 -0.00213 -0.00533 0.00107
2879.886 -0.00426 -0.01065 0.00213
2879.891 0.00213 -0.00639 0.00107
2879.896 -0.00959 -0.00107 -0.00746
2879.901 -0.01598 -0.00533 -0.01385
2879.906 0.00320 -0.00959 -0.00533
2879.911 -0.00213 -0.00746 -0.00320
2879.916 0.00533 0.00426 -0.00107
2879.921 -0.00533 -0.01385 -0.00107
2879.926 -0.00107 0.00426 0.00213
2879.931 0.00426 -0.00320 -0.00533
2879.936 0.00107 0.00000 0.00746
2879.941 0.00320 0.00000 -0.00320
2879.946 -0.00639 -0.00533 0.00000
2879.951 -0.00107 -0.00320 0.00107
2879.956 -0.00533 0.00107 -0.00107
2879.961 0.00213 -0.01385 -0.00213
2879.966 0.00213 0.00213 -0.00959
2879.971 -0.00639 0.00320 0.00000
2879.976 0.00746 -0.00320 -0.00639
2879.981 0.00746 0.00213 0.00213
2879.986 -0.00639 0.00000 0.00000
2879.991 -0.00320 0.00320 -0.00107
2879.996 -0.00213 0.00320 0.00320
2880.001 0.00320 -0.00320 -0.00746
2880.006 -0.00107 -0.00533 -0.00107
2880.011 -0.00746 -0.00426 -0.00320
2880.016 -0.00746 0.00000 -0.00639
2880.021 0.00426 0.00000 0.00107
2880.026 -0.00213 -0.00107 -0.00639
2880.031 -0.00320 0.00959 0.01065
2880.036 0.00213 0.00746 -0.00107
2880.042 -0.00107 0.00213 0.00107
2880.047 0.00000 0.00107 0.01172
2880.052 -0.00639 -0.01065 0.00213
2880.057 0.00426 -0.00107 0.00107
2880.062 0.00213 -0.00533 0.00213
2880.067 0.00107 -0.00533 0.00107
2880.072 -0.00107 0.00213 0.00107
2880.077 0.00107 0.00320 0.00213
2880.082 0.00852 -0.00107 -0.00107
2880.087 0.00320 -0.00107 0.00213
2880.092 -0.00213 -0.00320 -0.00533
2880.097 -0.00320 -0.00533 -0.00107
2880.102 0.00107 -0.00426 -0.00426
2880.107 0.00320 -0.00320 -0.00320
2880.112 -0.00852 -0.01491 -0.00213
2880.117 0.00320 -0.00213 0.00000
2880.122 -0.00426 0.00852 -0.00320
2880.127 -0.00746 0.00320 0.00213
2880.132 0.00639 0.00533 0.00533
2880.137 -0.00852 0.00000 0.00000
2880.142 -0.00533 -0.00107 0.00320
2880.147 -0.01065 0.00000 0.00213
2880.152 -0.00639 -0.00533 0.00107
2880.157 -0.01065 0.00000 -0.00426
2880.162 0.00426 -0.00746 -0.00213
2880.167 -0.00107 0.00000 -0.00320
2880.172 0.00213 0.00320 0.00000
2880.177 0.00107 0.00107 -0.00426
2880.182 -0.00320 0.00213 -0.00639
2880.187 -0.00213 0.00426 -0.00639
2880.192 0.00320 -0.00320 -0.00533
2880.197 0.00213 0.00533 0.00533
2880.203 0.00746 0.00000 -0.00533
2880.208 -0.01065 -0.00852 0.00426
2880.213 0.00107 -0.00533 0.00213
2880.218 -0.00213 -0.00746 -0.00213
2880.223 0.00213 0.00320 0.00000
2880.228 -0.01598 0.00320 -0.00107
2880.233 0.00639 -0.00213 0.00107
2880.238 -0.00746 0.00426 -0.00107
2880.243 -0.00320 -0.00533 0.00000
2880.248 -0.01491 -0.00320 0.00852
2880.253 -0.00426 -0.00852 -0.00107
2880.258 0.00000 0.00213 0.00426
2880.263 0.01278 0.00320 -0.00107
2880.268 0.00852 -0.00852 0.00000
2880.273 -0.00639 -0.00959 0.00213
2880.278 -0.00852 -0.00107 -0.00426
2880.283 0.00426 0.00107 -0.00320
2880.288 0.01491 -0.00426 0.00107
2880.293 -0.00213 0.00852 -0.00746
2880.298 -0.00959 0.00000 -0.00639
2880.303 -0.00852 -0.00320 0.00533
2880.308 0.00639 -0.00533 0.00000
2880.313 0.00107 -0.00639 -0.00533
2880.318 -0.00746 -0.00746 0.00426
2880.323 0.00320 0.00213 -0.00320
2880.328 0.00533 0.00107 0.00213
2880.333 0.00213 -0.00852 0.00213
2880.338 -0.00426 0.00213 0.00000
2880.343 -0.00107 -0.00320 0.00107
2880.348 0.01385 -0.01172 -0.00213
2880.353 0.00320 -0.00533 -0.00533
2880.358 0.00639 -0.00639 0.00852
2880.363 -0.01065 -0.00213 -0.00320
2880.368 -0.00107 -0.00533 0.00426
2880.373 -0.00852 0.00000 -0.00320
2880.378 -0.00426 -0.00533 0.00852
2880.383 -0.00107 0.00533 0.00426
2880.388 -0.00426 -0.00213 0.00426
2880.393 -0.00639 0.00000 0.00107
2880.398 -0.00746 0.00533 0.00107
2880.403 0.00320 -0.00639 0.00000
2880.408 -0.00426 0.00320 -0.00107
2880.414 0.00213 -0.00213 -0.00213
2880.419 0.00426 -0.00533 -0.00107
2880.424 -0.00746 0.00213 -0.00107
2880.429 -0.00852 -0.00213 -0.00320
2880.434 -0.00320 -0.00320 -0.00213
2880.439 0.00107 0.00000 0.00533
2880.444 -0.00533 -0.00320 0.00000
2880.449 0.00639 0.00533 0.00959
2880.454 -0.00320 -0.00107 0.00213
2880.459 -0.00107 -0.00533 -0.00213
2880.464 0.00000 0.00533 -0.00320
2880.469 -0.00746 -0.00107 -0.00213
2880.474 0.00852 -0.00107 0.00320
2880.479 0.00213 -0.00533 -0.00533
2880.484 0.00107 0.00320 -0.00320
2880.489 -0.00426 -0.00107 -0.00426
2880.494 0.00107 -0.00107 -0.00320
2880.499 0.00107 -0.00213 -0.01172
2880.505 0.00107 -0.00107 -0.00107
2880.510 -0.00639 0.00107 -0.00426
2880.515 -0.00639 -0.00959 -0.00426
2880.520 -0.00426 -0.00852 -0.00107
2880.525 -0.00746 0.00213 0.00107
2880.530 -0.01278 -0.00320 -0.00852
2880.535 -0.01065 -0.00426 -0.00107
2880.540 0.00107 -0.00107 -0.00426
2880.545 0.00213 -0.00426 -0.00533
2880.550 -0.00639 -0.00639 0.00320
2880.555 -0.00852 -0.00320 -0.00320
2880.560 -0.00107 -0.00107 0.00746
2880.565 0.00320 -0.01065 0.00746
2880.570 -0.00639 0.00213 0.00213
2880.575 0.00213 -0.00639 -0.00107
2880.580 -0.00426 0.00213 -0.00959
2880.585 0.00746 -0.00852 0.00320
2880.590 -0.00852 0.00213 -0.00746
2880.595 -0.00746 -0.00213 -0.00213
2880.600 -0.00533 -0.00426 0.00107
2880.605 -0.00533 -0.00746 0.00426
2880.610 -0.01598 -0.00533 0.00107
2880.615 -0.00426 0.00852 -0.00533
2880.620 0.00107 -0.00107 0.00107
2880.625 -0.00213 0.00746 -0.00959
2880.630 0.01278 0.00852 0.00639
2880.635 -0.00320 -0.00533 -0.00639
2880.640 -0.00426 -0.00213 0.00000
2880.645 0.00533 -0.01065 0.00426
2880.650 0.00107 -0.00320 0.00213
2880.655 -0.00639 0.00639 -0.00213
2880.660 -0.00639 -0.00320 0.00107
2880.665 -0.00746 -0.00746 0.00213
2880.670 -0.00639 0.00107 -0.00107
2880.675 0.00107 0.00107 0.00533
2880.680 0.00426 -0.00426 -0.00746
2880.685 0.00533 -0.00426 -0.00426
2880.690 0.00639 0.00533 0.00000
2880.696 -0.01385 0.00639 -0.00320
2880.701 -0.00959 -0.00107 0.00107
2880.706 -0.00533 -0.00320 0.00213
2880.711 0.00000 0.00000 -0.00213
2880.716 -0.00746 0.00107 -0.00426
2880.721 -0.00107 -0.00213 -0.00107
2880.726 0.00213 -0.00107 0.00533
2880.731 0.00320 0.00320 0.00000
2880.736 0.00320 -0.00746 -0.00639
2880.741 0.00213 0.00000 0.00320
2880.746 0.00000 0.00000 0.00320
2880.751 0.00852 0.00213 -0.00107
2880.756 -0.00320 0.00533 -0.00107
2880.761 -0.00639 -0.00107 0.00107
2880.766 0.00320 -0.00852 0.00426
2880.771 0.00320 -0.00426 0.00107
2880.776 -0.00852 -0.00107 0.00000
2880.781 -0.00320 -0.00426 -0.00746
2880.786 -0.00959 0.00000 0.00426
2880.791 -0.00746 0.00000 0.00107
2880.796 -0.01278 0.00000 -0.00533
2880.801 -0.01385 0.00000 0.00639
2880.806 -0.00107 -0.00426 0.00000
2880.811 0.00533 0.00746 -0.00426
2880.817 -0.00639 -0.00746 0.00107
2880.822 -0.00320 0.00107 -0.00320
2880.827 -0.00426 -0.00533 -0.00426
2880.832 0.00959 0.00000 0.00426
2880.837 0.00213 0.01065 -0.01172
2880.842 0.00000 0.00213 0.00000
2880.847 -0.00320 0.00000 -0.01385
2880.852 -0.00426 -0.00852 0.00107
2880.857 -0.00639 0.00639 -0.00746
2880.862 0.00000 -0.00107 -0.00320
2880.867 0.00000 -0.00213 0.00107
2880.872 0.00533 -0.00320 -0.00533
2880.877 -0.00426 -0.00426 -0.00213
2880.882 -0.00746 -0.00320 0.00533
2880.887 -0.00746 0.00213 0.00000
2880.892 0.00959 -0.00426 -0.00107
2880.897 0.00213 0.00107 -0.00426
2880.902 -0.00533 -0.00213 -0.00107
2880.907 0.00426 -0.00533 0.00320
2880.912 -0.00213 -0.00533 -0.00107
2880.917 0.00320 -0.00320 0.00107
2880.922 0.00213 0.00107 0.00107
2880.927 0.00107 -0.00213 0.00320
2880.932 0.00639 0.00320 -0.00213
2880.937 0.00000 -0.00426 0.00213
2880.942 -0.00107 0.01172 -0.00107
2880.947 -0.01065 -0.00746 -0.00107
2880.952 -0.00746 0.00213 -0.00639
2880.957 -0.00213 -0.00107 -0.00852
2880.962 -0.01385 0.00639 -0.00213
2880.967 0.00533 0.00107 -0.00213
2880.972 0.00959 0.00107 0.00107
2880.977 0.00320 -0.00746 -0.00107
2880.982 -0.01172 0.00533 -0.00107
2880.987 0.00320 -0.00213 -0.00213
2880.992 0.00746 0.00213 0.00639
2880.997 -0.00320 0.00959 -0.00320
2881.002 -0.00320 0.00852 0.00213
2881.007 0.00320 -0.01065 0.00426
2881.012 0.00000 -0.00107 0.00426
2881.017 -0.01065 0.00000 -0.00107
2881.022 -0.00746 0.00639 0.00000
2881.027 0.00213 0.00000 -0.00107
2881.032 -0.00320 0.00000 0.00000
2881.038 -0.00213 0.00320 0.00746
2881.043 -0.00320 0.00426 0.00213
2881.048 -0.00426 -0.00320 0.01065
2881.053 0.00639 0.00000 0.00426
2881.058 -0.00213 -0.00533 -0.00426
2881.063 -0.00426 -0.00320 0.00213
2881.068 0.00426 -0.01172 0.00213
2881.073 0.00000 -0.00107 0.00000
2881.078 -0.00639 0.00000 0.00000
2881.083 0.00000 0.00107 -0.00639
2881.088 -0.00213 -0.00533 0.00426
2881.093 0.00213 0.00320 -0.00746
2881.098 -0.00213 0.00320 -0.00213
2881.103 -0.00959 0.00533 -0.00107
2881.108 0.00107 -0.00639 -0.00213
2881.113 0.00533 -0.00107 -0.00320
2881.118 -0.00533 0.00959 0.00320
2881.123 0.00320 0.00000 -0.00320
2881.128 0.00320 0.00213 -0.00426
2881.133 -0.00107 0.00213 0.00213
2881.139 -0.00746 0.00320 -0.01065
2881.144 -0.00213 0.00639 -0.00213
2881.149 0.00746 0.00000 0.00959
2881.154 -0.00107 0.00426 0.00000
2881.159 -0.00533 0.01065 -0.00959
2881.164 0.00533 0.00746 0.00639
2881.169 -0.00746 -0.00213 0.00213
2881.174 0.00107 0.00213 0.00000
2881.179 -0.01065 -0.01172 0.00107
2881.184 -0.01278 -0.00320 0.00320
2881.189 -0.00320 -0.00746 0.00000
2881.194 -0.00107 -0.00320 -0.00213
2881.199 -0.00746 0.00000 -0.00213
2881.204 -0.00533 -0.00426 0.00213
2881.209 0.00959 0.00639 0.00426
2881.214 0.00000 0.00000 0.00213
2881.219 -0.00213 0.00852 -0.00533
2881.224 -0.00639 -0.00426 0.00533
2881.229 -0.00426 -0.00959 -0.00426
2881.234 0.01278 0.00000 -0.01598
2881.239 -0.00959 0.00213 -0.00426
2881.244 -0.00213 -0.00746 0.00533
2881.249 0.00533 0.00107 0.01065
2881.254 0.00000 0.00000 0.01385
2881.259 0.00107 0.00746 -0.00320
2881.264 -0.00107 -0.00959 -0.00107
2881.269 -0.00959 0.00213 -0.00426
2881.274 -0.00959 0.00107 0.00107
2881.279 -0.00746 -0.00107 -0.00213
2881.284 0.00852 -0.00426 0.00533
2881.289 -0.00533 -0.00852 0.00000
2881.294 -0.00213 -0.00213 -0.00320
2881.299 -0.00852 0.00107 0.00107
2881.304 0.00213 -0.00533 0.00107
2881.309 0.00213 0.00000 -0.00107
2881.314 0.00213 0.00107 -0.00426
2881.320 0.00746 -0.00213 -0.00426
2881.325 0.00213 -0.00426 0.00852
2881.330 0.00213 0.00320 0.00107
2881.335 -0.00852 -0.00533 0.00320
2881.340 -0.00213 -0.00107 0.00852
2881.345 0.00213 -0.00107 -0.00533
2881.350 -0.00639 0.00000 0.00000
2881.355 -0.00320 -0.00107 -0.00533
2881.360 0.01172 0.00746 -0.00107
2881.365 0.00213 -0.00639 -0.00746
2881.370 -0.01491 -0.00320 -0.00639
2881.375 0.00533 -0.00107 0.00426
2881.380 -0.00213 -0.00852 -0.00639
2881.385 -0.00959 0.00533 -0.00639
2881.390 -0.00107 -0.00213 -0.00746
2881.395 -0.00213 -0.00320 -0.00213
2881.400 -0.00213 0.00213 -0.00213
2881.405 -0.00213 -0.00320 0.00852
2881.410 -0.02131 -0.00639 -0.00426
2881.415 -0.00213 0.00107 -0.00639
2881.420 0.00107 -0.01172 -0.00107
2881.425 0.00000 -0.00320 0.00107
2881.430 -0.00959 -0.00320 0.00426
2881.435 0.00639 -0.01491 0.00533
2881.440 0.00107 0.00320 0.00000
2881.445 -0.00746 0.00533 0.00320
2881.450 0.00000 0.00107 -0.00107
2881.455 0.00426 -0.00852 -0.00213
2881.460 -0.00959 -0.00320 0.00000
2881.465 0.00000 0.00320 0.00107
2881.471 -0.00746 -0.00320 0.00107
2881.476 -0.00426 -0.00213 0.00000
2881.481 -0.00639 -0.01278 -0.00107
2881.486 -0.00746 -0.00320 0.00213
2881.491 0.00533 -0.00426 0.00000
2881.496 0.00000 0.00533 -0.00213
2881.501 0.00107 0.00107 -0.00426
2881.506 -0.00426 -0.00426 0.00000
2881.511 0.00320 -0.00852 -0.00213
2881.516 0.00213 0.00426 0.00213
2881.521 -0.00320 -0.00213 0.00000
2881.526 -0.00852 0.00000 -0.00213
2881.531 0.00533 -0.00213 0.00107
2881.536 0.00000 -0.00213 -0.00107
2881.541 0.00320 -0.00213 0.00107
2881.546 0.00107 0.00320 -0.01811
2881.551 -0.00959 0.00320 0.00000
2881.556 0.00107 0.00746 0.00426
2881.561 -0.00852 0.00320 -0.00426
2881.566 0.00213 -0.00320 0.00320
2881.571 0.00639 0.00000 -0.00639
2881.576 0.00213 0.00213 -0.00533
2881.581 -0.00320 0.00426 -0.00320
2881.586 0.00000 0.00213 0.00426
2881.591 -0.00213 -0.00320 -0.00107
2881.596 -0.00959 0.00000 0.00107
2881.601 -0.00852 -0.00320 0.00426
2881.606 0.00533 -0.00639 -0.00107
2881.611 -0.00639 0.00213 0.00533
2881.616 -0.01385 -0.00959 -0.00107
2881.621 0.00107 0.00533 0.00320
2881.626 -0.00533 -0.00746 -0.00533
2881.631 -0.00746 -0.00320 -0.00213
2881.636 -0.00639 0.00107 0.01172
2881.641 0.00639 -0.00320 -0.00852
2881.646 0.00213 0.00000 0.00959
2881.652 0.00000 -0.00213 -0.00533
2881.657 -0.00639 -0.00959 0.00000
2881.662 -0.00426 -0.00533 0.00107
2881.667 -0.01278 -0.00426 -0.00639
2881.672 -0.00533 0.00000 0.00107
2881.677 -0.00320 -0.00426 0.00639
2881.682 0.00426 0.00000 0.00107
2881.687 0.00000 0.00107 0.00213
2881.692 -0.00639 -0.00746 0.00852
2881.697 0.00533 -0.00320 0.00000
2881.702 0.00107 0.00107 -0.00107
2881.707 -0.00746 0.00213 0.00426
2881.712 -0.00426 0.00000 -0.00107
2881.717 0.00320 0.00000 0.00959
2881.722 -0.00639 -0.00320 0.00426
2881.727 0.00533 0.00533 -0.00213
2881.732 0.00000 -0.00426 -0.00639
2881.737 -0.00213 -0.00746 0.00320
2881.742 0.00000 -0.00107 -0.00107
2881.747 0.00426 0.00639 0.00213
2881.752 -0.00320 -0.00107 0.00320
2881.757 0.00107 0.00213 0.00320
2881.762 -0.00533 -0.00213 0.00213
2881.767 -0.00639 0.00213 0.00107
2881.772 0.00746 0.00426 -0.00107
2881.777 -0.00639 0.00000 0.00000
2881.782 0.00426 -0.00107 0.00000
2881.787 -0.00320 -0.01172 0.00213
2881.793 0.00107 -0.00320 0.00320
2881.798 -0.00639 0.00000 0.00107
2881.803 -0.00426 -0.01172 -0.00426
2881.808 -0.00320 -0.01385 -0.00107
2881.813 0.00213 0.00426 -0.00426
2881.818 -0.00213 -0.00213 -0.00426
2881.823 -0.00107 0.00746 0.00107
2881.828 -0.00107 0.00213 0.00213
2881.833 0.00320 0.00320 -0.00320
2881.838 -0.00959 0.00107 0.00533
2881.843 -0.00213 -0.01172 -0.00213
2881.848 -0.00107 0.00213 0.01278
2881.853 -0.01172 0.00213 -0.00426
2881.858 0.00533 -0.00107 0.00320
2881.863 -0.00213 -0.00533 0.00533
2881.868 -0.00639 0.00107 -0.00533
2881.873 -0.00533 0.00959 -0.00320
2881.878 0.00107 -0.00639 0.00852
2881.883 0.00533 -0.00213 -0.00320
2881.888 -0.00533 -0.00107 0.00000
2881.893 0.00533 0.00213 0.00320
2881.898 -0.00320 -0.00107 0.00533
2881.903 -0.01172 -0.00426 -0.00107
2881.908 0.00213 -0.00320 0.00426
2881.913 0.01917 -0.00213 -0.00320
2881.918 -0.00213 -0.00533 0.00107
2881.923 -0.00852 0.00426 0.00107
2881.928 -0.00639 -0.00320 0.00000
2881.933 0.00320 0.00533 0.00000
2881.938 -0.00107 -0.00107 0.00746
2881.943 -0.00213 0.00533 0.00000
2881.948 -0.00746 -0.00320 0.00107
2881.953 -0.00852 -0.00320 0.00213
2881.958 -0.00959 0.00107 -0.00533
2881.964 -0.00533 0.00000 -0.00320
2881.969 -0.00533 0.00000 0.00107
2881.974 0.00426 -0.00107 -0.00426
2881.979 -0.01172 -0.00639 0.00320
2881.984 -0.00107 -0.00533 0.00213
2881.989 0.00852 0.00320 -0.00320
2881.994 -0.00107 0.00426 0.00959
2881.999 -0.00213 0.00107 -0.00320
2882.004 0.00107 -0.00426 -0.00639
2882.009 0.00107 -0.00426 0.00320
2882.014 -0.00746 -0.00746 -0.00320
2882.019 -0.00213 -0.00107 -0.00533
2882.024 -0.00107 -0.00213 -0.00533
2882.029 -0.00746 0.00426 -0.00107
2882.034 -0.00213 0.00107 0.00746
2882.039 -0.00107 0.00639 -0.00320
2882.044 -0.00320 -0.00959 -0.00852
2882.049 0.00000 0.00639 0.00000
2882.054 0.00000 -0.00107 -0.00320
2882.059 -0.00426 0.00533 0.00213
2882.064 -0.00107 -0.00320 0.00533
2882.069 0.00107 0.00533 0.00426
2882.074 0.00426 -0.00426 0.00000
2882.079 -0.00107 0.00107 -0.00533
2882.084 0.00426 0.00000 -0.00426
2882.089 -0.01278 0.00320 -0.00107
2882.094 0.00746 0.00107 0.00533
2882.099 0.00639 -0.00852 0.00426
2882.104 0.00320 0.00426 -0.00320
2882.109 0.00426 -0.00320 0.00107
2882.114 -0.00213 -0.00320 -0.00746
2882.119 -0.00533 -0.00107 -0.00533
2882.125 0.00107 0.00000 -0.00320
2882.130 -0.00639 -0.00746 0.00426
2882.135 -0.00639 0.00213 0.00000
2882.140 0.00426 -0.00959 -0.00107
2882.145 0.00213 -0.00320 -0.00107
2882.150 -0.00533 0.00213 0.00426
2882.155 -0.00533 0.00533 0.00533
2882.160 -0.00213 0.00213 -0.00426
2882.165 0.00000 -0.00213 -0.00107
2882.170 -0.00426 0.00213 0.00213
2882.175 0.00213 0.00000 -0.00213
2882.180 0.01172 -0.00107 0.01172
2882.185 -0.00320 0.00533 0.00000
2882.190 -0.00213 -0.00320 0.00426
2882.195 0.00533 -0.00426 -0.00746
2882.200 0.00107 -0.00426 0.00426
2882.205 0.00000 0.00639 0.00107
2882.210 0.00107 -0.00320 0.00000
2882.215 -0.00959 -0.00639 0.00852
2882.220 -0.00213 0.00000 0.00107
2882.225 -0.00213 0.00107 -0.01598
2882.230 0.00746 -0.00320 0.00533
2882.235 0.00959 -0.00426 -0.00213
2882.240 0.00320 0.00852 0.00533
2882.245 -0.00852 -0.00320 0.00852
2882.250 -0.00533 -0.00639 0.00213
2882.255 -0.00213 -0.00533 -0.00107
2882.260 -0.00320 -0.00639 -0.00852
2882.265 0.00000 0.00000 0.00533
2882.270 -0.00426 -0.00320 -0.00107
2882.275 -0.01065 0.00533 0.00533
2882.280 -0.00213 -0.01065 0.00533
2882.285 -0.00320 0.00213 0.00852
2882.290 -0.00639 0.00107 -0.00107
2882.296 -0.00533 -0.00320 -0.00533
2882.301 0.00426 0.00213 0.00320
2882.306 -0.00426 -0.00746 -0.00107
2882.311 0.00533 0.00533 0.00426
2882.316 -0.00213 -0.00107 0.00000
2882.321 0.00426 0.00959 0.00320
2882.326 -0.01491 0.00746 -0.00320
2882.331 0.00639 0.00533 0.00533
2882.336 0.00426 -0.00213 0.00959
2882.341 -0.00213 0.00107 0.00213
2882.346 -0.00320 -0.00533 0.00107
2882.351 0.00213 0.00000 0.00000
2882.356 0.00533 0.00000 0.00213
2882.361 -0.00639 0.00213 -0.00959
2882.366 0.00426 0.00426 0.00107
2882.371 0.00426 0.00533 -0.00533
2882.376 -0.00533 -0.00107 0.00000
2882.381 0.00213 0.00426 -0.00320
2882.386 0.00320 -0.00320 0.00533
2882.391 -0.00213 -0.00213 0.00852
2882.396 0.00000 0.00000 0.00107
2882.401 0.00000 -0.00320 -0.00213
2882.406 -0.01278 0.00000 0.00000
2882.411 -0.00959 -0.00746 0.00852
2882.416 0.00320 -0.00959 0.00213
2882.421 0.00320 0.00213 0.00107
2882.427 -0.01172 0.00000 -0.00426
2882.432 -0.00107 0.00000 -0.00107
2882.437 0.00213 -0.00533 -0.00426
2882.442 -0.00107 0.00000 -0.00107
2882.447 -0.01172 0.00426 0.00639
2882.452 0.00852 -0.00746 0.00533
2882.457 -0.00107 0.00213 -0.00213
2882.462 -0.00852 0.00000 0.00000
2882.467 0.00533 -0.00639 -0.00213
2882.472 0.00213 -0.00320 0.00320
2882.477 -0.00426 0.00746 -0.00107
2882.482 -0.00852 -0.00320 -0.01065
2882.487 -0.00107 -0.00852 -0.00213
2882.492 -0.00107 0.00000 0.01065
2882.497 0.00213 0.00213 -0.00959
2882.502 0.01065 0.01704 -0.00852
2882.507 0.00639 -0.00959 -0.00107
2882.512 0.00107 0.00426 -0.00107
2882.517 -0.00426 -0.00320 -0.00639
2882.522 -0.00213 -0.00107 0.01278
2882.527 -0.01065 0.00426 0.00639
2882.532 -0.00320 -0.00107 -0.00213
2882.537 0.00107 0.00426 -0.00533
2882.542 0.00213 0.00107 -0.00213
2882.547 -0.00533 -0.00213 0.00959
2882.552 0.00852 -0.00746 -0.00213
2882.557 0.00639 0.00320 0.00107
2882.562 -0.00746 0.00213 -0.00639
2882.567 -0.00320 -0.00533 -0.00852
2882.572 0.00959 0.00107 -0.00107
2882.577 -0.00426 0.00107 -0.00320
2882.582 0.00107 -0.00320 -0.00320
2882.587 0.00213 -0.00426 0.00746
2882.592 -0.01385 0.00426 -0.00107
2882.598 -0.00852 -0.00213 0.00746
2882.603 -0.00320 -0.00852 -0.00107
2882.608 0.00107 0.00213 0.00533
2882.613 -0.00533 0.01172 0.00213
2882.618 0.00533 -0.01172 0.00000
2882.623 0.00213 -0.00852 -0.00213
2882.628 -0.01172 0.00320 0.00213
2882.633 -0.00746 -0.00639 0.00959
2882.638 0.00746 -0.00533 -0.00533
2882.643 0.00320 0.00426 0.00320
2882.648 0.00213 0.00426 0.00426
2882.653 0.00213 -0.01172 -0.00639
2882.658 0.00533 0.00746 0.01065
2882.663 -0.01598 -0.00320 -0.00639
2882.668 0.00426 -0.00533 0.00213
2882.673 -0.00639 0.00426 0.00000
2882.678 -0.00852 -0.00107 0.00213
2882.683 0.00107 0.00000 -0.00213
2882.688 -0.00746 0.00426 0.00107
2882.693 -0.00639 0.00107 0.00107
2882.698 -0.00746 -0.00959 0.00320
2882.703 0.00746 -0.00107 -0.00746
2882.708 -0.00746 -0.00639 0.00320
2882.713 -0.00426 -0.00213 0.00426
2882.718 0.00000 0.00107 -0.00213
2882.723 0.00107 -0.00426 -0.00426
2882.728 -0.00426 0.00426 -0.00213
2882.733 0.00107 0.00107 0.00639
2882.738 -0.00426 -0.00213 -0.00639
2882.743 -0.00746 0.00000 0.00746
2882.749 -0.00426 0.00000 0.00000
2882.754 -0.00107 -0.00959 0.00426
2882.759 -0.00533 0.00320 -0.00213
2882.764 -0.00426 0.00426 -0.00107
2882.769 -0.00639 0.00000 0.00000
2882.774 0.00320 0.00852 0.00213
2882.779 0.00533 0.00959 0.00000
2882.784 -0.00320 -0.00426 0.00533
2882.789 -0.00426 -0.00852 0.00533
2882.794 0.00000 0.00639 0.00000
2882.799 -0.00213 -0.01598 -0.00107
2882.804 0.00639 -0.00213 0.00107
2882.809 -0.00107 0.00000 0.00746
2882.814 -0.00320 0.00213 0.00213
2882.819 -0.00426 -0.00320 -0.00107
2882.824 -0.00426 -0.00426 0.00000
2882.829 -0.00639 0.00426 0.00213
2882.834 0.00000 -0.00959 -0.00213
2882.839 -0.00107 -0.00213 -0.00639
2882.844 -0.00533 -0.00320 0.00000
2882.849 0.00852 -0.00639 -0.00746
2882.854 -0.00852 0.00852 0.00213
2882.859 -0.01065 0.00000 -0.00213
2882.864 -0.00213 -0.01385 0.00000
2882.869 -0.00320 -0.00107 0.00107
2882.874 -0.00426 -0.00533 0.00320
2882.879 -0.00746 -0.00320 0.00746
2882.884 0.00746 -0.00533 0.00107
2882.889 -0.00959 -0.00213 -0.00107
2882.894 -0.01065 -0.00426 -0.00426
2882.899 -0.00320 0.00213 0.00107
2882.904 -0.00320 -0.00213 0.00000
2882.910 -0.00533 -0.00426 0.00107
2882.915 -0.01065 -0.01491 -0.00426
2882.920 0.00213 -0.00107 0.01172
2882.925 -0.00533 -0.00320 -0.00320
2882.930 -0.00426 -0.00107 0.00213
2882.935 -0.00639 0.00000 0.00320
2882.940 -0.01278 0.00000 0.00213
2882.945 0.00213 0.00320 0.00000
2882.950 0.00000 -0.00426 0.00213
2882.955 -0.00959 0.00213 0.00107
2882.960 -0.00107 -0.00426 -0.00107
2882.965 -0.00213 -0.00213 -0.00107
2882.970 -0.00533 0.00426 -0.00426
2882.975 -0.00426 0.00107 -0.00639
2882.980 0.00107 0.00107 0.00213
2882.985 -0.00320 -0.00320 0.00426
2882.990 -0.00426 0.00639 -0.00426
2882.995 0.00426 -0.00852 0.00000
2883.000 0.00000 0.00107 0.00320
2883.005 -0.01172 -0.00639 -0.00426
2883.010 -0.00426 0.00107 0.00107
2883.015 0.00000 -0.00639 0.01065
2883.020 -0.00852 -0.00213 -0.00959
2883.025 0.00213 -0.01598 -0.00213
2883.030 0.00533 0.00000 0.00426
2883.035 -0.00746 0.00320 0.00107
2883.040 -0.00320 -0.00426 -0.00426
2883.045 0.00639 -0.01172 -0.00320
2883.050 0.00107 -0.00107 0.00000
2883.055 -0.00746 -0.00213 0.00000
2883.060 0.00000 -0.00426 0.00000
2883.065 0.00107 -0.00320 -0.00320
2883.070 -0.00639 -0.00107 0.00213
2883.075 0.00213 -0.00959 -0.00213
2883.080 -0.01172 0.00107 0.00000
2883.085 -0.00639 -0.00426 -0.00533
2883.090 0.00533 0.00639 0.00320
2883.095 0.00000 0.00320 0.00000
2883.101 -0.01065 0.00852 0.00533
2883.106 -0.00213 0.00213 -0.00639
2883.111 -0.00533 0.00320 0.00107
2883.116 -0.00213 0.00746 0.00320
2883.121 0.00000 -0.00107 -0.00533
2883.126 0.00213 -0.00213 0.00426
2883.131 0.00213 0.00746 0.00320
2883.136 -0.00320 -0.00746 0.00852
2883.141 0.00213 -0.00107 -0.00107
2883.146 -0.00426 0.00533 -0.00426
2883.151 -0.00213 -0.00107 0.00000
2883.156 0.01491 -0.00213 0.00426
2883.161 -0.00213 0.00213 -0.00213
2883.166 -0.00320 0.00000 0.00107
2883.171 0.00746 -0.00852 -0.00320
2883.176 -0.00426 -0.00852 -0.00320
2883.181 -0.00639 -0.00107 -0.00213
2883.186 0.00746 -0.00746 -0.00639
2883.191 0.00426 -0.00213 0.00533
2883.196 -0.00639 0.00639 -0.00320
2883.201 0.00320 0.00426 -0.00213
2883.206 -0.00426 0.00107 0.00213
2883.211 -0.00639 0.00426 0.00320
2883.216 0.00533 0.00107 0.00533
2883.221 0.00746 -0.00533 0.00000
2883.226 -0.00852 -0.00426 -0.00213
2883.232 -0.00213 -0.00213 0.00320
2883.237 0.00320 0.00000 -0.00107
2883.242 -0.01704 -0.00639 0.00000
2883.247 0.01172 0.00107 0.00107
2883.252 0.00000 -0.00746 -0.00639
2883.257 -0.01065 -0.00426 0.00107
2883.262 -0.00852 0.00000 -0.00213
2883.267 0.00000 -0.00107 -0.00426
2883.272 0.00320 0.00213 -0.01172
2883.277 0.00107 -0.00320 0.00107
2883.282 0.00426 0.00746 -0.00213
2883.287 -0.01065 -0.00213 0.00320
2883.292 -0.01278 0.00639 0.00639
2883.297 0.00213 0.00107 0.00533
2883.302 -0.00213 0.01278 0.00000
2883.307 -0.00426 -0.00320 -0.00213
2883.312 -0.00426 -0.01278 -0.00107
2883.317 -0.00639 0.00426 0.00213
2883.322 -0.00959 -0.00852 0.00213
2883.327 0.00533 0.00639 -0.00639
2883.332 0.00213 0.00426 0.00213
2883.337 -0.00852 0.00107 -0.01811
2883.342 0.00426 -0.00320 0.00107
2883.347 0.00107 -0.00320 -0.01065
2883.352 -0.00533 0.00746 0.00000
2883.357 -0.00107 -0.02237 -0.00533
2883.362 0.00213 -0.00426 -0.00320
2883.367 -0.00959 0.00213 -0.00107
2883.372 -0.00533 -0.00852 0.00107
2883.377 0.00533 0.00107 -0.00426
2883.383 -0.00426 0.00639 -0.00533
2883.387 -0.00320 -0.00320 -0.00213
2883.393 -0.00213 -0.00320 -0.01385
2883.398 -0.00639 0.00426 0.00320
2883.403 0.00746 -0.01278 0.00320
2883.408 -0.00320 -0.00959 0.00213
2883.413 -0.01278 0.00533 -0.00533
2883.418 0.00426 -0.00426 0.00959
2883.423 0.00213 -0.00533 0.00533
2883.428 -0.00213 0.00320 -0.01278
2883.433 0.00107 -0.00213 0.00000
2883.438 0.01491 -0.00852 0.00000
2883.443 -0.01811 0.00107 0.00107
2883.448 -0.00107 0.00107 -0.00746
2883.453 0.00107 -0.01065 -0.00533
2883.458 -0.00852 -0.00213 -0.00107
2883.463 -0.00533 -0.00320 -0.00213
2883.468 -0.00426 -0.00533 0.00107
2883.473 -0.00959 -0.00639 -0.00213
2883.478 -0.00746 0.00213 0.00426
2883.483 -0.00107 -0.00959 -0.00320
2883.488 -0.00426 0.00426 -0.00639
2883.493 -0.00426 0.00426 -0.00426
2883.498 0.00000 -0.00959 -0.00213
2883.503 -0.00533 -0.00320 0.00000
2883.508 -0.00426 0.00426 0.00000
2883.513 0.00746 -0.00426 -0.00107
2883.518 0.00426 0.00213 0.00107
2883.523 -0.00107 0.00426 0.00000
2883.528 0.01598 0.00000 -0.00320
2883.533 0.00320 0.00639 0.00213
2883.538 -0.00107 0.00533 -0.01172
2883.543 0.00639 -0.00213 -0.00107
2883.548 -0.01065 -0.00320 0.00320
2883.553 -0.01172 0.00000 0.00000
2883.558 -0.00426 0.00107 0.00107
2883.564 -0.00213 -0.00533 0.00000
2883.569 -0.00533 0.00639 0.00746
2883.574 0.00320 0.00000 -0.00213
2883.579 -0.00107 0.01172 -0.00213
2883.584 -0.00320 0.00320 -0.00107
2883.589 0.00533 0.00107 0.00320
2883.594 -0.01065 0.00426 0.00320
2883.599 -0.00852 0.00320 -0.00213
2883.604 0.01172 -0.01491 -0.00533
2883.609 0.01278 0.01065 0.00639
2883.614 -0.01278 -0.00320 -0.00426
2883.619 0.01598 -0.00533 0.00426
2883.624 0.00107 -0.00426 0.00320
2883.629 -0.00852 0.00107 -0.00533
2883.634 0.00533 -0.00852 -0.00213
2883.639 -0.00107 -0.00426 -0.00639
2883.644 -0.00533 0.00639 -0.00107
2883.649 0.00852 -0.00852 -0.01065
2883.654 0.00533 -0.01065 0.00107
2883.659 -0.00852 0.00426 0.00000
2883.664 -0.00533 -0.00426 -0.00426
2883.669 0.00000 0.00213 -0.00320
2883.674 -0.00426 0.00213 0.00426
2883.679 0.00959 -0.00426 0.00213
2883.684 -0.00746 -0.00639 -0.00533
2883.689 -0.00320 -0.00533 0.00213
2883.694 0.00320 0.00107 0.00426
2883.699 0.00533 0.00213 0.00426
2883.704 -0.01385 0.00000 -0.00213
2883.709 0.00000 -0.00213 0.00426
2883.714 0.00213 -0.00213 0.00000
2883.719 0.00213 0.00639 0.00000
2883.725 0.00213 -0.00533 0.00213
2883.730 -0.00959 0.00320 0.00000
2883.735 -0.00746 -0.00426 0.00107
2883.740 0.00852 -0.00852 -0.00320
2883.745 0.00213 -0.00533 -0.00533
2883.750 -0.01065 0.00107 -0.00639
2883.755 0.00639 -0.00320 -0.00852
2883.760 0.00107 0.00746 0.00000
2883.765 -0.00639 -0.00107 0.00533
2883.770 0.00852 -0.00107 0.00746
2883.775 -0.00533 0.00000 0.00107
2883.780 -0.00959 0.00639 -0.00320
2883.785 -0.00107 -0.00107 0.00107
2883.790 -0.00213 -0.00320 0.00426
2883.795 -0.00320 0.00426 -0.00107
2883.800 0.00107 -0.00213 0.00107
2883.805 -0.00213 0.00320 0.00000
2883.810 -0.00107 -0.01065 -0.00426
2883.815 0.00639 -0.00533 0.00533
2883.820 -0.00320 -0.00746 -0.00213
2883.825 -0.00639 0.00000 0.00213
2883.830 -0.00426 -0.00107 -0.00213
2883.835 -0.01598 -0.00746 -0.00320
2883.840 -0.00639 -0.01491 0.00320
2883.845 0.00959 0.00320 -0.00213
2883.850 -0.00320 -0.00107 -0.00426
2883.855 -0.00639 -0.00426 0.00426
2883.860 0.00213 -0.00639 -0.00426
2883.865 -0.01385 -0.00107 0.00000
2883.870 0.00320 -0.00533 -0.00213
2883.876 0.00746 -0.01491 -0.00107
2883.881 -0.00639 0.00320 -0.00639
2883.886 -0.00533 -0.01598 -0.00107
2883.891 0.01172 -0.00533 0.00320
2883.896 -0.01278 0.00000 -0.00213
2883.901 0.00426 -0.00213 0.00852
2883.906 -0.00107 -0.00426 0.00746
2883.911 -0.00426 -0.00213 -0.00107
2883.916 -0.00107 0.00000 0.00000
2883.921 0.00000 0.00107 -0.00107
2883.926 -0.00746 0.00213 0.00213
2883.931 -0.00533 -0.00533 0.00639
2883.936 0.00959 0.00000 0.00320
2883.941 -0.00852 0.00213 0.00213
2883.946 0.00000 -0.00320 -0.00107
2883.951 0.00213 0.00959 0.01065
2883.956 -0.00533 0.00852 0.00000
2883.961 0.00320 -0.00533 0.00320
2883.966 0.00426 -0.00320 -0.00852
2883.971 -0.00852 -0.00213 0.00000
2883.976 0.00639 -0.00639 0.00107
2883.981 -0.00533 0.00320 -0.00213
2883.986 -0.01065 -0.00213 0.00959
2883.991 0.00213 -0.00852 0.00000
2883.996 0.00213 0.00746 0.00533
2884.001 -0.00426 0.00959 -0.00107
2884.006 0.00213 -0.00746 0.00852
2884.011 -0.00320 0.00213 -0.00213
2884.016 -0.02024 0.00107 -0.00426
2884.021 0.00852 0.00000 0.00320
2884.026 -0.00639 0.00639 -0.00213
2884.031 -0.00746 -0.00639 -0.00533
2884.036 0.00852 -0.00320 0.00000
2884.041 -0.00533 0.00000 0.00000
2884.047 0.00426 -0.00639 0.00533
2884.052 0.00533 0.00000 0.00320
2884.057 -0.00426 0.00746 -0.00639
2884.062 -0.01172 0.00000 -0.00426
2884.067 -0.00107 -0.00533 -0.00213
2884.072 0.00107 0.00746 -0.00852
2884.077 -0.00107 -0.00320 -0.00213
2884.082 0.00746 0.00639 0.00533
2884.087 -0.00639 -0.00107 -0.00107
2884.092 -0.00639 -0.00426 -0.00320
2884.097 0.00320 0.01278 -0.00213
2884.102 -0.00639 0.01065 0.00107
2884.107 0.00639 -0.00426 0.01172
2884.112 0.00426 -0.00639 -0.00213
2884.117 -0.01385 0.00959 -0.00213
2884.122 0.00000 -0.00639 -0.00107
2884.127 0.00000 0.00213 0.00107
2884.132 -0.00852 -0.00213 -0.00426
2884.137 0.00320 -0.00746 0.00213
2884.142 -0.00213 0.00000 -0.00746
2884.147 -0.00852 0.00000 0.00213
2884.152 0.00959 -0.00746 0.00107
2884.157 -0.00746 0.00213 -0.00639
2884.162 -0.00533 -0.00213 0.00213
2884.167 0.00426 -0.00107 0.00107
2884.172 -0.00533 0.00426 -0.00746
2884.177 -0.00639 0.00533 0.00107
2884.182 0.00320 0.00213 0.00213
2884.187 -0.00852 0.00000 0.00426
2884.192 0.00320 -0.00320 0.00000
2884.197 -0.00639 -0.00533 0.00320
2884.202 -0.00959 -0.00533 0.00213
2884.208 0.00746 -0.01491 -0.00533
2884.213 -0.00213 0.00213 0.00213
2884.218 -0.01278 0.00107 0.00639
2884.223 -0.00320 -0.00533 0.00320
2884.228 -0.00426 0.00320 -0.00533
2884.233 -0.01491 0.00107 0.00213
2884.238 0.00213 -0.00639 -0.00746
2884.243 -0.00426 -0.00107 0.00107
2884.248 -0.00746 0.00426 -0.00746
2884.253 0.00852 -0.00320 -0.00107
2884.258 -0.00639 0.00533 -0.00107
2884.263 0.00000 0.00426 0.00000
2884.268 0.01172 0.00000 0.00213
2884.273 -0.00426 -0.00533 -0.00639
2884.278 -0.00639 -0.00426 -0.00426
2884.283 0.00533 -0.01598 0.00213
2884.288 -0.00959 0.00213 0.00000
2884.293 0.00107 -0.00213 -0.00426
2884.298 -0.00107 -0.00746 -0.00213
2884.303 -0.00959 0.00000 -0.00426
2884.308 0.00000 0.00000 0.00533
2884.313 -0.00320 0.00213 0.00213
2884.318 -0.00533 0.00746 -0.01278
2884.323 0.01385 -0.00320 -0.00533
2884.328 -0.01385 0.00107 -0.00746
2884.333 -0.01385 0.00213 0.00852
2884.338 0.00107 -0.01065 0.00213
2884.343 -0.00320 -0.00426 -0.00639
2884.348 -0.00426 -0.00852 0.00107
2884.353 0.01278 -0.00107 -0.00107
2884.358 -0.00320 -0.00320 -0.00533
2884.363 -0.00320 -0.00213 0.00746
2884.369 -0.00213 -0.00959 -0.00213
2884.374 -0.01917 -0.00213 0.00320
2884.379 0.00107 -0.00639 -0.00213
2884.384 0.00746 -0.00107 0.00746
2884.389 -0.01278 -0.00426 -0.00639
2884.394 0.00426 0.00533 -0.00107
2884.399 0.00320 -0.00426 -0.00213
2884.404 -0.00426 -0.00639 -0.00107
2884.409 0.00320 -0.00639 -0.00639
2884.414 0.00000 0.00320 -0.00107
2884.419 -0.00959 0.00107 -0.00426
2884.424 0.00959 -0.01278 -0.00533
2884.429 -0.00746 0.00426 0.00852
2884.434 -0.00320 -0.00639 -0.00639
2884.439 0.01598 -0.00107 0.00639
2884.444 -0.00320 -0.00426 0.00000
2884.449 0.00000 -0.00426 0.00426
2884.454 -0.00746 -0.00320 0.00320
2884.459 -0.00959 0.00639 -0.00533
2884.464 0.00852 0.00000 0.00426
2884.469 0.00107 -0.00107 0.00533
2884.474 -0.01065 -0.00107 -0.00107
2884.479 0.00107 -0.00746 0.00320
2884.484 0.00107 0.00639 -0.00213
2884.489 -0.01172 -0.00107 0.00213
2884.494 0.00959 0.00213 0.00426
2884.499 -0.00320 0.00746 0.00107
2884.504 -0.00426 -0.00639 0.00639
2884.509 0.00959 -0.00746 -0.00533
2884.514 -0.01385 0.00852 0.00000
2884.520 -0.00107 -0.00213 -0.00213
2884.525 -0.00639 -0.00533 -0.00533
2884.530 -0.00533 0.00533 0.00746
2884.535 0.00213 -0.00852 0.00426
2884.540 0.00320 -0.00639 -0.00639
2884.545 -0.00533 0.00852 0.00213
2884.550 0.01385 0.00320 0.00852
2884.555 -0.00320 0.00107 -0.00213
2884.560 -0.00320 -0.00746 -0.00320
2884.565 0.00639 -0.00107 0.00533
2884.570 -0.00746 0.00746 -0.00107
2884.575 0.00213 0.00320 -0.00852
2884.580 0.01491 -0.00320 0.00533
2884.585 -0.00639 0.00000 -0.01491
2884.590 -0.00639 0.00000 0.00639
2884.595 -0.00426 0.00320 -0.00426
2884.600 -0.01172 -0.00959 0.00533
2884.605 0.00533 -0.00213 0.00213
2884.610 0.00000 -0.00639 -0.00213
2884.615 0.00213 -0.00320 0.00533
2884.620 0.00852 -0.00320 0.00107
2884.625 -0.00533 0.00533 0.00000
2884.630 -0.00320 -0.00533 -0.00533
2884.635 0.00426 -0.00639 0.00320
2884.640 -0.01172 -0.00852 0.00000
2884.645 0.00107 -0.00320 0.00107
2884.650 -0.00533 -0.01172 0.00213
2884.655 -0.01065 -0.00959 0.00533
2884.660 0.00959 -0.00320 0.00746
2884.665 0.00000 0.00426 0.00533
2884.670 -0.00639 -0.00639 -0.00107
2884.675 0.00746 -0.00213 0.00320
2884.681 -0.01172 -0.00213 -0.00213
2884.686 0.00426 -0.00746 0.00639
2884.691 0.00320 -0.01278 0.00000
2884.696 -0.01278 0.00533 0.00000
2884.701 -0.00213 -0.00213 -0.00213
2884.706 0.00107 0.00107 -0.00320
2884.711 -0.00852 0.00107 -0.00320
2884.716 0.00000 0.00000 0.00959
2884.721 0.00107 0.01172 0.00533
2884.726 -0.00320 0.00213 -0.00107
2884.731 0.01065 -0.01278 -0.00639
2884.736 -0.00639 0.00746 -0.00746
2884.741 0.00320 0.00213 -0.00320
2884.746 0.00213 -0.00426 -0.00639
2884.751 -0.01065 0.00852 -0.00426
2884.756 0.00213 -0.00107 0.00213
2884.761 -0.00426 0.00320 -0.00107
2884.766 -0.00639 0.00000 -0.00320
2884.771 -0.00107 0.00320 0.00320
2884.776 -0.00320 -0.00213 -0.00533
2884.781 -0.00852 -0.00320 -0.00213
2884.786 0.01065 -0.00320 0.00533
2884.791 -0.01385 0.00107 -0.00213
2884.796 0.00959 -0.00107 0.00320
2884.801 0.00213 -0.00426 0.00320
2884.806 -0.01172 -0.00426 -0.00107
2884.811 0.00746 -0.00639 0.00000
2884.816 -0.00639 0.00320 0.00320
2884.821 0.00320 -0.00320 0.00107
2884.826 0.00213 -0.00320 -0.00320
2884.831 -0.00852 0.00959 0.00213
2884.836 -0.00320 0.00213 -0.00852
2884.842 -0.00426 -0.00426 0.00959
2884.847 -0.00852 0.00107 0.00107
2884.852 -0.00533 -0.00213 0.00000
2884.857 0.00213 -0.00213 -0.00107
2884.862 -0.00426 -0.00213 0.00107
2884.867 0.00959 -0.00213 0.00320
2884.872 -0.00426 0.00213 0.00000
2884.877 -0.00107 0.00000 -0.01065
2884.882 0.00426 0.00107 0.00213
2884.887 -0.01491 0.00852 0.00746
2884.892 0.00320 0.00320 -0.00213
2884.897 0.00107 0.00000 -0.00320
2884.902 -0.00852 0.00107 0.00426
2884.907 -0.00107 -0.01065 0.00107
2884.912 0.00000 -0.00852 0.00213
2884.917 -0.00639 0.00107 0.00213
2884.922 0.01065 -0.00746 0.00000
2884.927 -0.00639 -0.00426 0.00320
2884.932 -0.00852 -0.00426 0.00107
2884.937 0.00107 -0.00852 0.00000
2884.942 0.00107 0.00426 -0.00213
2884.947 0.00639 -0.00426 -0.00320
2884.952 -0.00107 0.00426 -0.00107
2884.957 -0.00213 0.00426 -0.00320
2884.962 0.00320 -0.00426 -0.00533
2884.967 -0.00852 -0.00533 0.00533
2884.972 0.00000 -0.00639 0.00000
2884.977 0.00639 0.00320 0.00959
2884.982 -0.00213 -0.00213 0.00107
2884.987 0.00533 0.00213 -0.01065
2884.992 0.00000 -0.00639 -0.00107
2884.997 -0.01704 0.00426 0.01172
2885.003 0.00107 -0.00533 -0.00533
2885.008 -0.00426 0.00000 -0.00320
2885.013 0.00000 -0.00107 0.00000
2885.018 0.00426 -0.00107 -0.00213
2885.023 -0.00533 -0.00426 -0.00639
2885.028 0.00000 -0.00426 0.00000
2885.033 0.00426 0.00213 -0.00639
2885.038 -0.00746 -0.00533 -0.00213
2885.043 0.00107 -0.00107 0.00426
2885.048 -0.00639 -0.00107 -0.00107
2885.053 0.00320 -0.00213 0.00213
2885.058 -0.01172 -0.00426 0.00000
2885.063 -0.00107 0.00639 -0.00639
2885.068 0.00107 0.00746 0.00320
2885.073 0.00107 0.00852 0.00639
2885.078 -0.01172 -0.00107 0.00533
2885.083 0.00746 0.00213 -0.00639
2885.088 -0.00213 0.00639 -0.00320
2885.093 -0.00213 -0.00213 0.00107
2885.098 -0.00533 0.00000 -0.00107
2885.103 -0.00639 0.00959 -0.00320
2885.108 0.00000 -0.00852 0.00107
2885.113 -0.00426 -0.00533 -0.00320
2885.118 -0.00533 0.00533 -0.00426
2885.123 0.00746 -0.00107 0.00213
2885.128 -0.00746 0.00000 -0.00213
2885.133 -0.00213 -0.00320 -0.00746
2885.138 -0.00426 -0.00320 -0.00426
2885.143 -0.00639 0.00107 0.01065
2885.148 0.00533 -0.00852 -0.00852
2885.153 -0.00213 -0.00320 0.00107
2885.158 -0.00320 -0.00746 0.00639
2885.163 0.00639 -0.00213 0.00213
2885.168 -0.00639 0.00959 0.00426
2885.174 -0.01065 0.00107 -0.00213
2885.179 -0.00533 0.00107 0.00107
2885.184 -0.00426 0.00213 -0.00213
2885.189 -0.00213 -0.00533 -0.00320
2885.194 -0.00639 0.00107 0.00320
2885.199 0.00107 -0.00213 0.01172
2885.204 0.00639 -0.00320 0.00000
2885.209 -0.00959 0.00746 0.00107
2885.214 -0.00320 0.00213 -0.00320
2885.219 0.00320 0.00000 -0.00213
2885.224 -0.01278 0.00320 -0.00320
2885.229 0.00107 -0.00213 0.00320
2885.234 -0.00213 0.00107 0.01172
2885.239 -0.00107 0.00213 0.00320
2885.244 0.00746 0.00959 -0.00533
2885.249 -0.00639 0.00213 -0.00107
2885.254 -0.00959 -0.01172 0.00533
2885.259 -0.00213 0.00000 0.00639
2885.264 -0.00426 -0.00107 0.00852
2885.269 0.00000 -0.00213 0.00426
2885.274 -0.00426 0.00959 -0.00533
2885.279 0.00320 -0.00959 0.00746
2885.284 0.00213 -0.00107 0.00213
2885.289 -0.00107 -0.01065 -0.00107
2885.294 -0.00320 -0.00746 0.00000
2885.299 -0.00320 0.00107 0.00639
2885.305 -0.01172 0.00320 -0.00746
2885.310 0.00426 0.00213 -0.00852
2885.315 -0.00852 -0.00533 0.00959
2885.320 0.00107 -0.00320 -0.00107
2885.325 0.01065 0.00639 -0.00107
2885.330 -0.00639 -0.00852 0.00213
2885.335 0.00426 0.00320 -0.00746
2885.340 -0.00533 -0.00320 0.00426
2885.345 -0.00746 -0.01065 -0.00426
2885.350 -0.00959 0.00320 0.00000
2885.355 -0.00107 -0.00746 -0.00107
2885.360 0.00852 -0.00426 0.00213
2885.365 -0.00107 0.00426 -0.00533
2885.370 -0.00533 -0.00320 -0.00746
2885.375 -0.00107 -0.00213 0.00000
2885.380 -0.00213 -0.00107 0.00533
2885.385 0.01065 0.00746 0.00320
2885.390 -0.00107 -0.00533 -0.00639
2885.395 -0.00746 -0.00320 -0.00533
2885.400 0.00852 -0.00852 0.00000
2885.405 -0.00959 0.00000 -0.00107
2885.410 0.00107 -0.00213 0.00213
2885.415 -0.00533 -0.00533 -0.00213
2885.420 -0.00746 -0.00213 0.00639
2885.425 0.00213 -0.01704 -0.00533
2885.430 -0.00320 0.00426 -0.00213
2885.435 -0.01172 -0.00746 0.00426
2885.440 0.01278 -0.00639 0.00852
2885.445 -0.01065 0.00533 -0.00426
2885.450 0.00533 -0.00320 -0.00213
2885.455 -0.00320 0.00959 0.00426
2885.460 0.00320 -0.00426 -0.00320
2885.465 -0.00533 -0.00320 0.00213
2885.470 -0.00746 0.00107 -0.00213
2885.476 -0.00107 -0.01065 -0.00426
2885.481 -0.00426 0.00320 -0.00107
2885.486 -0.00426 -0.00107 -0.00107
2885.491 0.00000 -0.00852 -0.00426
2885.496 -0.00213 0.00639 -0.00426
2885.501 0.01278 0.00107 0.00107
2885.506 0.00320 0.00426 0.00213
2885.511 -0.00959 -0.00533 0.00320
2885.516 0.00533 -0.00533 0.00320
2885.521 -0.00426 0.00533 -0.00639
2885.526 0.00213 -0.00426 0.00426
2885.531 0.00959 -0.00320 0.00639
2885.536 -0.00533 -0.01065 0.00213
2885.541 0.00533 0.00000 0.00320
2885.546 -0.00639 -0.00107 -0.00320
2885.551 -0.00852 -0.00213 0.00107
2885.556 0.00320 -0.00426 -0.00213
2885.561 -0.00426 -0.00213 0.00000
2885.566 -0.00320 0.00213 -0.00107
2885.571 -0.00639 -0.00746 -0.00107
2885.576 0.01491 0.00000 0.00213
2885.581 0.00000 -0.00426 0.00426
2885.586 -0.01172 -0.00107 -0.00533
2885.591 -0.00107 -0.00639 0.00852
2885.596 -0.00426 0.00852 0.00107
2885.601 -0.00533 0.00426 -0.00213
2885.606 -0.00213 -0.00213 0.00107
2885.611 -0.00107 0.01172 -0.00320
2885.616 0.00213 -0.00320 0.00000
2885.621 -0.00426 0.00213 -0.00213
2885.626 0.00107 -0.00320 0.00107
2885.631 0.00213 -0.00746 -0.00320
2885.637 -0.00426 -0.00213 -0.00213
2885.642 0.00000 -0.00426 0.00107
2885.647 -0.00213 0.01385 0.00107
2885.652 -0.00959 0.00320 0.00107
2885.657 0.00852 -0.00639 -0.00426
2885.662 -0.00852 0.00000 -0.01385
2885.667 -0.00107 -0.00320 -0.00320
2885.672 0.01172 -0.01278 0.00320
2885.677 -0.00639 -0.00107 -0.01065
2885.682 0.00000 -0.00852 0.00000
2885.687 -0.01065 0.00426 0.00107
2885.692 -0.00107 0.00426 -0.00533
2885.697 -0.00213 -0.00213 0.00320
2885.702 -0.00320 0.00213 0.00426
2885.707 0.00746 -0.00533 -0.00639
2885.712 0.00000 0.00107 -0.00639
2885.717 0.00426 0.00320 -0.00746
2885.722 -0.00107 -0.00213 0.00959
2885.727 -0.01172 0.00320 -0.00639
2885.732 0.00426 0.00107 -0.00213
2885.737 -0.00107 -0.00320 0.00639
2885.742 -0.00320 -0.00320 0.00107
2885.747 0.00107 0.00000 -0.00107
2885.752 -0.00746 0.00320 -0.00533
2885.757 -0.00107 -0.00426 -0.00107
2885.762 -0.00320 0.00426 -0.00852
2885.767 -0.00320 -0.00426 -0.00107
2885.772 -0.00426 -0.00533 0.00320
2885.778 -0.00533 0.00213 -0.00533
2885.782 0.00533 -0.00533 0.00107
2885.788 -0.00852 0.00107 -0.00320
2885.793 -0.00107 -0.00107 0.00000
2885.798 0.00852 -0.00533 -0.00639
2885.803 -0.00320 0.00426 0.00639
2885.808 0.01065 0.00213 0.00639
2885.813 -0.00320 -0.00426 -0.00426
2885.818 0.00000 -0.00426 -0.00533
2885.823 0.00426 0.00107 0.00107
2885.828 -0.00533 0.00107 0.00213
2885.833 -0.00426 0.00213 0.00000
2885.838 0.00000 0.00533 -0.00107
2885.843 -0.00533 0.00000 0.00000
2885.848 -0.00746 0.00213 0.00000
2885.853 -0.00213 0.00213 0.00533
2885.858 0.00000 -0.00533 0.00213
2885.863 -0.00639 -0.00107 0.00320
2885.868 0.00213 0.00000 -0.00107
2885.873 -0.00426 -0.00533 0.00533
2885.878 -0.00320 0.00852 0.00426
2885.883 0.00320 0.00320 0.00107
2885.888 -0.00320 -0.00213 0.00213
2885.893 -0.00639 0.00000 -0.00107
2885.898 -0.00107 -0.00959 0.00213
2885.903 -0.00746 0.00959 -0.00426
2885.908 -0.00320 -0.00107 0.00320
2885.913 -0.00213 0.00533 -0.01172
2885.918 -0.00639 -0.00639 0.00213
2885.923 0.00213 -0.01278 0.00959
2885.928 -0.00852 0.00533 -0.00320
2885.933 0.00213 -0.00533 -0.00213
2885.938 -0.00639 0.00533 -0.00320
2885.943 -0.00852 0.00107 -0.00533
2885.949 0.00320 -0.00639 0.00000
2885.954 -0.01917 0.00533 -0.00107
2885.959 -0.00107 0.00000 -0.00213
2885.964 0.00107 0.00852 0.00000
2885.969 -0.00320 -0.00746 0.00959
2885.974 0.00959 0.01065 0.00213
2885.979 -0.00533 0.00959 0.00213
2885.984 0.00000 -0.00852 0.00107
2885.989 -0.00639 -0.00107 -0.00107
2885.994 0.00213 0.00000 0.00320
2885.999 0.00320 -0.00107 0.00320
2886.004 -0.01065 -0.00320 -0.00639
2886.009 0.00639 -0.01065 0.00107
2886.014 -0.01065 0.00320 -0.00107
2886.019 0.00213 -0.00639 0.00000
2886.024 0.00107 -0.00533 0.00426
2886.029 -0.00959 0.00426 0.00107
2886.034 -0.00107 -0.00746 -0.00639
2886.039 -0.01172 0.00107 0.00320
2886.044 -0.00107 -0.00746 -0.00107
2886.049 0.00213 0.00639 0.00213
2886.054 -0.00852 0.00426 0.00107
2886.059 0.00213 -0.00959 -0.00959
2886.064 -0.00533 0.00000 -0.00107
2886.069 -0.00107 -0.00426 -0.00213
2886.074 -0.00852 -0.00213 0.00213
2886.079 -0.00426 -0.00213 -0.00639
2886.084 0.00000 -0.00426 -0.00213
2886.089 -0.00426 -0.00852 0.00107
2886.094 0.00107 -0.00533 0.00746
2886.099 -0.00426 0.00320 -0.00107
2886.104 -0.00107 -0.00426 -0.00852
2886.110 0.00320 -0.00213 -0.00320
2886.114 -0.00320 0.00213 0.00320
2886.120 -0.00533 -0.01065 -0.00107
2886.125 -0.01065 -0.00533 0.00213
2886.130 -0.00107 0.00426 -0.00852
2886.135 0.00213 -0.01172 -0.00426
2886.140 -0.00639 -0.00959 0.00320
2886.145 0.00426 -0.00213 0.00107
2886.150 -0.01065 0.00000 -0.00533
2886.155 0.00533 0.00426 -0.00533
2886.160 -0.00107 -0.00639 -0.01065
2886.165 -0.00107 0.00426 -0.00426
2886.170 0.00213 -0.00107 0.00213
2886.175 -0.00426 0.00533 -0.00213
2886.180 0.00000 -0.00107 0.00107
2886.185 0.01065 0.00000 0.00426
2886.190 -0.01172 0.00213 0.00320
2886.195 0.00320 -0.00639 -0.00426
2886.200 -0.00320 -0.01065 -0.00213
2886.205 0.00533 -0.00426 0.00213
2886.210 0.00107 0.00107 -0.00320
2886.215 -0.00959 0.00000 -0.00107
2886.220 0.00000 -0.00746 0.00000
2886.225 -0.00320 0.00639 0.00639
2886.230 0.00320 -0.00107 0.00107
2886.235 -0.00746 -0.00426 0.00426
2886.240 -0.00213 -0.00426 -0.00639
2886.245 -0.00426 0.00213 -0.00746
2886.250 -0.00639 -0.00320 -0.00320
2886.255 0.00000 -0.00852 -0.00533
2886.260 -0.00213 -0.00533 -0.00639
2886.265 0.00320 -0.00746 -0.00639
2886.271 0.00746 -0.00213 -0.00107
2886.276 -0.00320 0.00000 -0.00639
2886.285 -0.00107 -0.00107 0.00320
2886.290 -0.00213 0.00213 0.00107
2886.295 -0.00533 -0.00320 -0.01385
2886.300 -0.00213 0.00852 -0.00213
2886.305 -0.01065 -0.00959 0.00320
2886.310 0.00426 0.00533 0.00107
2886.315 -0.00320 0.00107 -0.00852
2886.320 0.01065 -0.00320 0.00320
2886.325 -0.00320 0.00426 -0.00320
2886.330 -0.00107 -0.00639 0.01065
2886.335 -0.00107 -0.01278 0.00426
2886.341 0.00107 -0.00107 -0.01065
2886.346 0.00533 -0.01704 -0.00426
2886.351 -0.00213 0.00533 0.00107
2886.356 -0.00533 -0.00213 0.00107
2886.361 -0.00213 -0.00320 -0.00426
2886.366 0.00107 0.00107 -0.00320
2886.371 -0.00107 -0.00107 0.00426
2886.376 0.00213 0.00426 -0.00107
2886.381 0.00320 0.00746 0.00107
2886.386 -0.00533 0.00426 0.00107
2886.391 0.00959 -0.00639 -0.00213
2886.396 -0.00107 0.00213 -0.00746
2886.401 0.00107 0.00213 0.00320
2886.406 0.00533 0.00107 -0.00213
2886.411 -0.00426 0.00213 0.00320
2886.416 -0.00107 -0.01491 -0.00426
2886.421 0.00320 -0.00852 -0.00852
2886.426 -0.00426 0.00000 0.00533
2886.431 0.00320 0.00533 -0.00426
2886.436 0.00320 -0.00107 -0.00533
2886.441 0.00000 -0.00107 -0.01172
2886.446 -0.01065 -0.00213 -0.00213
2886.451 -0.00639 0.01172 -0.00426
2886.456 0.00000 -0.01172 -0.00639
2886.461 -0.00639 -0.00426 -0.00213
2886.466 -0.00107 -0.00107 0.00107
2886.471 0.00107 -0.00533 0.00000
2886.476 -0.00107 0.00000 0.00320
2886.481 0.00426 0.00000 -0.00533
2886.486 -0.00426 0.00426 0.00000
2886.491 -0.00320 -0.01172 -0.00533
2886.496 0.00000 0.00959 -0.00746
2886.501 0.00746 -0.00639 0.00639
2886.506 -0.00533 -0.00320 0.00107
2886.511 -0.00107 -0.01065 -0.00746
2886.516 -0.00426 -0.00320 0.00533
2886.521 -0.00213 -0.00320 -0.00320
2886.526 0.00852 0.00000 -0.00320
2886.531 -0.00533 -0.00213 0.00000
2886.536 -0.00426 -0.00320 0.00320
2886.541 -0.00639 -0.00107 0.00959
2886.546 -0.00320 -0.00852 0.00533
2886.551 0.00320 0.00000 0.01598
2886.556 -0.02237 -0.01172 0.00000
2886.561 0.00107 -0.01278 -0.00533
2886.566 0.00426 0.00213 -0.00213
2886.571 -0.00746 -0.00213 0.00320
2886.576 -0.00213 -0.00320 -0.00320
2886.581 0.00107 -0.00533 -0.00320
2886.586 -0.00533 -0.00426 -0.00213
2886.591 0.00533 -0.00213 0.00213
2886.596 0.00107 0.00213 -0.00320
2886.602 -0.00426 -0.00426 0.00426
2886.607 0.00959 -0.00426 -0.00107
2886.611 -0.00320 0.00852 -0.00213
2886.616 -0.00959 -0.00639 -0.00213
2886.621 0.00426 0.00426 0.00000
2886.626 -0.00639 0.00746 0.00639
2886.631 -0.00107 -0.00639 0.00320
2886.636 0.00320 0.00639 0.00107
2886.641 0.00000 -0.00320 0.00213
2886.646 0.00107 0.00000 -0.01385
2886.651 0.00639 0.00107 -0.00746
2886.656 0.00959 -0.00320 -0.00852
2886.661 0.00426 -0.00746 -0.00639
2886.666 -0.00533 0.00000 -0.00639
2886.671 0.00959 -0.00639 0.00426
2886.676 -0.00639 -0.00107 0.00426
2886.681 -0.00320 0.00639 -0.00320
2886.686 -0.00746 -0.00107 -0.00852
2886.691 -0.00107 0.00533 0.00533
2886.696 -0.00746 0.00107 0.00533
2886.702 0.00426 0.00213 -0.00639
2886.707 -0.00533 0.00000 0.00959
2886.711 0.00533 -0.00639 -0.00320
2886.716 -0.00213 0.00959 0.00426
2886.721 -0.00959 -0.00213 -0.00107
2886.726 0.00000 -0.00107 -0.00746
2886.731 0.00426 -0.00107 0.00320
2886.736 0.00213 0.00320 -0.00320
2886.741 -0.01172 -0.00639 0.00746
2886.746 -0.00320 -0.00426 -0.00107
2886.751 -0.00852 -0.00320 -0.00426
2886.756 -0.00746 0.00000 -0.00533
2886.761 -0.00746 0.00213 0.00000
2886.766 0.00107 0.00000 -0.00426
2886.771 0.00000 -0.00107 -0.00639
2886.776 -0.00107 -0.00320 -0.01065
2886.782 0.00107 -0.00852 0.00000
2886.787 0.00852 -0.00107 0.00000
2886.792 -0.00746 -0.00107 -0.00426
2886.797 -0.00959 -0.00107 -0.00320
2886.802 -0.00426 -0.01065 0.00107
2886.807 -0.00746 0.00320 -0.00320
2886.811 0.00320 -0.00533 -0.00213
2886.816 0.00426 0.00213 -0.01172
2886.821 -0.00107 -0.00639 0.00426
2886.826 -0.00746 -0.00320 0.00000
2886.831 0.00107 0.00320 -0.00426
2886.836 -0.00533 -0.00107 -0.00213
2886.841 -0.00213 0.00000 0.00959
2886.846 -0.00533 -0.00320 0.00107
2886.852 -0.00746 -0.00320 0.00000
2886.857 0.00000 -0.00213 0.00320
2886.862 0.00213 -0.00107 0.00746
2886.867 -0.00959 0.01385 0.00000
2886.872 -0.00639 0.00000 -0.00426
2886.877 0.00107 -0.00639 0.00426
2886.882 0.00107 0.00213 -0.00213
2886.887 -0.00107 0.00000 -0.00213
2886.892 0.00000 -0.00639 0.00533
2886.897 0.01065 0.00959 -0.00107
2886.902 0.00213 -0.00959 -0.00320
2886.907 -0.00107 -0.00320 0.00107
2886.912 0.00320 0.00000 0.00107
2886.916 -0.00746 -0.00320 -0.00107
2886.922 0.00320 0.00320 -0.00426
2886.927 0.00107 -0.00320 0.00533
2886.932 -0.00320 -0.00639 -0.00426
2886.937 -0.00426 -0.00107 -0.00213
2886.942 -0.00320 -0.00320 0.00426
2886.947 -0.00533 -0.00213 -0.00107
2886.952 -0.00533 0.00639 0.00213
2886.957 0.00213 -0.00533 0.00213
2886.962 -0.00639 -0.00320 -0.00533
2886.967 -0.00320 -0.00639 -0.00213
2886.972 -0.00320 -0.00852 0.00320
2886.977 -0.00426 0.00852 0.00000
2886.982 -0.00533 0.00533 0.00533
2886.987 -0.00959 -0.00533 -0.00533
2886.992 0.00213 -0.01598 0.00000
2886.997 -0.00639 -0.00107 0.00852
2887.002 -0.00639 -0.00852 0.00320
2887.007 0.00533 -0.00426 0.00213
2887.011 0.00320 0.00213 0.00533
2887.016 0.00000 0.00107 -0.00959
2887.022 -0.00426 -0.00320 -0.00320
2887.027 -0.00320 0.00000 -0.00426
2887.032 -0.01491 -0.00426 0.00533
2887.037 -0.00959 0.00426 -0.00320
2887.042 -0.00107 -0.00320 0.00107
2887.047 0.00213 0.00320 0.00426
2887.052 0.00320 0.00320 0.00107
2887.057 -0.00213 -0.00959 0.00000
2887.062 0.00107 -0.00426 -0.00107
2887.067 -0.00959 -0.00320 -0.00320
2887.072 -0.00852 0.00000 0.00107
2887.077 -0.00426 -0.00320 0.00107
2887.082 -0.00533 0.00426 0.00852
2887.087 0.00533 -0.00213 -0.00107
2887.092 -0.00426 -0.00320 0.00000
2887.097 -0.00426 0.00107 -0.00107
2887.102 -0.00107 0.00533 0.00320
2887.107 -0.00639 0.00000 0.00000
2887.112 0.00213 -0.00746 0.00213
2887.117 0.00000 -0.00213 -0.00746
2887.122 -0.00852 -0.00959 -0.00746
2887.127 -0.00426 -0.00213 -0.00107
2887.132 -0.00320 0.00107 0.00320
2887.137 0.00213 -0.00426 -0.00639
2887.142 -0.00426 -0.00320 -0.00320
2887.147 -0.00213 0.00000 -0.00107
2887.152 0.00107 -0.00426 0.00213
2887.157 -0.00320 0.00107 0.00107
2887.162 -0.00213 0.00213 -0.00533
2887.167 0.00107 -0.00320 0.00213
2887.172 0.00426 -0.00213 0.00107
2887.177 0.01704 0.00320 -0.00533
2887.182 -0.00320 0.00000 -0.00426
2887.187 -0.00426 -0.01278 -0.00533
2887.192 -0.00426 -0.00852 -0.00213
2887.197 0.00213 0.00107 -0.01278
2887.202 0.00000 -0.00746 0.00426
2887.207 -0.00533 -0.00213 0.00213
2887.212 -0.00533 -0.00533 -0.00107
2887.217 -0.00852 -0.00533 -0.00213
2887.222 0.00000 -0.00746 -0.00426
2887.227 -0.01704 -0.00426 -0.00852
2887.232 -0.00639 -0.00533 -0.00213
2887.237 -0.00852 -0.01172 0.00426
2887.242 0.00213 -0.00639 0.00000
2887.247 -0.00639 0.00000 -0.00320
2887.252 -0.00533 -0.00213 0.00107
2887.257 -0.00639 0.00107 0.00107
2887.262 -0.00107 -0.00852 -0.00533
2887.267 0.00000 -0.00852 0.00000
2887.272 -0.00426 0.00533 0.01385
2887.277 -0.00320 0.00107 -0.00639
2887.282 -0.00959 -0.00746 0.00000
2887.287 -0.00107 -0.00639 0.00213
2887.292 0.00107 0.00213 0.00213
2887.297 -0.00213 -0.00746 0.00107
2887.302 -0.00213 0.00000 0.00213
2887.307 0.00000 0.00852 0.00320
2887.312 -0.00213 0.00426 -0.00959
2887.317 -0.00213 -0.00213 -0.00533
2887.322 0.00639 -0.00426 0.00320
2887.327 0.00000 0.00426 -0.00213
2887.332 -0.00320 0.00426 0.00000
2887.337 -0.00426 -0.00320 0.00000
2887.342 -0.00639 -0.01278 -0.00852
2887.347 -0.00107 -0.00746 -0.00320
2887.352 -0.00533 -0.00107 -0.00213
2887.357 0.00533 0.00533 0.00107
2887.362 -0.00426 -0.00320 0.00107
2887.367 -0.00639 0.00959 0.00000
2887.372 0.00320 0.00107 0.01065
2887.377 -0.00533 -0.00107 -0.00213
2887.382 0.00107 0.00000 -0.00107
2887.387 -0.00426 -0.00107 0.00320
2887.392 0.00000 0.00426 0.00000
2887.397 -0.00107 0.00213 0.00426
2887.403 -0.00426 0.00213 -0.01172
2887.407 0.00000 -0.00107 0.00746
2887.412 0.00000 -0.00959 -0.00426
2887.417 -0.00639 -0.00213 0.00320
2887.422 -0.00533 0.00213 0.00959
2887.427 0.00533 -0.00426 0.00107
2887.432 0.00213 0.00320 -0.00320
2887.437 -0.00533 0.00533 0.00107
2887.442 -0.00533 -0.00107 -0.00746
2887.447 0.00746 0.00320 0.00107
2887.452 0.00000 0.00639 0.00107
2887.457 -0.00107 0.00213 0.00000
2887.463 0.00213 0.00107 -0.00213
2887.467 -0.00213 0.00213 0.00639
2887.473 -0.00213 0.00320 0.00746
2887.478 -0.00107 -0.00107 0.00533
2887.483 -0.00746 0.00320 0.00426
2887.488 -0.00426 -0.00426 0.00320
2887.493 0.00213 -0.00959 0.00852
2887.498 -0.00320 0.00213 -0.00320
2887.503 -0.00320 -0.00639 0.00213
2887.508 0.00107 -0.00852 0.00746
2887.513 -0.00746 0.00852 0.00426
2887.517 -0.00639 -0.00213 -0.00426
2887.523 -0.01065 0.00000 0.00000
2887.528 0.00533 0.00426 -0.00320
2887.533 -0.00426 0.00213 -0.00107
2887.538 -0.00746 0.00213 0.00000
2887.543 -0.00213 -0.00107 -0.00107
2887.548 -0.00426 -0.00320 -0.00320
2887.553 0.00000 -0.00426 0.00000
2887.558 -0.00107 -0.00320 -0.00320
2887.563 -0.01065 -0.00852 0.00533
2887.568 0.00107 -0.00213 0.00000
2887.573 -0.00959 -0.00959 0.00000
2887.578 -0.00746 0.00107 -0.00213
2887.583 -0.00639 -0.00533 0.00213
2887.588 -0.00107 -0.00959 -0.00533
2887.593 0.00107 0.00320 -0.00639
2887.598 -0.00320 -0.00959 -0.00852
2887.603 0.00533 -0.00320 0.00639
2887.608 0.00000 -0.00320 -0.00213
2887.613 0.00426 0.00213 0.00107
2887.618 -0.00852 0.00000 0.00746
2887.623 0.01065 0.00000 0.00107
2887.628 -0.00320 -0.00320 -0.00320
2887.633 0.00000 0.00000 -0.00213
2887.638 -0.00213 0.00639 0.00639
2887.643 0.00213 -0.00213 -0.00213
2887.648 0.00320 0.00533 0.00000
2887.653 0.00107 -0.00426 0.00320
2887.658 -0.00639 -0.00213 0.00107
2887.663 0.00000 -0.00426 -0.00426
2887.668 0.00107 -0.00107 0.00533
2887.673 -0.00426 0.00000 -0.00213
2887.678 -0.00107 -0.00639 -0.00426
2887.683 -0.00426 -0.00639 -0.00320
2887.688 -0.00107 0.00533 0.00639
2887.693 0.00320 -0.00959 0.00000
2887.698 -0.00746 -0.00426 0.00107
2887.703 -0.00213 0.00639 0.00000
2887.708 0.00746 -0.00213 -0.00213
2887.713 -0.00426 0.00746 -0.00639
2887.718 0.00000 0.00639 -0.00746
2887.723 0.00426 -0.01065 -0.00639
2887.728 0.00107 -0.00107 -0.00533
2887.733 -0.00746 -0.00426 0.00320
2887.738 0.00852 0.00746 0.00000
2887.743 -0.00533 -0.00107 -0.00320
2887.748 -0.00746 0.00000 -0.00852
2887.753 0.00320 -0.00533 -0.00426
2887.758 0.00000 -0.00107 0.00639
2887.763 -0.00213 0.00426 0.00426
2887.768 0.00639 -0.00213 0.00107
2887.773 -0.00639 -0.00426 0.00746
2887.778 -0.00107 -0.00852 -0.00533
2887.783 0.00320 0.00000 0.00533
2887.788 -0.00213 0.00959 -0.00320
2887.793 -0.00746 0.00533 -0.00107
2887.798 0.00320 -0.00107 -0.00320
2887.803 0.01172 -0.00107 0.00213
2887.808 -0.00213 0.00852 0.00213
2887.813 -0.00426 -0.00426 -0.00107
2887.818 -0.00533 -0.00107 -0.00639
2887.823 0.00213 -0.00107 -0.00852
2887.828 0.00107 -0.00213 0.00213
2887.833 -0.00533 -0.00426 -0.00107
2887.838 -0.00639 -0.00320 -0.00213
2887.843 -0.00320 -0.00639 -0.00213
2887.848 -0.00426 0.00000 0.00107
2887.853 -0.00746 -0.00639 0.00107
2887.858 -0.00107 -0.00107 -0.00213
2887.863 -0.00639 -0.00959 0.00107
2887.868 -0.00107 -0.01385 0.00746
2887.873 -0.00320 -0.00213 -0.00320
2887.878 -0.00852 -0.00746 -0.00107
2887.883 0.00746 -0.00533 0.00746
2887.888 0.00107 -0.00320 -0.00320
2887.893 -0.00533 -0.00107 0.00533
2887.898 0.00426 -0.00746 0.00320
2887.903 0.00746 0.00852 -0.00852
2887.908 -0.00533 0.00107 -0.00213
2887.916 -0.00213 0.00000 -0.00746
2887.921 0.00107 0.00320 0.00107
2887.926 0.00107 0.00426 -0.00320
2887.931 0.00852 0.01065 0.00639
2887.936 0.00320 0.00426 -0.00426
2887.941 -0.00213 -0.00533 -0.00213
2887.946 0.00426 -0.00639 -0.00320
2887.951 -0.00533 -0.00320 0.00320
2887.956 0.00000 -0.01385 0.00746
2887.961 -0.00320 -0.00320 0.00000
2887.966 -0.00107 -0.00852 0.00426
2887.971 -0.00426 -0.01065 0.00639
2887.976 -0.00959 -0.00639 0.00533
2887.981 0.00213 -0.01065 -0.00320
2887.986 -0.00213 -0.00533 -0.00213
2887.991 -0.00320 0.00000 0.00320
2887.996 -0.00320 -0.00107 0.00320
2888.001 0.00000 -0.00639 -0.00639
2888.006 0.00320 -0.00213 0.00320
2888.011 0.00000 -0.00639 -0.00107
2888.016 0.00000 -0.00320 0.00213
2888.021 -0.01065 0.00426 0.00533
2888.026 0.00852 -0.00533 0.00533
2888.031 -0.00107 0.00959 0.00639
2888.036 -0.00746 -0.00426 0.00107
2888.041 -0.00426 0.00107 -0.00639
2888.046 0.00000 -0.00107 0.00639
2888.051 -0.00426 -0.01278 0.00213
2888.057 -0.00213 0.00107 0.00426
2888.062 -0.00533 0.00320 -0.00426
2888.067 -0.00746 -0.00107 0.00000
2888.072 -0.00639 -0.00852 -0.00746
2888.077 -0.01172 -0.00533 -0.00107
2888.082 -0.00533 0.00213 -0.00320
2888.087 -0.00746 -0.00107 0.00107
2888.092 -0.00533 -0.00213 -0.00533
2888.097 -0.00320 0.00000 0.00213
2888.102 -0.00746 -0.00320 0.00107
2888.107 -0.01172 -0.00320 -0.00639
2888.112 -0.01385 0.00213 0.00107
2888.117 -0.00107 0.00000 -0.00639
2888.122 0.00213 0.00320 0.00000
2888.127 -0.00533 -0.00852 0.00107
2888.132 0.00000 -0.00213 0.00639
2888.137 -0.00426 -0.00426 -0.00107
2888.142 -0.00852 -0.00533 -0.00213
2888.147 0.01491 0.00213 -0.00107
2888.152 0.00000 0.00213 0.00639
2888.157 -0.00107 0.01385 0.00213
2888.162 -0.00320 -0.00959 -0.00107
2888.167 -0.00107 -0.00320 0.00426
2888.172 -0.00426 0.00000 0.00426
2888.177 -0.00320 -0.00320 0.00533
2888.182 0.00107 0.00107 -0.00639
2888.187 0.00107 -0.00426 -0.00107
2888.192 -0.00746 0.00426 -0.00533
2888.197 -0.00533 -0.00320 0.00320
2888.202 -0.00426 -0.00746 0.00213
2888.207 0.00107 0.00213 -0.00213
2888.212 -0.00213 -0.01065 -0.00213
2888.218 -0.00426 -0.00639 -0.00320
2888.223 -0.00107 -0.00639 0.00852
2888.228 -0.00639 -0.00426 -0.00320
2888.233 0.00533 -0.00533 -0.00107
2888.238 0.00213 0.00852 -0.00852
2888.243 0.01172 -0.00320 0.00320
2888.248 -0.02024 -0.00639 0.00107
2888.253 0.00426 0.00426 -0.00107
2888.258 -0.00533 -0.00639 -0.00746
2888.263 -0.00213 -0.00639 0.00852
2888.268 0.00639 0.00000 0.00107
2888.273 -0.00426 -0.00426 -0.00213
2888.278 -0.01065 -0.00213 0.00000
2888.283 -0.00746 -0.00213 -0.01278
2888.288 -0.01385 -0.00107 -0.00533
2888.293 0.00320 0.00320 -0.00426
2888.298 0.00107 -0.00533 -0.00107
2888.303 -0.00533 0.00000 0.00107
2888.308 0.00320 0.00746 0.00107
2888.313 -0.00320 0.00320 0.00533
2888.318 0.00107 0.00000 0.00426
2888.323 0.00000 0.00426 0.00107
2888.328 0.00533 -0.00746 -0.00213
2888.333 -0.00320 -0.00213 0.00000
2888.338 -0.00107 0.00852 0.00959
2888.343 -0.00320 0.00107 0.00213
2888.348 -0.00426 0.00213 0.00320
2888.353 -0.00533 -0.00320 0.00426
2888.358 0.00000 -0.00213 0.00000
2888.363 -0.00213 -0.00320 0.00533
2888.368 -0.00426 0.00107 0.00426
2888.373 -0.00746 -0.00426 0.00320
2888.378 -0.00852 -0.00213 -0.00320
2888.383 -0.00320 0.01172 0.00320
2888.388 0.00320 -0.00852 0.00000
2888.393 -0.00320 -0.00533 -0.00639
2888.398 -0.00533 0.00320 -0.00320
2888.403 -0.00426 -0.00213 0.00533
2888.409 -0.00107 0.00107 -0.00213
2888.413 0.00000 -0.00107 0.00000
2888.419 -0.00320 0.00107 0.00320
2888.424 0.00000 -0.00746 -0.00107
2888.429 -0.00533 0.00000 -0.00320
2888.434 -0.00320 -0.00533 -0.00746
2888.439 -0.01491 -0.01172 -0.00852
2888.444 -0.00533 0.00533 -0.00533
2888.449 0.00746 -0.00426 0.00639
2888.454 -0.00852 0.00107 -0.00107
2888.459 0.00000 -0.00320 0.00107
2888.464 -0.00213 0.00000 -0.00639
2888.469 0.00426 -0.00426 0.00533
2888.474 -0.00320 -0.00107 -0.00426
2888.479 -0.00426 -0.00213 -0.00213
2888.484 -0.00213 -0.00533 -0.00213
2888.489 -0.00533 -0.00426 0.00639
2888.494 0.00213 -0.00213 0.00213
2888.499 -0.00213 0.00000 -0.00320
2888.504 -0.00852 -0.00533 -0.01065
2888.509 0.00746 -0.00213 0.00852
2888.514 -0.00639 0.00000 0.01491
2888.519 -0.00213 0.00852 -0.00746
2888.524 0.00000 -0.00213 0.00533
2888.530 -0.00426 -0.00746 -0.00107
2888.535 0.00533 -0.00533 -0.00107
2888.540 -0.00852 -0.00107 0.00000
2888.545 -0.00213 -0.00959 0.00000
2888.550 -0.00746 -0.00213 -0.00213
2888.555 0.00107 -0.00320 -0.00213
2888.560 -0.01065 -0.00213 -0.00959
2888.565 -0.01172 -0.00639 -0.00320
2888.570 -0.00533 -0.00426 0.00000
2888.575 -0.00426 0.00107 0.00000
2888.580 -0.00320 -0.00852 0.00000
2888.585 0.00000 -0.00959 -0.00533
2888.590 -0.00107 0.00746 0.00000
2888.595 0.01278 -0.00213 0.01172
2888.600 -0.01385 0.00000 0.00213
2888.605 -0.00320 -0.00426 0.00639
2888.610 0.00426 -0.00213 0.00000
2888.615 -0.00746 0.00959 -0.00639
2888.620 0.00107 0.00320 0.00000
2888.625 0.00320 0.00852 0.00746
2888.630 -0.00213 -0.00639 0.00213
2888.635 -0.00426 0.00213 -0.00426
2888.640 -0.00746 -0.00959 0.00107
2888.645 0.00959 -0.00320 0.00320
2888.650 0.00320 0.00320 0.00000
2888.655 -0.00213 0.00107 0.00107
2888.660 -0.00533 -0.00639 0.00746
2888.665 -0.00426 -0.00746 0.00320
2888.670 -0.00320 -0.00533 -0.00746
2888.675 -0.00426 0.00426 -0.00107
2888.680 0.00639 0.00000 0.00213
2888.685 -0.00852 0.00107 -0.00107
2888.691 0.00320 -0.00320 0.00107
2888.696 0.00000 -0.00320 -0.00426
2888.701 -0.00107 -0.00533 -0.00320
2888.706 -0.00320 -0.00213 0.00213
2888.711 0.00213 -0.00320 -0.00213
2888.716 -0.00426 -0.00320 -0.00959
2888.721 0.00639 -0.00107 0.00320
2888.726 -0.00426 -0.00533 -0.00426
2888.731 -0.00107 -0.00533 0.00213
2888.736 0.00533 -0.00320 0.00852
2888.741 -0.00107 0.00000 -0.00213
2888.746 -0.00426 0.00107 -0.00107
2888.751 0.00426 -0.00852 -0.00426
2888.756 0.00107 -0.01172 -0.00213
2888.761 -0.00320 -0.00746 0.00000
2888.766 0.00213 -0.00320 0.00107
2888.771 0.00959 -0.00426 -0.00852
2888.776 -0.00107 -0.00426 -0.00746
2888.781 0.00426 -0.01172 -0.01278
2888.786 -0.00639 -0.01065 0.00320
2888.791 0.00320 0.00107 0.00000
2888.796 -0.00320 -0.00639 0.00320
2888.801 -0.00533 -0.00107 0.00107
2888.806 -0.00746 -0.01065 -0.00320
2888.811 -0.00107 0.00746 -0.00213
2888.816 0.00746 0.00000 0.00426
2888.821 -0.00107 0.00107 0.01065
2888.826 0.00000 0.00107 -0.00426
2888.831 0.00107 -0.01278 -0.00213
2888.836 0.00000 0.00000 -0.00107
2888.842 -0.00426 0.00000 -0.00213
2888.846 -0.00320 -0.00426 -0.00639
2888.852 0.00107 -0.00639 -0.00959
2888.857 -0.00107 -0.00639 0.00213
2888.862 0.01065 0.00426 0.00959
2888.867 -0.00852 -0.01278 0.00639
2888.872 -0.00320 -0.00639 -0.00639
2888.877 -0.00320 -0.00852 -0.00213
2888.882 -0.00746 -0.00426 0.00213
2888.887 0.00533 0.00000 0.00746
2888.892 -0.00746 0.00107 0.00213
2888.897 0.00000 -0.00639 0.00213
2888.902 0.00000 -0.00320 0.00107
2888.907 -0.00852 0.00000 -0.00959
2888.912 -0.00533 0.00533 0.00000
2888.917 -0.00426 -0.00213 0.00213
2888.922 0.00213 0.00320 -0.00533
2888.927 0.00107 -0.00320 0.00107
2888.932 -0.00426 0.00639 -0.00852
2888.937 0.00213 0.00533 0.00320
2888.942 -0.00320 -0.00107 0.00426
2888.947 -0.00320 0.00000 -0.00426
2888.952 -0.01278 -0.00213 -0.00213
2888.957 0.00852 0.00320 -0.00107
2888.962 -0.00107 -0.00533 0.00107
2888.967 0.00213 -0.00107 0.00852
2888.972 0.01172 -0.00320 0.00533
2888.977 0.00000 -0.00746 0.00213
2888.982 0.00320 0.00107 0.00000
2888.987 -0.00533 -0.00107 0.00000
2888.992 0.01172 0.00213 0.00107
2888.997 -0.00107 -0.00426 -0.00426
2889.003 0.00000 0.00852 -0.00213
2889.008 -0.00320 -0.00426 0.00320
2889.013 0.00000 -0.00533 -0.00107
2889.018 0.00959 -0.00213 -0.00320
2889.023 -0.00320 -0.00746 0.00533
2889.028 0.00000 -0.00107 0.00852
2889.033 -0.00426 -0.00426 0.00426
2889.038 -0.00533 -0.00426 -0.00107
2889.043 0.00426 0.00000 -0.00213
2889.048 0.00639 -0.00426 -0.00320
2889.053 -0.00426 -0.01385 0.00533
2889.058 -0.00852 0.00746 -0.00107
2889.063 -0.00213 0.00320 0.00000
2889.068 -0.00746 0.00533 0.00533
2889.073 -0.00959 0.00107 0.00213
2889.078 -0.00107 0.00107 0.00426
2889.083 0.00000 -0.00746 0.00000
2889.088 -0.00959 -0.00426 -0.00426
2889.093 0.00426 0.00000 0.00533
2889.098 0.00000 -0.00426 0.00000
2889.103 0.00213 -0.00639 0.00320
2889.108 0.00107 -0.00959 0.00213
2889.113 0.00107 -0.00639 0.00107
2889.118 -0.00320 -0.00107 -0.00426
2889.123 -0.00426 -0.00533 0.00000
2889.128 0.00852 0.00746 0.00107
2889.133 -0.00213 -0.00639 -0.00320
2889.138 -0.00426 -0.00746 0.00320
2889.143 0.00426 0.00320 -0.00639
2889.148 0.00107 -0.00533 0.00426
2889.153 -0.01065 0.00746 0.00000
2889.158 0.01065 -0.00107 0.00107
2889.163 0.00320 0.00213 -0.00213
2889.168 0.00000 -0.00107 -0.00107
2889.174 0.00000 -0.00107 0.00213
2889.179 0.00746 0.00320 -0.00746
2889.184 0.00000 -0.00533 -0.00533
2889.189 0.00107 -0.00639 -0.00213
2889.194 -0.00639 0.00426 -0.00213
2889.199 0.00426 0.00213 -0.00320
2889.204 -0.00426 -0.00639 -0.00320
2889.209 0.00426 -0.00533 0.00107
2889.214 0.00213 -0.00852 0.00533
2889.219 0.01598 0.00746 -0.00533
2889.224 -0.00852 0.00426 0.00213
2889.229 0.00107 -0.00320 0.00426
2889.234 -0.00107 -0.00107 -0.00639
2889.239 0.00746 -0.00107 0.00533
2889.244 0.00426 -0.00213 0.00107
2889.249 0.00107 -0.00639 0.00426
2889.254 -0.00213 -0.00533 -0.00107
2889.259 -0.00320 0.00107 -0.00320
2889.264 -0.00746 0.00426 0.00107
2889.269 -0.00533 -0.00213 -0.00746
2889.274 -0.00213 0.00000 -0.01385
2889.279 -0.00852 0.00746 0.00107
2889.284 0.00000 0.00533 0.00213
2889.289 -0.00852 0.00107 -0.00320
2889.294 -0.00213 -0.00107 -0.00533
2889.299 0.01065 -0.00107 0.00000
2889.304 0.00959 0.00213 0.00213
2889.309 -0.00213 -0.00533 0.00426
2889.314 0.00213 -0.00320 0.00320
2889.319 -0.00320 -0.00746 -0.00426
2889.325 -0.00213 -0.00107 -0.00107
2889.330 -0.00107 0.00000 -0.00107
2889.335 -0.01704 -0.00107 -0.00107
2889.340 -0.00320 -0.00852 -0.00107
2889.345 0.00320 0.00320 -0.00320
2889.350 0.00107 -0.00852 0.00639
2889.355 0.00213 -0.00320 -0.00426
2889.360 0.00320 -0.00213 -0.00533
2889.365 -0.00746 0.00213 0.00000
2889.370 0.00107 -0.00746 0.00107
2889.375 0.00000 -0.01172 0.00107
2889.380 0.00107 -0.00107 0.00107
2889.385 -0.00107 0.00213 0.00320
2889.390 0.00213 -0.00852 0.00107
2889.395 -0.00320 0.00107 -0.00320
2889.400 -0.00213 -0.00852 0.00000
2889.405 0.00213 -0.00107 -0.00639
2889.410 0.00000 0.00213 -0.00533
2889.415 -0.00107 -0.00213 -0.00426
2889.420 0.00533 0.00852 -0.00533
2889.425 -0.00320 0.01385 0.00107
2889.430 -0.00639 -0.00213 0.00320
2889.435 0.00000 0.00000 -0.00213
2889.440 -0.00320 0.00213 0.00533
2889.445 -0.00852 0.00426 -0.00213
2889.450 -0.00959 -0.00320 0.00213
2889.455 -0.00959 -0.00320 -0.00107
2889.460 -0.00639 -0.00213 0.00852
2889.465 -0.00639 0.00213 -0.00213
2889.470 -0.00213 0.00000 0.00426
2889.480 -0.00639 0.00320 0.00320
2889.485 -0.00533 0.00320 -0.00213
2889.490 -0.00959 -0.00213 -0.00107
2889.495 0.00000 -0.00533 -0.00107
2889.500 -0.01065 -0.00213 -0.00426
2889.505 0.00746 -0.00320 0.00107
2889.510 -0.00533 -0.00639 0.00107
2889.515 0.00107 0.00320 -0.00533
2889.520 0.00107 0.00213 0.00213
2889.525 -0.00746 -0.00213 0.00320
2889.530 -0.00852 -0.00533 0.00320
2889.535 -0.00959 0.00426 0.00746
2889.540 0.01278 -0.00533 -0.00107
2889.546 0.00107 -0.00107 -0.00533
2889.551 -0.00107 0.00107 0.00639
2889.556 -0.00533 0.00000 0.00213
2889.561 -0.00852 -0.00213 -0.00107
2889.566 -0.00213 -0.00320 0.00213
2889.571 0.00533 0.00000 0.00213
2889.576 -0.00107 -0.00426 0.00213
2889.581 0.00213 0.00000 0.00426
2889.586 0.00000 -0.00213 -0.00852
2889.591 -0.01065 -0.00320 0.01065
2889.596 0.00320 0.01065 0.00213
2889.601 0.00000 0.00639 -0.00320
2889.606 0.00107 0.00107 0.00107
2889.611 0.00000 0.00107 0.00213
2889.616 0.00533 -0.00213 -0.00107
2889.621 0.00320 -0.00426 0.00000
2889.626 0.00107 0.00000 0.00213
2889.631 -0.00213 0.00320 0.00639
2889.636 -0.00320 -0.00746 0.00320
2889.641 -0.00639 0.00213 0.00746
2889.646 -0.00426 0.00533 0.00533
2889.651 0.00426 0.00852 0.00107
2889.657 -0.00213 -0.00107 0.00533
2889.662 0.00000 0.00107 -0.00107
2889.667 0.00107 0.00639 0.00213
2889.672 0.00533 0.00320 0.00320
2889.677 0.00639 -0.00852 0.00000
2889.682 -0.00213 -0.00639 0.00746
2889.687 -0.00852 -0.00320 -0.00107
2889.692 0.00320 0.00000 0.00959
2889.697 -0.00107 -0.00107 -0.00107
2889.702 -0.00213 -0.00213 -0.00533
2889.706 0.00213 -0.00426 0.00320
2889.711 -0.00639 0.00213 -0.00426
2889.716 0.01278 -0.00213 -0.00213
2889.721 0.00959 0.00107 0.00000
2889.726 0.00107 0.00107 -0.00213
2889.731 -0.00213 -0.00426 -0.00107
2889.736 -0.00639 0.00107 0.01065
2889.741 -0.00426 -0.00107 0.00320
2889.746 0.00533 -0.00213 0.00000
2889.751 0.00213 -0.00213 -0.00426
2889.756 0.00213 -0.00533 0.00959
2889.761 -0.00426 -0.00107 -0.00426
2889.766 0.01065 -0.00426 -0.00213
2889.771 -0.00213 -0.00107 0.00426
2889.777 -0.00107 0.00107 0.00213
2889.782 -0.00959 0.00000 0.00000
2889.787 0.00533 0.00000 0.00213
2889.792 -0.00213 -0.00213 0.00852
2889.797 0.00320 0.00320 -0.00107
2889.802 0.00213 -0.00107 0.01598
2889.806 -0.00639 -0.00320 0.00000
2889.811 -0.00533 0.00746 -0.00107
2889.816 0.01065 -0.00746 -0.00107
2889.821 0.00533 0.00320 0.00000
2889.826 -0.00213 0.00639 -0.01172
2889.831 -0.00213 0.00320 0.00320
2889.837 -0.00533 0.00639 0.00533
2889.842 -0.00107 0.00426 -0.00639
2889.847 -0.00852 0.00107 0.00533
2889.852 -0.00426 -0.00426 -0.00959
2889.857 0.00320 -0.00426 0.00852
2889.862 -0.00852 0.00320 0.00639
2889.867 0.00746 -0.00107 0.00426
2889.872 -0.01065 0.00320 0.00107
2889.877 -0.00533 0.01278 0.00213
2889.882 -0.00639 -0.00213 -0.00107
2889.887 -0.00320 -0.00639 0.00000
2889.892 0.00959 -0.00426 0.00213
2889.897 -0.00107 -0.00213 0.00107
2889.902 0.00852 0.00107 -0.00426
2889.906 -0.00320 -0.00426 -0.00213
2889.911 -0.00852 -0.01491 0.00213
2889.916 0.00107 0.00746 0.00320
2889.921 -0.00533 0.00320 -0.00426
2889.927 0.01172 0.00639 0.00107
2889.932 -0.00639 0.00213 0.00320
2889.937 -0.00107 -0.00107 -0.00426
2889.942 -0.00213 -0.00320 0.00213
2889.947 -0.00426 0.00213 0.00533
2889.952 0.00320 0.00000 0.00107
2889.957 -0.00426 -0.00746 -0.00213
2889.962 0.00107 -0.00746 -0.00426
2889.967 -0.00320 -0.00213 0.00320
2889.972 -0.00320 -0.00639 -0.00107
2889.977 0.00320 -0.00213 0.00107
2889.982 0.00000 -0.01491 0.00213
2889.987 -0.00639 -0.00959 -0.00533
2889.992 -0.00426 -0.00107 0.00107
2889.997 0.00533 -0.00213 -0.00107
2890.002 -0.00213 0.00533 -0.01065
2890.006 -0.00852 0.00107 0.00000
2890.011 -0.00533 0.00426 -0.00852
2890.017 -0.00746 -0.00213 0.00213
2890.022 0.00213 0.00000 0.00107
2890.027 0.00213 0.00320 0.00000
2890.032 -0.00639 -0.00213 0.00426
2890.037 -0.00746 -0.00533 -0.00213
2890.042 -0.00426 0.00213 -0.00107
2890.047 -0.00426 -0.00533 -0.00746
2890.052 0.00320 0.00107 -0.00107
2890.057 -0.00746 0.00746 0.00213
2890.062 -0.01278 -0.00533 0.00426
2890.067 0.00533 0.00746 -0.00213
2890.072 -0.00107 -0.00533 -0.00426
2890.077 0.00000 0.00213 0.00000
2890.082 0.00000 0.00213 -0.00107
2890.087 -0.00533 -0.00320 0.00533
2890.092 0.00213 -0.00426 0.00320
2890.097 -0.00107 -0.00746 0.00213
2890.102 -0.00533 0.00000 -0.00426
2890.107 -0.00426 0.00107 0.00213
2890.112 0.00000 -0.00426 0.00426
2890.117 0.00852 0.00426 -0.00107
2890.122 0.00533 -0.00320 -0.00107
2890.127 -0.00426 0.00533 -0.00107
2890.132 -0.00426 0.00746 -0.00107
2890.137 -0.00320 -0.01065 0.01598
2890.142 -0.00213 -0.00213 -0.00107
2890.147 -0.00639 0.00320 0.00213
2890.152 0.00213 0.00213 0.00746
2890.157 0.00107 0.00213 -0.00213
2890.162 0.00000 -0.00107 -0.00107
2890.167 -0.01065 -0.00533 0.00320
2890.172 -0.00639 -0.00852 0.00213
2890.177 0.00320 0.01491 -0.00746
2890.182 0.00213 0.00426 -0.00533
2890.187 0.00213 -0.00320 0.00852
2890.192 0.00213 0.00426 0.00000
2890.197 -0.00639 -0.00533 -0.00107
2890.202 0.00533 -0.00107 0.00000
2890.207 -0.00533 0.00213 -0.00426
2890.212 -0.00107 -0.00213 -0.00533
2890.217 -0.00320 -0.00320 -0.00107
2890.222 0.00213 -0.00213 -0.00107
2890.227 -0.00320 -0.00852 0.00213
2890.232 -0.00533 -0.01065 -0.00639
2890.237 0.00213 0.00000 0.00213
2890.242 -0.00639 -0.00213 -0.00852
2890.247 -0.00107 -0.00533 0.00107
2890.252 -0.00533 -0.00320 -0.00107
2890.257 0.00639 0.00213 0.00000
2890.262 0.00746 0.00320 0.00000
2890.267 -0.00213 0.00533 -0.00639
2890.272 -0.00320 0.00107 -0.00107
2890.277 0.00107 0.00107 -0.00320
2890.282 0.00107 -0.00107 -0.00959
2890.287 -0.00213 0.00107 0.00107
2890.292 0.00213 -0.00426 -0.00426
2890.297 -0.00639 0.00213 -0.00426
2890.302 0.00746 -0.00852 -0.00852
2890.307 -0.00320 0.00426 0.00426
2890.312 0.00426 0.00000 0.00107
2890.317 -0.00107 0.00320 0.00000
2890.322 -0.00852 0.00320 0.00000
2890.327 -0.00213 -0.00533 0.00000
2890.332 -0.00213 -0.00213 0.00639
2890.337 0.00213 -0.00213 -0.00533
2890.342 0.00107 -0.00639 0.00000
2890.347 -0.00426 0.01172 0.00213
2890.352 0.00000 0.00426 -0.00107
2890.357 -0.00426 -0.00746 -0.00320
2890.362 -0.00107 0.00213 -0.00426
2890.367 -0.00320 -0.00426 0.01065
2890.372 -0.00533 0.00426 -0.00639
2890.377 0.00213 -0.00533 -0.01065
2890.382 -0.00533 -0.00107 -0.00320
2890.387 0.00213 0.00320 0.00000
2890.392 0.00000 -0.00533 0.00320
2890.397 -0.00533 0.00320 -0.00320
2890.402 0.00639 -0.00320 0.00213
2890.407 0.00213 -0.00107 0.00107
2890.412 0.00000 -0.00639 -0.00639
2890.417 -0.00320 -0.00320 0.00213
2890.422 0.00107 0.00000 0.00000
2890.427 -0.00107 0.00000 0.00320
2890.432 -0.00639 -0.02237 0.00213
2890.437 -0.00639 -0.01491 0.00000
2890.442 0.00533 -0.00639 0.00213
2890.447 -0.00533 0.00000 -0.00533
2890.452 0.00107 0.00107 -0.00213
2890.457 0.00320 0.00000 0.00852
2890.462 -0.00213 -0.00107 0.00000
2890.467 -0.00107 -0.00107 -0.00426
2890.472 0.00426 -0.00426 0.00213
2890.478 0.00426 -0.00107 -0.00107
2890.483 0.00320 0.00213 0.00213
2890.488 0.00107 -0.00533 -0.00533
2890.493 0.00320 -0.00320 -0.00213
2890.498 0.00320 -0.00426 0.00000
2890.503 0.01065 0.00107 0.00213
2890.507 -0.00107 0.01065 0.00000
2890.512 0.00959 -0.00320 0.00000
2890.517 0.00107 -0.00213 0.00320
2890.522 -0.01172 -0.00639 0.00746
2890.528 0.00213 -0.00533 0.00639
2890.532 -0.00107 0.00107 0.00107
2890.538 -0.00107 0.00320 0.00107
2890.543 -0.00320 -0.00426 0.00213
2890.548 -0.00639 -0.00533 -0.00213
2890.553 0.00213 -0.00533 0.00000
2890.558 0.00213 -0.00107 0.00639
2890.563 -0.00107 0.00426 0.00213
2890.568 -0.00320 -0.00533 0.00320
2890.573 -0.00213 -0.00107 -0.00213
2890.578 -0.00426 0.01065 -0.00639
2890.583 0.00000 0.00213 -0.00320
2890.588 0.00426 -0.00213 -0.00213
2890.593 0.00426 0.00320 0.00426
2890.598 0.00426 0.00000 -0.00426
2890.603 0.00320 -0.00533 -0.00320
2890.608 -0.00533 -0.00107 -0.00852
2890.613 0.00426 -0.00426 0.00320
2890.618 0.00000 0.00533 0.00426
2890.623 -0.00746 -0.00426 0.00320
2890.628 0.00639 0.00107 0.00533
2890.633 -0.00320 -0.00320 -0.00213
2890.638 0.00320 -0.00533 -0.00213
2890.643 0.00426 0.00746 0.00320
2890.648 -0.00213 0.00107 -0.00533
2890.653 0.00533 0.00107 0.00213
2890.658 -0.00639 0.00959 0.00320
2890.663 -0.00213 0.00213 0.00320
2890.668 0.00000 0.00107 0.00852
2890.673 0.00107 -0.00107 -0.00746
2890.678 0.00320 0.00533 0.00213
2890.683 -0.00533 0.00107 -0.00320
2890.688 -0.00213 0.00533 -0.00107
2890.693 0.00000 -0.00107 0.00000
2890.698 -0.00107 0.00107 0.00639
2890.703 -0.00426 0.00000 -0.00533
2890.708 0.00213 -0.00533 -0.00320
2890.712 -0.00746 -0.00639 0.00533
2890.717 0.00746 -0.00426 0.00107
2890.722 0.00107 -0.00426 -0.01065
2890.727 -0.01172 -0.00533 -0.00320
2890.732 0.00320 0.00852 -0.00213
2890.737 -0.00320 0.00533 -0.00107
2890.742 0.00533 0.00107 0.00533
2890.747 0.00213 0.00852 -0.00426
2890.752 0.00426 0.00107 -0.00107
2890.757 -0.00639 0.00426 -0.01917
2890.762 -0.00746 -0.00107 0.00746
2890.767 -0.00107 -0.00213 0.00000
2890.772 -0.00107 -0.00320 -0.00107
2890.777 0.00107 0.00320 -0.00746
2890.782 -0.00213 0.00107 -0.00213
2890.788 -0.00852 0.00213 -0.00320
2890.793 0.00107 0.00533 -0.00213
2890.798 -0.00320 0.00639 -0.00213
2890.803 0.00639 0.01172 -0.00426
2890.808 -0.00107 0.00000 0.00213
2890.813 -0.00746 -0.00213 0.00639
2890.818 0.00746 -0.00959 0.00533
2890.823 0.00213 0.00213 0.00533
2890.828 -0.00639 -0.00213 0.00426
2890.833 0.00000 -0.00639 -0.00852
2890.838 -0.00426 -0.00107 -0.00107
2890.843 -0.00320 0.00000 0.00107
2890.848 -0.00746 -0.00533 -0.01172
2890.853 -0.00107 -0.00959 -0.00213
2890.858 -0.00533 0.00639 -0.00107
2890.863 0.00107 0.00213 -0.00320
2890.868 0.00746 -0.01278 0.00426
2890.873 -0.00107 -0.00746 -0.00426
2890.878 0.00000 0.00000 0.00320
2890.883 -0.00426 -0.00107 -0.00213
2890.888 0.00852 -0.00213 0.00320
2890.893 0.00000 0.00213 -0.00107
2890.898 -0.00959 -0.00746 -0.00107
2890.903 -0.00213 0.00213 -0.00852
2890.908 -0.00639 -0.00213 0.00320
2890.913 0.00000 -0.00426 0.00213
2890.918 -0.00213 0.00000 -0.00639
2890.923 -0.00107 -0.00639 0.02024
2890.928 0.00107 0.00533 0.00000
2890.933 0.00320 -0.00959 -0.00639
2890.938 0.00426 0.00426 0.00107
2890.943 0.00533 0.00000 0.00533
2890.948 0.00107 0.00320 -0.00320
2890.953 0.00320 -0.00426 0.00320
2890.958 0.00320 0.00746 0.00213
2890.963 0.00213 0.00639 0.00213
2890.968 -0.00533 -0.00639 0.00746
2890.973 0.00746 -0.00639 0.00320
2890.978 0.00107 -0.00426 0.00320
2890.983 -0.00533 -0.00213 -0.00852
2890.988 -0.00639 0.00320 -0.00746
2890.993 -0.01065 0.00639 0.00000
2890.998 -0.00533 0.00000 0.00107
2891.003 -0.00213 -0.00533 0.00213
2891.008 0.00426 0.00107 0.00320
2891.013 -0.00426 -0.00213 0.00213
2891.018 -0.00320 -0.00639 -0.00852
2891.023 -0.00639 0.00533 0.00852
2891.028 0.00639 -0.00107 0.00000
2891.033 -0.00320 -0.00213 0.00533
2891.038 -0.00852 0.00320 0.00000
2891.043 0.00213 0.00320 0.00639
2891.048 -0.00213 0.00320 0.00320
2891.053 -0.00746 0.00320 0.00852
2891.058 -0.00533 0.00213 -0.00107
2891.063 -0.00959 -0.00320 -0.00107
2891.068 0.00639 0.00000 -0.00320
2891.073 0.00000 0.00426 0.00107
2891.078 -0.00426 0.00107 -0.00852
2891.083 -0.00320 -0.00107 -0.00639
2891.088 -0.00426 -0.00107 -0.00426
2891.093 -0.01065 -0.00746 -0.00107
2891.098 -0.01278 0.00000 0.00107
2891.103 -0.00746 0.00320 0.00320
2891.110 -0.00426 -0.00107 0.00000
2891.115 -0.01065 -0.00639 -0.00746
2891.120 0.00746 -0.00107 -0.00213
2891.125 -0.00107 0.00107 -0.00426
2891.130 0.00320 0.00426 0.00852
2891.135 -0.00533 0.00107 0.00639
2891.140 -0.01065 -0.00320 -0.00320
2891.145 0.00533 0.00000 0.00746
2891.151 -0.00426 -0.00426 -0.00107
2891.156 -0.00852 -0.00959 -0.00107
2891.161 -0.00746 -0.00533 0.00533
2891.166 0.00426 0.00959 0.00426
2891.171 0.00000 0.00959 -0.00426
2891.176 -0.00533 0.00746 0.00107
2891.181 0.00213 -0.00213 -0.00426
2891.186 0.00000 -0.00213 -0.00639
2891.191 -0.00320 -0.00107 0.00426
2891.196 -0.00107 -0.00213 -0.00107
2891.201 0.00320 -0.00213 0.00426
2891.206 -0.01598 0.00213 -0.00213
2891.211 0.00107 -0.00107 0.00000
2891.216 0.00107 0.00533 -0.00320
2891.221 0.00107 -0.00320 0.00320
2891.226 0.00320 -0.00213 -0.00426
2891.232 -0.00852 0.00213 0.00213
2891.236 -0.00107 0.00320 0.00959
2891.242 -0.00852 0.00000 0.00213
2891.247 0.00426 0.00000 -0.00320
2891.252 -0.00959 -0.00213 -0.00533
2891.257 0.00107 -0.00213 0.00000
2891.262 -0.00320 -0.00107 0.00213
2891.267 0.00746 0.00213 -0.00213
2891.272 0.00000 -0.00533 -0.00320
2891.277 -0.00426 0.00426 -0.00320
2891.282 -0.00213 0.00000 0.01065
2891.287 -0.00639 -0.01278 0.00213
2891.292 0.00213 0.00213 0.00213
2891.297 0.00426 -0.00107 0.00959
