4359.822 -0.00533 -0.00746 0.00000
4359.827 -0.00426 -0.00426 0.00107
4359.832 -0.00213 -0.00639 -0.01065
4359.837 0.00107 0.00107 0.00107
4359.842 0.00000 -0.00107 0.00000
4359.847 0.00107 -0.00320 -0.00320
4359.852 0.00320 -0.00320 0.00213
4359.857 -0.00107 0.00852 0.00746
4359.862 0.00639 0.00107 -0.00320
4359.867 0.00000 0.00000 -0.00852
4359.872 -0.00213 -0.01065 0.00213
4359.877 -0.00852 -0.00852 -0.00426
4359.882 -0.00320 0.00320 -0.00320
4359.887 -0.00639 0.00213 -0.00746
4359.893 0.00959 -0.00639 -0.00426
4359.898 0.00320 0.00213 -0.00533
4359.903 0.00533 0.00213 0.00533
4359.908 -0.00213 -0.00639 -0.00852
4359.913 0.00213 0.00639 0.00000
4359.918 0.00533 -0.00107 0.00533
4359.923 -0.00959 -0.00746 -0.00320
4359.928 -0.00746 0.00639 -0.00426
4359.933 0.00000 0.00213 0.00426
4359.938 -0.00213 0.00320 0.00000
4359.943 -0.00107 -0.00639 0.00000
4359.948 -0.00426 0.00320 0.00426
4359.953 0.00533 -0.00213 -0.00533
4359.958 -0.00533 -0.00533 0.00320
4359.963 0.00320 0.00000 0.00107
4359.968 0.00213 0.00107 0.00959
4359.973 -0.00320 -0.00213 -0.00320
4359.978 0.00639 -0.00746 0.00426
4359.983 0.00746 0.00426 -0.00533
4359.988 0.00426 -0.00213 0.00746
4359.993 0.00320 -0.00213 -0.00213
4359.998 -0.00533 0.00000 0.00107
4360.003 0.00107 -0.00107 0.00320
4360.008 0.00533 0.00213 -0.00533
4360.013 0.00320 -0.00213 -0.00426
4360.018 -0.00639 -0.00959 -0.00320
4360.023 0.00000 -0.00426 -0.00320
4360.028 0.00533 0.00533 -0.00533
4360.033 -0.00213 -0.00852 0.00426
4360.038 -0.00426 -0.00639 -0.00426
4360.043 0.00000 0.00107 -0.00426
4360.048 -0.00426 -0.00426 0.00320
4360.053 0.00107 0.00000 0.00639
4360.058 -0.00746 0.00000 -0.00213
4360.063 -0.00320 0.00107 0.00000
4360.068 -0.00107 0.00107 0.00213
4360.073 0.00107 -0.00639 0.00213
4360.078 0.00320 0.00107 -0.00533
4360.084 0.00320 0.00426 -0.00320
4360.089 -0.00639 0.00426 -0.01172
4360.094 -0.00320 -0.00213 0.00426
4360.099 -0.00107 -0.01385 -0.00320
4360.104 0.00959 0.00107 0.00213
4360.109 -0.00213 -0.00533 -0.00426
4360.114 0.00107 0.00320 0.00000
4360.119 -0.00320 0.00426 -0.00533
4360.124 -0.00213 -0.01491 -0.00107
4360.129 -0.00426 0.00639 -0.00639
4360.134 -0.00533 -0.00426 -0.00107
4360.139 0.00213 0.00533 -0.00426
4360.144 -0.00107 -0.00107 -0.00852
4360.149 0.00213 -0.00320 0.00213
4360.154 -0.00426 -0.00959 0.00213
4360.159 -0.00213 -0.00746 0.00639
4360.164 0.00426 0.00000 -0.00320
4360.169 -0.00213 -0.00213 0.00426
4360.174 -0.00320 0.00213 -0.00213
4360.179 -0.00426 -0.00213 0.00639
4360.184 0.00533 -0.00320 -0.00639
4360.189 -0.00533 0.00426 -0.00639
4360.194 0.00000 0.00000 0.00213
4360.199 -0.00213 -0.00213 0.00426
4360.204 -0.00533 0.00639 -0.00426
4360.209 0.00426 -0.00213 -0.00107
4360.214 0.00959 -0.00746 -0.00107
4360.219 -0.00533 0.00107 0.00107
4360.225 0.00639 0.00000 -0.00107
4360.230 -0.01598 -0.00639 -0.00639
4360.235 -0.00107 -0.00213 -0.00426
4360.240 0.00852 -0.00746 -0.00852
4360.245 0.00533 -0.00426 0.00213
4360.250 -0.00320 0.00213 -0.00533
4360.255 0.00320 -0.00320 -0.00320
4360.260 0.00320 -0.00426 0.00320
4360.265 -0.00746 -0.00533 -0.00320
4360.270 -0.00639 0.00000 0.00852
4360.275 -0.00959 -0.00213 0.00320
4360.280 -0.01065 -0.00959 -0.00107
4360.285 0.00107 -0.00213 0.00213
4360.290 0.00000 -0.00533 0.00213
4360.295 -0.00107 0.00107 0.00107
4360.300 -0.00107 -0.00426 -0.00107
4360.305 -0.00959 0.00213 -0.00426
4360.310 0.00426 0.01065 -0.00213
4360.315 0.00426 -0.00959 0.00639
4360.320 -0.00213 -0.00533 -0.00426
4360.325 0.00107 -0.00213 0.00852
4360.330 -0.00213 -0.00107 0.00000
4360.335 0.00320 0.00426 0.00107
4360.340 -0.00639 -0.00213 -0.00533
4360.345 0.00000 -0.00746 0.00107
4360.350 0.00320 0.00426 0.00426
4360.355 -0.00852 0.00107 -0.00639
4360.360 0.00107 -0.00533 0.00426
4360.365 0.00426 -0.00533 -0.00107
4360.370 0.00000 0.00533 0.00107
4360.376 0.00320 -0.00426 0.00213
4360.381 -0.00639 -0.00426 -0.00746
4360.386 -0.00213 -0.01385 -0.00213
4360.391 0.00213 -0.00852 -0.00320
4360.396 0.00426 0.00533 -0.00639
4360.401 -0.00213 -0.00533 0.00426
4360.406 -0.00959 0.00107 -0.00320
4360.411 -0.00746 -0.00320 -0.00107
4360.416 0.00000 -0.00426 -0.00213
4360.421 0.00320 -0.00213 -0.00213
4360.426 -0.00852 -0.00107 -0.00426
4360.431 0.00213 0.00213 -0.00107
4360.436 -0.00107 0.00533 0.00213
4360.441 -0.00426 -0.00320 -0.00213
4360.446 -0.00426 0.00107 0.00320
4360.451 0.00852 0.00533 0.00320
4360.456 0.00746 0.00213 0.00213
4360.461 -0.00639 0.00639 -0.01065
4360.466 0.00639 -0.01065 0.00533
4360.471 0.00107 -0.00107 -0.00213
4360.476 -0.00107 -0.00320 0.00107
4360.481 -0.00426 -0.00533 0.00107
4360.486 -0.00533 -0.00320 0.00320
4360.491 -0.00426 -0.00426 -0.00107
4360.496 -0.00107 0.00213 0.00000
4360.501 -0.00746 -0.00213 0.00107
4360.506 0.00639 0.00320 -0.00213
4360.511 0.00107 0.00000 -0.00107
4360.516 -0.00213 0.00213 -0.00107
4360.521 0.00107 0.00426 -0.00320
4360.527 0.00213 -0.00320 -0.01598
4360.532 0.00320 0.00639 -0.00213
4360.537 -0.00852 0.00000 -0.00213
4360.542 -0.00533 0.01917 0.00533
4360.547 0.00000 0.00000 0.00533
4360.552 -0.00426 -0.00320 -0.00320
4360.557 0.00426 -0.00426 -0.00107
4360.562 -0.00213 -0.00320 -0.00107
4360.567 0.00320 0.00107 0.00107
4360.572 0.00852 0.00000 0.00959
4360.577 -0.00213 -0.00213 0.00533
4360.582 0.00426 -0.01917 0.00320
4360.587 -0.00320 -0.00213 0.00533
4360.592 0.00107 -0.00320 0.00320
4360.597 -0.00533 0.00107 0.00533
4360.602 -0.00426 0.00000 -0.00107
4360.607 0.00000 -0.00320 0.00320
4360.612 -0.00852 0.00426 0.00426
4360.617 -0.00107 -0.01704 -0.00426
4360.622 -0.00639 0.00426 0.00107
4360.627 -0.00426 -0.00426 -0.00107
4360.632 0.00107 -0.00426 -0.00107
4360.637 0.00000 0.00426 -0.00107
4360.642 -0.01065 0.00533 -0.00852
4360.647 0.00213 0.00107 0.00533
4360.652 0.00426 0.00000 0.00107
4360.657 0.00107 -0.00426 0.00426
4360.662 -0.00426 0.00107 -0.00320
4360.667 -0.00426 -0.00639 -0.00320
4360.672 -0.00320 -0.00639 0.00107
4360.677 -0.00320 -0.00320 -0.00213
4360.682 0.01065 -0.00107 -0.00320
4360.687 -0.00426 -0.00852 0.00213
4360.692 0.00320 -0.00639 -0.00426
4360.698 0.00213 0.00320 -0.00426
4360.702 0.00426 0.00639 -0.00320
4360.708 -0.01278 -0.00213 -0.00426
4360.713 0.00213 0.00320 -0.00320
4360.718 -0.00107 0.00213 0.00746
4360.723 -0.00639 -0.00426 0.00639
4360.728 -0.00533 -0.00213 -0.00213
4360.733 -0.00107 0.00320 -0.00213
4360.738 0.00107 -0.00746 -0.00213
4360.743 0.00426 -0.00746 -0.00213
4360.748 0.00426 -0.00426 -0.00213
4360.753 0.00213 0.00000 -0.00107
4360.758 0.00213 0.00000 0.00000
4360.763 -0.00533 0.00213 0.01491
4360.768 -0.00213 -0.00213 0.00213
4360.773 -0.00533 0.00320 -0.00320
4360.778 0.00107 -0.00959 0.00107
4360.783 -0.00426 0.00320 0.00000
4360.788 0.00320 -0.00320 -0.00213
4360.793 0.00533 0.00426 -0.00426
4360.798 -0.00746 -0.00959 -0.00320
4360.803 0.01172 -0.00426 -0.00213
4360.808 0.00000 -0.00639 -0.00320
4360.813 0.00107 -0.00533 0.00000
4360.818 -0.00213 -0.00959 0.00959
4360.823 -0.00213 0.00213 -0.00426
4360.828 -0.00959 0.00320 -0.00213
4360.833 0.00426 -0.00213 0.00107
4360.838 -0.00213 0.00107 -0.00639
4360.843 -0.00426 -0.00533 0.00320
4360.849 0.00959 -0.00107 -0.00107
4360.854 0.00213 -0.00533 -0.00213
4360.859 0.00746 -0.00320 0.00533
4360.864 0.00107 -0.00320 0.00213
4360.869 0.00959 0.00426 -0.00213
4360.874 0.00320 -0.00107 0.00000
4360.879 -0.00107 -0.00639 -0.00320
4360.884 -0.00213 0.00533 0.00107
4360.889 -0.00213 0.00320 -0.00426
4360.894 -0.00639 0.00746 0.00320
4360.899 0.00320 0.00213 0.00533
4360.904 0.00213 0.00213 -0.00320
4360.909 0.00107 -0.00639 -0.00746
4360.914 -0.00320 0.00533 0.00107
4360.919 -0.00107 -0.00320 0.00426
4360.924 -0.00320 -0.00746 0.00107
4360.929 -0.00639 0.00426 0.00533
4360.934 -0.00959 -0.00746 0.00213
4360.939 -0.01278 -0.00213 0.00107
4360.944 0.00852 -0.01704 -0.00639
4360.949 -0.00213 -0.00426 -0.00320
4360.954 -0.00533 -0.00213 -0.00639
4360.959 0.00639 -0.00426 -0.00320
4360.964 0.00320 0.00000 -0.00213
4360.969 0.00320 0.00426 0.00107
4360.974 -0.00107 -0.00426 0.00959
4360.979 -0.00533 -0.00533 0.00320
4360.984 0.00426 -0.01065 -0.00426
4360.989 -0.00213 -0.00320 0.00213
4360.994 -0.00213 -0.00852 -0.00107
4360.999 -0.00639 0.00213 -0.00639
4361.004 0.01065 0.00959 -0.00320
4361.009 -0.00107 -0.00107 0.01278
4361.014 0.00639 -0.00320 -0.00107
4361.020 -0.00320 -0.00639 -0.00107
4361.025 -0.00426 -0.00959 -0.00107
4361.030 0.00320 -0.00320 -0.00320
4361.035 0.00107 0.00107 0.00107
4361.040 -0.00107 0.00213 -0.00852
4361.045 0.00746 0.00213 -0.00639
4361.050 -0.00320 -0.00426 -0.00107
4361.055 0.00107 0.00000 0.00533
4361.060 -0.00426 0.00320 0.00213
4361.065 0.00426 0.00000 0.00000
4361.070 0.00107 0.00213 -0.00107
4361.075 0.00426 -0.00959 0.00426
4361.080 -0.00533 -0.00213 -0.00107
4361.085 -0.00533 -0.00639 -0.00426
4361.090 -0.00533 -0.00426 0.00107
4361.095 -0.00426 -0.00852 -0.00426
4361.100 0.00533 -0.00426 -0.00107
4361.105 -0.00533 -0.00852 -0.00852
4361.110 0.00000 0.00213 -0.00639
4361.115 -0.00320 -0.00107 0.00320
4361.120 -0.00533 -0.00639 0.00107
4361.125 -0.00320 -0.00639 0.00426
4361.130 0.00107 0.00320 0.00107
4361.135 0.00000 0.01172 0.00000
4361.140 -0.00746 -0.00107 -0.00213
4361.145 -0.00107 -0.00213 -0.00852
4361.150 0.00320 -0.00107 0.00213
4361.155 0.00639 0.00213 0.00533
4361.160 0.00107 0.00107 -0.00320
4361.165 -0.00213 -0.00746 -0.00320
4361.170 0.00107 0.00320 -0.00639
4361.175 0.01065 -0.00107 0.00107
4361.181 0.00107 0.00213 -0.00852
4361.185 -0.00533 -0.00107 -0.00213
4361.191 0.00213 0.00000 -0.00213
4361.196 0.00000 0.00213 -0.00426
4361.201 0.00213 0.00852 0.00000
4361.206 -0.00213 0.00107 -0.00320
4361.211 -0.00213 -0.00320 -0.00426
4361.216 -0.00746 0.00213 -0.00320
4361.221 -0.00213 -0.00639 0.00320
4361.226 -0.01065 0.00000 -0.00426
4361.231 0.00213 -0.00107 0.00320
4361.236 -0.00107 -0.00320 -0.00107
4361.241 -0.00533 -0.00213 -0.00426
4361.246 -0.00533 -0.00426 0.00426
4361.251 -0.00852 0.00746 0.00746
4361.256 -0.00107 0.00639 -0.00213
4361.261 0.00000 0.00426 -0.00320
4361.266 0.00852 -0.00107 0.00426
4361.271 0.01172 -0.00213 0.00213
4361.276 -0.00213 0.00426 -0.00533
4361.281 0.00000 0.00213 0.00213
4361.286 0.00959 0.00746 0.00746
4361.291 -0.00107 -0.00213 -0.00533
4361.296 0.00320 -0.00533 -0.00959
4361.301 -0.00426 0.00000 0.00107
4361.306 0.00959 0.01065 -0.00852
4361.311 0.00000 0.00107 0.00426
4361.316 0.00107 -0.00639 -0.00107
4361.321 0.00320 -0.00107 -0.00426
4361.326 -0.00426 -0.00107 -0.00320
4361.331 0.00533 -0.00533 0.00107
4361.336 0.00426 -0.00852 0.00213
4361.342 -0.01598 -0.00426 0.00000
4361.347 -0.01491 0.00107 -0.00959
4361.352 -0.00639 -0.00107 -0.00107
4361.357 0.00107 0.00107 -0.00746
4361.362 -0.00639 -0.00852 0.00000
4361.367 -0.00320 0.01065 -0.00213
4361.372 -0.00320 -0.00213 -0.00213
4361.377 0.01065 0.00426 0.00320
4361.382 0.00107 -0.00320 0.00426
4361.387 0.00426 -0.00107 0.00533
4361.392 -0.00426 -0.00746 -0.00746
4361.397 0.01598 0.00213 0.00213
4361.402 0.00107 -0.00639 -0.00426
4361.407 0.00107 -0.01172 0.00639
4361.412 -0.00213 -0.00426 0.00959
4361.417 0.00639 -0.00107 0.00107
4361.422 0.00746 -0.00213 0.00000
4361.427 0.00107 -0.00107 0.00000
4361.432 0.01065 -0.01065 0.00213
4361.437 0.00639 0.00107 -0.00533
4361.442 0.00000 -0.00959 0.00213
4361.447 0.00320 0.00533 0.00000
4361.452 0.00426 -0.00426 -0.00533
4361.457 0.00107 -0.01172 -0.00213
4361.462 -0.00320 -0.00213 0.00000
4361.467 -0.00426 -0.00320 -0.00852
4361.472 0.02131 -0.00107 0.00213
4361.477 -0.00320 -0.00639 -0.00320
4361.482 0.00107 -0.00639 0.00320
4361.487 -0.00213 -0.00107 0.00213
4361.492 0.00000 -0.00213 -0.00533
4361.497 0.00107 0.00213 0.00000
4361.503 -0.00213 -0.00426 0.00213
4361.508 0.00000 -0.00426 0.00000
4361.513 -0.00533 0.00746 0.00107
4361.518 0.01172 0.00426 0.00852
4361.523 0.00639 0.00107 0.00000
4361.528 0.00320 0.00213 0.00000
4361.533 0.00320 0.00213 0.00320
4361.538 -0.00213 -0.00320 0.01172
4361.543 -0.00426 0.00107 -0.00426
4361.548 -0.00107 0.01278 0.00213
4361.553 0.00320 0.01278 0.00107
4361.558 -0.00320 -0.00639 0.00320
4361.563 -0.00426 -0.00320 -0.00639
4361.568 0.00000 -0.00639 0.00000
4361.573 0.00000 0.00107 0.00533
4361.578 0.00000 0.00107 0.00213
4361.583 -0.00746 -0.00320 0.00320
4361.588 0.00000 0.00107 -0.00213
4361.593 0.00213 0.00107 -0.00426
4361.598 -0.00426 -0.00746 -0.00213
4361.603 0.00213 -0.00320 0.00320
4361.608 0.00320 0.00213 0.00213
4361.613 -0.00852 -0.00852 -0.00533
4361.618 -0.00533 -0.00746 -0.00320
4361.623 0.00320 -0.00320 0.00000
4361.628 0.00213 0.00426 -0.00213
4361.633 -0.00533 0.00107 -0.00533
4361.638 -0.00426 -0.00107 -0.01811
4361.643 -0.01065 0.00533 -0.00746
4361.648 0.00000 -0.00320 0.00000
4361.653 0.00213 -0.00852 -0.00320
4361.658 -0.00746 -0.00639 0.00213
4361.663 0.00000 0.00426 -0.00426
4361.668 -0.00426 -0.00320 0.00320
4361.674 -0.00426 0.00639 0.00000
4361.679 -0.00320 -0.00213 -0.00107
4361.684 -0.00426 -0.00107 0.00213
4361.689 0.00746 -0.00107 -0.00639
4361.694 -0.01065 0.00639 0.00107
4361.699 0.00000 0.00426 -0.00426
4361.704 -0.00213 -0.00533 0.00426
4361.709 -0.00959 -0.00852 -0.00213
4361.714 -0.00426 -0.00320 -0.00639
4361.719 0.00213 -0.00320 0.00000
4361.724 -0.00107 0.00107 -0.00320
4361.729 0.00852 0.00000 -0.00426
4361.734 0.01065 -0.00320 -0.00426
4361.739 -0.00320 0.00426 0.00320
4361.744 -0.00533 -0.01385 -0.00213
4361.749 0.00426 -0.00746 0.00000
4361.754 0.00213 0.00107 -0.00426
4361.759 0.00426 0.00852 -0.00320
4361.764 0.01065 -0.00533 -0.00213
4361.769 -0.00852 -0.00533 -0.00107
4361.774 -0.00533 -0.00320 -0.00107
4361.779 0.00852 0.00213 0.00107
4361.784 -0.00213 -0.00107 0.00533
4361.789 0.00320 -0.00426 -0.00107
4361.794 -0.00107 -0.00107 -0.00320
4361.799 0.00000 -0.00533 0.00107
4361.804 0.00000 -0.00746 0.00426
4361.809 -0.00426 0.00107 -0.00426
4361.814 -0.01172 0.00426 -0.00213
4361.819 0.00959 -0.01385 -0.00746
4361.824 0.00000 0.00213 0.00107
4361.829 0.00107 0.00533 -0.00639
4361.835 0.00107 0.00107 -0.00426
4361.840 -0.00639 0.00320 -0.00639
4361.845 0.00320 0.00000 -0.00533
4361.850 0.00426 0.00746 -0.00852
4361.855 0.00000 -0.00639 -0.00639
4361.860 0.00426 -0.01172 0.00000
4361.865 0.00959 0.00852 -0.00213
4361.870 -0.00320 -0.00107 0.00426
4361.875 -0.00746 0.00000 0.00852
4361.880 0.00213 0.00426 0.00320
4361.885 0.00000 -0.00533 0.00852
4361.890 -0.00107 0.00533 -0.00107
4361.895 0.00320 -0.00107 -0.00639
4361.900 0.00000 0.00107 0.00320
4361.905 0.00000 -0.00852 -0.00320
4361.910 -0.00426 -0.01065 -0.00533
4361.915 -0.00107 -0.00639 0.00320
4361.920 -0.00213 -0.00959 0.00000
4361.925 0.00000 -0.00320 -0.00107
4361.930 -0.00107 -0.00533 0.00000
4361.935 0.00320 -0.00213 -0.00107
4361.940 -0.00639 -0.00639 0.00000
4361.945 0.00213 0.00000 -0.00213
4361.950 -0.00320 0.00000 0.00213
4361.955 -0.00639 -0.00107 -0.00852
4361.960 0.00213 0.00213 -0.00320
4361.965 -0.00426 -0.00426 -0.00746
4361.970 -0.00426 0.00213 -0.00320
4361.975 0.00426 0.00000 0.00320
4361.980 -0.00107 0.00746 -0.00107
4361.986 0.00107 -0.00320 0.00107
4361.991 0.00533 0.00320 -0.00426
4361.996 0.01598 0.00213 0.00426
4362.001 -0.00426 -0.00533 0.00000
4362.006 -0.00320 0.00213 0.00107
4362.011 0.00000 -0.00746 0.00639
4362.016 0.00107 0.00213 -0.00213
4362.021 0.00533 -0.00107 -0.00426
4362.026 -0.00639 -0.01172 0.00426
4362.031 -0.00213 0.00107 -0.01598
4362.036 -0.00107 -0.00213 0.00320
4362.041 -0.00426 -0.00959 0.00533
4362.046 0.00533 -0.00213 -0.00533
4362.051 -0.00320 -0.01172 -0.00426
4362.056 0.00852 0.00426 0.00533
4362.061 -0.00746 0.00000 -0.00107
4362.066 0.00426 -0.00320 0.01172
4362.071 -0.00959 -0.00852 -0.00213
4362.076 -0.00107 0.00107 0.00852
4362.081 -0.00107 0.00213 0.00213
4362.086 0.00213 0.00320 0.00107
4362.091 -0.00426 0.00320 0.00213
4362.096 0.00107 -0.00213 -0.00107
4362.101 -0.00426 -0.00213 -0.00426
4362.106 0.00852 -0.00426 -0.00107
4362.111 0.00107 -0.00320 0.00000
4362.116 -0.00213 -0.00852 -0.00533
4362.121 -0.00852 -0.00533 -0.00213
4362.126 -0.00639 0.00000 0.00426
4362.131 0.00000 -0.00533 0.00107
4362.136 -0.00639 0.00107 -0.00107
4362.141 -0.00533 0.00107 0.00213
4362.147 0.00320 0.00000 -0.00959
4362.152 -0.00107 -0.00213 -0.00107
4362.157 0.00639 -0.00533 -0.00320
4362.162 0.00320 0.00107 0.00426
4362.167 0.00320 -0.01491 -0.00320
4362.172 -0.00213 0.00107 -0.00426
4362.177 0.00107 -0.00107 0.00533
4362.182 -0.00107 -0.00213 -0.00852
4362.187 -0.00426 0.00320 0.00533
4362.192 -0.00852 -0.00426 -0.00426
4362.197 -0.00533 0.00000 0.00320
4362.202 -0.00639 -0.00746 -0.00426
4362.207 -0.00639 0.00426 0.00320
4362.212 0.00107 -0.00213 -0.00107
4362.217 -0.00533 -0.00533 -0.00213
4362.222 -0.00533 -0.00533 -0.00213
4362.227 -0.00107 0.00107 -0.00852
4362.232 0.00000 -0.00107 0.00000
4362.237 0.00000 -0.00426 0.00000
4362.242 0.00000 -0.00533 0.00320
4362.247 -0.00107 -0.00852 -0.00213
4362.252 -0.01172 -0.00426 0.00746
4362.257 -0.00320 -0.00107 -0.00533
4362.262 0.00320 0.00320 0.00213
4362.267 -0.00320 0.00000 -0.00639
4362.272 0.00107 0.00852 0.00000
4362.277 0.00000 0.00213 0.00107
4362.282 -0.00107 -0.00852 0.00426
4362.287 0.00533 -0.00213 0.00320
4362.292 0.01065 0.00213 -0.00320
4362.298 0.01172 0.00000 -0.00426
4362.303 0.00852 -0.00639 0.00107
4362.308 0.00533 0.00107 0.00213
4362.313 0.00213 0.00000 0.00213
4362.318 -0.00107 0.00746 0.00000
4362.323 0.00426 0.00426 0.00320
4362.328 0.00533 -0.00213 0.00320
4362.333 0.00000 -0.00107 -0.00107
4362.338 0.00852 -0.00213 -0.00852
4362.343 0.00639 0.00213 -0.00533
4362.348 -0.00639 0.00107 -0.00426
4362.353 -0.00852 0.00107 -0.00107
4362.358 -0.00107 -0.00426 0.00213
4362.363 0.00533 0.00107 0.00426
4362.368 0.00320 0.00533 -0.00426
4362.373 -0.00959 -0.01065 -0.00213
4362.378 0.00320 0.00107 -0.00213
4362.383 0.00533 -0.00213 -0.00213
4362.388 -0.00320 0.01491 0.00107
4362.393 0.00213 0.00000 0.00107
4362.398 0.00107 -0.00320 0.00107
4362.403 0.00107 0.00000 -0.00639
4362.408 -0.00320 0.00426 0.00107
4362.413 0.00533 -0.00426 0.00213
4362.418 0.00320 0.00000 -0.00107
4362.423 0.01704 -0.00852 -0.01385
4362.428 0.00533 0.00213 -0.00426
4362.433 0.00426 -0.00107 0.00000
4362.438 0.00213 -0.00320 -0.00639
4362.443 0.00213 -0.00213 -0.00213
4362.448 0.00213 0.00000 0.00746
4362.453 0.00320 0.00107 -0.00213
4362.458 -0.00213 -0.00852 -0.00533
4362.463 0.00426 0.00852 -0.00533
4362.468 0.00959 -0.00107 -0.00959
4362.473 -0.00426 -0.00107 0.00000
4362.479 -0.01491 0.00000 -0.00639
4362.483 0.01172 0.00426 0.00426
4362.489 0.00320 -0.00213 0.00426
4362.494 0.00107 -0.00107 0.00107
4362.499 -0.00639 0.00639 0.00746
4362.504 -0.00533 -0.00533 -0.00107
4362.509 -0.00426 0.00959 -0.00213
4362.514 0.00213 -0.00959 0.00000
4362.519 -0.00107 0.00000 0.00107
4362.524 0.01065 -0.00213 -0.01065
4362.529 0.00426 -0.00426 -0.00320
4362.534 -0.00107 -0.00213 -0.00639
4362.539 -0.00320 -0.00533 0.00426
4362.544 0.01172 -0.00426 -0.00320
4362.549 -0.00426 -0.00213 -0.00107
4362.554 0.00320 -0.00426 -0.00533
4362.559 -0.00320 -0.00320 -0.00320
4362.564 -0.00213 0.00000 -0.00746
4362.569 -0.00320 -0.00959 0.00000
4362.574 -0.00107 -0.00746 -0.00107
4362.579 0.00000 0.00000 -0.00320
4362.584 -0.00320 -0.00639 0.00213
4362.589 -0.00852 -0.00320 -0.00320
4362.594 -0.00533 -0.00533 0.00107
4362.599 0.00213 0.00639 -0.00213
4362.604 0.01065 0.00213 -0.00746
4362.609 -0.00959 -0.00213 -0.00107
4362.614 -0.00533 -0.00533 0.00000
4362.619 -0.00107 0.00426 -0.00107
4362.624 -0.00107 0.00107 -0.01172
4362.629 -0.01704 -0.00852 0.00426
4362.634 -0.00107 0.00320 -0.00959
4362.640 -0.00533 -0.00107 0.00107
4362.644 -0.00107 0.00426 -0.00107
4362.650 -0.00533 0.00320 0.00213
4362.655 -0.00320 -0.00533 0.00426
4362.660 0.00213 0.00000 0.00213
4362.665 -0.00426 -0.00746 0.00320
4362.670 -0.00533 -0.00746 0.00426
4362.675 -0.00533 -0.00107 0.00426
4362.680 0.00746 -0.00213 0.00320
4362.685 0.00426 0.00320 -0.00533
4362.690 -0.00320 0.00000 -0.00213
4362.695 -0.00320 -0.00320 -0.00213
4362.700 -0.00533 -0.00852 -0.00213
4362.705 -0.00426 -0.00213 0.00213
4362.710 0.00213 -0.00639 -0.00639
4362.715 -0.00213 0.00533 0.00959
4362.720 0.00000 -0.00533 -0.00639
4362.725 -0.00426 -0.00426 0.00426
4362.730 -0.00213 -0.00746 -0.00213
4362.735 -0.00107 -0.00107 0.00320
4362.740 -0.00639 -0.00639 0.00000
4362.745 0.00426 0.00000 0.00852
4362.750 -0.00426 -0.00107 -0.01172
4362.755 -0.00107 0.00213 0.00426
4362.760 -0.00639 0.00533 0.00746
4362.765 0.00213 0.00107 -0.00533
4362.770 -0.00320 -0.00320 0.00426
4362.775 0.00107 0.00107 -0.00213
4362.780 -0.00213 -0.00107 -0.00213
4362.785 0.00000 0.00213 0.00213
4362.790 -0.00107 -0.00426 0.00000
4362.795 -0.00426 -0.00426 -0.00213
4362.800 -0.00320 0.00107 0.00320
4362.805 0.00213 -0.00959 0.00000
4362.811 0.00959 -0.00320 0.00533
4362.816 0.00639 0.00107 -0.00852
4362.821 0.00213 -0.00533 -0.00320
4362.826 -0.00533 0.00320 -0.00213
4362.831 -0.00426 -0.00213 -0.00213
4362.836 -0.00746 -0.00639 -0.00213
4362.841 -0.00426 -0.00426 -0.00426
4362.846 0.00426 -0.00320 0.00107
4362.851 0.00107 0.00000 0.00000
4362.856 -0.00213 0.00639 -0.00320
4362.861 -0.00320 -0.00533 0.00533
4362.866 -0.00107 -0.00533 -0.00320
4362.871 0.00107 -0.01065 0.00000
4362.876 -0.00746 -0.00107 0.00000
4362.881 0.00533 -0.00213 0.00000
4362.886 0.00000 -0.00746 0.00213
4362.891 0.00320 -0.00426 0.00000
4362.896 0.00533 -0.00320 0.00000
4362.901 -0.00852 0.00107 0.00639
4362.906 -0.00320 0.00107 0.00426
4362.911 0.00000 -0.00746 -0.00639
4362.916 -0.00320 0.00107 0.00426
4362.921 0.00639 0.00107 -0.01065
4362.926 -0.00426 -0.00213 -0.00213
4362.931 -0.00426 0.00533 -0.00426
4362.936 0.00320 -0.00959 -0.00213
4362.942 -0.01065 0.00000 0.00107
4362.947 0.00533 -0.00107 0.00533
4362.952 -0.00320 0.00213 -0.00320
4362.957 -0.00533 0.00000 0.00107
4362.962 -0.00533 -0.00533 -0.01278
4362.967 0.00320 0.00852 0.00000
4362.972 -0.00320 -0.00320 0.00533
4362.977 -0.00213 0.00426 -0.00213
4362.982 0.00426 0.00000 -0.00107
4362.987 0.00213 -0.00213 -0.00320
4362.992 -0.00107 -0.00426 0.00533
4362.997 -0.01385 -0.00320 0.00852
4363.002 -0.00639 0.00000 -0.00426
4363.007 0.00852 -0.00639 -0.00320
4363.012 0.00000 -0.00213 0.00000
4363.017 0.00107 -0.00213 0.00746
4363.022 -0.00320 0.00107 0.00000
4363.027 0.00426 0.00213 0.00639
4363.032 -0.00639 0.00000 0.00213
4363.037 0.01065 -0.00639 0.00852
4363.042 -0.00426 0.00213 0.00426
4363.047 0.00213 0.00746 -0.00107
4363.052 0.00746 0.00426 0.00426
4363.057 -0.00533 -0.00320 -0.00107
4363.062 -0.00639 0.00639 0.00213
4363.067 -0.00320 -0.00320 -0.00213
4363.073 -0.00320 -0.00107 0.00000
4363.078 0.00320 0.00000 -0.00107
4363.083 0.00426 -0.00426 0.00107
4363.088 0.00426 -0.00320 0.00000
4363.093 0.00107 0.00533 0.00107
4363.098 0.00107 -0.00746 0.00000
4363.103 0.00746 -0.00426 -0.00213
4363.108 0.00852 -0.01172 -0.00320
4363.113 -0.00959 0.00426 0.00426
4363.118 -0.00533 -0.00320 0.00320
4363.123 0.00426 -0.00320 -0.00320
4363.128 -0.01172 0.00000 -0.00639
4363.133 0.00746 0.00107 0.00213
4363.138 -0.00213 0.00426 -0.00533
4363.143 -0.00213 -0.00320 -0.00213
4363.148 -0.00107 -0.00213 -0.00746
4363.153 0.00746 -0.00320 0.00320
4363.158 -0.00107 -0.00107 0.00426
4363.163 0.01065 0.00107 -0.00426
4363.168 -0.00746 -0.00746 0.00746
4363.173 -0.01385 -0.00426 0.00000
4363.178 -0.00533 0.00320 -0.00107
4363.183 -0.00213 -0.00426 -0.00107
4363.188 0.00639 -0.00746 0.00533
4363.193 0.00000 -0.00320 0.00213
4363.198 -0.00533 0.00533 0.00533
4363.203 -0.00320 -0.00746 0.00107
4363.208 0.00107 0.00213 0.00639
4363.213 0.00213 0.00746 0.00213
4363.218 -0.00852 -0.00639 -0.01065
4363.223 -0.00213 -0.00213 -0.00213
4363.228 -0.00320 -0.00959 -0.00320
4363.233 0.00639 0.00320 0.00533
4363.238 -0.00107 0.00213 -0.00213
4363.244 0.00213 0.00107 -0.00320
4363.249 0.00639 -0.01065 -0.00107
4363.254 -0.00639 0.00000 0.00213
4363.259 -0.00959 0.00320 -0.00213
4363.264 0.00213 0.00320 -0.00639
4363.269 -0.00959 -0.01385 0.00000
4363.274 -0.00107 -0.00426 0.00320
4363.279 -0.00320 -0.00213 0.00107
4363.284 0.00639 0.00426 -0.00107
4363.289 0.00533 -0.01065 0.00107
4363.294 0.00000 0.00533 -0.00320
4363.299 -0.00107 -0.00107 -0.00213
4363.304 -0.00213 0.00426 0.00426
4363.309 0.00426 0.00000 -0.00426
4363.314 0.00426 -0.00107 0.00426
4363.319 -0.00426 0.00107 -0.00213
4363.324 -0.00533 -0.00959 -0.00426
4363.329 0.00320 -0.00320 -0.00426
4363.334 0.00320 0.00320 0.00213
4363.339 0.00213 -0.00533 0.00533
4363.344 0.00213 0.00107 -0.01065
4363.349 -0.00426 -0.00320 0.00320
4363.354 0.00320 -0.00213 -0.00107
4363.359 0.00107 0.00000 0.00000
4363.364 -0.00852 0.00213 0.00213
4363.369 -0.00533 0.00746 -0.00320
4363.374 -0.00426 -0.00213 -0.00213
4363.379 -0.00320 -0.00213 0.00426
4363.384 0.00213 -0.00852 0.00320
4363.389 -0.00107 0.00320 0.00000
4363.394 0.00000 0.00213 0.00000
4363.399 0.00746 0.00959 -0.00213
4363.405 -0.00107 0.00000 -0.00213
4363.410 0.01278 0.00107 0.00639
4363.415 -0.00107 0.00320 -0.00639
4363.420 0.00213 -0.00213 0.00107
4363.425 -0.00213 -0.00320 0.00000
4363.430 -0.00533 -0.00959 0.00852
4363.435 -0.00639 0.00000 0.00213
4363.440 -0.00213 -0.00320 -0.00426
4363.445 -0.00639 -0.00426 -0.00426
4363.450 0.00852 -0.00852 0.00426
4363.455 0.00107 0.00000 -0.00533
4363.460 -0.00533 0.00213 -0.00533
4363.465 0.00426 0.00639 0.00000
4363.470 -0.00426 -0.01065 -0.00107
4363.475 -0.00213 -0.00426 0.00639
4363.480 0.00852 0.00107 -0.00426
4363.485 -0.00107 0.00533 0.00000
4363.490 0.00639 -0.00639 0.00320
4363.495 0.00000 -0.00533 0.00426
4363.500 -0.00533 0.00533 0.00000
4363.505 0.00746 0.00852 -0.00213
4363.510 -0.00213 0.00533 0.00107
4363.515 0.00000 -0.00107 0.00000
4363.520 0.00213 0.00320 0.00000
4363.525 0.00107 -0.00533 -0.00959
4363.530 -0.00107 -0.00959 -0.00320
4363.535 -0.00533 -0.00639 0.00213
4363.540 -0.00107 -0.00320 0.00000
4363.545 -0.01172 -0.00213 -0.00639
4363.550 0.00746 -0.00107 0.00213
4363.555 0.00320 -0.00213 -0.00639
4363.560 -0.00639 0.00000 -0.00639
4363.565 0.00639 -0.00426 0.00426
4363.570 0.00320 0.00107 -0.00107
4363.575 -0.00320 0.00639 -0.00746
4363.580 0.00533 -0.00533 0.00639
4363.586 0.00107 0.00320 0.00213
4363.590 -0.00426 -0.00107 -0.00533
4363.596 -0.00852 -0.00533 -0.00320
4363.601 0.00213 -0.00533 -0.00107
4363.606 0.00107 -0.00746 -0.00107
4363.611 -0.00213 0.00213 -0.00107
4363.616 0.00213 -0.00533 0.00959
4363.621 0.00426 -0.00107 -0.00320
4363.626 -0.00320 0.00426 0.00426
4363.631 0.00852 -0.00213 -0.00746
4363.636 0.00107 -0.00213 0.01172
4363.641 0.00213 -0.00320 0.00320
4363.646 -0.00320 -0.00533 0.00000
4363.651 -0.00213 -0.00213 -0.00852
4363.656 -0.00320 0.00000 -0.00107
4363.661 -0.00320 0.00107 0.00426
4363.666 -0.00213 -0.00746 -0.00107
4363.671 0.00426 0.00320 0.00852
4363.676 0.00107 0.00107 -0.00213
4363.681 -0.00426 -0.00533 0.00533
4363.686 -0.00426 0.00000 0.00639
4363.691 0.00107 -0.00639 -0.01065
4363.696 0.00213 -0.01065 -0.00533
4363.701 -0.00746 -0.00639 0.00320
4363.706 -0.00320 -0.00533 0.00000
4363.711 0.00213 -0.00533 0.00426
4363.716 0.00639 -0.01278 0.00320
4363.721 -0.00959 -0.00213 -0.00746
4363.726 -0.00213 -0.00320 0.00533
4363.731 -0.00213 0.00213 0.00107
4363.736 -0.00107 -0.00533 0.00107
4363.741 0.00320 -0.00426 0.00000
4363.747 -0.00533 -0.00746 -0.00213
4363.752 -0.00320 -0.00107 0.00000
4363.757 0.00213 0.00213 0.00639
4363.762 -0.00746 -0.00213 -0.00213
4363.767 -0.00320 0.00213 0.00426
4363.772 -0.00639 0.00107 -0.00533
4363.777 0.00852 0.00533 -0.00426
4363.782 0.00107 -0.00320 0.01491
4363.787 -0.00213 0.00746 0.00426
4363.792 0.00107 0.00107 -0.00107
4363.797 0.00746 0.00000 0.00107
4363.802 -0.00852 0.00000 -0.01172
4363.807 0.00000 -0.00213 -0.00426
4363.812 0.00107 -0.00639 0.00107
4363.817 0.00213 -0.00852 -0.00107
4363.822 -0.00320 0.00320 0.00213
4363.827 0.00213 0.00533 -0.00533
4363.832 -0.00320 -0.00426 0.00320
4363.837 -0.00639 0.00107 -0.00320
4363.842 -0.00639 -0.00746 0.00000
4363.847 -0.00852 -0.00639 -0.00320
4363.852 0.01065 -0.00639 0.00426
4363.858 0.00107 -0.00107 0.00000
4363.863 0.00426 -0.00320 0.00000
4363.868 0.00426 -0.00533 -0.00852
4363.873 0.00107 0.00426 -0.00426
4363.878 0.00639 0.00852 0.00533
4363.883 0.00107 0.00426 0.00320
4363.888 -0.00426 0.00533 0.00213
4363.893 -0.00213 0.00213 -0.00639
4363.898 0.00639 0.00426 0.00107
4363.903 -0.00107 0.00426 -0.00213
4363.908 -0.00107 -0.00213 0.00107
4363.913 -0.00107 -0.00533 -0.00320
4363.918 -0.00213 -0.00639 0.00000
4363.923 -0.00107 -0.00533 -0.00533
4363.928 -0.00639 0.00213 0.00426
4363.933 0.00320 -0.00320 0.00000
4363.938 -0.00746 0.00639 -0.00320
4363.943 -0.00320 -0.00639 -0.00746
4363.948 -0.00213 -0.00107 0.00320
4363.953 -0.00320 -0.00639 -0.00746
4363.958 0.00000 -0.01278 -0.00213
4363.963 -0.00107 -0.00213 0.00000
4363.968 -0.02131 -0.00213 0.00426
4363.973 -0.00533 0.00746 -0.00746
4363.978 0.00852 -0.00107 0.00107
4363.983 0.00107 0.00000 0.00426
4363.988 0.00533 -0.00320 0.00107
4363.993 0.01065 -0.00426 0.00746
4363.998 -0.00320 0.00213 -0.01065
4364.003 0.00320 -0.00213 -0.00959
4364.008 -0.00639 0.00533 0.00000
4364.013 -0.00426 -0.00426 -0.00426
4364.018 -0.00107 0.00426 0.00213
4364.023 0.00533 -0.00533 0.00426
4364.028 -0.00639 0.00533 -0.00213
4364.033 -0.00426 -0.00746 -0.00746
4364.038 -0.00107 -0.00213 0.00107
4364.043 0.00000 -0.00426 -0.00639
4364.048 0.00426 -0.00533 0.00426
4364.053 -0.00426 -0.01065 -0.00320
4364.059 -0.00426 -0.00533 0.00107
4364.064 0.00426 0.00320 0.00320
4364.069 -0.00746 0.00000 -0.00426
4364.074 -0.00426 -0.01065 0.00426
4364.079 0.00213 -0.00426 -0.00213
4364.084 -0.00639 -0.00639 0.00213
4364.089 0.00107 0.00746 -0.00533
4364.094 -0.00852 -0.00107 -0.00320
4364.099 -0.00852 -0.00426 -0.00639
4364.104 0.00000 -0.00107 -0.00213
4364.109 0.00320 0.00320 -0.00213
4364.114 0.00533 0.00213 0.00213
4364.119 0.00000 -0.00959 0.00639
4364.124 -0.00639 -0.00533 0.00320
4364.129 -0.00852 -0.00107 0.00426
4364.134 -0.00107 0.00213 -0.00213
4364.139 0.00852 -0.00746 -0.00213
4364.144 -0.00639 0.00000 -0.00639
4364.149 0.00000 0.00107 -0.00426
4364.154 -0.00426 -0.00320 0.00533
4364.159 -0.00107 -0.00320 0.00533
4364.164 -0.01065 0.00320 -0.00426
4364.169 0.00000 -0.00426 0.00000
4364.174 -0.00426 0.00107 0.00533
4364.179 0.00746 0.00426 0.00533
4364.184 -0.00959 -0.00107 -0.00107
4364.189 0.00746 0.00000 -0.00213
4364.194 -0.00320 -0.00852 -0.00639
4364.199 0.00426 0.00213 -0.00639
4364.204 0.00213 0.00852 -0.00213
4364.209 0.00320 0.00000 0.00213
4364.214 -0.00533 -0.00213 0.00213
4364.219 0.00107 0.00320 0.00000
4364.224 -0.00213 -0.00533 0.00533
4364.230 0.00426 0.00000 0.00426
4364.235 0.00746 -0.00639 0.00107
4364.240 0.00639 0.00852 -0.00107
4364.245 -0.00746 0.00426 0.00107
4364.250 -0.00320 0.00320 0.00213
4364.255 -0.00320 -0.00320 0.00320
4364.260 -0.00746 0.00000 -0.00107
4364.265 -0.00746 -0.00852 -0.00213
4364.270 -0.00533 -0.00320 0.00000
4364.275 0.00959 -0.00852 -0.00320
4364.280 0.00107 0.00213 -0.00533
4364.285 0.00107 0.00213 0.00426
4364.290 0.00320 -0.00852 -0.00852
4364.295 -0.00426 -0.00213 0.00533
4364.300 -0.00213 0.00213 -0.00107
4364.305 -0.00107 0.01385 0.00107
4364.310 -0.00213 0.00107 0.00107
4364.315 0.00213 0.00426 0.01278
4364.320 0.00533 -0.00959 -0.00852
4364.325 0.00639 -0.00107 0.00213
4364.330 0.00320 0.00320 0.00639
4364.335 -0.01385 -0.00320 -0.00213
4364.340 -0.00213 -0.00959 0.00000
4364.345 -0.00107 -0.00426 0.00320
4364.350 0.00639 0.00320 0.00533
4364.355 0.00852 0.00213 -0.00426
4364.360 -0.00426 0.00533 0.00107
4364.365 -0.00320 0.00000 -0.00639
4364.370 -0.00320 0.00213 -0.00320
4364.375 -0.00533 0.00213 0.00746
4364.380 -0.00107 0.00000 -0.00213
4364.385 -0.00639 0.00107 0.00639
4364.390 0.00320 0.00320 -0.00852
4364.395 -0.00746 -0.00107 0.00213
4364.400 -0.00213 0.00107 -0.00320
4364.405 -0.00107 0.00107 -0.00213
4364.410 0.00320 0.00000 0.00320
4364.415 -0.00320 0.00000 0.00213
4364.421 -0.00213 0.00533 0.00107
4364.426 -0.00426 0.00426 -0.00320
4364.431 0.00320 -0.00746 -0.00426
4364.436 0.00533 -0.00213 0.00000
4364.441 0.00746 -0.00533 0.00639
4364.446 0.00746 0.00533 0.00533
4364.451 -0.01491 0.00533 0.00426
4364.456 -0.00320 -0.00320 -0.00320
4364.461 -0.00639 -0.00746 -0.00213
4364.466 0.00000 0.00320 0.00639
4364.471 -0.00213 0.00000 -0.00426
4364.476 0.00320 -0.00107 -0.00852
4364.481 0.00426 -0.00426 -0.00107
4364.486 0.01278 -0.00320 0.00107
4364.491 -0.00107 0.00000 0.00107
4364.496 0.00320 0.00107 -0.00426
4364.501 -0.00107 -0.00213 -0.00852
4364.506 0.00533 -0.00639 0.00000
4364.511 -0.00107 -0.00426 0.01172
4364.516 -0.00533 0.00213 -0.00107
4364.521 0.00959 -0.00426 0.01385
4364.526 -0.01172 0.00107 -0.00213
4364.531 -0.00426 0.00426 -0.01385
4364.536 -0.00426 -0.00533 -0.00213
4364.541 -0.00639 -0.01385 -0.00213
4364.546 -0.00107 0.00000 0.00107
4364.551 0.00639 -0.00639 0.00000
4364.556 -0.00959 -0.00213 0.00426
4364.561 -0.01172 0.00639 0.00107
4364.566 -0.01065 -0.00213 0.01172
4364.571 -0.01598 -0.00426 0.00107
4364.576 -0.00213 0.00000 -0.00426
4364.581 -0.00959 -0.00639 -0.00107
4364.586 0.00107 0.00213 0.00213
4364.592 -0.00320 0.00213 -0.00213
4364.597 0.00107 -0.00746 0.00107
4364.602 0.00533 0.00000 -0.00213
4364.607 -0.00533 0.00959 0.00746
4364.612 -0.00959 -0.00959 -0.01385
4364.617 0.01172 0.00852 -0.00213
4364.622 -0.00107 -0.00746 0.00213
4364.627 -0.00533 0.00213 -0.00639
4364.632 -0.00533 0.00533 0.01278
4364.637 -0.00107 -0.00107 -0.00426
4364.642 -0.00746 0.00107 -0.00107
4364.647 0.00213 -0.00639 -0.00533
4364.652 -0.01172 0.00639 0.00426
4364.657 -0.00426 -0.00426 -0.00320
4364.662 0.00320 0.00533 -0.00852
4364.667 0.00426 0.00000 -0.01065
4364.672 0.00107 0.00213 0.00213
4364.677 -0.00639 -0.00213 -0.00107
4364.682 -0.00426 0.00000 0.00746
4364.687 -0.00533 0.00533 0.00000
4364.692 -0.00639 -0.01172 0.00000
4364.697 0.00852 0.00000 -0.00533
4364.702 -0.00426 0.00213 -0.00533
4364.707 -0.00426 -0.00320 -0.00107
4364.712 -0.00639 -0.01491 -0.01491
4364.717 0.00639 -0.00213 0.00213
4364.722 -0.00639 -0.00959 0.00107
4364.727 0.00426 -0.00746 -0.00213
4364.732 -0.00533 0.00426 -0.00320
4364.737 -0.00320 -0.00213 -0.00213
4364.743 0.00426 -0.00213 0.00426
4364.748 -0.00107 -0.00746 0.00000
4364.752 0.00000 0.00320 0.00000
4364.757 -0.00426 0.00213 -0.00639
4364.762 -0.00533 0.01065 -0.00533
4364.767 0.00107 0.00107 0.00426
4364.772 0.00320 -0.00213 -0.00426
4364.777 0.00533 -0.00533 -0.00959
4364.782 -0.00746 -0.00213 -0.00213
4364.787 -0.00639 -0.00533 -0.00426
4364.793 -0.00533 -0.00533 0.00533
4364.798 0.00320 -0.00426 0.00320
4364.803 0.00213 -0.00320 0.00107
4364.808 0.00107 0.00000 -0.00426
4364.813 -0.00320 -0.00533 -0.00426
4364.818 -0.00746 0.00000 0.00000
4364.823 0.00639 -0.00320 -0.00107
4364.828 0.01704 0.01065 0.00533
4364.833 0.00533 0.00213 0.00107
4364.838 0.00320 -0.00746 -0.00533
4364.843 -0.00426 -0.00533 0.00107
4364.848 0.00320 0.00320 -0.00639
4364.853 -0.00213 -0.00959 -0.00639
4364.858 -0.00746 -0.00320 -0.00107
4364.863 -0.00107 0.00533 -0.00639
4364.868 0.00852 0.00000 0.00000
4364.873 0.00000 -0.00107 -0.00533
4364.878 -0.00320 -0.00639 -0.00107
4364.883 -0.00320 -0.00639 0.00000
4364.888 0.00320 -0.00426 -0.00213
4364.893 0.00426 0.00000 0.00000
4364.898 0.00533 0.00000 -0.00533
4364.903 -0.00426 -0.00746 -0.00320
4364.908 -0.00426 0.00213 0.00533
4364.914 -0.00639 -0.00852 0.00746
4364.919 0.00107 0.00107 -0.00426
4364.924 0.00320 -0.00213 -0.00107
4364.929 -0.00213 -0.00213 -0.00639
4364.934 0.00107 -0.00320 -0.00320
4364.939 0.00746 -0.00320 0.00533
4364.944 -0.00107 0.00213 -0.00533
4364.949 0.00639 0.00213 0.00533
4364.954 -0.01278 0.00000 0.00320
4364.959 -0.00320 0.00000 -0.00213
4364.964 -0.00320 0.00426 0.00533
4364.969 0.00000 0.00320 -0.00639
4364.974 0.00000 0.00213 -0.00213
4364.979 0.00107 0.00639 0.00213
4364.984 0.00426 -0.00320 -0.00426
4364.989 -0.00213 -0.00533 -0.00852
4364.994 -0.00213 0.00426 -0.00107
4364.999 -0.00107 -0.00426 0.00213
4365.004 -0.00320 -0.00107 0.00320
4365.009 -0.00639 -0.00746 -0.00426
4365.014 -0.01278 -0.00533 0.00107
4365.019 0.00107 -0.00320 0.00320
4365.024 0.00107 0.00107 -0.00533
4365.029 0.00107 -0.00533 0.00639
4365.034 0.00107 -0.00107 0.00213
4365.039 0.00107 -0.00320 -0.00639
4365.044 -0.00746 0.00852 0.00107
4365.049 -0.00107 0.00320 0.00000
4365.054 -0.00107 0.00000 0.00000
4365.059 -0.00107 0.00000 0.00533
4365.064 -0.00852 0.00000 -0.00426
4365.069 -0.00426 -0.00746 0.00213
4365.074 0.00107 -0.00852 -0.00213
4365.079 -0.00746 0.00000 0.00213
4365.084 -0.00426 0.00426 -0.00320
4365.089 -0.00959 -0.00533 0.00000
4365.095 0.00000 0.00533 -0.00213
4365.100 -0.00320 -0.00107 0.00852
4365.105 0.00426 -0.00107 0.01598
4365.110 -0.00639 -0.00213 -0.00213
4365.115 0.00320 0.00320 -0.00107
4365.120 0.00639 0.00107 0.00107
4365.125 0.00320 -0.00107 0.00533
4365.130 0.00107 0.00107 -0.00533
4365.135 -0.00959 0.00107 -0.00213
4365.140 0.00107 -0.00213 -0.00639
4365.145 -0.01065 -0.00852 -0.00107
4365.150 -0.00426 -0.00639 -0.00533
4365.155 0.00000 0.00213 -0.00213
4365.160 -0.00107 0.00426 0.00000
4365.165 0.00746 -0.00746 0.00000
4365.170 0.00852 -0.00320 0.00107
4365.175 -0.00107 0.00213 -0.00107
4365.180 0.00746 0.00000 -0.00533
4365.185 -0.00639 0.00426 0.00213
4365.190 -0.00320 0.00107 0.00000
4365.195 0.01172 0.00213 0.00107
4365.200 -0.01811 -0.00533 -0.00639
4365.205 0.00639 0.00426 0.00320
4365.210 0.00213 -0.00107 0.00000
4365.215 0.00320 -0.00426 0.00426
4365.220 -0.00107 -0.00533 -0.00213
4365.225 0.00107 -0.00533 0.00533
4365.230 0.00000 -0.00852 0.00533
4365.235 -0.00959 -0.00639 -0.00426
4365.240 -0.00426 0.00639 -0.00426
4365.245 -0.00852 -0.00533 0.00000
4365.250 0.00639 -0.00320 0.00959
4365.256 -0.00320 0.00746 -0.00426
4365.261 -0.00639 -0.01598 0.00000
4365.266 0.00320 -0.00959 -0.00746
4365.271 0.00213 -0.00426 0.01172
4365.276 -0.00959 0.00000 0.00213
4365.281 -0.01172 -0.00320 0.00107
4365.286 0.00320 0.00000 -0.00426
4365.291 0.00639 0.00639 0.00000
4365.296 -0.00533 0.00000 0.00320
4365.301 0.00000 0.00533 -0.00533
4365.306 0.00746 0.00107 0.00746
4365.311 -0.00107 0.00000 0.00746
4365.316 -0.00213 -0.00959 -0.00320
4365.321 0.00320 -0.00107 -0.00426
4365.326 -0.00852 -0.00746 -0.00107
4365.331 -0.00533 -0.00320 0.00213
4365.336 0.00000 -0.00213 -0.00107
4365.341 -0.00107 -0.00213 -0.00959
4365.346 -0.00213 0.00107 0.00107
4365.351 -0.01278 0.00320 -0.00426
4365.356 -0.00213 -0.00320 0.00107
4365.361 0.00426 -0.00213 0.00639
4365.366 -0.00107 -0.00639 -0.00639
4365.371 -0.00746 0.00746 -0.00213
4365.376 0.00320 0.00107 -0.00213
4365.381 -0.00426 -0.00107 0.00000
4365.386 0.00426 0.00000 0.00320
4365.391 0.00107 0.00107 0.00213
4365.396 0.00426 0.00000 0.00959
4365.401 -0.00320 -0.00107 -0.00107
4365.407 0.00213 -0.00320 0.00000
4365.412 0.00959 0.00320 0.00107
4365.417 -0.00213 -0.00959 0.01172
4365.422 -0.00213 0.00213 0.00746
4365.427 0.00107 0.00000 0.00639
4365.432 0.00107 0.00107 -0.00320
4365.437 0.00426 -0.00320 0.00426
4365.442 0.00107 0.00000 0.00107
4365.447 -0.00746 0.00213 0.00426
4365.452 -0.00533 -0.00746 -0.00213
4365.457 -0.00320 -0.00426 0.00320
4365.462 -0.00107 0.00320 -0.00426
4365.467 0.01385 0.00000 0.00639
4365.472 -0.00213 -0.00852 -0.00746
4365.477 -0.00107 0.00107 0.00213
4365.482 -0.00320 0.00000 0.00213
4365.487 -0.00533 0.00852 -0.00746
4365.492 0.00213 -0.00639 0.00107
4365.497 -0.00959 -0.00320 0.00320
4365.502 -0.01172 0.00000 0.00320
4365.507 0.00320 0.00533 0.00107
4365.512 0.00533 -0.00533 0.00213
4365.517 -0.00320 -0.00320 -0.00639
4365.522 -0.00852 0.00426 0.00639
4365.527 0.00000 0.01065 0.00852
4365.532 0.00107 -0.00746 -0.00426
4365.538 -0.00213 -0.00533 0.00320
4365.542 -0.00213 0.00107 -0.00107
4365.548 -0.01704 -0.00852 0.00213
4365.553 -0.00639 0.00000 0.01065
4365.558 -0.00533 0.00107 -0.00213
4365.563 0.00533 -0.00426 -0.00213
4365.568 -0.00107 0.00533 0.00639
4365.573 0.00213 -0.00426 -0.01065
4365.578 -0.00107 -0.00533 -0.00107
4365.583 0.00213 -0.00959 -0.00426
4365.588 0.00426 0.00107 0.00213
4365.593 0.00533 -0.01065 -0.00426
4365.598 -0.00213 -0.00639 0.00426
4365.603 -0.00107 0.00107 0.00320
4365.608 0.00000 -0.00320 -0.01065
4365.613 -0.00320 -0.00533 0.00426
4365.618 0.00639 0.00320 -0.00746
4365.623 -0.00213 -0.00213 -0.00213
4365.628 -0.00533 -0.00533 -0.00320
4365.633 0.00320 0.00959 -0.00639
4365.638 -0.00533 -0.00426 -0.00107
4365.643 -0.01065 0.00320 0.00533
4365.648 0.00213 0.00213 0.00320
4365.653 -0.00426 -0.00107 -0.00213
4365.658 -0.00320 -0.00320 0.00107
4365.663 -0.00107 0.00533 0.00533
4365.668 -0.00533 -0.00213 0.00426
4365.673 -0.00533 0.00107 0.00000
4365.678 -0.00213 -0.00426 0.00639
4365.683 0.00746 0.00213 0.00000
4365.688 0.00000 0.00746 -0.00107
4365.693 -0.00213 0.00426 -0.00320
4365.698 0.00533 -0.00426 0.00000
4365.703 0.00213 0.00000 -0.00320
4365.708 0.00000 0.00213 -0.00107
4365.713 0.00107 -0.00852 0.00000
4365.718 -0.00107 0.00107 -0.00639
4365.723 0.00107 0.00000 -0.00426
4365.729 -0.00426 0.00213 -0.00213
4365.734 0.00533 0.00000 0.00213
4365.739 -0.00639 0.00000 -0.00213
4365.744 -0.00639 -0.00426 -0.00852
4365.749 -0.00426 -0.00426 0.00107
4365.754 0.00320 -0.01598 -0.00959
4365.759 -0.00213 -0.00107 0.00213
4365.764 0.00959 -0.00107 0.00320
4365.769 -0.00746 -0.00213 0.00426
4365.774 -0.00107 -0.01172 0.00320
4365.779 -0.00533 -0.00320 -0.00852
4365.784 -0.00959 0.00959 -0.00107
4365.789 -0.00107 0.00959 0.00320
4365.794 0.01065 0.00107 0.00000
4365.799 0.00000 0.00107 -0.00320
4365.804 0.00426 0.00213 0.00107
4365.809 -0.01704 0.00107 0.00107
4365.814 -0.00320 0.00639 -0.00107
4365.819 0.00426 -0.00320 0.00533
4365.824 -0.00320 0.00213 0.00533
4365.829 0.00639 -0.00746 0.00426
4365.834 0.00426 0.00213 -0.00107
4365.839 0.00107 -0.00639 -0.00213
4365.844 0.01172 -0.00320 -0.01385
4365.849 0.00852 -0.00639 -0.00107
4365.854 0.00639 -0.00533 -0.00426
4365.859 0.00213 -0.00639 -0.00320
4365.864 -0.00533 -0.00746 -0.01065
4365.869 0.00107 -0.00213 0.00426
4365.874 -0.00426 0.00639 -0.00320
4365.879 -0.00213 -0.00426 -0.00107
4365.884 -0.01065 0.00107 0.00320
4365.890 -0.00320 0.00000 0.00107
4365.895 -0.00320 -0.00852 -0.00426
4365.900 -0.00320 0.00107 -0.00533
4365.905 -0.00639 0.00320 0.00000
4365.910 -0.00639 -0.00107 -0.00213
4365.915 -0.00107 0.00107 -0.00533
4365.920 0.00213 0.00213 -0.00533
4365.925 0.00320 -0.00959 0.00213
4365.930 0.00107 0.00000 -0.00107
4365.935 -0.00533 0.00426 -0.00213
4365.940 -0.01065 -0.00213 -0.00320
4365.945 -0.00746 -0.00852 -0.00213
4365.950 -0.00746 0.00107 0.00000
4365.955 0.00107 0.00533 0.00000
4365.960 -0.00320 0.00213 -0.00426
4365.965 0.00107 -0.00426 0.00107
4365.970 0.00533 0.00426 0.00107
4365.975 0.00000 -0.01065 0.00639
4365.980 0.01172 0.00320 -0.00426
4365.985 0.00000 0.00213 0.00533
4365.990 0.00000 -0.00959 -0.00320
4365.995 -0.01065 0.00000 -0.00320
4366.000 -0.00320 0.00000 0.00320
4366.005 -0.00107 0.00000 -0.00213
4366.010 0.00107 -0.00746 -0.00107
4366.015 0.00213 -0.00107 -0.00213
4366.020 -0.00213 0.01491 0.01172
4366.025 -0.00852 0.00000 0.00107
4366.030 0.00320 0.00320 0.00320
4366.035 -0.00213 0.00000 0.00213
4366.041 0.00107 -0.00107 0.00426
4366.046 -0.00533 -0.00852 0.00000
4366.051 0.00107 -0.00213 0.00000
4366.056 -0.00107 0.00852 -0.00426
4366.061 -0.01917 0.00320 0.00639
4366.066 -0.00533 -0.00639 -0.00639
4366.071 -0.00533 -0.00320 0.00000
4366.076 -0.00107 -0.00320 -0.00107
4366.081 -0.00213 0.00320 0.00320
4366.086 -0.00959 0.00107 0.00000
4366.091 -0.00213 -0.00213 0.00852
4366.096 0.00320 -0.00959 -0.00639
4366.101 0.00320 -0.00639 -0.00639
4366.106 -0.00639 0.00107 -0.00107
4366.111 -0.00533 -0.00852 0.00213
4366.116 -0.00213 0.00320 0.00320
4366.121 0.00533 -0.00107 0.00213
4366.126 -0.00533 -0.00107 -0.00320
4366.131 -0.00213 0.00107 0.00000
4366.136 0.00000 0.00639 -0.00107
4366.141 0.00000 -0.00426 -0.00533
4366.146 0.00746 -0.00320 -0.00746
4366.151 0.00107 0.00639 -0.00320
4366.156 0.00533 -0.00107 0.00320
4366.161 -0.00213 -0.00320 0.00107
4366.166 -0.00426 -0.00213 0.00000
4366.171 -0.00852 -0.00320 0.00213
4366.176 -0.00213 0.00320 -0.00107
4366.181 -0.00426 -0.00746 -0.00213
4366.186 0.00533 -0.00533 -0.00426
4366.191 0.00000 -0.00107 0.00107
4366.196 0.00746 -0.00107 0.00107
4366.202 -0.00746 -0.00320 0.00000
4366.207 0.00107 0.00213 -0.00959
4366.212 -0.00107 -0.00746 0.00746
4366.217 -0.00213 -0.00426 -0.00639
4366.222 0.00426 0.00426 -0.00107
4366.227 0.00533 -0.00107 0.00000
4366.232 0.00959 0.00533 0.00746
4366.237 -0.00959 0.00000 -0.00639
4366.242 0.00000 -0.00959 0.00639
4366.247 -0.00746 -0.01704 0.00107
4366.252 -0.00533 0.00000 0.00213
4366.257 0.00107 -0.00533 -0.00320
4366.262 -0.00639 -0.00320 0.00320
4366.267 -0.00320 -0.00320 -0.00533
4366.272 0.00426 0.00639 -0.00107
4366.277 -0.00533 0.00533 0.00213
4366.282 -0.00746 -0.00213 0.00320
4366.287 -0.00213 -0.00639 -0.00746
4366.292 -0.00426 0.00000 -0.00213
4366.297 -0.00533 0.00320 -0.00320
4366.302 -0.00213 -0.00533 -0.00320
4366.307 0.00000 -0.00320 -0.00213
4366.312 0.01491 -0.00852 0.00746
4366.317 -0.00107 0.00320 0.00213
4366.322 0.00959 -0.00746 -0.00426
4366.327 0.00000 -0.00639 -0.00320
4366.332 0.00213 -0.00533 -0.00320
4366.337 0.00426 -0.00213 0.00213
4366.342 -0.00426 0.00213 0.00426
4366.347 -0.00107 0.00213 0.00426
4366.352 -0.01278 -0.00213 -0.00213
4366.357 0.00746 -0.00639 -0.00639
4366.363 0.00107 0.00639 0.00213
4366.368 0.00213 0.00320 -0.00213
4366.373 0.00213 -0.00639 0.00000
4366.378 -0.00533 0.00000 0.00320
4366.383 -0.01598 0.00000 0.01491
4366.388 0.00213 -0.00107 0.00107
4366.393 0.00746 -0.01172 -0.01172
4366.398 0.00213 0.00213 0.00107
4366.403 0.00000 0.00426 0.00426
4366.408 0.00213 -0.00426 0.00107
4366.413 0.00000 0.00959 -0.00746
4366.418 -0.00213 -0.00852 -0.00852
4366.423 0.00000 -0.00213 0.00426
4366.428 0.00213 -0.01065 -0.01278
4366.433 -0.00320 -0.00959 -0.00213
4366.438 -0.00320 -0.00959 -0.00213
4366.443 0.00000 -0.00320 0.00000
4366.448 -0.00959 -0.00959 -0.01065
4366.453 0.00107 -0.00959 0.00639
4366.458 -0.00320 0.00000 0.00213
4366.463 0.00000 -0.00639 0.00320
4366.468 0.00000 -0.00213 0.00107
4366.473 0.00000 -0.00320 0.00000
4366.478 -0.01065 -0.00426 -0.00426
4366.483 0.00426 -0.01278 0.00533
4366.488 -0.00746 -0.00746 -0.00426
4366.493 0.00320 -0.00107 -0.00746
4366.498 -0.00107 0.00213 -0.00533
4366.504 -0.00320 -0.00426 0.00107
4366.508 0.00426 -0.00533 -0.00639
4366.514 0.00320 -0.00213 -0.00107
4366.519 -0.00107 0.00213 0.00213
4366.524 0.00639 0.00107 0.00213
4366.529 -0.00107 0.00426 -0.00746
4366.534 -0.01811 0.00107 -0.00533
4366.539 0.00000 0.00107 -0.00107
4366.544 -0.01065 -0.00107 0.00107
4366.549 0.00107 0.00000 0.00000
4366.554 -0.00533 -0.00107 -0.00107
4366.559 -0.00746 0.00107 0.00852
4366.564 -0.00852 -0.00213 -0.00107
4366.569 -0.00533 0.00426 -0.00107
4366.574 -0.01065 -0.00213 -0.00320
4366.579 0.00000 0.00000 0.00107
4366.584 -0.01065 -0.00639 0.00213
4366.589 -0.00107 0.00426 -0.00320
4366.594 0.00746 -0.00213 -0.00639
4366.599 0.00000 -0.00426 -0.00426
4366.604 -0.00533 0.00213 -0.00213
4366.609 0.00107 0.00213 0.00426
4366.614 -0.00533 -0.00320 -0.00107
4366.619 -0.00107 -0.00639 0.00000
4366.624 0.00426 -0.01172 -0.00746
4366.629 0.00000 -0.00107 -0.00213
4366.634 0.00107 0.00320 -0.00320
4366.639 -0.00107 0.00320 -0.00107
4366.644 -0.00213 -0.00426 0.00107
4366.649 -0.00639 0.00107 -0.00533
4366.654 -0.00107 0.00320 0.00320
4366.659 0.00107 -0.00107 0.00639
4366.664 -0.01172 -0.00426 -0.00320
4366.669 0.00320 -0.00320 -0.00533
4366.674 -0.00533 -0.00107 -0.00746
4366.679 0.00426 -0.00426 -0.00107
4366.685 -0.00426 -0.00213 0.00107
4366.690 0.00000 -0.00959 0.00107
4366.695 -0.00852 -0.00426 -0.00746
4366.700 -0.00426 -0.00959 -0.00320
4366.705 -0.00320 0.00320 0.00107
4366.710 0.00213 0.00533 -0.00213
4366.715 -0.00639 0.00320 -0.00533
4366.720 -0.00320 0.00639 0.00959
4366.725 -0.00639 0.00213 -0.00533
4366.730 0.00746 0.00320 -0.00213
4366.735 0.00107 0.00426 -0.00639
4366.740 -0.00533 -0.00320 -0.00107
4366.745 0.00746 -0.00746 -0.00533
4366.750 -0.01278 -0.00959 -0.00320
4366.755 -0.00426 0.00639 -0.00746
4366.760 0.00426 0.00213 0.00639
4366.765 0.00000 0.00000 -0.01278
4366.770 -0.00320 -0.00426 0.00107
4366.775 0.00213 -0.00320 0.01811
4366.780 0.00533 -0.00320 -0.00107
4366.785 0.00000 0.00213 -0.00426
4366.790 0.00746 0.00320 -0.00213
4366.795 -0.00533 -0.00107 -0.00746
4366.800 -0.00639 -0.00213 -0.00213
4366.805 0.00000 0.00320 0.00426
4366.810 0.00320 -0.01278 -0.00107
4366.815 -0.00320 -0.00533 -0.00426
4366.820 -0.00533 -0.00107 -0.00107
4366.825 0.00320 0.00107 0.00320
4366.830 -0.00959 -0.00426 0.00213
4366.835 0.00533 0.00000 0.00000
4366.840 -0.00107 -0.00426 -0.00533
4366.846 0.00320 -0.00533 0.00639
4366.851 -0.00107 -0.00320 0.00213
4366.856 0.00320 0.00746 0.00213
4366.861 -0.00426 0.00213 0.00000
4366.866 0.00107 -0.00320 -0.01172
4366.871 0.00107 -0.00107 0.00107
4366.876 -0.00320 -0.00746 -0.00107
4366.881 0.00426 -0.00213 -0.00213
4366.886 -0.00213 0.00426 -0.00959
4366.891 -0.00426 -0.00533 -0.00320
4366.896 0.00533 -0.00107 -0.00107
4366.901 -0.00320 -0.00533 -0.00107
4366.906 -0.00320 -0.00107 -0.00107
4366.911 0.00107 0.00000 0.00320
4366.916 -0.00213 -0.00107 0.00000
4366.921 -0.00320 0.00213 -0.00107
4366.926 -0.00213 -0.00213 -0.00426
4366.931 0.00107 -0.01065 0.00000
4366.936 -0.00213 -0.00959 0.00852
4366.941 0.00213 -0.00213 0.00320
4366.946 -0.00533 -0.01065 0.00213
4366.951 -0.00852 0.00213 -0.00320
4366.956 -0.00746 0.00213 -0.00426
4366.961 0.00533 0.00000 -0.00213
4366.966 0.00000 0.00533 0.00852
4366.971 0.00000 -0.00107 0.00533
4366.976 -0.00213 -0.00852 0.00533
4366.981 -0.00320 -0.01065 -0.00320
4366.986 0.00213 -0.01278 -0.00320
4366.991 -0.00320 -0.00746 0.00000
4366.996 0.00320 -0.01172 -0.00320
4367.001 0.00107 -0.00107 -0.00107
4367.007 0.00426 -0.00746 0.00426
4367.012 -0.00533 0.00000 0.00533
4367.017 -0.01065 -0.00213 -0.00213
4367.022 -0.00426 -0.00320 -0.00746
4367.027 -0.00213 -0.00959 0.00107
4367.032 0.00426 -0.00213 -0.00320
4367.037 0.00107 -0.00320 -0.00426
4367.042 -0.00320 -0.00107 0.00000
4367.047 0.00426 -0.00639 -0.01491
4367.052 -0.00213 0.00426 0.00320
4367.057 0.00533 0.00000 -0.00213
4367.062 -0.00639 -0.00639 -0.00852
4367.067 0.00320 0.00107 0.00320
4367.072 0.00213 -0.00746 -0.00320
4367.077 0.00107 -0.00213 -0.00533
4367.082 0.00639 0.00852 -0.00746
4367.087 -0.00320 -0.00213 0.00533
4367.092 0.00426 0.00426 0.00426
4367.097 -0.00320 0.00639 0.00107
4367.102 -0.00746 -0.00426 0.00533
4367.107 -0.00533 0.00107 -0.00852
4367.112 -0.00107 -0.00639 -0.00852
4367.117 -0.00426 -0.00959 -0.00426
4367.122 0.00533 0.01065 0.00746
4367.127 -0.00852 -0.00320 -0.00320
4367.132 0.00320 0.00746 0.00959
4367.137 0.00639 -0.00533 0.00000
4367.142 0.00000 0.00107 0.00320
4367.147 0.00320 0.00320 0.01385
4367.152 0.00000 0.00213 0.00213
4367.157 -0.00320 -0.00213 0.00000
4367.162 -0.00213 -0.00320 0.00852
4367.168 -0.00746 -0.00213 0.00000
4367.173 -0.00426 0.00213 -0.00320
4367.178 0.00000 0.00213 -0.00426
4367.183 -0.00426 -0.00320 0.00107
4367.188 0.00320 -0.00959 -0.00746
4367.193 0.00000 -0.00533 0.00320
4367.198 -0.00107 0.00000 0.00000
4367.203 -0.00107 -0.00107 -0.01065
4367.208 0.00320 0.00107 0.00426
4367.213 0.00000 0.00533 0.00107
4367.218 0.00000 0.00320 0.00426
4367.223 0.00959 -0.00533 -0.00639
4367.228 -0.00639 -0.00746 0.00213
4367.233 -0.00959 -0.00852 0.00639
4367.238 0.00000 0.00852 0.00320
4367.243 -0.00107 -0.00107 0.00320
4367.248 -0.00639 -0.00639 -0.00213
4367.253 0.00533 -0.00107 -0.00426
4367.258 0.00107 0.00213 -0.00320
4367.263 0.00000 0.00107 -0.00320
4367.268 0.00213 0.00320 0.00533
4367.273 0.00213 0.00107 0.00213
4367.278 -0.00852 -0.00107 -0.00426
4367.283 -0.00213 0.00320 -0.00213
4367.288 -0.00320 0.00107 0.00000
4367.293 -0.01491 0.00639 0.00852
4367.298 0.00320 0.00000 -0.00213
4367.303 0.00959 0.00107 0.00213
4367.308 -0.00213 -0.00533 -0.00426
4367.313 -0.00639 -0.00959 -0.00320
4367.319 -0.00213 0.00852 -0.00639
4367.323 -0.00320 0.00213 0.00107
4367.329 -0.00533 0.00107 0.00639
4367.334 -0.00107 -0.00746 -0.00426
4367.339 0.00213 -0.00533 0.00107
4367.344 -0.00213 -0.00213 -0.00107
4367.349 0.00000 -0.00852 0.00107
4367.354 0.00639 0.00320 0.00213
4367.359 0.00320 -0.00107 -0.00852
4367.364 0.00107 -0.00320 0.00107
4367.369 -0.00320 -0.00639 -0.00213
4367.374 -0.00639 -0.00852 0.00107
4367.379 0.01065 -0.00959 -0.00213
4367.384 0.00107 0.00852 -0.00639
4367.389 -0.00746 0.00000 0.00639
4367.394 0.00213 -0.00320 0.00639
4367.399 -0.00107 -0.00320 -0.00107
4367.404 -0.00107 0.00320 -0.00107
4367.409 -0.00107 -0.00639 0.00213
4367.414 0.00213 -0.00533 -0.00533
4367.419 -0.00639 -0.00639 -0.00320
4367.424 0.00107 0.00107 0.00107
4367.429 -0.00852 0.00213 0.00213
4367.434 -0.00213 -0.00107 -0.00533
4367.439 0.00746 0.00533 0.00107
4367.444 -0.00107 -0.00426 0.00426
4367.449 0.00000 -0.00533 -0.00213
4367.454 -0.00426 0.00639 0.00639
4367.459 -0.00107 -0.00852 -0.01811
4367.464 0.00000 -0.00639 0.00426
4367.469 -0.00213 -0.00426 0.00320
4367.474 -0.00426 0.00213 -0.00426
4367.479 -0.00107 -0.00852 0.00213
4367.484 0.01278 0.00320 0.00320
4367.489 0.00320 -0.00107 0.00000
4367.494 -0.00533 0.00959 0.00213
4367.500 0.00213 0.00213 0.00639
4367.505 0.00533 0.00000 0.00639
4367.510 0.00639 -0.00426 -0.00107
4367.515 -0.00320 -0.00213 -0.00639
4367.520 0.00320 -0.00320 -0.00213
4367.525 0.00746 -0.00426 -0.00746
4367.530 0.00639 0.00107 -0.00107
4367.535 0.00000 -0.01172 -0.00107
4367.540 -0.00213 0.00000 0.00000
4367.545 0.00746 -0.00426 0.00000
4367.550 -0.00639 -0.00320 0.00959
4367.555 -0.00852 -0.00320 0.00000
4367.560 -0.00107 -0.00426 -0.00746
4367.565 0.01385 -0.00213 -0.00213
4367.570 -0.00639 -0.00959 0.00533
4367.575 -0.00426 0.01065 0.00000
4367.580 0.00107 0.00426 -0.00426
4367.585 -0.01065 0.00852 -0.00639
4367.590 -0.00107 0.00213 0.00320
4367.595 0.00320 0.00533 -0.00426
4367.600 0.00639 -0.00533 -0.01065
4367.605 -0.00213 0.00426 0.00320
4367.610 0.00426 0.00746 0.00213
4367.615 0.00426 -0.00320 0.00426
4367.620 -0.00107 -0.00320 -0.00639
4367.625 -0.00426 -0.00426 -0.00213
4367.630 0.00320 -0.00320 -0.00107
4367.635 0.00320 -0.00426 0.00213
4367.640 -0.00107 -0.00107 -0.00107
4367.645 0.00426 -0.00213 0.00213
4367.651 0.00213 -0.00852 0.00320
4367.656 0.00320 -0.00852 0.00320
4367.661 -0.00533 0.00426 -0.00852
4367.666 0.00639 -0.00852 -0.00320
4367.671 -0.00107 -0.00426 0.00213
4367.676 0.00320 0.00746 -0.00107
4367.681 -0.00426 -0.00852 -0.00107
4367.686 0.00746 -0.00639 -0.00213
4367.691 -0.01385 -0.00426 -0.00426
4367.696 0.00320 -0.00320 -0.00320
4367.701 0.00213 -0.00426 0.00000
4367.706 -0.00107 -0.00533 -0.00639
4367.711 0.00533 -0.00533 -0.00320
4367.716 -0.00852 -0.00320 0.00000
4367.721 -0.00320 -0.01065 0.00107
4367.726 -0.00213 -0.00107 0.00426
4367.731 -0.00533 -0.00426 0.00320
4367.736 0.00639 -0.00852 -0.01065
4367.741 -0.00107 -0.00533 -0.00533
4367.746 0.00533 -0.00107 0.00320
4367.751 -0.00213 0.00000 0.00213
4367.756 0.00852 -0.00320 0.00426
4367.761 -0.00213 0.00107 -0.00639
4367.766 -0.00959 -0.00213 0.00426
4367.771 0.00426 -0.00959 0.00320
4367.776 -0.00320 -0.00213 -0.00213
4367.781 -0.00746 -0.00533 -0.00746
4367.786 0.00000 -0.00320 -0.00426
4367.791 -0.00852 -0.00320 -0.00320
4367.796 0.00320 -0.00639 0.00426
4367.801 0.00639 0.00959 0.00000
4367.806 0.00852 -0.00320 -0.01065
4367.811 -0.00746 -0.00639 0.00320
4367.816 0.00320 0.00320 0.00533
4367.822 -0.00107 -0.00320 -0.00426
4367.827 -0.00107 -0.00107 0.00320
4367.832 0.00639 0.00000 0.00000
4367.837 -0.00639 0.00320 -0.00533
4367.842 -0.00213 -0.00213 -0.01065
4367.847 -0.00426 0.00000 -0.00107
4367.852 -0.00320 -0.00107 -0.00852
4367.857 -0.00852 -0.00213 0.00213
4367.862 0.00852 -0.00213 0.00213
4367.867 -0.00746 -0.00213 -0.00213
4367.872 -0.00426 -0.00426 0.00107
4367.877 -0.00107 -0.00533 0.00320
4367.882 -0.00852 -0.00107 0.00107
4367.887 -0.00107 -0.00320 0.00107
4367.892 0.01065 0.00107 0.00000
4367.897 0.00746 0.00320 0.00533
4367.902 -0.01278 0.00746 -0.00533
4367.907 -0.00426 -0.01385 0.00107
4367.912 0.00000 -0.00639 -0.00107
4367.917 0.00000 0.00639 0.00107
4367.922 0.00213 0.00533 0.00746
4367.927 0.00213 -0.00320 -0.00213
4367.932 -0.00533 -0.00639 0.00000
4367.937 0.00320 -0.00639 -0.00213
4367.942 -0.00107 0.00213 -0.00852
4367.947 -0.00213 0.00639 0.00320
4367.952 -0.00426 -0.00107 -0.00959
4367.957 -0.00107 0.00320 0.00213
4367.962 0.00213 0.00213 0.00426
4367.967 0.00213 -0.00533 -0.00639
4367.972 0.00533 -0.00107 0.00746
4367.977 0.00107 -0.00213 -0.00426
4367.982 0.00320 -0.00107 -0.00213
4367.987 -0.00426 -0.00426 0.00107
4367.992 -0.00320 -0.00213 -0.00639
4367.997 -0.00746 -0.00639 -0.00852
4368.003 -0.00426 0.00213 -0.00213
4368.008 -0.00320 -0.00426 -0.00320
4368.013 -0.00639 -0.00426 0.00107
4368.018 -0.00639 -0.00426 -0.00426
4368.023 0.00639 0.00000 0.00000
4368.028 0.00320 -0.00320 0.00000
4368.033 0.01065 -0.00213 0.00000
4368.038 -0.00426 -0.00213 -0.00320
4368.043 -0.00213 -0.00320 -0.00426
4368.048 -0.00639 -0.00533 -0.00213
4368.053 -0.00533 -0.00213 -0.00852
4368.058 0.00320 -0.00213 0.00000
4368.063 0.00107 0.00107 -0.00107
4368.068 -0.00426 0.00213 -0.00746
4368.073 0.00533 0.00426 -0.00107
4368.078 -0.00746 -0.00639 -0.00426
4368.083 0.00320 0.00320 -0.00320
4368.088 0.00000 -0.00639 0.00852
4368.093 -0.00213 0.00000 0.00533
4368.098 0.00320 -0.00852 -0.00107
4368.103 0.00107 0.00000 0.00533
4368.108 -0.00959 -0.00426 -0.00426
4368.113 0.00213 -0.00533 0.00107
4368.118 0.00533 -0.00320 -0.00320
4368.123 -0.00533 -0.00639 0.00533
4368.128 -0.00533 0.00533 0.00107
4368.133 -0.00533 -0.00320 -0.00426
4368.138 -0.00107 -0.00320 0.00533
4368.143 -0.00107 -0.00213 -0.00320
4368.148 -0.00426 0.00000 -0.00959
4368.154 -0.00107 -0.00426 -0.00320
4368.159 -0.00320 -0.01065 -0.00320
4368.164 -0.00533 -0.00107 0.00000
4368.169 -0.01598 -0.00426 0.00000
4368.174 0.00426 0.00213 -0.00746
4368.179 -0.00213 -0.00533 0.00426
4368.184 0.00213 0.00000 -0.00426
4368.189 0.00426 -0.00107 0.00639
4368.194 0.00320 -0.00426 -0.00533
4368.199 -0.00426 0.00000 -0.00107
4368.204 -0.00107 0.00213 -0.00213
4368.209 0.00000 0.01385 -0.00107
4368.214 0.00107 -0.00320 -0.00320
4368.219 -0.00852 -0.00959 -0.00213
4368.224 -0.00107 0.00000 0.00959
4368.229 -0.00852 -0.00426 0.00213
4368.234 0.00426 -0.00213 -0.00213
4368.239 -0.01065 -0.00639 -0.00107
4368.244 0.00213 -0.00533 0.00213
4368.249 -0.00533 -0.00959 0.00000
4368.254 0.00639 0.00426 0.00107
4368.259 -0.00213 0.00639 -0.00107
4368.264 0.00533 0.00000 0.00000
4368.269 0.00320 0.01065 -0.00213
4368.274 -0.01065 -0.00320 -0.00213
4368.279 -0.00320 -0.00533 0.00213
4368.284 0.00746 0.00107 -0.00533
4368.289 0.00213 0.00426 -0.01917
4368.294 0.00959 -0.00320 -0.00107
4368.299 -0.00320 0.00320 0.00000
4368.304 0.00107 0.00000 -0.00426
4368.309 0.00000 -0.00639 -0.00107
4368.314 -0.00320 -0.00852 -0.00639
4368.319 -0.00852 0.00320 -0.00213
4368.324 -0.01385 -0.00746 0.01065
4368.329 -0.00426 0.01385 0.00000
4368.335 -0.00639 -0.00426 0.00533
4368.340 -0.00426 -0.00746 0.00426
4368.345 0.00320 -0.01172 -0.00639
4368.350 0.00746 -0.00746 -0.00639
4368.355 0.00107 -0.00320 0.00320
4368.360 -0.01385 0.00000 0.00107
4368.365 -0.00746 -0.01172 0.00000
4368.370 0.00320 -0.00320 -0.00320
4368.375 -0.00213 -0.00320 -0.00320
4368.380 0.00639 0.00000 0.00213
4368.385 -0.00320 -0.00107 -0.00107
4368.390 0.00107 -0.00213 0.00533
4368.395 0.00107 0.00000 -0.00852
4368.400 0.00213 0.00746 -0.00320
4368.405 0.00533 0.00107 -0.00107
4368.410 -0.00746 -0.00213 -0.00639
4368.415 -0.00320 -0.00320 0.00533
4368.420 0.00426 0.00000 -0.00213
4368.425 0.00000 0.00426 -0.01065
4368.430 0.00107 0.00107 -0.01065
4368.435 -0.00533 -0.00639 -0.00426
4368.440 0.00213 -0.00639 0.00639
4368.445 -0.01172 0.00320 -0.00213
4368.450 -0.00426 -0.00426 0.00107
4368.456 0.00639 -0.00213 -0.00959
4368.461 -0.00639 -0.00320 -0.00320
4368.466 0.00213 0.00000 -0.00639
4368.471 0.00213 0.00107 0.00107
4368.476 -0.00426 -0.00107 0.00107
4368.481 -0.00533 0.00213 0.00320
4368.486 -0.00107 -0.00213 -0.00213
4368.491 0.01065 -0.00533 0.00746
4368.496 -0.00213 -0.00107 0.00000
4368.501 0.00320 0.00426 -0.00852
4368.506 -0.00320 -0.00107 0.00639
4368.511 -0.00107 0.00000 0.00000
4368.516 0.00426 -0.00533 -0.00639
4368.521 -0.00746 -0.00852 -0.00107
4368.526 -0.00107 -0.00107 0.00639
4368.531 -0.00959 -0.00426 0.00426
4368.536 -0.01065 0.00213 -0.00639
4368.541 0.00213 -0.00533 -0.00426
4368.546 0.00107 -0.00107 -0.00639
4368.551 -0.00320 0.00320 -0.00107
4368.556 -0.00213 -0.00852 0.00107
4368.561 -0.00320 0.00000 0.00639
4368.566 -0.01065 -0.00213 0.00000
4368.571 -0.00746 -0.00426 -0.01172
4368.576 -0.00533 -0.00107 -0.00320
4368.581 0.00213 0.00852 -0.00533
4368.586 -0.00533 0.01385 0.00000
4368.591 0.00000 0.00320 -0.00107
4368.596 0.00426 -0.00426 -0.00639
4368.601 -0.00426 -0.00320 -0.00320
4368.606 -0.00959 -0.00426 -0.00639
4368.611 -0.00320 0.00320 0.00107
4368.616 -0.00107 -0.00107 0.00746
4368.621 -0.00213 -0.00213 -0.00320
4368.626 -0.00426 -0.00213 0.00746
4368.631 -0.00213 -0.00107 -0.00320
4368.636 -0.00533 0.00213 -0.00213
4368.641 -0.00213 0.00320 0.00213
4368.646 -0.00320 -0.00533 0.00107
4368.651 -0.00533 -0.00320 0.01065
4368.656 -0.00107 -0.00213 -0.00320
4368.661 0.00533 0.00533 -0.00533
4368.666 0.01065 -0.01598 -0.00213
4368.671 -0.00213 0.00000 0.00107
4368.677 -0.00320 0.01065 -0.00107
4368.682 0.00000 0.00320 -0.00320
4368.687 -0.00746 -0.00213 0.00213
4368.692 -0.00320 0.00000 0.00213
4368.697 0.00639 -0.01172 -0.00533
4368.702 0.00213 -0.00320 -0.00107
4368.707 -0.00533 -0.00639 0.00320
4368.712 0.00320 -0.00107 -0.00213
4368.717 0.00107 0.00107 -0.00107
4368.722 -0.01385 0.00533 0.00320
4368.727 0.00213 0.00426 -0.00320
4368.732 0.00533 -0.00533 0.00533
4368.737 -0.00320 -0.00107 -0.00746
4368.742 -0.00959 -0.00639 -0.00107
4368.747 -0.00426 0.00320 -0.00320
4368.752 0.00426 -0.00213 -0.00213
4368.757 -0.00320 -0.00107 -0.00533
4368.762 0.00213 0.00213 -0.01598
4368.768 0.00426 0.00533 -0.00107
4368.773 -0.00426 -0.00426 0.00639
4368.778 0.00426 0.00000 0.00107
4368.783 -0.00426 0.00746 0.00000
4368.788 0.00533 0.00852 -0.00213
4368.793 -0.00746 -0.00107 -0.00639
4368.798 -0.00746 -0.00107 0.00639
4368.803 0.00000 -0.00426 0.00213
4368.808 -0.00533 0.00213 0.00320
4368.813 -0.00107 -0.00107 -0.00533
4368.818 -0.00426 -0.01172 0.00426
4368.823 -0.00107 0.00000 0.00320
4368.828 -0.00533 -0.00213 -0.00852
4368.833 0.00426 -0.00852 -0.00213
4368.838 -0.00213 -0.00107 0.00533
4368.843 -0.00320 -0.00746 0.00213
4368.848 -0.00426 -0.00213 0.00320
4368.853 -0.00533 -0.00852 -0.00959
4368.858 -0.00320 0.00533 -0.00213
4368.863 -0.00107 -0.00320 0.00320
4368.868 -0.00320 0.00320 0.00852
4368.873 0.00213 -0.01278 0.00639
4368.878 -0.01065 -0.00959 0.00000
4368.883 -0.00639 0.00000 0.00000
4368.888 -0.00107 -0.00959 -0.00426
4368.893 0.00213 0.00213 -0.00107
4368.898 -0.00426 -0.00746 -0.00107
4368.903 -0.00107 0.00426 -0.00320
4368.908 0.00639 0.00320 -0.00213
4368.913 0.00320 -0.00639 -0.00213
4368.918 0.00213 -0.00107 -0.00107
4368.923 0.00107 0.01065 -0.00533
4368.928 0.00000 -0.00533 0.00320
4368.933 -0.00639 -0.00320 0.00107
4368.938 0.00426 -0.00426 0.00000
4368.943 0.00639 0.00959 -0.00746
4368.948 0.00533 -0.00746 -0.00107
4368.953 0.00107 0.00000 0.00000
4368.959 -0.00213 0.00320 -0.00852
4368.964 -0.00213 0.00426 0.00213
4368.969 -0.00213 -0.01065 -0.00320
4368.974 0.00426 -0.00746 -0.00213
4368.979 -0.00533 0.00000 0.00213
4368.984 0.00213 -0.00426 0.00000
4368.989 -0.00107 0.00320 -0.00533
4368.994 0.00213 0.00320 -0.00533
4368.999 -0.00107 -0.00639 0.00000
4369.004 -0.00107 -0.00107 0.00533
4369.009 -0.00320 0.00533 0.00000
4369.014 0.00959 0.00107 0.00000
4369.019 0.00000 0.00533 -0.00213
4369.024 -0.00426 0.00213 0.00213
4369.029 -0.00320 0.00000 -0.00426
4369.034 0.00213 0.00213 0.00000
4369.039 -0.00852 -0.00533 -0.00426
4369.044 0.00107 -0.00320 0.00426
4369.049 -0.00852 0.00320 -0.00320
4369.054 -0.00533 -0.00533 -0.00639
4369.059 -0.00213 -0.00320 0.00000
4369.064 0.00107 0.00639 0.00639
4369.069 0.00000 -0.00533 -0.00213
4369.074 -0.00213 0.00426 0.01065
4369.079 0.01704 -0.00533 0.00213
4369.084 0.00746 0.00213 -0.00959
4369.089 0.00107 -0.00320 -0.00107
4369.094 -0.00107 -0.00639 -0.00320
4369.099 0.00320 0.00000 0.00320
4369.104 0.00000 -0.00320 0.00107
4369.109 -0.00107 0.00426 -0.00426
4369.114 0.00213 0.00000 0.00213
4369.119 -0.01065 0.00213 0.00000
4369.124 0.00852 -0.00533 -0.00107
4369.130 0.00852 0.00107 -0.00533
4369.135 0.00213 -0.00213 0.00213
4369.140 0.00852 -0.00533 -0.00426
4369.145 0.00426 -0.00852 0.00213
4369.150 0.00320 -0.00746 0.00107
4369.155 -0.00426 -0.00107 -0.00959
4369.160 -0.00426 -0.00533 -0.00320
4369.165 -0.00107 -0.00320 -0.00213
4369.170 0.00107 -0.00426 -0.00213
4369.175 0.00533 0.00000 -0.00320
4369.180 0.00426 -0.00213 -0.00213
4369.185 -0.00852 0.00000 -0.00639
4369.190 0.00107 0.00000 -0.00320
4369.195 -0.00746 0.00213 -0.00639
4369.200 0.00213 -0.00107 0.00746
4369.205 0.00426 0.00213 -0.00533
4369.210 0.01065 0.00320 -0.00426
4369.215 -0.00107 -0.00959 -0.00426
4369.220 -0.00107 0.00213 -0.00213
4369.225 -0.00533 -0.00959 -0.00320
4369.230 0.00533 -0.00213 -0.00533
4369.235 -0.00852 -0.00746 -0.00426
4369.240 -0.00426 -0.00852 -0.00426
4369.245 -0.00213 0.00533 -0.00639
4369.250 -0.00746 0.00426 -0.00213
4369.255 -0.00426 0.00426 0.00000
4369.260 -0.00426 -0.00852 -0.00213
4369.265 -0.00320 -0.00213 0.00213
4369.270 -0.00533 -0.00320 0.00426
4369.275 0.00000 0.00213 -0.00426
4369.280 -0.00426 0.00639 0.00852
4369.285 0.00213 -0.00320 -0.00426
4369.291 -0.00107 -0.00426 -0.01172
4369.296 0.00107 -0.00426 -0.00959
4369.301 -0.00320 0.00000 0.00533
4369.306 0.00426 -0.00639 0.00000
4369.311 -0.00533 0.00959 0.00213
4369.316 0.00639 0.00107 0.00213
4369.321 -0.00426 -0.00107 -0.00533
4369.326 0.00107 0.00533 -0.00533
4369.331 0.00959 0.00320 -0.01491
4369.336 -0.01278 -0.00959 0.00639
4369.341 0.00426 -0.00852 0.00000
4369.346 0.00533 0.00426 -0.00107
4369.351 0.00107 0.00000 0.00746
4369.356 -0.00107 -0.00959 0.00426
4369.361 0.00213 0.00426 -0.00426
4369.366 -0.00959 0.00000 0.00959
4369.371 -0.00533 -0.01065 0.00426
4369.376 0.00320 -0.00213 -0.00320
4369.381 -0.00320 -0.00533 -0.00320
4369.386 -0.00107 0.00426 0.00639
4369.391 -0.00213 0.00320 0.01065
4369.396 -0.00213 0.00852 0.00000
4369.401 -0.00426 0.00107 0.00107
4369.406 -0.00959 0.00000 0.00000
4369.411 0.00426 0.00959 -0.00320
4369.416 0.00533 0.00000 -0.00426
4369.421 -0.00107 -0.00852 0.00107
4369.426 -0.00533 -0.00107 0.00320
4369.431 0.01385 -0.00639 0.00320
4369.436 -0.00107 -0.00426 0.00639
4369.441 0.00320 0.00000 -0.00852
4369.446 -0.00213 -0.00639 0.00213
4369.452 0.00426 0.00852 0.00639
4369.457 0.00746 0.00213 0.00213
4369.462 -0.00213 0.00000 -0.00320
4369.467 -0.00107 -0.00746 0.00107
4369.472 0.00533 0.00852 -0.00852
4369.477 0.00533 0.00426 -0.00213
4369.482 -0.00426 -0.00320 0.00107
4369.487 -0.00320 0.00320 -0.00213
4369.492 0.00107 0.00320 -0.00746
4369.497 -0.00320 -0.01278 -0.00426
4369.502 -0.00213 0.00320 0.00000
4369.507 0.00213 0.00000 0.00107
4369.512 -0.00213 -0.00213 -0.00320
4369.517 0.00320 -0.00320 0.00746
4369.522 -0.00426 0.01172 -0.00320
4369.527 -0.00320 0.00426 0.00746
4369.532 0.00107 0.00107 -0.00959
4369.537 -0.00320 -0.00320 0.00107
4369.542 -0.00320 -0.00107 -0.00533
4369.547 -0.00107 -0.00533 0.00320
4369.552 0.00639 -0.00639 0.00107
4369.557 -0.00426 0.00107 -0.00426
4369.562 0.00107 0.00107 0.00533
4369.567 -0.00426 0.00639 0.00213
4369.572 0.00000 -0.00213 -0.00533
4369.577 -0.00426 -0.00959 0.00213
4369.582 -0.00213 -0.00533 -0.00426
4369.587 0.00746 -0.00320 0.00746
4369.592 -0.00320 0.00426 -0.00639
4369.597 -0.00320 -0.01172 -0.00533
4369.602 -0.00107 -0.00533 0.00107
4369.607 -0.00852 0.00213 0.00639
4369.612 -0.00107 0.00000 0.00320
4369.617 -0.00639 -0.00533 -0.00639
4369.623 -0.00213 0.00639 0.00320
4369.628 0.01065 -0.00426 -0.00107
4369.633 0.00320 0.00533 0.00000
4369.638 -0.00426 -0.00320 0.00107
4369.643 0.00533 -0.00426 0.00320
4369.648 0.00533 0.00320 -0.01065
4369.653 -0.00426 -0.00213 0.00320
4369.658 -0.01278 -0.00426 0.00000
4369.663 -0.00426 -0.00533 -0.00639
4369.668 0.00746 0.00533 0.00000
4369.673 0.00320 0.00320 0.00426
4369.678 -0.00639 -0.00639 0.00426
4369.683 0.00746 -0.00426 0.00320
4369.688 0.00213 -0.00213 0.00107
4369.693 -0.00426 -0.00639 0.00426
4369.698 0.00213 -0.00533 -0.00107
4369.703 0.00746 -0.00213 0.00852
4369.708 0.00533 0.00107 0.00000
4369.713 0.00746 0.00426 -0.00746
4369.718 -0.01385 -0.00213 -0.00107
4369.723 -0.00959 -0.00320 -0.00320
4369.728 0.00320 -0.00320 -0.00639
4369.733 -0.00213 -0.00107 -0.00746
4369.738 0.00533 0.00533 -0.00213
4369.743 -0.00639 0.00852 -0.00533
4369.748 0.00000 -0.00320 0.00533
4369.753 0.00000 0.00426 -0.00426
4369.758 -0.00213 -0.00426 -0.00959
4369.764 0.00000 -0.00959 0.00107
4369.769 0.00213 0.00533 -0.00213
4369.774 -0.00426 0.00639 0.00320
4369.779 -0.00107 0.00107 -0.00320
4369.784 -0.00320 -0.00746 0.00213
4369.789 0.00320 0.00107 -0.00107
4369.794 -0.00213 -0.00533 0.00107
4369.799 0.00000 0.00320 -0.00320
4369.804 -0.00320 -0.00320 -0.00107
4369.809 0.00426 -0.00213 0.00320
4369.814 0.00852 -0.00746 0.00320
4369.819 -0.00213 -0.00107 0.00107
4369.824 0.00213 -0.01065 0.00107
4369.829 0.00639 0.00107 -0.00320
4369.834 0.00746 0.00426 0.00320
4369.839 -0.00213 0.00107 -0.00213
4369.844 -0.00213 0.00426 -0.00746
4369.849 0.00639 0.00426 0.00107
4369.854 -0.00107 -0.00213 0.00426
4369.859 -0.00533 -0.00533 -0.00320
4369.864 -0.00639 -0.00320 -0.00213
4369.869 -0.00107 0.00107 0.00426
4369.874 -0.00426 0.00320 -0.01065
4369.879 -0.00426 0.00213 0.00213
4369.884 -0.00852 -0.00213 0.01172
4369.889 -0.00426 0.00000 0.00426
4369.894 -0.00320 0.00320 0.00107
4369.899 -0.00213 -0.00533 -0.00426
4369.904 -0.00107 0.00852 -0.00213
4369.909 -0.00533 -0.00852 0.00533
4369.914 0.00533 -0.00426 -0.00213
4369.919 -0.00959 0.00107 -0.00320
4369.924 0.00107 -0.00639 0.00533
4369.929 -0.00107 -0.00213 0.00852
4369.934 -0.00746 -0.00426 0.00000
4369.939 0.00320 0.00000 0.00533
4369.945 -0.00533 -0.00533 0.00000
4369.950 -0.00746 0.00533 -0.00107
4369.955 -0.01065 -0.00746 -0.00320
4369.960 -0.00213 -0.00107 -0.00426
4369.965 -0.00213 0.01172 -0.00213
4369.970 0.00107 -0.00533 -0.00959
4369.975 -0.00426 -0.00320 0.00107
4369.980 0.00107 0.00533 0.00213
4369.985 -0.01065 0.00107 -0.00426
4369.990 -0.00746 0.00533 0.00107
4369.995 0.00320 -0.01065 -0.00107
4370.000 -0.00746 -0.00320 -0.00107
4370.005 0.00320 0.00107 0.00533
4370.010 0.00000 0.00107 -0.00639
4370.015 -0.00639 0.00107 -0.00107
4370.020 0.00533 -0.00533 -0.00107
4370.025 -0.01385 -0.00533 -0.00533
4370.030 -0.00320 0.00320 -0.01385
4370.035 -0.00107 -0.00852 0.00533
4370.040 -0.00320 -0.00320 0.00000
4370.045 -0.01065 -0.00213 0.00000
4370.050 -0.00639 -0.00213 -0.00107
4370.055 -0.00320 -0.00107 0.00000
4370.060 0.00213 -0.00320 -0.00959
4370.065 -0.00639 -0.00320 0.00639
4370.070 0.00533 0.00320 0.00107
4370.075 -0.00533 -0.01065 -0.00213
4370.080 0.00000 0.01385 -0.00213
4370.085 -0.01172 0.00426 0.00639
4370.090 0.00107 -0.00213 -0.00533
4370.096 0.00000 0.00000 -0.00320
4370.101 0.00107 0.00107 -0.01065
4370.106 0.00320 -0.00107 -0.00426
4370.111 -0.00533 -0.00107 0.00107
4370.116 -0.00320 -0.01065 0.00426
4370.121 -0.00213 -0.00852 0.00852
4370.126 0.00107 -0.00852 0.00000
4370.131 -0.00639 -0.00320 0.00639
4370.136 -0.00320 0.00107 -0.00533
4370.141 -0.00320 0.00000 0.00107
4370.146 -0.01065 -0.01065 -0.00426
4370.151 -0.00107 -0.00320 0.00533
4370.156 0.00000 0.00000 -0.00107
4370.161 0.00000 -0.00426 -0.00533
4370.166 0.00000 0.00000 -0.01172
4370.171 -0.00320 0.00213 -0.00426
4370.176 -0.00107 -0.00320 -0.00533
4370.181 -0.00107 -0.00107 0.00320
4370.186 0.00426 0.00320 -0.00320
4370.191 0.01278 -0.00107 0.00000
4370.196 0.00107 0.00000 0.00000
4370.201 -0.00426 -0.00746 0.00746
4370.206 0.00107 -0.00213 0.00107
4370.211 -0.00426 0.00107 0.00320
4370.216 0.00213 -0.00533 -0.00426
4370.221 -0.00320 -0.00746 0.00746
4370.226 -0.00107 -0.00320 -0.00852
4370.231 -0.00426 -0.00426 0.00533
4370.236 0.00000 0.00639 -0.01172
4370.241 0.00533 -0.00639 0.00000
4370.246 0.00000 -0.00533 -0.00213
4370.251 0.00320 -0.00426 0.00213
4370.256 -0.00533 -0.00107 0.00320
4370.261 -0.00213 0.00426 0.00746
4370.266 -0.00426 0.00000 -0.01491
4370.271 0.00320 0.00533 -0.00426
4370.276 0.00000 -0.00746 0.00639
4370.281 -0.00533 -0.00533 0.00000
4370.286 0.00533 0.00213 0.00426
4370.291 0.01278 0.00320 -0.00107
4370.296 -0.00746 -0.00533 -0.00320
4370.301 0.00000 0.01172 0.00852
4370.306 0.00320 -0.00852 0.00107
4370.311 -0.00426 -0.00426 -0.00639
4370.316 -0.00852 0.00000 0.00533
4370.321 -0.00320 0.00533 -0.00320
4370.326 0.00746 0.00639 -0.00213
4370.331 -0.00746 -0.00533 0.00746
4370.336 -0.00533 0.00107 -0.00320
4370.341 -0.00533 -0.00746 -0.00107
4370.347 -0.01065 0.00852 -0.00852
4370.352 -0.00852 -0.00746 -0.00107
4370.357 0.00426 -0.00746 0.00000
4370.362 -0.00320 0.00000 -0.00426
4370.367 -0.00533 -0.00533 0.00107
4370.372 0.00320 -0.00213 -0.00639
4370.377 -0.00426 -0.00107 -0.00107
4370.382 -0.00746 -0.01172 -0.00426
4370.387 -0.00213 0.00213 0.00533
4370.392 -0.00959 -0.00213 0.00000
4370.398 -0.01065 0.00000 0.00320
4370.403 -0.00107 0.00213 0.00107
4370.408 -0.00426 -0.00852 0.00000
4370.413 0.00533 0.00320 0.00533
4370.418 -0.00213 0.00533 -0.00107
4370.423 -0.00746 -0.00320 0.00320
4370.428 -0.00852 -0.00746 -0.00107
4370.433 -0.00426 -0.00107 -0.00320
4370.438 0.00426 -0.00213 0.00000
4370.443 -0.00533 -0.00639 0.00852
4370.448 -0.00852 -0.00213 -0.00533
4370.453 0.00000 -0.00107 0.00639
4370.458 -0.00213 0.00213 0.02131
4370.463 0.00213 0.00107 -0.00426
4370.468 -0.00639 -0.00213 0.00746
4370.473 0.00000 0.00320 -0.00107
4370.478 0.00852 -0.00213 -0.00213
4370.483 0.00533 -0.00107 -0.00213
4370.488 0.00213 0.00107 0.00533
4370.493 0.00426 0.00320 -0.00746
4370.498 0.00852 0.00533 0.00000
4370.503 -0.00426 0.00000 0.00852
4370.508 0.00107 -0.00426 0.00213
4370.513 -0.00107 -0.00320 0.00533
4370.518 0.00213 -0.00107 0.00000
4370.523 -0.00107 0.00213 0.00426
4370.528 0.00639 -0.00746 0.00320
4370.533 -0.00320 0.00426 0.00213
4370.538 0.00107 -0.01065 -0.00852
4370.543 -0.00639 0.00320 -0.00213
4370.548 0.00320 -0.01065 -0.00746
4370.553 0.00107 -0.00107 0.00533
4370.558 -0.00320 -0.00959 -0.00959
4370.563 -0.00959 0.00107 -0.00426
4370.568 -0.00213 -0.00533 -0.00213
4370.573 -0.00639 0.00639 -0.00320
4370.578 0.00852 -0.00213 -0.00639
4370.583 -0.00107 -0.00426 0.00320
4370.588 0.00000 -0.00533 -0.00639
4370.593 -0.00426 -0.00213 0.00213
4370.598 0.00107 0.00000 -0.00107
4370.603 -0.00320 0.00533 0.00000
4370.609 -0.00320 -0.00959 -0.00320
4370.614 -0.00639 -0.00533 -0.00852
4370.619 -0.01278 -0.00213 0.00533
4370.624 0.00426 0.00746 -0.00213
4370.628 -0.00852 -0.00959 0.00107
4370.633 -0.00639 -0.00213 -0.00639
4370.639 -0.00426 0.00213 0.00000
4370.644 -0.01278 -0.00533 0.00639
4370.649 -0.00320 0.00213 -0.00213
4370.654 0.00000 0.00213 0.00426
4370.659 -0.00746 -0.00639 -0.01172
4370.664 0.00107 0.00426 -0.00746
4370.669 -0.00107 0.00000 0.00213
4370.674 -0.00533 -0.00320 -0.00213
4370.679 -0.00107 -0.00426 -0.00213
4370.684 -0.00107 -0.00320 -0.00107
4370.689 -0.00746 -0.00426 -0.00959
4370.694 0.00107 -0.00852 0.00213
4370.699 0.00213 0.00213 0.00426
4370.704 0.00746 -0.00426 0.00746
4370.709 -0.00320 0.00426 -0.00213
4370.714 0.00639 -0.00320 0.00746
4370.719 -0.00426 -0.00426 -0.00213
4370.724 -0.00746 0.00533 -0.00107
4370.729 0.00533 0.00000 -0.00426
4370.734 -0.00959 -0.00639 0.00000
4370.740 -0.00107 -0.00213 0.00000
4370.745 -0.00426 0.00320 0.00320
4370.750 0.00213 0.00107 0.00746
4370.755 0.00533 -0.00213 -0.00533
4370.760 0.00533 -0.00320 -0.00320
4370.765 -0.00320 -0.00639 -0.00107
4370.770 -0.00639 0.00533 0.00426
4370.775 0.00000 -0.00639 0.00000
4370.780 0.00320 -0.00639 -0.00746
4370.785 -0.00533 -0.00107 -0.00746
4370.790 -0.00213 0.00000 -0.00533
4370.795 -0.00320 -0.00746 0.00639
4370.800 0.00213 -0.00320 -0.00107
4370.805 0.01065 0.00959 -0.00107
4370.810 0.00320 0.00107 -0.00320
4370.815 0.00213 -0.00213 -0.00320
4370.820 0.00959 -0.00320 -0.00213
4370.825 0.00533 0.00213 -0.00959
4370.830 0.00533 -0.00639 -0.00426
4370.835 -0.00320 -0.00533 -0.00320
4370.840 0.00000 0.00107 -0.00107
4370.845 0.00107 -0.00213 0.00213
4370.850 -0.00213 0.00320 -0.00426
4370.855 -0.00107 -0.00426 -0.00213
4370.860 -0.00320 0.00852 -0.00639
4370.865 0.01172 -0.00213 0.00000
4370.870 -0.01278 0.00426 -0.00213
4370.875 0.00107 0.00639 0.00320
4370.880 0.00746 -0.00959 0.00213
4370.885 -0.00533 -0.00426 0.00000
4370.890 -0.00533 -0.00533 0.00213
4370.895 -0.00426 -0.00107 -0.00107
4370.901 -0.00320 -0.00639 0.00000
4370.905 -0.00426 -0.00533 0.00320
4370.911 -0.00533 -0.00533 -0.00533
4370.916 -0.00320 -0.00533 -0.00107
4370.921 0.00852 -0.00426 -0.00746
4370.926 -0.00426 -0.00959 0.00000
4370.931 0.00107 0.00107 0.00213
4370.936 0.00533 0.00000 -0.01172
4370.941 -0.00320 0.00000 -0.00533
4370.946 0.00000 0.00320 -0.00533
4370.951 0.00107 -0.00107 -0.00639
4370.956 -0.00320 -0.00533 0.00426
4370.961 -0.00639 -0.00426 0.01278
4370.966 -0.00426 -0.00107 -0.00426
4370.971 0.00213 -0.00639 0.00213
4370.976 -0.00639 -0.00320 -0.00746
4370.981 -0.00533 0.00639 0.00000
4370.986 0.01172 0.00320 -0.01598
4370.991 0.01065 -0.00107 -0.00213
4370.996 0.00213 -0.00320 0.00107
4371.001 0.00107 -0.00107 -0.00426
4371.006 0.00959 0.00213 0.01065
4371.011 0.00746 -0.00213 0.00000
4371.016 -0.00320 -0.00746 -0.00426
4371.021 0.00746 0.00107 -0.00746
4371.026 0.00852 0.00639 0.00000
4371.031 0.00213 -0.00959 -0.01065
4371.036 0.00320 -0.00639 0.00000
4371.041 0.00959 -0.00426 0.00107
4371.046 0.00000 -0.00426 0.00533
4371.051 0.00320 0.00746 -0.00746
4371.056 0.00746 0.00213 0.00000
4371.061 -0.00107 -0.00320 0.00107
4371.066 -0.00107 -0.00639 -0.00107
4371.071 -0.00639 -0.00320 0.00852
4371.076 0.00426 0.00533 0.00426
4371.082 -0.00746 0.00213 0.00320
4371.087 0.00426 -0.00107 0.00000
4371.092 0.00000 -0.00746 0.00213
4371.097 0.00213 -0.00639 -0.00533
4371.102 -0.00639 -0.01065 -0.00426
4371.107 -0.00320 0.00852 0.00000
4371.112 0.00746 -0.01278 0.00000
4371.117 0.00213 -0.00320 -0.00107
4371.122 -0.00426 0.00320 -0.00213
4371.127 -0.00320 -0.00213 0.00107
4371.132 0.00107 0.00000 0.00639
4371.137 -0.00107 0.00213 -0.00213
4371.142 -0.00320 -0.00426 0.00213
4371.147 -0.00107 -0.00107 0.00000
4371.152 0.00746 0.00000 -0.00213
4371.157 -0.00639 -0.01065 -0.00746
4371.162 -0.00426 -0.00959 -0.00107
4371.167 -0.01598 -0.00107 -0.00533
4371.172 -0.01065 0.00320 -0.00107
4371.177 0.00213 0.00107 -0.00959
4371.182 0.00320 0.00000 -0.00213
4371.187 -0.00107 -0.00107 0.00000
4371.192 -0.00426 0.00320 -0.00746
4371.197 0.00426 -0.00213 -0.00107
4371.202 -0.00639 -0.00533 -0.00639
4371.207 -0.00320 -0.00426 0.00426
4371.213 -0.00746 0.00107 0.00213
4371.218 -0.00426 -0.00320 -0.00320
4371.223 0.00000 0.00107 -0.00213
4371.228 -0.00746 -0.00320 0.00533
4371.233 0.00213 -0.00213 -0.00213
4371.238 0.00639 0.00000 -0.00320
4371.243 0.00852 0.00107 0.00000
4371.248 -0.00426 0.00320 -0.00639
4371.253 -0.00746 -0.00213 0.00000
4371.258 0.00213 -0.00320 0.00000
4371.263 0.00107 -0.00213 -0.00107
4371.268 -0.00213 0.00426 0.00213
4371.273 0.00746 0.00426 -0.00533
4371.278 -0.00107 -0.00746 -0.00639
4371.283 0.00107 -0.00107 0.00213
4371.288 -0.01065 0.00213 0.00959
4371.293 -0.00746 -0.00639 0.00746
4371.298 -0.00213 0.00320 0.00852
4371.303 -0.00639 -0.00639 0.00213
4371.308 0.00107 0.00320 -0.00213
4371.313 -0.00213 -0.00213 -0.00320
4371.318 0.00426 -0.00213 0.00213
4371.323 -0.00213 -0.00213 -0.00533
4371.328 0.00639 -0.00639 0.00000
4371.333 0.00639 0.00533 0.01385
4371.338 0.00000 0.00000 0.00107
4371.343 -0.00426 0.00000 0.00320
4371.348 -0.00426 0.00107 0.00213
4371.353 -0.00959 0.00000 -0.00320
4371.358 0.00213 -0.00426 -0.00852
4371.363 -0.00320 -0.00426 -0.00959
4371.368 -0.00213 0.00107 0.00107
4371.374 -0.00426 -0.00426 0.00000
4371.378 0.00639 0.00107 0.00000
4371.383 -0.00320 -0.00107 0.00320
4371.388 0.00426 -0.00107 -0.00746
4371.394 -0.00959 0.00000 -0.00639
4371.399 -0.00426 -0.00320 -0.00533
4371.404 0.00320 -0.00213 0.00320
4371.409 0.00959 -0.00639 -0.00107
4371.414 -0.01065 0.00213 -0.00426
4371.419 -0.00213 0.00959 -0.00107
4371.424 -0.00213 0.00000 -0.01172
4371.429 -0.00213 -0.00213 0.00107
4371.434 -0.00213 -0.00639 -0.00213
4371.439 -0.00533 -0.00426 -0.00746
4371.444 -0.00533 0.00320 0.00000
4371.449 0.00000 0.00320 0.00107
4371.454 -0.00533 0.00639 0.00533
4371.459 -0.00639 -0.00639 0.00852
4371.464 0.00107 0.00107 0.00000
4371.469 0.00746 0.00000 0.00639
4371.474 -0.00426 0.00959 -0.00426
4371.479 -0.00320 -0.00213 0.00213
4371.484 -0.00213 -0.00107 -0.00320
4371.489 -0.00533 -0.00213 -0.00320
4371.494 -0.00426 -0.00107 -0.00320
4371.499 -0.01385 -0.00426 0.00000
4371.504 0.00533 -0.00533 -0.00746
4371.509 0.00213 -0.00213 0.00426
4371.514 0.00639 0.00320 -0.00746
4371.519 0.00000 -0.00639 -0.00533
4371.524 0.00000 -0.00533 0.00320
4371.529 -0.00213 -0.00107 -0.00213
4371.534 0.00426 -0.00746 -0.00746
4371.539 -0.00852 -0.00107 0.00107
4371.544 -0.00213 -0.00746 -0.00107
4371.549 0.00000 -0.00320 -0.00533
4371.555 0.00213 0.00426 -0.00639
4371.560 -0.00426 0.00320 0.00320
4371.565 -0.00213 -0.00746 -0.00533
4371.570 0.00213 0.01172 -0.00533
4371.575 -0.00107 -0.00320 -0.00320
4371.580 -0.00213 0.00533 0.00426
4371.585 -0.00213 0.00107 0.00000
4371.590 0.00320 0.00107 -0.00426
4371.595 -0.00533 -0.00320 -0.00852
4371.600 -0.00533 0.00320 0.00107
4371.605 0.00107 0.00107 0.00213
4371.610 -0.00746 0.00639 0.00426
4371.615 -0.00426 0.00107 -0.00852
4371.620 0.00320 0.00746 0.00000
4371.625 0.00426 0.00639 -0.00320
4371.630 0.00320 -0.00213 0.00533
4371.635 0.00107 -0.00746 -0.00213
4371.640 -0.00639 -0.00959 -0.00533
4371.645 0.00320 0.00107 -0.00213
4371.650 -0.00426 -0.00213 0.00107
4371.655 -0.00639 0.00320 -0.00107
4371.660 -0.00213 -0.00533 -0.00852
4371.665 -0.00426 -0.00533 -0.00533
4371.670 -0.00959 0.00213 0.00213
4371.675 -0.00959 -0.00426 0.00107
4371.680 0.00213 0.00426 -0.00426
4371.685 -0.00639 0.00213 0.00107
4371.690 -0.00213 -0.00533 -0.00213
4371.696 0.00533 -0.00426 0.00426
4371.700 -0.00426 -0.00959 0.00107
4371.706 0.00746 -0.00426 -0.00746
4371.711 -0.00107 -0.00746 0.00107
4371.716 -0.00426 0.00320 -0.00320
4371.721 0.00107 0.00320 -0.00639
4371.726 -0.00320 0.00000 -0.00213
4371.731 -0.01172 0.00320 -0.00213
4371.736 -0.00107 0.00426 -0.00107
4371.741 0.00000 -0.00320 -0.00107
4371.746 -0.00426 0.00107 -0.00213
4371.751 0.00320 -0.00213 0.01491
4371.756 0.00426 0.00213 0.00107
4371.761 0.00107 0.00000 -0.01278
4371.766 -0.00213 -0.00213 -0.00213
4371.771 -0.00320 -0.00426 -0.00107
4371.776 0.00426 -0.00533 0.00852
4371.781 -0.00639 -0.00639 0.00639
4371.786 -0.00426 0.00533 -0.00639
4371.791 0.00320 0.00000 0.00320
4371.796 0.00320 0.00107 -0.00959
4371.801 -0.00107 -0.00959 0.00320
4371.806 -0.00320 -0.00213 0.00533
4371.811 0.00320 0.00107 0.00000
4371.816 0.00639 0.00000 -0.00639
4371.821 0.00533 -0.00426 0.00426
4371.826 0.00426 -0.00746 0.00000
4371.831 0.00107 -0.00213 0.00639
4371.836 0.00852 0.00107 0.00000
4371.841 -0.00959 0.00746 0.00000
4371.846 0.00320 -0.00533 -0.00320
4371.851 -0.00426 -0.00213 0.00213
4371.857 -0.00533 -0.00320 -0.00213
4371.861 -0.00213 0.00213 -0.00213
4371.867 -0.00107 -0.00639 0.00107
4371.872 0.00426 -0.00107 -0.00213
4371.877 0.00213 -0.00320 -0.00426
4371.882 0.00107 0.00852 0.00639
4371.887 -0.00639 -0.01385 -0.00213
4371.892 -0.00213 -0.00426 -0.00213
4371.897 0.00320 0.00533 0.00107
4371.902 -0.01065 -0.01065 -0.00213
4371.907 0.00533 -0.00213 -0.00213
4371.912 0.00000 -0.00320 0.00320
4371.917 -0.00426 0.00000 0.00320
4371.922 0.00320 -0.00320 -0.00107
4371.927 0.01278 0.00533 -0.00426
4371.932 0.00107 -0.00213 -0.00533
4371.937 0.00000 -0.00213 0.00320
4371.942 0.00107 -0.00213 0.00533
4371.947 -0.00213 0.00000 -0.01172
4371.952 -0.00107 -0.00426 -0.00107
4371.957 0.00000 0.00107 0.00107
4371.962 -0.00746 -0.00639 0.00533
4371.967 0.00639 0.00639 0.00107
4371.972 0.00000 -0.00639 0.00426
4371.977 -0.00107 0.00107 -0.00213
4371.982 0.00213 -0.00746 0.00852
4371.987 -0.00320 0.00426 -0.00639
4371.992 0.00213 0.00000 0.00107
4371.997 -0.00426 0.00107 -0.00426
4372.002 -0.00852 -0.00959 -0.00107
4372.007 0.00320 -0.00426 -0.00746
4372.012 0.00639 -0.00107 0.00000
4372.017 0.00213 -0.00107 0.00213
4372.022 -0.00213 0.00213 -0.00320
4372.027 0.00213 -0.00107 -0.00320
4372.032 0.00639 0.00000 0.00000
4372.038 -0.00426 0.00426 -0.00426
4372.043 -0.00213 0.01491 -0.00959
4372.048 -0.00746 0.00000 -0.00639
4372.053 0.00000 0.00426 0.00213
4372.058 0.00639 -0.01491 -0.00426
4372.063 -0.00639 -0.00107 0.00852
4372.068 0.00000 -0.00852 -0.00746
4372.073 -0.00426 -0.00107 -0.00639
4372.078 0.00320 0.00533 -0.00320
4372.083 0.00639 0.00107 0.00107
4372.088 -0.00320 0.00320 -0.00213
4372.093 -0.00746 -0.00213 -0.00213
4372.098 -0.00533 -0.00107 -0.00213
4372.103 -0.00107 0.00426 0.00107
4372.108 -0.00320 0.00320 0.00000
4372.113 -0.00107 -0.01065 0.00000
4372.118 0.00213 0.00000 -0.00852
4372.123 -0.00213 -0.00107 0.00959
4372.128 -0.01172 -0.00426 -0.00533
4372.133 -0.00533 -0.00213 0.00426
4372.138 -0.00746 0.00639 0.00426
4372.143 0.00426 -0.00213 -0.00426
4372.148 -0.00533 -0.00107 -0.00426
4372.153 -0.00639 -0.00533 -0.00107
4372.158 0.00533 0.00426 -0.00320
4372.163 -0.00320 -0.00213 0.00000
4372.168 -0.00426 -0.00533 -0.00746
4372.173 -0.00533 -0.00639 -0.00426
4372.178 0.00852 -0.00746 -0.00107
4372.183 0.00959 -0.00852 -0.00107
4372.188 -0.01065 0.00213 -0.01491
4372.193 0.00107 0.00533 0.00107
4372.198 -0.00320 0.00426 -0.00426
4372.203 -0.00852 -0.00320 -0.00639
4372.208 0.00639 0.00107 -0.01065
4372.213 0.00213 -0.00426 -0.00107
4372.219 -0.00533 -0.00213 0.00320
4372.224 0.00107 -0.00213 -0.00320
4372.229 0.00852 -0.00533 0.00320
4372.234 0.00746 -0.00107 0.00320
4372.239 0.00107 0.00107 -0.00533
4372.244 -0.00107 0.00320 0.00107
4372.249 -0.00426 0.00533 0.00426
4372.254 0.00426 0.01065 -0.00107
4372.259 -0.01065 -0.00213 -0.00320
4372.264 -0.00852 -0.00426 0.00320
4372.269 0.00107 0.00320 0.00533
4372.274 -0.00533 -0.00533 0.00320
4372.279 -0.00426 -0.00533 -0.00533
4372.284 -0.00107 -0.00107 -0.00213
4372.289 -0.00320 0.00000 -0.01172
4372.294 -0.00107 -0.00426 -0.00107
4372.299 0.00000 0.00000 -0.00746
4372.304 -0.00959 -0.00107 -0.00213
4372.309 0.00213 -0.00426 -0.00213
4372.314 0.00639 -0.00959 -0.00107
4372.319 0.00107 -0.00639 -0.00639
4372.324 -0.00533 -0.01278 -0.00959
4372.329 -0.00107 -0.00107 -0.00213
4372.334 0.00959 -0.00639 0.00320
4372.339 -0.01065 0.01065 -0.00426
4372.344 0.00426 -0.00320 0.00000
4372.349 0.00533 0.00107 0.00107
4372.354 0.00107 -0.01065 0.00107
4372.359 -0.00213 -0.00533 0.00320
4372.364 -0.00107 -0.00746 -0.00107
4372.370 -0.00320 0.00213 -0.00107
4372.375 -0.00533 -0.00639 0.00320
4372.380 -0.00639 -0.01278 0.00320
4372.385 -0.00426 -0.00426 0.00107
4372.390 -0.01172 -0.00213 0.00213
4372.395 -0.00107 0.00213 0.00107
4372.400 0.01065 -0.00533 -0.00639
4372.405 -0.00426 -0.00959 0.00320
4372.410 0.00533 0.00107 -0.00426
4372.415 -0.00213 -0.00320 0.00320
4372.420 -0.00320 -0.00320 0.00107
4372.425 -0.00746 -0.00107 0.00533
4372.430 -0.00213 0.00320 0.00320
4372.435 0.00107 0.00639 -0.00746
4372.440 -0.00213 -0.00213 -0.00533
4372.445 0.00000 0.00000 -0.00533
4372.450 -0.00107 -0.00320 0.00107
4372.455 0.00852 0.00107 -0.00426
4372.460 -0.00426 0.00213 -0.00320
4372.465 0.00000 -0.00320 0.00107
4372.470 -0.00107 0.00000 -0.00213
4372.475 0.00746 -0.00213 0.00213
4372.480 -0.00852 -0.00107 0.00213
4372.485 0.00000 0.00000 0.00000
4372.490 0.00320 -0.00639 -0.01491
4372.495 -0.00746 -0.00107 -0.00639
4372.500 0.00213 0.00000 0.00426
4372.505 0.00533 -0.00320 0.00533
4372.510 0.00107 -0.00426 0.00213
4372.515 -0.00852 0.00000 -0.00213
4372.521 0.00639 -0.00213 -0.00213
4372.526 -0.00746 0.00000 -0.01278
4372.531 0.00213 0.00107 0.00320
4372.536 0.00213 0.01065 -0.00107
4372.541 -0.01065 -0.00746 0.00426
4372.546 -0.00213 0.00852 -0.00639
4372.551 -0.01278 -0.00533 -0.00533
4372.556 -0.00533 0.00000 0.00107
4372.561 -0.00426 0.00107 -0.00320
4372.566 -0.00213 0.00000 -0.00533
4372.571 -0.00107 -0.00213 -0.00107
4372.576 0.00533 0.00959 -0.00107
4372.581 -0.00213 0.00000 0.00746
4372.586 -0.00320 0.00107 0.00213
4372.591 0.00320 0.00320 0.00107
4372.596 0.00000 -0.00107 -0.00107
4372.601 -0.00533 -0.00107 -0.00213
4372.606 0.00426 -0.00533 0.00000
4372.611 0.00426 -0.01065 0.00320
4372.616 -0.00320 0.00213 -0.00533
4372.621 0.00959 -0.00426 -0.00746
4372.626 -0.00213 -0.00320 0.00000
4372.631 0.00320 0.00320 0.00107
4372.636 0.00107 -0.00746 0.00639
4372.641 -0.00426 -0.00320 -0.00213
4372.646 0.00107 -0.00426 0.00213
4372.651 -0.00213 -0.00213 -0.00107
4372.656 -0.00533 -0.00213 -0.00320
4372.661 -0.00213 0.00320 -0.00746
4372.666 0.00107 0.00959 0.00000
4372.672 0.00213 -0.00639 -0.00533
4372.677 0.00107 0.00107 -0.00320
4372.682 -0.00107 -0.00213 -0.00426
4372.687 -0.01385 -0.00959 -0.00213
4372.692 -0.00426 -0.00852 0.00000
4372.697 0.00746 -0.00320 -0.00320
4372.702 -0.00320 0.00000 0.00000
4372.707 -0.00639 0.00533 -0.00107
4372.712 0.00213 -0.00320 -0.00320
4372.717 -0.00426 -0.00746 0.00533
4372.722 -0.00320 -0.00107 0.00000
4372.727 -0.00639 -0.01278 0.00000
4372.732 -0.00746 -0.00213 0.00107
4372.737 -0.00320 0.00107 0.00426
4372.742 0.00213 0.00107 -0.00320
4372.747 0.00107 -0.00852 -0.00639
4372.752 -0.00320 -0.00533 0.01065
4372.757 0.00320 0.00320 0.00639
4372.762 0.00000 -0.00426 0.00746
4372.767 0.00320 -0.00639 0.00213
4372.772 -0.00213 -0.00213 -0.00533
4372.777 0.00213 0.00639 -0.00213
4372.782 -0.00107 0.00000 -0.00320
4372.787 -0.00852 -0.00959 0.00000
4372.792 0.00320 -0.00320 -0.00213
4372.797 -0.00320 0.00320 -0.00852
4372.802 0.00426 -0.00213 0.00213
4372.807 0.00533 0.00107 -0.00213
4372.812 -0.00320 -0.00320 0.00320
4372.817 0.00320 -0.00107 -0.00746
4372.822 0.00107 0.00426 0.00213
4372.827 0.00000 -0.00107 0.01065
4372.833 -0.00746 0.01065 -0.00107
4372.838 0.00426 0.00213 0.00000
4372.843 -0.00213 0.00000 -0.00213
4372.848 -0.01172 0.00107 -0.00107
4372.853 -0.00533 0.00000 -0.00320
4372.858 -0.01172 -0.00320 -0.00213
4372.863 -0.01065 -0.00426 -0.00426
4372.868 -0.00213 -0.00213 -0.00533
4372.873 -0.00639 0.01065 -0.00320
4372.878 0.00426 0.00000 0.00213
4372.883 0.00639 -0.00320 0.00000
4372.888 -0.00107 -0.00852 -0.00213
4372.893 0.00533 0.00107 0.00107
4372.898 0.00107 0.00000 -0.00533
4372.903 0.00000 0.00000 -0.00320
4372.908 0.00959 0.00107 -0.00320
4372.913 0.00639 -0.00107 -0.00107
4372.918 0.00000 0.00000 -0.00426
4372.923 -0.00320 0.00000 -0.00320
4372.928 -0.00107 -0.00107 -0.00213
4372.933 0.00213 -0.00213 0.00000
4372.938 -0.00107 0.00639 0.00107
4372.943 -0.00213 -0.00320 -0.00320
4372.948 -0.00320 -0.00959 -0.00213
4372.953 -0.00533 0.00213 0.00107
4372.958 0.00320 0.00000 -0.00320
4372.963 0.00000 -0.00213 0.00320
4372.968 -0.00213 -0.00533 0.00320
4372.973 -0.00746 -0.00426 0.00852
4372.978 0.00213 -0.00107 0.00000
4372.983 -0.00213 -0.00213 0.00533
4372.988 0.00426 0.00213 -0.00639
4372.993 -0.00320 -0.00213 0.00320
4372.998 0.00107 -0.00426 -0.00320
4373.004 0.00320 0.00000 0.00320
4373.009 0.00107 -0.00426 0.00213
4373.014 -0.00213 -0.00320 -0.00107
4373.019 0.00320 0.00426 0.00852
4373.024 -0.00213 0.00852 -0.00107
4373.029 0.00426 -0.00107 0.00533
4373.034 0.00107 0.00000 0.00107
4373.039 -0.00639 -0.00426 0.00213
4373.044 0.00000 -0.00213 -0.00320
4373.049 0.00107 -0.00107 -0.00320
4373.054 0.00320 -0.00213 -0.00213
4373.059 -0.00746 0.00000 -0.00426
4373.064 0.00107 -0.00852 -0.00959
4373.069 -0.00213 -0.00320 0.00000
4373.074 0.00746 -0.00107 -0.01172
4373.079 0.00533 0.00000 -0.00320
4373.084 0.00320 -0.00639 -0.00107
4373.089 0.00320 -0.01065 0.00213
4373.094 0.00320 0.00213 -0.00533
4373.099 -0.00213 0.00746 -0.00213
4373.104 -0.00639 -0.00320 0.00213
4373.109 0.00213 -0.00639 -0.00639
4373.114 -0.00959 0.00426 -0.00533
4373.119 0.00000 -0.00746 0.00000
4373.124 0.00213 0.00107 0.00107
4373.129 -0.00107 0.00000 0.00213
4373.134 -0.00320 0.00000 0.00000
4373.139 -0.00426 -0.01385 0.00107
4373.144 -0.00213 0.00213 0.00320
4373.149 -0.00320 -0.00746 -0.00213
4373.154 0.00000 0.00213 0.00320
4373.159 -0.00959 0.00107 -0.00213
4373.164 -0.00107 0.00000 0.00213
4373.169 -0.00426 -0.00213 -0.00533
4373.175 -0.00320 0.00426 0.00107
4373.180 -0.00320 -0.00426 -0.00107
4373.185 -0.00852 0.00107 -0.00107
4373.190 0.00533 -0.00639 0.00320
4373.195 -0.00959 -0.00320 -0.00320
4373.200 0.00213 -0.00213 -0.00426
4373.205 0.00107 -0.00320 -0.00213
4373.210 -0.01172 -0.00426 0.00426
4373.215 0.00639 0.00320 0.00107
4373.220 -0.00320 -0.00107 -0.00213
4373.225 -0.00852 -0.01065 -0.00426
4373.230 -0.01065 -0.00959 -0.00213
4373.235 -0.00107 -0.00426 0.00852
4373.240 0.00000 0.00000 -0.00320
4373.245 0.00213 0.00426 0.00533
4373.250 0.00107 -0.01278 0.00426
4373.255 0.00320 -0.01278 -0.00320
4373.260 -0.00426 0.00533 0.00533
4373.265 0.00320 -0.00213 -0.00746
4373.270 0.00213 0.00000 -0.00320
4373.275 -0.00213 -0.00426 0.00320
4373.280 0.00213 0.00320 0.00320
4373.285 0.01065 -0.00533 0.00000
4373.290 0.00320 -0.00746 0.00000
4373.295 0.00320 0.00533 -0.00213
4373.300 -0.00107 -0.00213 -0.00107
4373.305 -0.00746 0.00213 -0.00533
4373.310 0.00213 -0.00852 -0.00320
4373.315 0.00000 -0.00426 -0.00533
4373.320 0.00320 0.00533 -0.00639
4373.326 0.00107 -0.00639 -0.00959
4373.331 0.00213 -0.00426 0.00320
4373.336 -0.00533 -0.00107 -0.00213
4373.341 -0.00639 -0.00107 -0.00320
4373.346 -0.00107 -0.00320 -0.00746
4373.351 0.00426 -0.00533 -0.00320
4373.356 -0.00533 0.00746 0.00426
4373.361 -0.00213 -0.01172 0.01278
4373.366 -0.00533 0.00426 -0.01065
4373.371 -0.00213 -0.00107 -0.00213
4373.376 -0.00107 0.00746 -0.01065
4373.381 -0.00107 0.00107 0.00000
4373.386 0.00533 -0.00746 -0.00213
4373.391 0.00639 0.00320 0.00107
4373.396 -0.00320 -0.00852 -0.00533
4373.401 0.00320 0.00107 0.00533
4373.406 0.00639 0.00107 0.00000
4373.411 0.00213 0.00320 -0.01598
4373.416 0.00426 -0.00320 -0.00533
4373.421 -0.00746 0.00000 0.00320
4373.426 0.00320 0.00000 -0.00213
4373.431 -0.00426 -0.00107 0.00213
4373.436 -0.00746 0.00533 0.00320
4373.441 -0.00107 0.00213 -0.00213
4373.446 0.00000 0.01172 -0.00107
4373.451 0.00107 0.00000 0.00107
4373.456 -0.00959 0.00213 -0.00533
4373.461 0.00000 -0.00107 0.00000
4373.466 -0.00426 -0.00213 0.00107
4373.471 -0.00320 -0.00426 -0.00320
4373.476 -0.00213 0.00213 -0.00639
4373.481 -0.00213 -0.01065 -0.00426
4373.487 -0.00533 0.00107 -0.00533
4373.492 0.00426 0.00107 0.00320
4373.497 0.00639 0.00746 -0.00213
4373.502 0.00107 -0.00107 -0.00320
4373.507 0.00107 0.00213 -0.00107
4373.512 -0.00959 -0.00213 0.00320
4373.517 -0.00426 0.00746 0.00426
4373.522 0.00213 -0.00320 0.00213
4373.527 -0.00213 -0.00639 0.00426
4373.532 -0.00533 -0.00213 -0.00426
4373.537 -0.00320 -0.00639 0.00000
4373.542 -0.00639 0.00320 0.00320
4373.547 -0.00426 -0.00107 -0.00213
4373.552 -0.00639 0.00959 -0.00320
4373.557 -0.00746 -0.01172 0.00213
4373.562 0.00107 -0.00746 0.00426
4373.567 0.00533 -0.00107 0.00426
4373.572 0.00107 0.00213 -0.00320
4373.577 0.00107 0.00000 0.00746
4373.582 0.00000 -0.00533 -0.00533
4373.587 -0.00107 -0.00746 0.00746
4373.592 -0.00533 0.00426 -0.00107
4373.597 -0.00426 0.01491 0.00639
4373.602 -0.00746 -0.00107 -0.00107
4373.607 0.00000 0.00426 0.00213
4373.612 -0.00959 0.00213 0.00639
4373.617 -0.00320 -0.00746 -0.00320
4373.622 -0.00639 0.00320 -0.00213
4373.627 0.00320 -0.00320 0.00000
4373.632 0.00000 -0.00426 -0.00320
4373.637 0.00320 0.00107 0.00213
4373.642 0.00320 0.00213 0.00107
4373.647 -0.00107 -0.00639 -0.00426
4373.652 -0.00959 0.00107 -0.00320
4373.658 -0.00426 -0.00426 0.00320
4373.663 -0.00426 -0.00107 0.00000
4373.668 -0.00959 -0.00426 -0.00107
4373.673 0.00959 -0.00320 0.00107
4373.678 0.00213 0.00533 -0.00426
4373.683 0.00000 -0.00639 -0.00213
4373.688 -0.00107 0.00426 0.00107
4373.693 0.01278 -0.00533 -0.00107
4373.698 -0.00213 -0.00107 -0.00320
4373.703 -0.00213 -0.00746 -0.00320
4373.708 0.01065 -0.00213 -0.00426
4373.713 0.00320 0.01278 0.00639
4373.718 -0.00213 0.00320 0.00107
4373.723 -0.00107 -0.00426 0.00213
4373.728 0.00107 -0.00426 -0.00213
4373.733 0.00213 0.01065 0.00107
4373.738 0.00213 -0.00639 -0.00213
4373.743 -0.00746 -0.00107 0.00320
4373.748 -0.00426 -0.00426 -0.00320
4373.753 0.01278 0.00533 -0.00107
4373.758 0.00213 0.00000 0.00533
4373.763 -0.00959 -0.01172 0.00213
4373.768 -0.00533 -0.00533 -0.00533
4373.773 0.00852 -0.00320 0.00213
