4375.650 -0.00426 0.00852 -0.00533
4375.655 -0.00533 0.00213 0.00213
4375.660 -0.00320 -0.00107 -0.00213
4375.665 0.00426 -0.01065 -0.00639
4375.670 -0.00213 -0.00639 -0.00852
4375.675 0.00426 0.00000 0.00426
4375.680 -0.00746 -0.00320 0.00213
4375.685 -0.01172 -0.00426 0.00000
4375.690 0.00426 -0.00533 -0.00213
4375.695 0.00213 -0.00639 -0.00852
4375.700 -0.00320 -0.00213 -0.00213
4375.705 -0.00107 0.00107 -0.00320
4375.710 0.00213 0.00320 -0.00426
4375.715 0.00213 0.00000 -0.00639
4375.720 -0.00746 -0.00426 0.00107
4375.725 0.00746 0.00107 -0.00107
4375.730 0.00107 -0.00746 -0.00320
4375.735 -0.00426 0.00000 -0.00852
4375.740 -0.00746 -0.00426 -0.00533
4375.745 -0.00639 0.00639 -0.00852
4375.750 0.01172 0.00426 0.00533
4375.755 -0.00852 0.00213 0.00213
4375.760 -0.00320 -0.00533 -0.00107
4375.765 -0.00426 -0.00426 0.00213
4375.770 -0.00107 0.00000 0.00000
4375.775 0.00000 -0.00426 -0.00107
4375.780 0.00000 -0.00533 0.00320
4375.785 -0.00426 0.00107 0.00107
4375.790 0.00213 0.00639 0.00320
4375.795 -0.00320 -0.00959 0.00746
4375.801 -0.00107 0.00426 0.00107
4375.806 -0.00107 0.00107 0.00320
4375.811 -0.01065 0.00533 -0.00426
4375.816 0.00000 -0.00213 0.00533
4375.821 -0.00746 -0.01385 0.00000
4375.826 -0.00426 -0.00213 -0.00426
4375.831 -0.00213 0.00107 0.00107
4375.836 -0.00213 -0.00426 0.00000
4375.841 -0.00426 0.00107 -0.00639
4375.846 0.00959 0.00426 0.00639
4375.851 -0.00213 0.00533 -0.00426
4375.856 0.00320 0.00000 0.00533
4375.861 -0.00213 -0.00533 0.00213
4375.866 -0.00213 -0.00107 0.00107
4375.871 0.00533 0.00000 -0.00213
4375.876 -0.00746 0.00426 -0.00746
4375.881 -0.00852 -0.00852 -0.00746
4375.886 -0.00320 -0.00426 0.00533
4375.891 -0.00639 -0.00533 -0.00213
4375.896 0.00320 -0.00639 -0.00746
4375.901 0.00639 -0.00213 -0.00320
4375.906 -0.00213 -0.00852 -0.00213
4375.911 -0.00426 0.00107 0.00320
4375.916 -0.00213 -0.00213 -0.00107
4375.921 -0.00746 0.00213 -0.00639
4375.926 -0.00320 0.00000 0.00000
4375.931 -0.01385 0.00213 0.00000
4375.936 0.00213 -0.01172 -0.00320
4375.941 0.00533 0.00852 0.00000
4375.946 -0.00852 -0.00959 -0.00852
4375.951 0.00533 -0.00320 0.00000
4375.956 0.00213 -0.00213 0.00426
4375.962 -0.00639 -0.00426 0.01172
4375.967 -0.00107 0.00426 -0.00107
4375.972 -0.00320 -0.00746 0.00107
4375.977 -0.00533 -0.00320 0.00000
4375.982 -0.00426 0.00107 0.00107
4375.987 -0.00213 0.00000 0.00320
4375.992 0.00320 0.00213 -0.00533
4375.997 -0.00533 0.00320 0.00000
4376.002 -0.00426 -0.01065 -0.00426
4376.007 0.00320 -0.00426 -0.01065
4376.012 0.00320 0.00107 0.00213
4376.017 0.00533 0.00213 0.00000
4376.022 -0.00533 0.00107 -0.00426
4376.027 0.00533 0.00426 -0.00639
4376.032 0.00213 -0.00107 0.00213
4376.037 0.00107 -0.00639 0.00746
4376.042 0.00000 0.00107 0.00000
4376.047 -0.00320 -0.00639 0.00213
4376.052 -0.00107 -0.00320 -0.00533
4376.057 -0.00533 -0.00533 0.00320
4376.062 0.00000 -0.00533 0.00000
4376.067 -0.00639 0.00000 -0.00213
4376.073 0.00213 -0.00213 -0.00852
4376.078 -0.00107 0.00533 0.00107
4376.083 -0.00639 -0.00639 -0.00213
4376.088 -0.00533 0.00639 -0.00426
4376.093 -0.00426 -0.00320 0.00320
4376.098 -0.01278 -0.00959 -0.00107
4376.103 0.00320 0.00533 -0.01065
4376.108 -0.00107 0.00639 0.00639
4376.113 -0.00746 -0.01065 0.00213
4376.118 -0.00426 -0.00746 -0.00426
4376.123 -0.00533 0.00107 0.00426
4376.128 -0.00533 0.00320 0.00000
4376.133 0.00000 0.00000 0.00000
4376.138 0.00320 -0.00852 -0.00213
4376.143 -0.00213 -0.00639 0.00852
4376.148 0.00000 -0.00426 -0.00426
4376.153 0.00426 -0.00213 -0.00639
4376.158 0.00000 0.00000 0.00320
4376.163 -0.00107 -0.00320 -0.00746
4376.168 -0.00533 -0.00959 0.00000
4376.173 0.00213 -0.00213 -0.00107
4376.178 0.00533 -0.00213 -0.00426
4376.183 0.00213 -0.00320 0.00000
4376.188 -0.00426 -0.00320 -0.00213
4376.193 0.00107 -0.00426 -0.00213
4376.198 -0.00107 -0.00107 0.00320
4376.203 0.00320 0.00320 0.00000
4376.208 0.00213 -0.00213 0.00426
4376.213 -0.00320 -0.00213 -0.00639
4376.218 -0.00959 0.00107 -0.00426
4376.223 -0.00746 0.00107 0.00320
4376.228 0.00426 -0.00320 0.00000
4376.234 0.00320 0.00639 0.00213
4376.239 0.01491 -0.00426 -0.00426
4376.244 -0.00320 0.00213 0.00000
4376.249 -0.00320 -0.00320 0.00000
4376.254 -0.00213 -0.00426 0.00426
4376.259 0.01491 -0.00320 0.00213
4376.264 0.00426 0.00107 0.00000
4376.269 0.00533 0.00639 -0.00533
4376.274 0.00000 0.00533 0.00107
4376.279 -0.00107 0.00107 0.01065
4376.284 -0.00107 -0.00852 -0.00426
4376.289 0.00213 -0.00107 -0.00107
4376.294 0.00213 -0.00107 -0.00213
4376.299 -0.00320 -0.00107 0.00533
4376.304 0.00000 -0.00107 -0.00746
4376.309 0.00213 0.00639 0.00639
4376.314 -0.00213 -0.00959 -0.00320
4376.319 -0.00107 0.00213 0.00426
4376.324 0.00107 0.00852 -0.00746
4376.329 0.00000 0.00320 0.00000
4376.334 -0.00107 -0.00852 -0.00320
4376.339 0.00533 0.00639 -0.00533
4376.344 0.00000 0.00107 -0.00533
4376.349 0.00107 -0.00213 0.00320
4376.354 -0.00533 -0.00213 -0.00107
4376.359 -0.00320 -0.00107 -0.00213
4376.364 -0.00746 -0.00107 0.00320
4376.369 0.00000 -0.00213 0.00213
4376.374 -0.00213 -0.01065 -0.00107
4376.379 0.00533 -0.00107 -0.00533
4376.384 -0.00426 -0.00213 -0.00107
4376.389 -0.00533 -0.00426 0.00852
4376.395 -0.00213 -0.00959 -0.00959
4376.400 0.00639 -0.00852 0.00320
4376.405 -0.00213 -0.00426 -0.00107
4376.410 -0.00107 -0.00639 -0.00746
4376.415 0.00000 -0.00213 0.00426
4376.420 0.00000 -0.00533 -0.00533
4376.425 -0.00107 0.00320 -0.00746
4376.430 -0.00320 -0.00533 -0.00213
4376.435 0.00213 0.00213 -0.00533
4376.440 0.00213 -0.00639 -0.00107
4376.445 0.00213 -0.00213 0.00000
4376.450 -0.00639 -0.00426 -0.00107
4376.455 -0.00213 -0.00320 -0.00639
4376.460 0.00426 -0.00533 -0.00107
4376.465 -0.00320 -0.00320 -0.00107
4376.470 0.00107 0.00320 0.00320
4376.475 -0.00426 0.00426 -0.00426
4376.480 0.00213 0.00320 -0.00107
4376.485 -0.00426 -0.00959 0.00213
4376.490 0.00320 0.00533 -0.00533
4376.495 -0.00533 -0.00426 0.00107
4376.500 0.00213 0.00426 0.01385
4376.505 0.00320 -0.00852 -0.00213
4376.510 -0.00320 -0.00533 -0.01172
4376.515 0.00852 0.00213 -0.00107
4376.520 -0.00107 0.00426 0.00320
4376.525 -0.00107 -0.00426 -0.00959
4376.530 0.00533 0.00000 -0.00213
4376.535 0.00426 0.01065 0.00000
4376.540 -0.00959 0.00000 0.00320
4376.546 0.00426 -0.00959 0.00000
4376.551 0.00746 0.00213 -0.00639
4376.556 -0.00213 0.00213 -0.00320
4376.561 0.00426 0.00533 0.00000
4376.566 0.00426 -0.00320 -0.00107
4376.571 -0.00107 -0.00320 -0.00639
4376.576 -0.00107 -0.00746 -0.00213
4376.581 0.00426 0.00107 0.00746
4376.586 -0.00213 -0.00107 -0.00320
4376.591 -0.00426 -0.00107 -0.00533
4376.596 -0.00426 0.00107 0.00213
4376.601 -0.00320 -0.00213 -0.00426
4376.606 0.00000 0.01598 0.00107
4376.611 -0.01065 -0.00533 0.00213
4376.616 -0.00213 -0.00959 0.00533
4376.621 -0.00959 -0.00426 -0.00746
4376.626 0.00000 0.00107 -0.00107
4376.631 -0.00320 -0.00213 0.00107
4376.636 -0.00746 0.00320 -0.01598
4376.641 0.00533 0.00639 0.00107
4376.646 0.00107 -0.00426 0.00213
4376.651 0.00320 -0.00107 0.00533
4376.656 0.00000 0.00533 0.00320
4376.661 0.00639 -0.01065 -0.00107
4376.666 -0.00320 -0.00107 -0.00320
4376.671 -0.00426 -0.00533 -0.00320
4376.676 0.00000 -0.00213 -0.00426
4376.681 -0.00746 0.00000 -0.01811
4376.686 -0.00107 -0.00107 0.00107
4376.691 0.00107 0.00213 0.00320
4376.696 0.00426 0.00107 0.00213
4376.701 -0.00639 0.00320 0.00320
4376.707 0.00426 -0.00320 -0.00107
4376.711 -0.00639 -0.01065 0.00000
4376.717 0.00000 0.00639 -0.00107
4376.722 0.00533 0.00959 0.00107
4376.727 0.00852 0.00426 -0.00639
4376.732 0.00000 0.00426 -0.00320
4376.737 -0.00533 0.00000 0.01704
4376.742 -0.00746 -0.00426 0.00320
4376.747 -0.00107 -0.01065 -0.01065
4376.752 0.00000 0.00533 0.00426
4376.757 0.00639 0.00107 0.00746
4376.762 -0.00320 0.00107 -0.00320
4376.767 -0.00213 0.00426 -0.00213
4376.772 0.00533 0.00213 0.00000
4376.777 0.00107 -0.00746 -0.00426
4376.782 -0.00959 0.00533 -0.00533
4376.787 0.00213 -0.00426 -0.00213
4376.792 -0.00107 -0.00533 -0.00852
4376.797 -0.00533 0.00746 0.00000
4376.802 0.00320 -0.00320 -0.00852
4376.807 -0.00426 -0.00213 0.00000
4376.812 -0.00639 -0.00426 0.00639
4376.817 0.00320 0.00320 -0.00959
4376.822 0.00426 -0.00533 0.00213
4376.827 0.00213 0.00000 -0.00107
4376.832 0.00639 0.00639 -0.00107
4376.837 0.00000 -0.00746 -0.00746
4376.842 -0.00426 0.00426 0.00533
4376.847 0.00426 -0.00320 0.00000
4376.852 0.00533 -0.00533 0.00213
4376.857 -0.00107 -0.00213 0.00107
4376.862 -0.00320 0.00213 0.00213
4376.867 -0.00213 -0.00959 0.00533
4376.872 -0.00107 0.00107 -0.00107
4376.878 -0.00852 -0.00639 -0.00213
4376.883 -0.00533 -0.00533 -0.00852
4376.888 -0.00213 0.00213 -0.00107
4376.893 0.00426 0.00639 -0.01172
4376.898 0.00107 0.00426 -0.00107
4376.903 -0.01491 -0.00213 -0.00107
4376.908 -0.00213 0.00107 -0.00426
4376.913 0.00426 -0.00852 0.00426
4376.918 -0.00533 0.00000 0.00852
4376.923 -0.00213 0.00320 0.00213
4376.928 0.00213 -0.00107 -0.00320
4376.933 -0.00320 0.00000 -0.00320
4376.938 -0.00320 0.00426 -0.00320
4376.943 -0.00213 0.00533 -0.00533
4376.948 -0.00213 0.00213 -0.00639
4376.953 0.00000 0.00107 -0.00426
4376.958 0.00320 -0.00426 -0.00852
4376.963 0.00213 0.00213 0.00639
4376.968 0.00107 -0.00639 -0.00213
4376.973 -0.00213 -0.00852 -0.00746
4376.978 0.00426 -0.00320 0.00213
4376.983 -0.00107 0.00852 -0.00533
4376.988 0.00746 -0.00213 -0.00213
4376.993 -0.00320 0.00107 0.00533
4376.998 0.00000 -0.00639 -0.00533
4377.003 -0.00426 -0.00639 -0.00533
4377.008 -0.01065 0.00213 -0.00213
4377.013 -0.00852 -0.00852 -0.00213
4377.018 0.00746 -0.00213 0.00320
4377.023 0.00746 0.00107 -0.00107
4377.028 -0.01278 -0.01278 0.00000
4377.033 -0.01278 -0.00320 0.00213
4377.038 0.00426 -0.00533 -0.00746
4377.043 0.00107 0.00000 0.00107
4377.048 0.00639 0.00107 0.00213
4377.053 0.00533 -0.00107 0.00213
4377.059 0.00213 -0.00639 0.00533
4377.064 -0.00213 -0.00320 -0.01172
4377.069 0.00107 -0.00213 -0.00852
4377.074 0.00533 0.00000 0.00852
4377.079 -0.00426 -0.00213 0.00213
4377.084 -0.00213 0.00320 0.01278
4377.089 0.00000 -0.00107 0.01065
4377.094 -0.00639 -0.00746 -0.00746
4377.099 -0.00213 -0.00107 -0.00107
4377.104 -0.00320 -0.01598 -0.00320
4377.109 -0.00746 -0.00213 0.00852
4377.114 0.00213 0.00000 -0.00852
4377.119 -0.00213 0.00107 -0.00107
4377.124 0.00107 -0.00320 0.00533
4377.129 -0.01065 -0.00320 0.00000
4377.134 -0.00213 -0.00426 -0.00107
4377.139 -0.00426 -0.00320 -0.00746
4377.144 0.00213 -0.00213 0.00107
4377.149 -0.00533 -0.00320 -0.01278
4377.154 0.00320 -0.00533 -0.00213
4377.159 -0.01065 -0.00639 -0.00639
4377.164 0.00000 -0.00213 0.00320
4377.169 -0.00426 -0.00533 0.00320
4377.174 0.00107 0.00213 -0.00426
4377.179 0.00000 -0.00320 -0.00746
4377.184 0.00533 -0.00213 0.00107
4377.189 -0.00639 -0.00746 0.00320
4377.194 0.00320 -0.00213 0.00533
4377.199 -0.00533 -0.00320 0.00426
4377.204 -0.01065 0.01385 -0.00959
4377.210 0.00107 -0.00107 0.00107
4377.215 -0.00426 0.00320 0.00426
4377.220 0.00426 -0.00107 -0.00639
4377.225 0.00533 -0.00320 -0.00533
4377.230 0.00107 -0.00959 0.00213
4377.235 -0.00639 0.00213 0.00107
4377.240 0.00213 -0.00107 0.00107
4377.245 -0.00746 0.00426 -0.00320
4377.250 -0.01385 -0.00107 -0.00852
4377.255 -0.00107 0.00107 -0.00213
4377.260 -0.00533 -0.00320 -0.00213
4377.265 0.00426 -0.00426 0.00213
4377.270 -0.00852 -0.00426 0.00213
4377.275 0.00533 0.00639 -0.00107
4377.280 -0.00533 -0.01065 -0.00107
4377.285 -0.01172 -0.00639 0.00000
4377.290 -0.00852 0.00213 -0.00320
4377.295 -0.00533 -0.01172 -0.00213
4377.300 -0.00213 0.00533 -0.00320
4377.305 0.00959 0.00320 0.00320
4377.310 -0.00213 0.00107 -0.00320
4377.315 -0.00746 -0.00852 0.00746
4377.320 -0.00320 0.00426 -0.00320
4377.325 -0.00213 -0.00746 -0.00213
4377.330 0.00000 -0.00533 -0.01278
4377.335 0.00320 -0.00107 0.00000
4377.340 -0.00107 -0.00213 0.00213
4377.345 -0.00746 -0.00213 -0.00320
4377.350 -0.00213 0.00000 0.00107
4377.355 -0.00746 0.00107 0.00746
4377.360 -0.00213 0.00852 -0.00959
4377.365 0.00426 0.00533 0.00213
4377.370 -0.00107 -0.00213 -0.00426
4377.375 -0.00320 -0.00746 0.00533
4377.381 0.00107 -0.00852 0.00000
4377.386 0.00107 -0.00639 0.00426
4377.390 -0.00320 -0.00533 -0.00320
4377.395 0.00213 -0.00533 -0.00107
4377.401 -0.00639 -0.01172 0.00000
4377.406 0.01172 -0.00320 -0.00107
4377.411 -0.01065 -0.00746 0.00426
4377.416 0.00320 -0.00213 -0.00746
4377.421 -0.00213 -0.00746 -0.01491
4377.426 -0.01278 -0.00320 -0.00426
4377.431 -0.00533 -0.00213 0.00959
4377.436 0.00213 0.00213 -0.00639
4377.441 -0.00320 -0.00320 0.00107
4377.446 0.00213 0.00000 0.00107
4377.451 -0.01172 -0.00107 -0.00639
4377.456 0.00746 0.00533 -0.00426
4377.461 0.00426 -0.00746 -0.00107
4377.466 -0.00107 0.00320 0.00107
4377.471 -0.00320 -0.00746 0.00320
4377.476 0.00107 0.00426 -0.00533
4377.481 0.00000 -0.00746 -0.00320
4377.486 0.00320 -0.00426 0.01172
4377.491 0.00000 0.00107 -0.00213
4377.496 0.00000 0.00107 0.00000
4377.501 0.00000 -0.00746 -0.00213
4377.506 -0.01385 -0.00852 -0.00213
4377.511 -0.00320 -0.00213 -0.00959
4377.516 -0.00852 -0.01065 -0.00959
4377.521 0.00320 -0.00426 0.00213
4377.526 0.00213 -0.00213 0.00426
4377.531 0.00320 -0.00107 0.00107
4377.536 0.00533 -0.00213 0.00000
4377.541 -0.00320 0.00320 0.00533
4377.546 0.00107 0.00426 0.00107
4377.551 -0.01065 -0.00213 -0.00533
4377.556 0.00533 0.00213 -0.00746
4377.561 0.00000 -0.00107 -0.00320
4377.566 -0.00213 0.00107 -0.00746
4377.572 -0.00320 0.00000 -0.00746
4377.577 0.00107 0.00426 -0.00107
4377.582 -0.00533 -0.00746 -0.00107
4377.587 0.01704 -0.00746 0.00000
4377.592 -0.00213 -0.00213 -0.00320
4377.597 0.00000 -0.00213 -0.00639
4377.602 -0.00533 -0.00533 -0.00213
4377.607 -0.01172 -0.00320 -0.00213
4377.612 0.00426 -0.00320 -0.00533
4377.617 -0.00639 0.00107 0.00000
4377.622 0.00213 0.00426 -0.00213
4377.627 -0.00959 -0.00320 0.00213
4377.632 0.00000 0.00000 -0.00107
4377.637 0.00320 0.00213 -0.00213
4377.642 0.01278 -0.00107 -0.00107
4377.647 0.00746 -0.00426 0.00000
4377.652 -0.01172 -0.00746 0.00213
4377.657 0.00213 0.00107 -0.00746
4377.662 0.00426 -0.00426 0.00320
4377.667 -0.01065 0.00107 -0.01172
4377.672 -0.00213 -0.00639 0.00213
4377.677 0.01491 -0.00213 -0.00107
4377.682 -0.00213 -0.00107 -0.00320
4377.687 -0.01065 -0.00213 -0.00107
4377.692 0.00426 0.00746 -0.00213
4377.697 0.00426 -0.00426 -0.00213
4377.702 -0.00213 0.01172 -0.00213
4377.707 0.00533 0.00000 0.00000
4377.713 -0.00639 -0.00107 -0.00107
4377.718 -0.00213 -0.00213 -0.00213
4377.723 0.00639 -0.00320 -0.00426
4377.728 -0.01065 -0.00213 -0.00320
4377.733 -0.00320 0.00320 -0.00426
4377.738 -0.00320 0.00000 -0.00320
4377.743 -0.00320 0.00107 -0.00107
4377.748 -0.00213 0.00213 0.00320
4377.753 0.00533 -0.00320 -0.00320
4377.758 0.00107 -0.00213 -0.00426
4377.763 -0.00107 0.00213 0.00746
4377.768 0.00533 0.00000 0.00746
4377.773 -0.00107 0.00320 -0.00107
4377.778 0.00107 -0.00213 0.00213
4377.783 0.00426 -0.00107 0.00426
4377.788 -0.01278 -0.00639 -0.00320
4377.793 0.00213 -0.00746 0.00639
4377.798 -0.00426 -0.00426 -0.00107
4377.803 0.00639 -0.00107 0.01172
4377.808 -0.00639 -0.00533 -0.00320
4377.813 -0.00533 -0.00320 0.00213
4377.818 -0.00426 -0.00213 -0.00426
4377.823 -0.01172 0.00107 0.00320
4377.828 -0.00639 0.00320 0.00213
4377.833 -0.00746 -0.00213 -0.00959
4377.838 0.01172 0.00426 0.00320
4377.843 -0.01704 -0.00639 0.00000
4377.848 -0.00639 -0.00959 0.00000
4377.854 -0.00533 0.00746 0.00320
4377.859 -0.00320 -0.00852 0.00320
4377.864 -0.00639 0.00852 -0.00213
4377.869 0.00852 -0.00320 -0.00213
4377.874 -0.00107 0.00107 -0.00107
4377.879 0.00639 -0.00639 0.00320
4377.884 -0.01278 -0.00746 0.00000
4377.889 -0.01065 0.00320 -0.00533
4377.894 -0.00533 0.00213 0.00213
4377.899 -0.00533 -0.00533 -0.00213
4377.904 -0.00852 0.00426 -0.00107
4377.909 -0.00639 -0.00533 -0.00320
4377.914 -0.00107 -0.00213 0.00000
4377.919 -0.00320 -0.00639 -0.00320
4377.924 -0.00533 -0.00639 -0.00746
4377.929 -0.00533 -0.00426 0.00107
4377.934 0.00000 -0.00639 -0.00213
4377.939 -0.00639 -0.00959 0.00746
4377.944 -0.00107 0.00213 0.00533
4377.949 0.00426 0.00320 -0.00213
4377.954 -0.00320 0.00213 -0.00107
4377.959 -0.00639 0.00213 0.00320
4377.964 -0.00959 -0.00426 0.00426
4377.969 0.00852 -0.00320 -0.00639
4377.974 -0.00639 0.00000 0.00000
4377.979 -0.00107 0.00426 -0.00107
4377.984 0.00000 0.00107 0.00426
4377.989 0.00533 -0.00852 -0.00533
4377.994 -0.00852 -0.00533 0.01278
4377.999 -0.00746 0.00639 0.00000
4378.004 -0.00746 -0.00426 0.00320
4378.009 0.00426 -0.00213 0.00000
4378.014 0.00107 0.00000 0.00000
4378.019 -0.00426 -0.00533 -0.00107
4378.025 -0.00533 -0.00107 0.00213
4378.030 0.00107 -0.00320 0.00213
4378.035 -0.00639 -0.00107 0.00852
4378.040 0.00000 -0.00107 -0.00320
4378.045 0.00000 -0.00639 -0.00320
4378.050 0.00213 0.00000 0.00959
4378.055 -0.00213 -0.00320 0.00107
4378.060 0.00533 -0.00107 -0.00639
4378.065 -0.00533 0.00320 -0.00107
4378.070 -0.00533 -0.00746 0.00746
4378.075 -0.00426 -0.00533 -0.00320
4378.080 -0.00533 0.00213 0.00000
4378.085 -0.00107 0.00426 -0.00426
4378.090 0.00000 0.00213 -0.00852
4378.095 0.00107 -0.00213 -0.00852
4378.100 0.00107 0.00000 -0.00320
4378.105 0.00000 -0.00426 -0.01065
4378.110 -0.01065 0.00107 -0.00107
4378.115 -0.00533 -0.00533 -0.00533
4378.120 -0.00213 0.00213 -0.00639
4378.125 -0.00852 -0.00320 0.00639
4378.130 -0.00639 -0.01065 0.00639
4378.135 0.00107 -0.00320 0.00000
4378.140 -0.00639 -0.00107 0.00000
4378.145 -0.00213 0.00213 0.00533
4378.150 -0.00533 -0.00533 0.00852
4378.155 -0.00426 0.00213 0.00107
4378.160 -0.00639 -0.00746 -0.00426
4378.165 0.00107 -0.01065 -0.00426
4378.170 -0.01065 -0.00533 0.00213
4378.175 0.00320 -0.00320 0.00000
4378.180 0.00107 -0.01065 -0.00107
4378.186 -0.00213 -0.00533 0.00639
4378.191 -0.00426 -0.00213 0.00533
4378.196 0.00213 0.00426 -0.01065
4378.201 -0.00213 0.00320 0.00107
4378.206 -0.00852 0.00533 -0.00213
4378.211 -0.00213 0.00533 -0.00213
4378.216 0.00320 0.00852 0.00107
4378.221 0.00852 0.00852 -0.00320
4378.226 -0.00213 -0.00107 0.00320
4378.231 0.00107 0.00320 -0.00852
4378.236 0.00107 0.00000 -0.00107
4378.241 -0.00107 -0.00107 -0.00639
4378.246 -0.00533 0.00639 -0.00213
4378.251 0.00213 -0.00320 0.00213
4378.256 -0.00746 0.00639 0.00000
4378.261 0.00426 -0.00959 -0.00533
4378.266 -0.01491 0.00426 0.00107
4378.271 0.00639 -0.00426 -0.00746
4378.276 -0.00426 -0.00320 -0.00959
4378.281 -0.00959 -0.00107 0.00107
4378.286 -0.00426 0.00000 -0.01172
4378.291 0.00000 -0.00320 -0.00639
4378.296 -0.00533 0.00959 -0.00746
4378.301 0.00320 0.01385 0.00213
4378.306 0.00000 -0.00213 0.00213
4378.311 0.00000 -0.00107 0.00000
4378.316 -0.00320 0.00533 -0.00533
4378.321 0.00000 -0.00320 -0.00107
4378.326 -0.00426 -0.00320 -0.00107
4378.331 0.00533 -0.00107 0.00426
4378.336 0.00000 -0.00320 -0.00320
4378.341 -0.01385 -0.00533 0.00533
4378.346 -0.00426 -0.00213 -0.00426
4378.351 0.00213 0.00000 0.00000
4378.357 -0.00320 -0.00213 0.00000
4378.362 -0.00213 0.00107 0.00000
4378.367 0.00320 0.00000 0.00533
4378.372 -0.00426 0.00533 -0.00533
4378.377 0.00107 -0.00746 -0.00959
4378.382 0.00639 -0.00213 -0.00107
4378.387 0.00959 0.01065 0.00639
4378.392 0.00639 0.00000 0.00107
4378.397 0.00000 0.00000 -0.00426
4378.402 -0.00213 0.00107 0.00213
4378.407 -0.00746 -0.00213 0.00426
4378.412 0.00852 0.01385 0.00107
4378.417 0.00107 0.00000 -0.00107
4378.422 -0.00533 -0.01704 -0.00639
4378.427 0.00000 0.00213 -0.00213
4378.432 -0.00852 -0.00426 -0.00213
4378.437 0.00107 0.00107 0.00000
4378.442 0.00000 -0.00533 0.00000
4378.447 -0.00320 0.00107 0.00213
4378.452 0.00213 0.01172 -0.00426
4378.457 0.00213 -0.00107 0.00533
4378.462 0.00000 0.00426 0.00533
4378.467 -0.00426 0.00426 -0.00107
4378.472 -0.00320 -0.00320 -0.00533
4378.477 -0.00107 0.00639 0.00213
4378.482 -0.00426 0.00852 -0.00426
4378.487 0.00852 -0.00639 0.00320
4378.492 0.00320 -0.00320 0.00639
4378.497 0.00000 -0.01598 0.01065
4378.502 -0.00426 -0.00107 -0.00426
4378.508 -0.00959 0.00213 -0.00533
4378.513 -0.00426 0.00000 -0.00213
4378.517 0.00000 0.00000 0.00000
4378.522 -0.00213 0.00107 0.00533
4378.528 0.00000 -0.00746 -0.00107
4378.533 0.00213 -0.00320 0.00000
4378.538 0.00426 -0.00533 -0.00533
4378.543 0.00426 0.00426 0.00000
4378.548 0.00107 -0.00533 0.00533
4378.553 -0.00959 -0.00213 -0.00107
4378.558 -0.00959 0.00000 0.00213
4378.563 -0.00213 -0.00320 -0.00426
4378.568 0.00426 0.01598 -0.00639
4378.573 0.00107 0.00426 -0.00533
4378.578 0.00107 0.00107 -0.00320
4378.583 0.00959 0.00746 0.00000
4378.588 0.00320 -0.00426 -0.00107
4378.593 0.00000 -0.00959 -0.00320
4378.598 -0.00213 0.00107 0.00533
4378.603 -0.00107 -0.00533 0.00000
4378.608 -0.00320 0.00107 0.00426
4378.613 -0.00213 0.00000 0.00426
4378.618 0.00107 0.00320 -0.00533
4378.623 -0.00533 -0.00320 0.00107
4378.628 0.00426 -0.00107 -0.00213
4378.633 0.00213 -0.00533 0.00000
4378.638 -0.00320 0.00000 -0.00213
4378.643 -0.00746 -0.01172 0.00426
4378.648 -0.00107 -0.00426 0.00107
4378.653 -0.00107 0.00107 0.00000
4378.658 -0.00426 -0.00213 -0.00320
4378.663 0.00639 0.00000 -0.00320
4378.668 0.00320 0.00533 0.00107
4378.673 0.00213 0.00320 -0.00533
4378.679 -0.00320 -0.00533 0.00320
4378.684 0.00107 -0.00213 0.00000
4378.689 -0.00320 0.00000 0.00107
4378.694 0.00320 -0.00746 -0.00107
4378.699 -0.00107 -0.00320 0.00426
4378.704 -0.00639 -0.00426 0.00107
4378.709 0.00000 0.00107 -0.00213
4378.714 0.00000 0.00000 0.00426
4378.719 -0.00107 0.00107 -0.00107
4378.724 -0.00213 0.00107 0.00746
4378.729 0.00852 -0.00320 -0.00639
4378.734 -0.00320 0.00426 -0.01598
4378.739 0.00852 0.00320 -0.00639
4378.744 0.00533 -0.00107 -0.00320
4378.749 0.00639 -0.00213 0.00639
4378.754 0.00533 0.00320 -0.00213
4378.759 0.00000 -0.00213 0.00000
4378.764 -0.01172 0.00000 -0.00213
4378.769 0.00213 0.00213 -0.00107
4378.774 -0.00746 -0.00213 0.00320
4378.779 0.00000 0.00426 0.00639
4378.784 0.00107 -0.00533 0.00213
4378.789 -0.00213 -0.00213 0.00426
4378.794 0.00000 0.00107 0.00107
4378.799 -0.00320 -0.00320 -0.00426
4378.804 0.00000 -0.00107 -0.00213
4378.809 0.01172 -0.00533 -0.00107
4378.814 -0.00213 0.00000 0.00426
4378.819 -0.00426 -0.00959 0.00000
4378.824 0.00533 0.00639 -0.00107
4378.829 0.00107 0.00213 -0.00213
4378.834 -0.00213 0.01385 -0.00852
4378.840 -0.00426 0.00320 -0.00746
4378.845 -0.00639 -0.00852 -0.00107
4378.850 0.00426 0.00320 -0.00533
4378.855 0.00320 0.00000 -0.00426
4378.860 0.00213 -0.00426 0.00107
4378.865 -0.00213 -0.00852 -0.00320
4378.870 -0.00213 -0.00426 0.00000
4378.875 -0.00533 0.00000 0.00000
4378.880 0.00320 -0.00533 0.00426
4378.885 -0.00426 0.00213 0.00000
4378.890 0.00000 0.00107 -0.00107
4378.895 -0.00533 0.00639 0.00000
4378.900 0.00533 -0.00746 -0.00213
4378.905 0.01065 0.00426 0.00213
4378.910 0.00000 -0.00107 0.00000
4378.915 -0.00746 -0.00426 -0.00320
4378.920 -0.00213 -0.00959 0.00000
4378.925 -0.00213 -0.01065 0.00000
4378.930 -0.00320 0.00000 -0.00746
4378.935 -0.00320 0.00320 0.00000
4378.940 -0.00320 0.00852 -0.00213
4378.945 -0.00426 0.00533 0.00107
4378.950 0.00213 -0.00107 -0.00426
4378.955 0.00107 0.00107 0.00746
4378.960 -0.00320 -0.00107 0.00000
4378.965 0.00639 0.00000 -0.00213
4378.970 0.00213 0.00852 0.00852
4378.975 0.00000 -0.01065 0.00000
4378.980 -0.00213 0.00533 -0.00320
4378.985 0.00426 0.00000 0.00320
4378.990 0.00107 0.00000 0.00213
4378.995 0.00107 -0.00213 -0.00213
4379.000 0.00533 0.00000 0.00107
4379.005 0.00107 0.00533 0.00213
4379.011 0.00959 0.00213 -0.00426
4379.015 0.00959 -0.00320 0.00852
4379.021 -0.00320 0.00320 -0.00746
4379.026 -0.00320 -0.00320 0.01172
4379.031 0.00533 -0.00852 -0.00107
4379.036 -0.00320 -0.00426 -0.00533
4379.041 -0.00852 -0.00107 -0.00213
4379.046 0.00000 -0.00533 -0.00320
4379.051 -0.00533 -0.00107 -0.00320
4379.056 -0.00107 -0.00852 0.00000
4379.061 -0.00639 0.00107 -0.00533
4379.066 0.00000 0.00000 0.00533
4379.071 0.00959 -0.00746 0.00320
4379.076 0.00000 -0.00213 -0.00107
4379.081 0.00213 -0.00107 0.00213
4379.086 -0.00213 -0.00426 -0.00213
4379.091 -0.00426 -0.00852 0.00107
4379.096 -0.00426 0.00320 0.00000
4379.101 -0.00107 0.00107 -0.00426
4379.106 -0.00320 0.00213 -0.00213
4379.111 0.00852 0.00000 -0.00107
4379.116 -0.00320 -0.00320 -0.01278
4379.121 -0.01385 -0.00533 0.00639
4379.126 0.00852 0.00000 -0.00107
4379.131 0.00000 0.00213 -0.00213
4379.136 0.00213 -0.00426 0.00852
4379.141 -0.00533 -0.00746 0.00000
4379.146 -0.00533 -0.00426 0.00107
4379.151 0.00107 0.00000 0.00320
4379.156 -0.00107 -0.00852 0.00213
4379.162 -0.00213 0.01385 -0.00213
4379.167 0.00213 0.00639 -0.00639
4379.172 0.00000 -0.00107 -0.00320
4379.177 0.00107 0.00426 -0.00639
4379.182 0.01278 -0.00320 -0.00746
4379.187 -0.00746 -0.00639 -0.00213
4379.192 0.00000 -0.00852 -0.00213
4379.197 0.00000 0.01278 -0.00533
4379.202 0.00426 0.00000 0.00213
4379.207 0.00107 -0.00320 0.00000
4379.212 -0.00533 -0.00852 -0.00533
4379.217 0.00213 0.00533 0.00533
4379.222 0.00426 0.00426 -0.00639
4379.227 -0.00639 0.00000 -0.00852
4379.232 -0.00426 0.00746 -0.00746
4379.237 -0.00107 0.00213 -0.00320
4379.242 0.00213 0.00107 -0.00746
4379.247 0.00320 -0.00852 0.00000
4379.252 0.00426 -0.00746 0.00320
4379.257 -0.00639 0.00746 -0.00746
4379.262 -0.00107 -0.00213 -0.00107
4379.267 0.00213 -0.00213 -0.00533
4379.272 0.00639 0.01704 -0.00852
4379.277 0.00213 -0.00107 0.00320
4379.282 0.00533 0.00213 -0.00426
4379.287 -0.00746 -0.00213 -0.00533
4379.292 0.00320 -0.00213 -0.00639
4379.297 -0.00107 -0.00320 0.00959
4379.302 -0.00426 -0.00320 -0.00107
4379.307 -0.00213 0.00533 -0.00639
4379.312 0.00107 -0.00426 0.00426
4379.317 -0.00426 0.00320 -0.00213
4379.323 0.00213 0.01065 -0.00320
4379.328 0.00107 -0.01065 -0.00107
4379.333 -0.00320 0.00426 -0.00213
4379.338 -0.00852 0.00107 0.00213
4379.343 0.00320 -0.00320 0.00000
4379.348 0.00213 0.00639 -0.00533
4379.353 0.00746 0.00852 -0.00533
4379.358 -0.00213 -0.00533 0.00746
4379.363 -0.00320 0.00000 -0.00426
4379.368 0.00639 -0.00213 -0.00746
4379.373 0.00000 0.01065 -0.00533
4379.378 0.01491 0.00533 -0.00639
4379.383 -0.00107 0.00107 -0.00213
4379.388 -0.00533 0.00639 -0.00107
4379.393 0.00533 -0.00320 -0.00639
4379.398 0.00107 -0.00533 -0.00852
4379.403 -0.00533 0.00000 -0.00107
4379.408 -0.00320 -0.00320 -0.00426
4379.413 0.00746 0.00852 -0.00533
4379.418 -0.00852 -0.00107 -0.00639
4379.423 0.00107 0.00852 0.00000
4379.428 -0.00107 0.00320 0.00107
4379.433 -0.00426 0.00533 0.00852
4379.438 0.00639 -0.00746 0.00107
4379.443 0.00959 0.00000 0.00107
4379.448 -0.00213 -0.00320 0.00426
4379.453 -0.00852 0.00107 -0.00107
4379.458 -0.00852 0.00533 -0.00107
4379.464 0.00320 0.00852 -0.00107
4379.468 -0.01172 0.00746 -0.00639
4379.474 -0.00746 -0.00107 -0.00426
4379.479 0.00213 0.00107 0.00639
4379.484 -0.00107 -0.00639 -0.00320
4379.489 -0.00107 -0.00426 0.00426
4379.494 -0.00533 -0.00426 -0.00426
4379.499 0.00000 -0.00533 0.00320
4379.504 0.00213 -0.00852 0.00320
4379.509 0.00426 -0.00213 0.00000
4379.514 -0.00639 -0.00213 -0.00426
4379.519 -0.00639 -0.00852 -0.00213
4379.524 -0.00213 0.00107 0.00320
4379.529 -0.00533 -0.00107 0.00533
4379.534 -0.00852 -0.00213 0.00426
4379.539 -0.00107 -0.00426 -0.00959
4379.544 0.00107 0.00213 0.00107
4379.549 -0.00320 -0.00320 0.00000
4379.554 0.00000 -0.00746 -0.00639
4379.559 0.00107 -0.01065 -0.00320
4379.564 0.00746 0.00426 -0.00107
4379.569 0.00000 0.01385 -0.00426
4379.574 -0.00639 0.00533 0.00000
4379.579 -0.00533 0.00213 -0.01811
4379.584 0.00533 0.00320 -0.00107
4379.589 -0.00107 0.00000 -0.00639
4379.594 -0.00426 -0.00426 0.00000
4379.599 -0.00107 0.00107 0.00107
4379.604 0.00000 -0.00320 -0.00533
4379.609 0.00533 0.00107 0.00533
4379.614 -0.00107 -0.00533 0.00000
4379.619 0.00533 0.00426 0.00107
4379.624 0.00426 -0.00639 -0.00852
4379.629 -0.00320 -0.00533 0.00107
4379.635 -0.00639 0.00213 0.00107
4379.640 0.01278 0.00426 -0.00107
4379.645 -0.00426 0.00000 -0.00107
4379.650 -0.00107 0.01065 -0.00533
4379.655 0.00000 -0.00213 -0.00107
4379.660 -0.00426 0.00639 -0.00107
4379.665 -0.00426 -0.00213 0.00107
4379.670 -0.01065 -0.00320 0.00107
4379.675 -0.00320 -0.00426 -0.00320
4379.680 -0.00746 0.00213 0.00107
4379.685 -0.00107 0.00000 -0.00320
4379.690 -0.00320 0.00746 0.00533
4379.695 -0.00533 -0.00639 0.00000
4379.700 0.00639 -0.00213 0.00426
4379.705 -0.00746 0.00000 0.00533
4379.710 -0.00213 -0.00320 -0.00320
4379.715 -0.00107 0.00213 0.00107
4379.720 -0.01172 -0.00213 -0.00107
4379.725 0.00107 0.00000 -0.01065
4379.730 0.00639 -0.00213 -0.00320
4379.735 0.00107 0.00107 -0.00426
4379.740 -0.00320 -0.00426 -0.00426
4379.745 0.00107 0.00000 0.00213
4379.750 -0.00426 0.00107 0.00000
4379.755 0.00213 -0.00213 -0.00533
4379.760 0.00746 0.00107 -0.00533
4379.765 -0.00213 0.00107 -0.00213
4379.770 0.00000 -0.00213 0.00213
4379.775 -0.00320 0.00000 -0.00533
4379.780 0.00213 -0.00107 0.00213
4379.785 0.00639 0.00533 -0.00107
4379.790 -0.00107 -0.00852 0.00107
4379.796 -0.00852 0.00000 -0.00426
4379.801 0.00639 0.00320 -0.00213
4379.806 -0.01065 -0.00213 0.00107
4379.811 -0.01065 -0.00533 0.00426
4379.816 0.00533 -0.00107 -0.00320
4379.821 -0.00320 -0.00320 0.00107
4379.826 0.00000 -0.00639 0.00000
4379.831 0.00426 -0.00746 -0.00213
4379.836 -0.00426 -0.00426 -0.00213
4379.841 -0.00533 -0.00320 -0.00107
4379.846 0.01385 0.00320 -0.00533
4379.851 -0.01172 -0.00959 -0.00426
4379.856 -0.00533 0.00000 0.00213
4379.861 -0.00213 0.01278 0.00107
4379.866 0.00000 0.00426 0.00107
4379.871 0.00107 0.00959 0.00213
4379.876 -0.00746 -0.00533 0.01598
4379.881 0.00213 0.00213 0.00426
4379.886 -0.00107 0.00000 0.00000
4379.891 -0.00639 -0.00213 0.00320
4379.896 0.00107 0.00107 -0.00639
4379.901 0.00107 -0.00107 0.00107
4379.906 -0.00107 -0.00320 -0.01065
4379.911 0.00320 0.00000 -0.00107
4379.916 -0.00107 0.00107 -0.00107
4379.921 0.00746 -0.00213 0.00639
4379.926 0.00639 -0.00426 0.00107
4379.931 0.01385 -0.00107 0.00000
4379.936 -0.00320 -0.00746 0.00213
4379.941 0.00000 -0.01917 0.00533
4379.946 0.00533 -0.00107 0.00533
4379.951 0.00426 -0.00213 -0.00213
4379.957 0.00320 0.00426 -0.00320
4379.962 -0.00533 -0.00426 -0.00107
4379.967 0.00107 -0.00213 -0.00533
4379.972 -0.00639 -0.00959 -0.00213
4379.977 0.00426 -0.00426 0.00533
4379.982 -0.00320 0.00639 -0.00639
4379.987 0.00533 -0.00107 -0.00107
4379.992 -0.00320 -0.00213 -0.00746
4379.997 0.00000 -0.00107 0.00320
4380.002 0.00320 -0.00639 0.00320
4380.007 -0.00213 -0.00107 0.00426
4380.012 -0.00107 0.00426 0.00213
4380.017 -0.00959 0.00107 -0.00107
4380.022 0.00852 -0.00533 -0.00213
4380.027 -0.00533 -0.00746 0.00107
4380.032 0.00000 -0.00320 0.00107
4380.037 -0.00533 0.00000 -0.00213
4380.042 0.00000 0.00213 0.00320
4380.047 -0.00746 0.00746 0.00107
4380.052 -0.00320 0.00533 0.00107
4380.057 0.00000 -0.00746 -0.00213
4380.062 -0.00426 0.00213 -0.00533
4380.067 0.00533 -0.00959 0.00000
4380.072 -0.01917 -0.00426 0.00639
4380.077 -0.00533 0.00000 -0.00107
4380.082 0.00746 -0.00639 -0.00107
4380.087 -0.00213 -0.00107 0.00107
4380.092 0.00107 0.00639 -0.00213
4380.097 -0.00852 -0.00107 0.00746
4380.102 0.00639 -0.00959 -0.00320
4380.107 -0.00959 -0.00107 0.00852
4380.112 -0.00426 0.00107 0.00000
4380.117 0.00426 0.00746 -0.00320
4380.122 0.00639 0.00320 -0.00746
4380.127 -0.00213 -0.00533 0.00533
4380.132 -0.00213 0.00426 0.00213
4380.138 0.00320 -0.01065 -0.00107
4380.143 -0.00213 0.00000 0.00107
4380.148 -0.00213 -0.00533 0.00213
4380.153 -0.01065 -0.01065 -0.00959
4380.158 -0.00320 0.00107 -0.00533
4380.163 -0.00852 -0.00213 0.00746
4380.168 0.00639 0.00320 -0.00746
4380.173 0.00320 -0.00213 -0.00852
4380.178 0.00000 -0.00213 -0.00213
4380.183 0.00320 -0.00426 -0.00107
4380.188 0.00639 -0.00959 0.00639
4380.193 -0.00959 -0.00746 0.00107
4380.198 0.00320 -0.00533 0.00426
4380.203 0.00000 0.00426 -0.00533
4380.208 0.00320 -0.00320 -0.01172
4380.213 -0.00426 0.00426 -0.00213
4380.218 -0.00213 0.00746 0.00213
4380.223 0.00639 0.00213 0.00213
4380.228 0.00213 0.00107 0.00107
4380.233 0.00959 0.00320 -0.00107
4380.238 -0.00320 0.00426 -0.00213
4380.243 0.00000 0.00320 -0.00426
4380.248 0.00320 0.00426 0.00000
4380.253 0.00320 0.00107 -0.00639
4380.258 0.00320 -0.00107 0.00000
4380.263 -0.00320 -0.00107 -0.00746
4380.268 0.00107 0.00852 -0.00533
4380.273 0.00000 -0.00426 0.00213
4380.279 0.00639 0.00213 0.00320
4380.284 0.00639 0.00000 0.00107
4380.289 -0.00107 0.00213 0.00000
4380.294 -0.00639 0.00000 0.00000
4380.299 -0.00107 -0.00107 0.00107
4380.304 -0.00213 -0.00213 -0.00320
4380.309 -0.00746 -0.00320 -0.00213
4380.314 -0.00533 -0.00213 0.00000
4380.319 0.00426 -0.00959 -0.00213
4380.324 -0.01065 0.00320 -0.01065
4380.329 0.00320 -0.00746 0.00426
4380.334 -0.00107 0.00426 0.00426
4380.339 -0.00533 0.00213 -0.00213
4380.344 -0.00107 -0.00213 -0.00213
4380.349 0.00852 0.00639 0.00000
4380.354 0.00426 0.00000 0.00000
4380.359 -0.00533 0.00000 0.00320
4380.364 0.00000 -0.00746 0.00426
4380.369 -0.00959 -0.00746 0.00107
4380.374 0.00213 -0.00533 -0.00107
4380.379 0.00320 -0.00320 0.00320
4380.384 -0.00213 -0.00533 0.00213
4380.389 0.00426 0.00426 0.00320
4380.394 -0.00107 0.00639 -0.00107
4380.399 -0.00426 -0.00639 -0.01278
4380.404 0.00107 -0.00320 -0.00639
4380.409 -0.01278 0.00320 -0.00213
4380.414 0.00213 -0.00639 -0.00320
4380.419 0.00213 -0.00107 0.00426
4380.424 -0.00107 -0.00107 0.00000
4380.429 0.00107 0.00426 -0.00213
4380.434 -0.00320 -0.00533 -0.00107
4380.439 0.00000 -0.00746 0.00000
4380.444 0.00213 -0.00533 0.01278
4380.450 0.00000 0.00107 0.00213
4380.455 -0.00107 0.00000 -0.00107
4380.460 0.00213 -0.00213 0.00107
4380.465 -0.00320 -0.00213 -0.00533
4380.470 0.00107 -0.00639 0.00000
4380.475 -0.00320 -0.00852 -0.00533
4380.480 -0.00320 -0.00426 -0.00107
4380.485 0.00107 0.00213 -0.00107
4380.490 -0.00533 0.00213 0.00639
4380.495 -0.00639 -0.00533 0.00426
4380.500 -0.00959 0.00426 0.00107
4380.505 -0.00639 0.00107 0.00320
4380.510 -0.00107 -0.00959 0.00213
4380.515 -0.00213 -0.00320 0.00533
4380.520 0.00213 -0.00639 0.00533
4380.525 -0.00107 -0.00426 0.00639
4380.530 0.00107 -0.00320 -0.00426
4380.535 0.00320 -0.00639 0.00213
4380.540 -0.00213 -0.00959 -0.00213
4380.545 -0.00852 -0.00533 -0.00107
4380.550 0.00000 0.00533 0.00213
4380.555 0.00426 0.00639 -0.00426
4380.560 0.00107 -0.00107 -0.00213
4380.565 0.00213 0.00213 -0.00107
4380.570 0.00213 0.00000 0.00107
4380.575 0.00533 -0.00213 0.00000
4380.580 0.00107 0.00320 0.00213
4380.585 -0.00852 -0.00639 0.00213
4380.590 -0.00213 0.00426 -0.00426
4380.595 -0.00852 -0.00426 0.00320
4380.600 0.00000 0.00533 -0.01065
4380.605 0.00000 0.00000 0.00213
4380.610 0.00746 0.00746 -0.00639
4380.615 -0.00213 -0.00639 0.00746
4380.620 0.00213 -0.00639 -0.00107
4380.625 -0.00213 -0.00852 0.00320
4380.631 0.00639 -0.00107 0.00426
4380.636 0.00426 -0.00639 0.00320
4380.641 -0.00426 0.00213 -0.00746
4380.646 -0.00107 -0.00213 0.00320
4380.651 0.00746 0.00533 -0.00213
4380.656 -0.00426 0.00320 -0.01598
4380.661 -0.00213 -0.00852 -0.00107
4380.666 0.00320 0.00426 -0.01491
4380.671 -0.00320 -0.00320 -0.00320
4380.676 -0.00426 -0.00320 0.00107
4380.681 -0.00213 -0.00533 -0.00426
4380.686 0.00000 0.00213 -0.00213
4380.691 -0.00852 -0.00852 0.00000
4380.696 -0.00107 -0.00426 -0.00533
4380.701 -0.00213 0.00000 0.00000
4380.706 0.00746 0.00533 0.00000
4380.711 0.00213 -0.00426 -0.00213
4380.716 0.00426 0.00107 0.00107
4380.721 -0.00426 -0.01065 0.00320
4380.726 0.00107 0.00000 -0.00639
4380.731 -0.00213 0.00000 -0.00213
4380.736 -0.00213 -0.00107 -0.00213
4380.741 -0.00426 0.00533 -0.00213
4380.746 0.00000 0.00000 -0.00533
4380.751 -0.00533 0.00320 -0.00533
4380.756 -0.00213 0.00107 0.00320
4380.761 -0.00213 0.00213 0.00000
4380.766 -0.00320 0.00213 -0.00426
4380.771 0.00213 -0.00746 -0.00213
4380.776 -0.00213 -0.00107 0.00320
4380.782 0.00320 -0.00746 0.00533
4380.786 -0.00426 0.00426 -0.00533
4380.792 0.01065 -0.00107 -0.00320
4380.797 -0.00746 -0.00639 0.00213
4380.802 -0.00107 -0.00320 -0.00533
4380.807 0.00213 0.00213 -0.00320
4380.812 -0.00107 -0.01172 0.00107
4380.817 -0.01385 -0.00533 -0.00320
4380.822 0.00213 -0.00746 0.00107
4380.827 0.00320 0.00107 -0.00213
4380.832 0.00533 -0.00426 0.00639
4380.837 0.00426 0.00000 0.00533
4380.842 -0.00107 -0.00639 -0.00213
4380.847 -0.00426 -0.00320 -0.00213
4380.852 0.00000 -0.00426 0.00213
4380.857 -0.00320 -0.00213 -0.00426
4380.862 0.00213 0.00107 0.00533
4380.867 0.00533 0.00000 0.00639
4380.872 0.00213 -0.00320 0.00000
4380.877 0.00000 0.00959 -0.00852
4380.882 -0.00959 0.00000 0.00213
4380.887 0.00852 0.00213 0.00426
4380.892 0.00000 -0.00107 -0.00639
4380.897 -0.00107 0.00107 0.00213
4380.902 0.00107 0.00639 0.00852
4380.907 0.00320 -0.00746 -0.00107
4380.912 -0.00533 -0.00320 -0.00107
4380.917 -0.00107 0.00107 0.00000
4380.923 -0.00320 0.00213 0.00000
4380.928 0.00000 0.01065 0.00213
4380.933 0.00320 -0.00533 0.00533
4380.938 0.00000 -0.00213 0.00533
4380.943 -0.00426 -0.00959 -0.00533
4380.948 0.00213 -0.00213 0.00426
4380.953 0.00746 -0.00639 0.00000
4380.958 0.00426 0.00107 0.00746
4380.963 -0.01065 0.01278 0.00000
4380.968 0.00000 0.00320 -0.00426
4380.973 0.00639 -0.00320 -0.00320
4380.978 0.00000 -0.00320 -0.00426
4380.983 0.00213 -0.00320 0.00320
4380.988 -0.00213 0.00000 -0.00852
4380.993 0.00533 0.00107 -0.00213
4380.998 0.00320 0.00852 -0.00107
4381.003 -0.00426 0.00426 -0.00533
4381.008 -0.00533 0.00107 0.00107
4381.013 -0.00213 -0.00533 0.00000
4381.018 0.00107 0.00213 0.00107
4381.023 -0.00320 -0.00107 -0.01065
4381.028 -0.00320 -0.01172 0.00213
4381.033 -0.00639 0.00426 0.00000
4381.038 -0.00639 0.00746 0.00213
4381.043 -0.00533 -0.00959 -0.00852
4381.048 -0.00320 -0.00320 -0.00107
4381.053 0.00213 -0.00213 0.00213
4381.058 0.00000 -0.00107 0.00107
4381.063 -0.00852 -0.00107 -0.00533
4381.068 -0.00213 0.00426 0.00213
4381.073 -0.00533 0.01065 0.00320
4381.078 -0.00320 0.00533 -0.00426
4381.083 -0.01278 0.00746 -0.01065
4381.088 0.00107 0.00320 -0.00107
4381.093 0.01065 -0.00213 -0.00426
4381.098 -0.01065 -0.00746 -0.00852
4381.103 -0.00107 -0.00426 -0.00107
4381.108 0.00107 -0.00320 -0.00107
4381.114 0.00107 0.00107 0.00213
4381.119 0.00107 -0.00639 -0.00213
4381.124 0.00426 0.00746 0.00107
4381.129 -0.01065 -0.00426 -0.00320
4381.134 -0.00213 -0.00533 -0.00320
4381.139 -0.00107 0.00107 -0.00533
4381.144 -0.00533 0.00320 0.00320
4381.149 -0.00213 -0.00213 -0.00107
4381.154 0.00000 -0.00426 0.00746
4381.159 -0.00107 -0.00213 -0.00746
4381.164 -0.00320 -0.00639 -0.00746
4381.169 -0.00213 0.00213 0.00000
4381.174 0.00320 0.00213 -0.00320
4381.179 0.00320 -0.00213 0.00213
4381.184 -0.00213 0.00213 -0.00107
4381.189 0.00213 0.00746 -0.00213
4381.194 -0.00959 -0.00959 0.00213
4381.199 -0.00533 -0.00533 -0.00213
4381.204 -0.00320 -0.00213 0.00426
4381.209 -0.00107 -0.00639 -0.00320
4381.214 0.00000 0.00000 -0.00320
4381.219 -0.01385 -0.00533 -0.00107
4381.224 0.00000 -0.01278 0.00426
4381.229 -0.00426 0.00213 0.00639
4381.234 -0.00213 0.00213 0.00000
4381.239 -0.00107 0.00320 0.00320
4381.244 0.00746 -0.00533 0.00000
4381.249 -0.00746 -0.00533 -0.00320
4381.254 -0.00959 -0.00852 0.00213
4381.259 0.00000 0.00320 0.00320
4381.265 -0.00213 -0.00852 -0.00852
4381.270 0.00213 -0.00213 -0.00107
4381.275 0.00107 -0.00426 -0.00533
4381.280 0.00426 0.00107 0.00000
4381.285 0.00320 -0.00107 -0.00320
4381.290 -0.00852 -0.00746 -0.00639
4381.295 0.00959 0.00320 0.00533
4381.300 0.00107 0.00000 0.00213
4381.305 0.00213 -0.00320 -0.00213
4381.310 0.00000 -0.00213 -0.00213
4381.315 0.00320 -0.00426 0.00213
4381.320 0.00000 -0.00107 0.00959
4381.325 -0.00639 -0.01065 -0.00213
4381.330 0.00426 -0.00320 -0.00533
4381.335 -0.00426 0.00213 0.00533
4381.340 -0.00213 -0.00959 -0.00320
4381.345 0.00000 -0.00320 0.00213
4381.350 0.00000 -0.00213 -0.00107
4381.355 0.00533 0.00000 -0.00107
4381.360 -0.00746 0.00213 -0.00533
4381.365 -0.00426 -0.00959 -0.00533
4381.370 -0.00107 0.00639 -0.00320
4381.375 0.00213 0.00107 -0.01065
4381.380 0.00213 -0.00533 -0.00852
4381.385 -0.00213 -0.00107 -0.00426
4381.390 -0.00107 0.00000 -0.00320
4381.395 0.00000 -0.00639 -0.00107
4381.400 0.00320 -0.00107 0.00426
4381.405 0.00000 0.00000 0.00320
4381.410 0.00000 -0.00746 0.00533
4381.415 0.00000 -0.00639 0.00213
4381.420 0.00426 -0.01065 -0.01491
4381.426 -0.00426 -0.00746 -0.00213
4381.431 -0.00213 -0.00213 0.00107
4381.436 0.00107 0.00213 0.00107
4381.441 -0.00107 -0.00426 -0.00107
4381.446 0.00000 0.00320 -0.00213
4381.451 -0.00746 -0.00213 -0.00426
4381.456 0.00000 0.00852 0.00000
4381.461 0.00320 0.00426 -0.00533
4381.466 -0.00320 0.00107 0.00213
4381.471 0.00320 -0.00213 -0.00107
4381.476 0.00213 -0.00426 -0.00746
4381.481 -0.00746 -0.00639 0.00213
4381.486 -0.00746 -0.00426 -0.00213
4381.491 -0.00639 -0.00533 -0.00107
4381.496 0.00107 0.00639 0.00000
4381.501 -0.00213 -0.00426 0.00320
4381.506 0.00000 0.00107 0.00107
4381.511 -0.00426 -0.00213 -0.00852
4381.516 0.00746 -0.00533 -0.00639
4381.521 0.00213 -0.00852 -0.00533
4381.526 0.00107 0.00320 0.00639
4381.531 -0.00107 -0.00639 0.00320
4381.536 0.00107 -0.00533 0.00320
4381.541 0.00000 0.00639 0.00000
4381.546 -0.00639 0.00213 0.00746
4381.551 0.00213 0.00320 0.00639
4381.556 -0.00107 0.01065 -0.00746
4381.561 -0.00426 0.00213 -0.00107
4381.566 0.00533 -0.00320 0.00320
4381.571 -0.01811 0.00213 -0.00107
4381.576 -0.01278 -0.00746 -0.00852
4381.581 -0.00533 -0.00320 0.00000
4381.586 0.00533 -0.00959 -0.00107
4381.591 -0.00107 -0.00746 0.00959
4381.597 -0.00746 0.00746 0.00533
4381.602 -0.00213 -0.00533 0.00000
4381.607 0.00320 0.00213 -0.00213
4381.612 -0.00320 -0.01491 -0.00107
4381.617 -0.00746 -0.00639 0.00320
4381.622 -0.00213 -0.00107 0.00852
4381.627 -0.00107 -0.00107 0.00213
4381.632 -0.00107 0.00639 -0.00426
4381.637 -0.00107 0.00426 0.00107
4381.642 -0.00320 0.00107 -0.00213
4381.647 -0.00426 -0.00107 0.00107
4381.652 0.00107 0.00320 -0.00213
4381.657 0.00213 0.00000 0.00959
4381.662 0.00213 0.00000 -0.00213
4381.667 -0.00320 0.00213 -0.00852
4381.672 -0.01065 -0.00320 -0.00852
4381.677 0.00426 0.00000 0.00213
4381.682 0.00213 -0.00639 -0.00107
4381.687 -0.00320 -0.00213 0.00107
4381.692 0.00959 -0.00426 -0.00426
4381.697 -0.01278 -0.00746 -0.00746
4381.702 -0.00852 -0.00213 -0.00533
4381.707 -0.00213 0.00852 0.00426
4381.712 -0.00213 0.00320 -0.01172
4381.717 -0.00746 -0.00533 0.00426
4381.722 0.00107 0.00533 0.00213
4381.727 -0.00320 -0.01491 0.00000
4381.732 -0.00320 -0.00426 0.00533
4381.738 -0.00746 -0.00107 -0.00959
4381.742 -0.00107 0.00320 0.00426
4381.748 0.01172 0.00000 -0.00533
4381.753 0.00320 0.00107 -0.00533
4381.758 -0.00107 0.00320 -0.00533
4381.763 -0.00426 -0.00320 -0.00213
4381.768 -0.00320 -0.00426 -0.00213
4381.773 0.00320 -0.00213 -0.00426
4381.778 -0.00426 0.00000 -0.00746
4381.783 0.01065 0.00000 -0.00746
4381.788 -0.00320 -0.00533 -0.00639
4381.793 0.00320 -0.01385 0.00107
4381.798 -0.00213 -0.00320 -0.00320
4381.803 -0.00426 -0.00959 -0.00213
4381.808 -0.01278 -0.00320 -0.01385
4381.813 -0.00213 0.00639 0.00107
4381.818 0.00000 -0.00107 0.00426
4381.823 -0.00533 -0.00639 -0.00320
4381.828 -0.01811 0.00213 0.00213
4381.833 0.00426 0.00107 -0.00639
4381.838 0.00426 -0.00533 -0.00320
4381.843 -0.00426 -0.00107 -0.00639
4381.848 -0.00959 0.00000 -0.01172
4381.853 0.00426 0.00213 0.00000
4381.858 -0.00320 -0.00426 -0.00959
4381.863 -0.00107 0.00213 -0.00213
4381.868 -0.00426 -0.00426 0.00426
4381.873 0.01172 -0.00107 -0.00107
4381.878 -0.00426 -0.00320 0.00320
4381.883 -0.00639 -0.00107 0.00320
4381.888 0.00426 -0.00746 0.00426
4381.893 0.00746 -0.00107 -0.00213
4381.898 -0.00320 -0.00213 -0.00533
4381.903 0.00639 0.00533 -0.00107
4381.909 0.00000 -0.01065 -0.00213
4381.914 -0.00852 -0.00213 0.00320
4381.919 0.00000 0.00426 -0.00320
4381.924 0.00213 0.00000 -0.00320
4381.929 0.00000 0.00000 -0.00746
4381.934 0.00639 -0.00320 -0.00107
4381.939 -0.00107 -0.00320 0.00852
4381.944 0.00426 0.00533 0.00533
4381.949 0.01704 -0.00746 -0.00107
4381.954 0.00213 0.00213 -0.00320
4381.959 0.00426 -0.00533 -0.00746
4381.964 -0.00320 -0.00426 0.00320
4381.969 -0.00533 -0.00320 -0.00320
4381.974 -0.00533 -0.00107 0.00852
4381.979 -0.00320 -0.00213 0.00639
4381.984 0.00000 0.00213 0.00426
4381.989 -0.00426 -0.00959 -0.00533
4381.994 -0.00107 -0.00107 0.00533
4381.999 -0.00107 -0.00213 0.00533
4382.004 -0.00107 -0.00107 -0.00746
4382.009 -0.00746 -0.00746 -0.00320
4382.014 0.00107 0.00107 0.00000
4382.019 0.00213 0.00000 -0.00533
4382.024 0.00639 -0.00107 0.00000
4382.029 -0.00746 -0.00746 -0.00426
4382.034 0.00107 0.00426 -0.00426
4382.039 0.00639 0.00213 -0.00320
4382.044 -0.00852 0.00107 -0.00213
4382.049 0.00852 -0.00746 -0.00533
4382.054 0.00639 -0.00320 0.00000
4382.060 0.00533 0.00746 0.00213
4382.065 -0.00639 -0.00213 0.00639
4382.070 -0.00426 -0.00533 -0.00213
4382.075 0.00107 -0.00213 -0.00533
4382.080 -0.00213 0.01385 0.00639
4382.085 0.00213 -0.00320 0.00320
4382.090 -0.00746 0.00213 -0.00746
4382.095 -0.00107 -0.00426 0.00746
4382.100 0.00107 0.00746 -0.00852
4382.105 -0.00320 0.00426 0.00426
4382.110 0.00639 0.00213 0.00852
4382.115 -0.00213 -0.00746 0.00320
4382.120 -0.00746 -0.00426 -0.00107
4382.125 0.00533 0.00107 -0.00107
4382.130 0.01065 0.00852 -0.00107
4382.135 -0.00639 -0.00746 -0.00320
4382.140 0.00213 -0.00533 -0.00107
4382.145 0.00213 0.00320 -0.00639
4382.150 -0.00959 -0.00107 -0.00426
4382.155 0.00107 0.00107 0.00000
4382.160 -0.00320 0.00213 -0.00533
4382.165 0.02131 0.00000 0.00213
4382.170 0.00107 -0.00746 -0.00107
4382.175 0.00107 0.00746 0.00426
4382.180 -0.00852 0.00959 -0.00107
4382.185 0.00213 0.00959 0.00426
4382.190 -0.00639 0.00426 -0.00533
4382.195 -0.00107 0.00000 -0.00746
4382.200 0.00320 -0.00426 0.00213
4382.205 0.00639 0.00426 0.00320
4382.210 -0.00107 -0.00107 0.00213
4382.215 0.00213 -0.00213 -0.00107
4382.221 -0.01172 -0.00320 0.00107
4382.226 -0.00533 -0.00533 0.00320
4382.231 -0.00320 -0.00533 0.00533
4382.236 -0.00320 0.00000 -0.00959
4382.241 0.00213 0.00213 0.01278
4382.246 0.00426 0.00107 -0.00320
4382.251 0.00320 -0.00426 -0.00320
4382.256 -0.00533 0.00639 -0.00213
4382.261 -0.00213 -0.00107 0.00213
4382.266 -0.00320 0.00000 0.00000
4382.271 0.00320 0.00213 0.00213
4382.276 0.00320 0.00107 0.00107
4382.281 -0.00320 0.00107 -0.00959
4382.286 -0.00320 0.00533 0.00639
4382.291 -0.00426 0.01385 0.00000
4382.296 -0.00213 0.00000 -0.00426
4382.301 -0.01065 -0.00107 0.00107
4382.306 0.00426 0.00213 0.00213
4382.311 -0.00320 0.00000 -0.00107
4382.316 0.00213 0.00107 -0.00959
4382.321 -0.00533 0.00426 0.00213
4382.326 0.00000 -0.00639 -0.00639
4382.331 -0.00213 -0.00426 0.00320
4382.336 -0.00852 -0.00213 -0.00426
4382.341 0.00533 0.00000 -0.00639
4382.346 -0.00320 0.00213 -0.00426
4382.351 -0.00213 0.01172 -0.00426
4382.356 0.00320 0.00320 -0.00107
4382.361 0.00107 -0.00533 0.00213
4382.366 0.00107 -0.00213 0.00639
4382.371 0.00213 -0.00639 -0.00107
4382.376 0.00213 -0.00426 0.00426
4382.381 -0.00213 -0.00213 -0.00746
4382.386 -0.00107 -0.01065 -0.00426
4382.391 0.00107 0.00000 0.00107
4382.396 -0.00213 0.00533 0.00213
4382.402 0.00213 -0.00639 0.00107
4382.407 -0.00533 0.00000 0.00320
4382.412 -0.00213 -0.00426 0.00000
4382.417 0.00852 0.00959 -0.00320
4382.422 0.00213 0.00746 -0.00107
4382.427 0.00320 0.00107 -0.00320
4382.432 -0.00213 0.00320 0.00426
4382.437 -0.00107 0.00852 0.00213
4382.442 0.00426 0.00107 -0.01704
4382.447 -0.00746 -0.00426 -0.00533
4382.452 -0.00852 -0.00959 -0.00426
4382.457 -0.00426 -0.00107 0.00746
4382.462 0.00320 -0.00107 -0.00746
4382.467 0.00852 -0.00533 0.00533
4382.472 -0.01278 0.00000 0.00107
4382.477 0.00320 -0.02237 0.00107
4382.482 -0.00320 0.00426 -0.00533
4382.487 -0.00639 -0.00320 -0.01278
4382.492 -0.00320 -0.00213 0.00000
4382.497 0.00000 -0.00213 -0.00533
4382.502 -0.00533 -0.00533 0.00426
4382.507 -0.00320 -0.00320 0.00533
4382.512 -0.00213 -0.00320 0.00000
4382.517 -0.00959 -0.00533 -0.00320
4382.522 0.00213 0.01172 0.00107
4382.527 0.00639 0.00320 -0.01065
4382.532 -0.00852 -0.00746 -0.00746
4382.537 -0.00426 -0.00107 -0.00320
4382.542 0.00213 -0.00959 -0.00107
4382.547 0.00213 -0.00107 0.00320
4382.553 0.01065 0.00320 0.00320
4382.558 -0.00852 -0.00426 0.00000
4382.563 0.00000 0.00000 -0.00320
4382.568 -0.00213 -0.00213 0.00852
4382.573 -0.00213 0.00000 -0.00426
4382.578 -0.00107 0.00000 0.00213
4382.583 0.00107 0.00426 0.00107
4382.588 0.01065 0.00852 -0.00533
4382.593 0.00000 -0.00320 -0.00533
4382.598 0.00533 -0.00533 0.00107
4382.603 -0.00213 0.00213 0.00107
4382.608 0.00107 0.00107 0.00107
4382.613 0.00320 -0.00107 0.00426
4382.618 0.00107 0.00213 0.00213
4382.623 0.00000 -0.00320 0.00107
4382.628 -0.00320 0.00533 -0.00533
4382.633 -0.01065 -0.00426 0.00320
4382.638 -0.00213 -0.00959 0.00000
4382.643 -0.00107 -0.00639 0.00320
4382.648 0.00426 -0.01065 -0.00213
4382.653 -0.00533 -0.00746 0.00320
4382.658 0.00213 -0.00107 0.00426
4382.663 -0.01065 -0.00959 -0.00426
4382.668 -0.00533 0.00746 -0.00639
4382.673 -0.00639 -0.00107 0.00213
4382.678 0.00639 0.00107 0.01065
4382.683 -0.00107 -0.00746 0.00746
4382.688 -0.00533 -0.00426 -0.00320
4382.693 0.00213 0.00000 0.00426
4382.698 0.00107 0.00107 -0.00320
4382.703 0.00107 0.00320 -0.00320
4382.708 0.00852 -0.00639 0.00320
4382.713 0.00320 -0.00320 -0.00426
4382.718 0.00639 0.00320 -0.00107
4382.723 0.00852 0.00959 0.00426
4382.728 0.00320 -0.00746 -0.00213
4382.734 0.00000 -0.00213 -0.00639
4382.739 -0.00320 0.00959 -0.00852
4382.744 0.00000 0.00320 -0.00213
4382.749 0.00107 -0.01278 -0.00213
4382.754 -0.00213 -0.00107 0.00426
4382.759 0.00959 -0.00533 -0.00639
4382.764 0.00213 0.00639 -0.00533
4382.769 0.00533 0.00213 -0.00426
4382.774 0.00213 -0.00533 -0.00320
4382.779 -0.00746 0.00213 -0.01172
4382.784 -0.00320 -0.00320 -0.00852
4382.789 0.00320 0.00320 0.00107
4382.794 -0.00852 0.00213 0.00213
4382.799 -0.00533 -0.00746 0.00639
4382.804 0.00213 -0.00959 0.00639
4382.809 0.00533 -0.00639 0.00107
4382.814 0.00320 0.00107 -0.00213
4382.819 -0.00213 -0.01172 -0.00107
4382.824 0.00639 0.00213 0.01385
4382.829 -0.00533 0.00000 -0.00213
4382.834 0.00213 -0.00107 -0.00533
4382.839 0.00426 0.00107 0.00426
4382.844 -0.00107 0.00107 0.00426
4382.849 0.00000 -0.00213 -0.00107
4382.854 -0.00426 -0.01065 -0.00426
4382.859 -0.00959 0.00000 -0.00852
4382.864 -0.00213 -0.00213 -0.00213
4382.869 -0.00746 -0.00320 0.00533
4382.875 -0.00426 -0.00107 -0.00320
4382.880 -0.00213 -0.01278 -0.00213
4382.885 -0.00746 -0.00639 -0.00320
4382.890 0.00107 -0.00107 0.00107
4382.895 0.00852 0.00746 -0.00320
4382.900 -0.01598 -0.00107 -0.00639
4382.905 -0.00107 0.00000 -0.00426
4382.910 0.00000 -0.00107 -0.00426
4382.915 0.00107 -0.00320 0.00213
4382.920 -0.00320 -0.00426 -0.00639
4382.925 -0.00320 -0.01065 0.00213
4382.930 -0.00533 -0.00320 0.00213
4382.935 -0.00213 -0.00746 0.00852
4382.940 -0.00639 0.00107 0.00107
4382.945 -0.00320 -0.00320 -0.00213
4382.950 0.00639 -0.00320 0.00213
4382.955 -0.00320 0.00107 0.00746
4382.960 -0.00639 -0.00426 -0.00533
4382.965 0.00320 -0.00426 -0.00426
4382.970 0.00746 -0.00533 -0.00213
4382.975 -0.00746 0.00107 -0.01172
4382.980 -0.00213 -0.00746 0.00959
4382.985 -0.00320 0.00000 -0.00320
4382.990 0.00000 -0.00213 -0.00107
4382.995 0.00107 -0.00213 0.00533
4383.000 0.00426 0.00213 -0.01704
4383.005 0.00639 -0.00852 -0.00320
4383.010 -0.00959 0.00000 0.00320
4383.015 0.00320 0.00213 -0.00426
4383.020 -0.01065 -0.00959 -0.00639
4383.025 -0.00639 -0.00533 -0.01385
4383.030 -0.01385 -0.00107 0.00426
4383.035 0.00213 -0.00533 -0.00426
4383.040 0.00000 -0.00639 -0.00852
4383.046 0.00320 0.00000 -0.00426
4383.051 -0.00213 0.00107 -0.00426
4383.056 -0.00213 -0.00213 0.00213
4383.061 0.00213 -0.00852 -0.00107
4383.066 -0.00746 -0.00746 0.00107
4383.071 -0.00639 0.00000 -0.00213
4383.076 -0.00533 -0.01172 -0.00107
4383.081 -0.00639 0.00426 -0.00852
4383.086 -0.00107 0.00107 -0.00320
4383.091 0.00426 -0.00107 -0.00639
4383.096 0.00000 -0.00746 -0.00320
4383.101 0.00533 0.00426 -0.00426
4383.106 -0.00426 -0.00320 -0.00852
4383.111 0.00320 0.00000 -0.00320
4383.116 0.00000 0.00533 -0.00213
4383.121 -0.00107 0.01065 -0.00107
4383.126 0.00533 -0.00107 0.00000
4383.131 -0.01065 -0.00107 0.00213
4383.136 -0.00213 -0.00320 -0.00107
4383.141 0.00533 -0.00320 0.00107
4383.146 -0.00746 -0.00107 -0.00107
4383.151 -0.00213 0.00000 0.00320
4383.156 0.00533 0.00639 -0.00533
4383.161 -0.00533 0.00107 0.00000
4383.166 -0.00320 -0.00746 0.00107
4383.171 -0.00639 -0.00107 -0.00533
4383.176 0.00426 -0.00426 -0.00426
4383.181 -0.00533 -0.00320 0.00639
4383.186 -0.00426 -0.00320 0.00213
4383.191 -0.00320 0.00000 0.00107
4383.196 0.00107 -0.00107 0.00533
4383.201 0.00852 0.00213 -0.00959
4383.207 0.00533 0.00000 -0.00213
4383.212 -0.00107 0.00426 -0.00107
4383.217 0.00533 0.00107 -0.00107
4383.222 0.00213 -0.00213 -0.00213
4383.227 0.00000 -0.00213 0.00639
4383.232 0.00320 -0.00533 -0.00107
4383.237 -0.00852 0.00639 -0.00107
4383.242 -0.00959 -0.00213 0.00000
4383.247 0.00000 -0.00320 0.00000
4383.252 -0.00213 -0.00639 -0.00107
4383.257 -0.00107 0.00107 -0.00320
4383.262 0.00959 0.01065 -0.00320
4383.267 -0.00426 0.00959 -0.00107
4383.272 -0.00320 -0.00426 0.01278
4383.277 -0.00213 -0.00320 0.00107
4383.282 0.00000 0.00213 -0.00533
4383.287 0.00852 -0.00639 -0.00746
4383.292 0.00000 0.00107 0.00213
4383.297 0.00000 -0.00533 0.00107
4383.302 0.00000 -0.00107 0.00213
4383.307 -0.00426 -0.00213 -0.00320
4383.312 0.00213 0.00000 -0.00107
4383.317 -0.00426 -0.00426 -0.00107
4383.322 0.00426 -0.00639 -0.00107
4383.327 -0.00107 0.00000 0.00107
4383.332 -0.00107 0.00320 0.00320
4383.337 -0.00639 0.00000 0.00000
4383.342 -0.00320 -0.01811 0.00213
4383.347 0.00107 0.00107 -0.01172
4383.352 -0.00852 -0.00426 -0.00426
4383.357 -0.00426 -0.00746 0.00639
4383.362 0.00213 0.00852 0.00000
4383.367 0.00213 0.00533 0.00213
4383.372 -0.00320 0.00107 0.00533
4383.377 0.00426 -0.00213 -0.00852
4383.382 0.00107 -0.00320 -0.00746
4383.388 -0.00107 -0.00426 -0.00213
4383.392 -0.00107 0.00213 0.00000
4383.398 0.00000 0.00320 -0.00746
4383.403 -0.01065 -0.00320 0.00213
4383.408 -0.00107 -0.00320 0.00639
4383.413 0.00320 0.00213 0.00000
4383.418 0.00852 -0.00533 -0.01065
4383.423 -0.00213 -0.00107 -0.00107
4383.428 -0.00320 -0.00107 -0.00213
4383.433 -0.00533 -0.00320 -0.00746
4383.438 0.00000 0.00213 0.00533
4383.443 -0.00426 -0.00639 -0.00426
4383.448 0.00426 -0.00107 0.00959
4383.453 0.00320 -0.00426 0.00107
4383.458 -0.00320 -0.00107 -0.00107
4383.463 0.01278 0.00426 -0.00213
4383.468 -0.00320 -0.00426 0.00746
4383.473 -0.00320 -0.00320 -0.02876
4383.478 -0.00533 0.00213 0.00320
4383.483 0.00213 -0.00107 0.00426
4383.488 -0.00746 0.00320 -0.00426
4383.493 0.00107 0.00426 -0.00320
4383.498 -0.00213 -0.00533 0.00000
4383.503 0.00213 -0.00213 -0.01385
4383.508 -0.00746 -0.00426 0.00320
4383.513 -0.00426 -0.00107 0.00639
4383.518 -0.00639 -0.00213 -0.00426
4383.523 0.00213 -0.00533 -0.00746
4383.529 -0.00746 0.00852 -0.01385
4383.534 -0.00426 -0.00320 -0.00533
4383.539 0.00426 0.00426 -0.00320
4383.544 0.00320 -0.00959 -0.00213
4383.549 0.00000 -0.01278 -0.00213
4383.554 0.00320 -0.01172 -0.00213
4383.559 0.00320 0.00000 -0.00213
4383.564 -0.00320 -0.00320 -0.00746
4383.569 0.00320 -0.00533 0.00426
4383.574 0.00000 -0.00320 0.00426
4383.579 -0.01172 -0.00320 -0.00959
4383.584 0.00426 0.00639 -0.00107
4383.589 0.00746 0.00426 0.00107
4383.594 -0.00107 0.00107 0.00000
4383.599 -0.00107 -0.00533 0.01385
4383.604 -0.00213 0.00000 -0.00213
4383.609 0.00107 -0.00533 0.00320
4383.614 -0.00746 -0.00107 -0.00320
4383.619 -0.00320 0.00107 0.00852
4383.624 0.00107 -0.00533 -0.00320
4383.629 -0.00959 0.00107 -0.00107
4383.634 0.00213 -0.00639 0.00000
4383.639 0.00426 0.00639 0.00000
4383.644 0.00213 0.00746 -0.00213
4383.649 -0.00213 -0.01172 0.00320
4383.654 -0.00107 -0.00320 0.00533
4383.659 0.00107 -0.00213 0.00000
4383.664 0.00000 -0.00533 -0.00533
4383.669 0.00000 0.00000 -0.00639
4383.674 0.00746 -0.00426 0.00533
4383.679 -0.00426 0.00426 -0.00107
4383.684 -0.00107 -0.00746 -0.00533
4383.689 0.00746 0.00426 -0.00213
4383.694 -0.00959 -0.00107 -0.00639
4383.699 0.00320 -0.00533 0.00107
4383.704 -0.00107 -0.00213 -0.00852
4383.709 0.00639 -0.01065 -0.00213
4383.714 0.00426 0.00852 -0.00213
4383.720 -0.01385 0.01278 -0.00746
4383.725 0.00000 -0.00426 -0.00213
4383.730 0.00000 -0.00533 0.00320
4383.735 -0.00426 -0.00107 0.00426
4383.740 -0.00746 0.00320 -0.00426
4383.745 0.00107 0.00213 -0.00213
4383.750 -0.00213 -0.00639 -0.00213
4383.755 -0.00426 0.00426 0.00426
4383.760 -0.00639 0.00107 0.00000
4383.765 -0.00320 -0.00320 0.00213
4383.770 -0.01172 -0.01065 -0.00533
4383.775 0.00000 0.00107 -0.00426
4383.780 -0.00426 -0.00426 0.00213
4383.785 0.00639 -0.00426 0.00000
4383.790 -0.00746 0.00533 0.00000
4383.795 0.00426 0.00320 0.00639
4383.800 0.00852 -0.00533 -0.01491
4383.805 -0.00320 -0.00320 0.00213
4383.810 0.00107 -0.00533 0.00533
4383.815 0.00213 0.00107 0.00533
4383.820 0.00000 -0.00213 -0.00213
4383.825 -0.00426 -0.00533 -0.00426
4383.830 -0.00107 -0.00320 -0.00426
4383.835 -0.00320 0.00426 0.00000
4383.840 0.00320 -0.00320 -0.00533
4383.845 -0.00320 -0.00107 -0.00426
4383.850 0.00746 -0.00107 0.00533
4383.855 -0.00746 -0.00426 0.00639
4383.861 0.00213 -0.00107 -0.00852
4383.866 0.00426 -0.00213 -0.00107
4383.871 0.00107 0.00320 0.00320
4383.876 -0.00213 -0.00533 -0.00320
4383.881 0.00000 -0.00746 0.00000
4383.886 -0.00852 0.00320 0.00533
4383.891 0.01172 0.00639 0.00213
4383.896 -0.00320 0.00426 0.00320
4383.901 0.00639 0.00000 -0.00426
4383.906 0.00533 0.00107 0.00107
4383.911 -0.00107 -0.01278 -0.00426
4383.916 -0.00639 -0.00107 0.00320
4383.921 0.00852 0.00213 -0.00213
4383.926 0.01278 0.00213 -0.00320
4383.931 -0.00213 0.00107 -0.00107
4383.936 0.00959 0.00320 -0.01278
4383.941 -0.00213 -0.00533 -0.00426
4383.946 -0.00213 -0.01065 0.00426
4383.951 0.00000 0.00000 -0.00746
4383.956 -0.00107 0.00213 0.00107
4383.961 0.00533 0.00000 0.00213
4383.966 -0.00852 -0.00426 0.00533
4383.971 -0.00533 0.00213 -0.00426
4383.976 -0.00107 -0.00852 0.00000
4383.981 0.00426 -0.00426 -0.00107
4383.986 0.00000 0.00000 -0.00213
4383.991 0.00000 0.00000 -0.00213
4383.996 -0.00107 -0.00213 -0.00639
4384.001 -0.00107 -0.00320 0.00533
4384.006 0.00213 -0.00107 -0.00746
4384.012 0.00533 0.00000 -0.00213
4384.016 -0.00533 -0.01065 -0.00320
4384.022 -0.00107 -0.01172 -0.00107
4384.027 -0.00533 -0.01065 0.00213
4384.032 0.00107 0.00320 -0.00213
4384.037 -0.00746 -0.00533 -0.00746
4384.042 -0.00107 0.00320 -0.00320
4384.047 -0.00107 -0.00320 0.00320
4384.052 0.00639 0.00107 -0.00213
4384.057 0.00533 -0.00107 -0.00320
4384.062 -0.00213 0.00959 0.00000
4384.067 -0.00533 -0.00213 -0.00213
4384.072 0.00533 0.00107 -0.00320
4384.077 0.00213 -0.00213 -0.00426
4384.082 0.00000 -0.00213 -0.00107
4384.087 -0.00746 -0.00213 -0.00107
4384.092 -0.00107 -0.00746 -0.00320
4384.097 0.00107 -0.00639 0.00107
4384.102 -0.00533 -0.00426 0.00639
4384.107 0.00959 0.00107 0.00107
4384.112 0.00107 -0.00320 0.00746
4384.117 -0.00533 -0.00320 -0.00639
4384.122 0.00213 -0.00107 -0.00320
4384.127 -0.00213 -0.00639 -0.00426
4384.132 -0.00533 0.00426 -0.00213
4384.137 -0.00959 -0.00852 0.00000
4384.142 0.01065 -0.00426 -0.00426
4384.147 0.00852 -0.00852 -0.00746
4384.152 -0.00107 -0.00852 0.00107
4384.157 0.00533 0.00533 0.00426
4384.162 0.00426 0.00639 -0.00107
4384.167 0.00107 0.00639 -0.00533
4384.172 0.00959 -0.00639 -0.00213
4384.177 -0.00639 0.00107 0.00213
4384.183 -0.00533 -0.00213 -0.00107
4384.188 0.00320 0.00000 -0.00213
4384.193 0.00533 -0.00533 0.01065
4384.198 -0.00852 -0.00213 -0.00533
4384.203 0.00000 -0.00852 -0.00426
4384.208 -0.00107 -0.00320 0.00426
4384.213 0.00000 0.00533 -0.00533
4384.218 0.00107 0.00426 -0.00320
4384.223 0.00639 -0.00746 0.00000
4384.228 0.00000 -0.00959 0.00107
4384.233 -0.00852 -0.00959 -0.00533
4384.238 -0.00533 -0.00533 0.00426
4384.243 0.00639 -0.00852 -0.00107
4384.248 -0.00852 0.00213 0.00107
4384.253 0.00107 -0.00107 0.00213
4384.258 -0.00107 -0.00320 -0.00213
4384.263 -0.00959 -0.00959 0.00320
4384.268 -0.00107 0.00000 -0.00213
4384.273 0.00213 0.00107 -0.00959
4384.278 -0.00107 -0.00320 -0.00213
4384.283 -0.00746 -0.00213 0.00320
4384.288 0.00533 0.00213 0.00320
4384.293 -0.01278 0.00107 -0.00533
4384.298 -0.00320 -0.00533 0.00000
4384.303 0.00000 0.00426 -0.00320
4384.308 -0.00107 -0.00533 -0.00107
4384.313 -0.00107 0.00000 0.00107
4384.318 0.00107 0.00426 -0.00107
4384.323 -0.00107 0.01065 -0.00746
4384.328 -0.01065 -0.00213 -0.00107
4384.333 0.00320 0.00107 -0.00107
4384.338 -0.00426 -0.00213 0.00213
4384.344 -0.00533 0.00213 -0.00639
4384.349 0.00107 0.00000 0.00213
4384.354 -0.00639 -0.01385 -0.00426
4384.359 0.00107 0.00959 0.00426
4384.364 -0.00533 -0.00213 -0.00213
4384.369 -0.00639 -0.00959 0.00639
4384.374 -0.00320 0.01172 -0.00107
4384.379 0.00107 -0.00107 0.00107
4384.384 -0.00107 0.00320 -0.00533
4384.389 -0.00639 -0.00107 -0.00533
4384.394 0.00426 -0.01172 0.00107
4384.399 -0.00213 0.00213 -0.00107
4384.404 -0.00107 -0.00320 -0.00107
4384.409 0.00320 -0.00426 -0.00107
4384.414 -0.00320 -0.00213 0.00107
4384.419 -0.00107 0.00213 0.00000
4384.424 -0.00533 -0.00746 0.00107
4384.429 0.00639 0.00000 0.00000
4384.434 0.00107 -0.00533 -0.00320
4384.439 0.01065 -0.00426 -0.00959
4384.444 -0.01065 -0.00639 0.00000
4384.449 -0.00320 -0.00213 0.00107
4384.454 0.00000 -0.00426 -0.00107
4384.459 -0.00107 -0.00639 -0.00107
4384.464 -0.00107 -0.01704 -0.00107
4384.469 -0.00213 -0.01065 -0.00426
4384.474 0.00107 -0.00213 -0.00213
4384.479 -0.00533 -0.00639 -0.00213
4384.484 0.00639 -0.00107 0.00107
4384.489 -0.00639 0.00533 0.00107
4384.495 -0.01065 0.00320 -0.00533
4384.500 -0.00426 -0.00959 -0.00107
4384.505 0.00000 0.00320 0.00320
4384.510 -0.00107 -0.00959 -0.00639
4384.515 -0.00107 0.00213 0.00107
4384.520 0.00000 0.00107 0.00320
4384.525 -0.00426 -0.00107 -0.00107
4384.530 -0.00213 -0.00426 -0.00320
4384.535 0.00107 -0.00213 0.00533
4384.540 0.00426 0.00426 -0.01172
4384.545 0.00533 -0.00320 -0.00107
4384.550 0.00320 0.00000 -0.00107
4384.555 -0.00107 0.00213 -0.00213
4384.560 0.01385 -0.00320 -0.00746
4384.565 0.00000 0.00213 0.00639
4384.570 -0.00639 -0.00746 0.00426
4384.575 0.00213 -0.00320 -0.00852
4384.580 -0.00639 0.00000 0.00107
4384.585 0.00533 -0.00213 -0.00320
4384.590 -0.00639 0.00639 0.00000
4384.595 -0.00213 0.00852 0.00746
4384.600 0.00000 -0.00426 0.00213
4384.605 0.00107 0.00320 -0.00320
4384.610 -0.00213 0.00533 0.00639
4384.615 -0.01491 0.00000 0.00320
4384.620 -0.00852 -0.00320 -0.00107
4384.625 -0.00213 -0.00533 0.00213
4384.630 -0.01065 -0.00639 -0.01704
4384.635 -0.00213 -0.00426 -0.00533
4384.640 -0.00107 0.00000 -0.00639
4384.646 -0.00213 0.00746 0.00213
4384.651 -0.00213 0.00107 -0.00533
4384.656 0.00426 0.00320 0.00213
4384.661 0.00320 -0.00213 -0.00852
4384.666 -0.00746 0.00107 -0.00213
4384.671 -0.00107 -0.00852 0.00426
4384.676 0.00426 -0.00320 -0.01598
4384.681 -0.00959 -0.01172 -0.00639
4384.686 0.00107 0.00107 0.00000
4384.691 0.00533 0.00852 0.00213
4384.696 0.00320 -0.00107 -0.00107
4384.701 -0.00426 -0.00107 -0.00213
4384.706 0.00426 0.00000 -0.00533
4384.711 -0.00426 0.00107 0.00320
4384.716 0.00000 -0.01278 -0.00426
4384.721 -0.00746 -0.00320 -0.00320
4384.726 -0.00213 -0.00533 -0.00107
4384.731 -0.00533 -0.01172 -0.00320
4384.736 0.00639 -0.01065 -0.00213
4384.741 -0.00959 -0.01065 0.00000
4384.746 0.00107 -0.00533 0.00107
4384.751 -0.00426 -0.00426 0.01172
4384.756 0.00533 0.00213 0.00000
4384.761 0.00107 -0.00320 0.00213
4384.766 0.00000 -0.00746 -0.00107
4384.771 -0.00107 0.00320 0.00959
4384.776 0.00107 -0.00746 -0.00426
4384.781 0.00426 -0.00426 -0.00213
4384.786 -0.00107 -0.00213 0.00746
4384.791 0.00000 0.00533 -0.00213
4384.796 0.00107 -0.00426 0.00320
4384.801 0.00000 0.00213 0.00107
4384.806 -0.00533 -0.00320 0.00320
4384.811 -0.00213 0.01172 0.00000
4384.817 0.00320 -0.00107 -0.00107
4384.821 0.00426 -0.01278 -0.00213
4384.827 0.00639 -0.00746 0.00000
4384.832 0.00213 -0.00213 0.01278
4384.837 -0.00320 -0.00533 -0.00213
4384.842 -0.00426 -0.00426 0.00320
4384.847 -0.00533 0.00959 0.00107
4384.852 -0.00639 -0.00959 0.00852
4384.857 0.00213 0.00320 0.00107
4384.862 -0.00107 0.00107 -0.00320
4384.867 0.00213 0.00107 0.00533
4384.872 -0.00107 -0.00213 -0.00107
4384.877 -0.00533 -0.00320 -0.00426
4384.882 -0.00746 0.00107 -0.00107
4384.887 0.00213 0.00000 -0.00213
4384.892 -0.00852 0.00107 0.00426
4384.897 0.00000 -0.00213 -0.00426
4384.902 -0.00426 0.00639 -0.00639
4384.907 -0.00639 -0.00639 0.00107
4384.912 0.00852 -0.00426 0.00213
4384.917 -0.00639 0.00000 -0.00746
4384.922 -0.00639 0.00426 0.00000
4384.927 0.00533 0.00533 0.00426
4384.932 0.00107 -0.00533 0.00852
4384.937 -0.00533 -0.00639 -0.00320
4384.942 0.00000 -0.00959 -0.00320
4384.947 0.00213 -0.00426 0.00533
4384.952 -0.00852 0.00107 0.00107
4384.957 -0.00426 0.00852 0.00426
4384.962 -0.01172 0.00213 -0.00426
4384.967 0.00746 0.00213 -0.00320
4384.972 0.00320 0.00213 -0.00533
4384.978 0.00000 0.00000 0.00320
4384.983 -0.00639 -0.00639 -0.00107
4384.988 0.00107 -0.00852 0.00213
4384.993 -0.00426 -0.00213 0.00320
4384.998 -0.00852 -0.01917 -0.00533
4385.003 -0.00639 -0.00426 -0.00426
4385.008 -0.00533 -0.00746 0.00000
4385.013 -0.00107 0.00000 0.00639
4385.018 -0.00533 0.00426 0.00746
4385.023 0.00213 0.00000 0.00213
4385.028 0.00426 -0.00213 -0.00320
4385.033 -0.00959 0.00533 0.00213
4385.038 -0.00852 -0.00959 -0.00107
4385.043 0.00213 -0.00426 0.00639
4385.048 -0.00107 -0.00746 0.00107
4385.053 -0.00746 -0.00959 -0.00107
4385.058 -0.00107 -0.00320 0.00107
4385.063 -0.00213 -0.00639 0.00426
4385.068 0.00107 -0.00107 -0.00213
4385.073 -0.00533 -0.01278 -0.00213
4385.078 -0.00213 -0.00213 -0.00639
4385.083 0.00107 0.00320 0.00852
4385.088 0.00639 -0.00426 0.00320
4385.093 -0.00213 -0.00639 -0.00320
4385.098 -0.00533 0.00000 -0.00426
4385.103 -0.00107 -0.00107 -0.00852
4385.108 -0.00213 -0.00426 0.00533
4385.113 0.00533 0.00213 0.00426
4385.118 0.00000 -0.00426 -0.00639
4385.123 -0.01598 0.00746 0.00533
4385.128 -0.00426 -0.00320 0.00533
4385.133 0.00000 -0.00533 -0.00746
4385.138 -0.00426 0.00000 0.00320
4385.143 0.00426 -0.00533 -0.00426
4385.148 -0.00533 -0.01172 -0.00852
4385.153 0.00639 0.00000 -0.00639
4385.158 -0.01172 -0.00426 0.00213
4385.163 -0.00533 0.00213 0.00426
4385.169 0.00320 -0.00426 0.00639
4385.174 -0.00639 0.00320 0.00213
4385.179 0.00426 0.00639 0.00000
4385.184 0.00000 -0.00213 0.00107
4385.189 0.00320 0.00639 0.00000
4385.194 0.00320 0.00000 -0.00107
4385.199 -0.00426 0.00000 0.00426
4385.204 0.01065 -0.00639 0.02024
4385.209 0.00000 -0.00746 -0.00426
4385.214 0.00213 0.00107 -0.00320
4385.219 0.00000 -0.00107 -0.00426
4385.224 0.00426 0.00213 -0.00320
4385.229 -0.00639 0.00426 -0.00426
4385.234 0.00426 0.00213 -0.00107
4385.239 0.00000 0.00000 -0.00746
4385.244 -0.00107 -0.00533 -0.00639
4385.249 0.00852 -0.00533 -0.00426
4385.254 0.01598 -0.00852 0.00213
4385.259 -0.01065 0.00000 -0.00426
4385.264 -0.00107 -0.00959 0.00213
4385.269 0.00107 -0.00533 -0.00320
4385.274 0.00213 0.00533 -0.00213
4385.279 0.00000 -0.00426 -0.00320
4385.284 -0.00426 -0.00320 -0.00852
4385.289 -0.00426 -0.00533 -0.00320
4385.294 0.00107 0.00213 0.00639
4385.299 0.00000 -0.00426 -0.00639
4385.304 -0.00107 -0.00533 -0.00746
4385.309 -0.00320 -0.00639 0.00320
4385.314 0.00213 -0.00426 -0.00213
4385.319 -0.00533 -0.00639 -0.00959
4385.324 -0.00746 0.00000 0.00107
4385.329 -0.00426 0.00000 0.00107
4385.334 0.00213 -0.00213 0.00320
4385.339 -0.00852 0.00426 0.00533
4385.344 -0.00320 0.00426 0.00320
4385.350 -0.00533 -0.00320 0.00959
4385.354 -0.00426 -0.00426 0.00000
4385.360 -0.00107 0.00852 -0.00533
4385.365 -0.00426 -0.00852 0.00639
4385.370 0.00746 0.00320 -0.00107
4385.375 -0.00426 -0.00107 0.00533
4385.380 -0.00107 -0.00533 0.00000
4385.385 -0.01278 -0.00426 -0.00639
4385.390 -0.00107 0.00000 0.00107
4385.395 -0.00639 0.00107 0.00320
4385.400 -0.00320 0.00107 -0.00213
4385.405 0.00107 -0.00213 0.00959
4385.410 0.00639 -0.01065 0.00426
4385.415 -0.00533 0.00533 0.00213
4385.420 -0.00426 -0.00852 -0.00426
4385.425 0.00533 -0.00426 0.00320
4385.430 -0.00320 0.00639 -0.00107
4385.435 -0.00320 0.00000 0.00639
4385.440 0.00746 0.00213 -0.01491
4385.445 -0.00426 0.00107 -0.00107
4385.450 0.00533 0.00107 -0.00533
4385.455 0.00000 -0.00107 -0.00320
4385.460 -0.01172 -0.00320 -0.00107
4385.465 -0.01385 -0.00746 -0.00426
4385.470 0.00639 -0.00746 -0.00533
4385.475 0.01065 -0.00213 -0.00533
4385.480 -0.00213 -0.00426 0.00000
4385.485 0.00107 -0.01172 0.00426
4385.490 0.00107 0.00533 -0.00213
4385.495 -0.00533 0.00426 0.00000
4385.501 0.00320 0.00320 0.00000
4385.505 -0.00320 0.00213 0.00320
4385.511 -0.00107 0.00320 -0.00746
4385.516 0.00107 -0.00533 0.00320
4385.521 -0.00533 -0.01065 -0.00213
4385.526 0.00000 -0.00639 -0.00213
4385.531 -0.00320 -0.00320 0.00107
4385.536 0.00000 -0.00107 0.00107
4385.541 0.00320 0.00320 0.00107
4385.546 0.00320 0.00000 0.00213
4385.551 -0.00320 0.00213 -0.00107
4385.556 -0.00213 0.00000 0.00000
4385.561 -0.00533 0.00000 0.00426
4385.566 0.00107 -0.00107 -0.00213
4385.571 0.00107 -0.00533 0.00533
4385.576 -0.00107 0.00000 0.01278
4385.581 -0.00320 -0.00320 0.00533
4385.586 0.00107 -0.00107 0.00000
4385.591 0.00852 -0.00533 0.00107
4385.596 -0.00533 -0.00746 -0.00426
4385.601 -0.00533 0.00213 0.00639
4385.606 -0.00426 0.00639 -0.00852
4385.611 0.00639 -0.00213 -0.00107
4385.616 -0.00213 0.00426 0.00213
4385.621 -0.00107 0.00533 0.00320
4385.626 -0.00213 -0.00959 -0.00746
4385.632 -0.00107 -0.00639 0.00107
4385.637 -0.00426 -0.00959 0.00213
4385.642 0.00639 -0.00639 -0.00107
4385.647 0.00426 -0.00320 0.00320
4385.652 0.00107 0.00107 -0.00533
4385.657 -0.00426 0.00746 -0.00533
4385.662 0.00959 0.01065 0.00000
4385.667 -0.00107 0.00426 -0.00213
4385.672 -0.00107 0.00000 -0.00213
4385.677 0.00426 0.00426 -0.00213
4385.682 -0.00639 -0.00320 0.00213
4385.687 0.00746 0.00000 0.00213
4385.692 0.00320 0.00533 -0.00107
4385.697 -0.00533 -0.00426 -0.00533
4385.702 -0.00213 -0.00320 0.00107
4385.707 -0.00107 0.00000 0.00107
4385.712 0.00107 0.01065 0.00107
4385.717 0.00000 -0.00639 -0.00426
4385.722 0.00959 0.00746 -0.00320
4385.727 0.00107 0.00000 0.00107
4385.732 -0.00426 0.00320 -0.00320
4385.737 0.00320 -0.00107 -0.00533
4385.742 -0.00852 -0.00533 -0.00107
4385.747 0.00639 -0.00426 -0.00107
4385.752 -0.00852 0.00533 -0.00213
4385.757 0.00533 -0.00320 0.00320
4385.762 -0.00320 -0.00107 -0.00107
4385.767 0.00213 0.00533 0.00533
4385.772 0.01172 -0.00639 0.00320
4385.777 -0.00426 0.00213 0.01598
4385.782 0.00320 0.00107 0.00213
4385.787 -0.00639 0.00320 -0.00959
4385.793 -0.00107 0.00213 -0.00320
4385.798 -0.00107 -0.00320 -0.00107
4385.803 -0.00746 0.00107 -0.00746
4385.808 -0.00426 -0.00107 -0.00320
4385.813 0.00533 -0.00107 0.00000
4385.818 -0.00320 0.00959 0.00107
4385.823 -0.00426 0.00320 -0.00320
4385.828 0.00746 0.00320 -0.00533
4385.833 -0.00426 -0.00107 0.00426
4385.838 -0.00639 -0.00320 0.00213
4385.843 -0.00213 0.00107 0.00213
4385.848 0.00107 -0.00213 -0.00852
4385.853 0.00000 -0.00320 -0.00533
4385.858 -0.00639 0.00320 -0.00533
4385.863 0.00639 0.00426 -0.00107
4385.868 0.00746 0.00533 0.00213
4385.873 -0.00320 -0.01385 -0.00639
4385.878 0.00320 0.00639 0.00639
4385.883 -0.00107 -0.00107 0.00533
4385.888 -0.00320 0.00320 0.00000
4385.893 -0.01065 -0.01065 -0.00320
4385.898 0.00107 -0.01172 -0.00426
4385.903 0.00107 -0.00320 -0.00107
4385.908 0.01065 -0.00639 -0.00746
4385.913 -0.00320 -0.00320 -0.00320
4385.918 -0.00320 -0.00107 -0.00426
4385.923 0.00000 0.00213 0.00213
4385.928 -0.00107 -0.00320 -0.00426
4385.933 -0.00213 0.00000 -0.00959
4385.938 -0.00213 -0.00639 -0.00746
4385.943 0.00000 0.00213 0.00213
4385.948 0.00107 0.00107 0.00426
4385.954 0.00107 -0.00639 -0.00320
4385.959 0.00320 0.00213 0.00320
4385.964 0.00000 0.00426 -0.00213
4385.969 -0.00320 -0.00746 -0.01811
4385.974 -0.00213 0.00746 -0.00213
4385.979 -0.00213 0.00000 -0.00852
4385.984 0.00533 0.00320 -0.00533
4385.989 -0.00320 -0.00320 0.00533
4385.994 0.00107 0.00320 -0.00852
4385.999 -0.00213 -0.00746 0.00107
4386.004 -0.00320 -0.00959 0.00426
4386.009 -0.00213 -0.00320 0.00320
4386.014 0.00426 0.00320 -0.00426
4386.019 -0.00639 0.00107 -0.00320
4386.024 -0.00746 0.00213 -0.00213
4386.029 -0.00746 -0.00533 0.00426
4386.034 -0.00213 -0.00746 -0.00639
4386.039 -0.00852 -0.00639 0.00426
4386.044 -0.00213 -0.00320 0.00533
4386.049 -0.00107 0.00533 -0.00320
4386.054 -0.00213 -0.00426 -0.00213
4386.059 0.00213 -0.00639 0.00000
4386.064 0.00000 -0.00107 0.00639
4386.069 -0.00639 0.00000 0.00639
4386.074 0.00000 -0.00213 -0.00213
4386.079 0.00213 -0.00107 0.00107
4386.084 0.00213 0.01065 -0.00533
4386.089 -0.00639 0.00639 0.00320
4386.094 0.00533 -0.01172 -0.00213
4386.099 0.00746 0.00107 -0.00107
4386.104 -0.00426 -0.00213 0.00426
4386.109 -0.00213 -0.00213 0.00213
4386.114 0.00639 -0.00320 0.00852
4386.119 -0.00746 -0.00533 -0.00107
4386.124 -0.00107 0.00746 0.00426
4386.129 0.00000 0.01172 -0.00213
4386.135 0.00959 0.00107 -0.00107
4386.140 0.00320 0.00533 -0.00320
4386.145 0.00320 -0.00213 0.00213
4386.150 0.01278 -0.00320 0.00746
4386.155 0.01598 -0.00320 0.00533
4386.160 0.00107 0.00533 0.00107
4386.165 -0.00107 0.00107 0.00107
4386.170 -0.00426 0.00746 -0.00533
4386.175 0.00320 0.00107 -0.00213
4386.180 0.00107 -0.00639 -0.00533
4386.185 -0.00426 -0.00320 -0.00639
4386.190 0.00107 -0.00213 -0.00320
4386.195 -0.00107 0.00000 -0.00107
4386.200 -0.00746 -0.00213 -0.00746
4386.205 0.00533 0.00320 0.00320
4386.210 -0.00639 -0.00533 0.00000
4386.215 -0.00320 -0.00639 -0.00746
4386.220 0.00213 0.00213 -0.00746
4386.225 -0.00533 -0.01704 0.00107
4386.230 -0.00746 -0.00320 -0.00320
4386.235 0.00959 0.00213 0.00746
4386.240 -0.00320 -0.00746 0.00000
4386.245 -0.00426 0.00213 0.00107
4386.250 0.00000 0.00426 0.00107
4386.255 -0.00426 0.00000 0.00426
4386.260 -0.00320 0.00320 -0.00639
4386.265 -0.00426 0.00000 -0.00107
4386.270 -0.00426 -0.00213 -0.00746
4386.276 0.00213 -0.00533 -0.00426
4386.281 -0.00533 -0.01172 0.00320
4386.286 0.00213 -0.00639 -0.00213
4386.291 -0.01065 -0.00533 0.00000
4386.296 0.00107 0.00213 -0.00746
4386.301 -0.00107 -0.00639 0.00320
4386.306 0.00213 0.00000 -0.00213
4386.311 -0.00213 -0.00533 -0.00107
4386.316 0.00639 -0.00639 0.00852
4386.321 -0.01385 -0.00852 0.00213
4386.326 -0.00959 -0.00852 0.00000
4386.331 -0.00426 -0.00852 -0.00746
4386.336 -0.00746 0.00746 0.00000
4386.341 0.00000 0.00959 0.00107
4386.346 0.00000 0.00852 0.00213
4386.351 -0.00639 -0.00426 -0.00426
4386.356 0.00320 0.00107 -0.00746
4386.361 0.00107 -0.00426 0.00107
4386.366 0.00213 -0.00426 -0.00959
4386.371 -0.00852 -0.00320 0.00000
4386.376 0.00639 0.00426 -0.00107
4386.381 -0.00107 0.00533 -0.00107
4386.386 -0.00426 0.00213 0.00320
4386.391 -0.00639 0.00107 0.00852
4386.396 -0.00746 -0.00107 0.00000
4386.401 0.00213 0.00746 -0.00107
4386.406 -0.00639 0.00639 -0.00107
4386.411 -0.01491 0.00107 -0.00426
4386.416 0.00213 0.00000 -0.00426
4386.421 0.00107 0.00107 -0.00107
4386.426 0.00000 -0.00746 -0.00426
4386.431 -0.00107 -0.00426 -0.00746
4386.436 -0.00213 0.00000 0.00000
4386.441 -0.00213 -0.00533 0.00639
4386.447 0.00639 -0.00426 -0.00533
4386.451 -0.00426 0.00746 -0.00107
4386.457 -0.00107 0.00107 -0.00533
4386.462 -0.00852 0.01811 -0.00107
4386.467 -0.00533 -0.00320 0.00213
4386.472 0.00320 0.00639 -0.00426
4386.477 -0.00320 -0.00320 0.00533
4386.482 0.00107 -0.00213 -0.00852
4386.487 0.00000 -0.00107 0.00213
4386.492 -0.00213 0.00000 -0.00426
4386.497 -0.01065 -0.01172 0.00639
4386.502 -0.00213 0.00320 0.00426
4386.507 0.00107 0.00107 -0.00213
4386.512 -0.00639 -0.00320 -0.00107
4386.517 0.00426 0.00107 -0.00213
4386.522 -0.00213 -0.00639 0.00000
4386.527 0.00107 -0.00320 0.00000
4386.532 -0.00107 -0.00426 0.00000
4386.537 -0.00959 -0.00426 -0.00426
4386.542 0.01278 0.00000 0.00426
4386.547 -0.00852 0.00107 0.00320
4386.552 -0.00852 -0.00107 -0.00213
4386.557 -0.00533 0.00107 0.00000
4386.562 0.00000 0.00426 0.00107
4386.567 0.00533 -0.00639 0.00320
4386.572 0.00213 0.00000 0.00213
4386.577 -0.00533 -0.00533 -0.00426
4386.582 -0.00639 -0.00426 0.00533
4386.587 0.00213 -0.00426 0.00213
4386.592 0.00213 -0.00426 -0.00213
4386.597 -0.00426 -0.00213 -0.00320
4386.602 -0.00639 -0.00426 -0.00320
4386.608 0.00213 0.00107 -0.00852
4386.613 -0.00320 -0.00746 0.00107
4386.618 0.00000 0.00000 -0.00107
4386.623 -0.00320 0.00213 -0.00426
4386.628 -0.00213 0.00746 0.00213
4386.633 0.00107 0.00320 -0.00426
4386.638 0.00107 -0.00746 0.00107
4386.643 -0.00213 -0.00320 0.00533
4386.648 -0.00746 -0.00426 -0.00639
4386.653 -0.00213 0.00320 -0.01065
4386.658 -0.00533 -0.01065 0.00107
4386.663 0.00533 0.00107 0.00320
4386.668 0.00959 0.00639 0.00213
4386.673 -0.00426 0.00213 0.00320
4386.678 -0.00426 0.00533 -0.00639
4386.683 0.01065 0.00426 0.00107
4386.688 -0.00107 -0.00213 0.00320
4386.693 -0.00746 0.00000 0.00213
4386.698 -0.00426 0.00000 0.00107
4386.703 -0.00533 -0.00213 0.00213
4386.708 -0.00746 -0.00533 0.00107
4386.713 0.00426 -0.00320 0.00639
4386.718 -0.00320 0.00000 0.00000
4386.723 -0.00107 -0.00320 0.00533
4386.728 0.00000 0.00746 0.00320
4386.733 -0.00213 -0.01065 -0.00320
4386.738 0.00000 -0.00426 0.00000
4386.743 0.00320 0.00320 -0.00213
4386.748 -0.00320 -0.00639 0.00000
4386.753 -0.00320 0.00000 0.00107
4386.758 -0.00107 -0.00852 0.00107
4386.763 0.00746 0.01491 -0.00639
4386.768 0.00213 -0.00213 0.00000
4386.773 0.00213 0.01065 -0.00213
4386.779 -0.00320 0.00959 0.00000
4386.784 0.00000 -0.00320 -0.00107
4386.789 -0.00852 -0.00213 0.00320
4386.794 -0.00959 -0.00959 0.00213
4386.799 0.00000 -0.00639 -0.00320
4386.804 -0.00426 -0.00426 -0.00320
4386.809 0.00213 -0.00746 0.00107
4386.814 -0.00320 -0.00533 0.00320
4386.819 -0.00320 -0.00320 0.00426
4386.824 0.00213 -0.00639 0.00000
4386.829 0.00107 0.00746 0.00852
4386.834 0.00639 -0.00639 -0.00746
4386.839 -0.00320 0.00639 -0.00213
4386.844 -0.01172 0.00107 -0.00320
4386.849 -0.00213 -0.00213 0.00107
4386.854 0.00320 0.00852 -0.00107
4386.859 0.00213 -0.00426 -0.00426
4386.864 0.00000 0.00320 -0.00107
4386.869 -0.00320 -0.00320 0.00000
4386.874 0.00213 0.01065 -0.01065
4386.879 0.00533 0.00852 0.01385
4386.884 0.00320 0.00000 -0.00426
4386.889 -0.00426 0.00213 0.00533
4386.894 0.00426 0.00000 0.00000
4386.899 -0.00213 -0.00426 -0.00213
4386.904 -0.00533 -0.01172 -0.00426
4386.909 0.00000 -0.00639 0.00852
4386.914 -0.00639 -0.00213 -0.00852
4386.919 -0.00426 0.00213 -0.00533
4386.924 0.00000 0.00746 0.00213
4386.930 0.00320 0.00107 0.00533
4386.935 -0.00746 0.00533 -0.00213
4386.940 0.00000 -0.00320 -0.00213
4386.945 -0.00320 -0.00107 -0.00959
4386.950 0.00000 -0.00213 -0.00533
4386.955 -0.00320 -0.00639 -0.01704
4386.960 0.00746 -0.00533 0.00107
4386.965 0.00213 -0.00107 -0.00107
4386.970 0.01278 0.00426 -0.00107
4386.975 0.00213 0.00000 -0.00213
4386.980 0.00426 -0.00320 0.00107
4386.985 -0.00533 -0.00213 0.00107
4386.990 -0.00533 -0.00852 0.00000
4386.995 0.00639 -0.00639 0.00000
4387.000 0.00000 0.00320 -0.01385
4387.005 0.00107 -0.00533 0.00107
4387.010 0.00107 0.00320 -0.00213
4387.015 0.00426 -0.00426 0.00852
4387.020 0.00107 0.00533 -0.00107
4387.025 -0.00852 0.00320 -0.00107
4387.030 0.00213 -0.00426 0.00533
4387.035 -0.00213 0.00426 -0.00107
4387.040 0.00107 -0.00320 0.00213
4387.045 -0.00107 0.00852 -0.00107
4387.050 0.01385 0.00213 0.00000
4387.055 0.00533 -0.00320 0.00746
4387.060 -0.00107 0.00213 0.00000
4387.065 -0.00533 -0.01598 -0.00320
4387.070 -0.00320 -0.00107 -0.00639
4387.075 -0.00533 -0.00213 -0.00320
4387.080 -0.00426 -0.00746 0.00320
4387.085 0.00000 0.00746 0.00639
4387.090 -0.00639 -0.00107 -0.00533
4387.095 -0.00639 -0.00426 -0.00533
4387.100 0.00000 -0.00852 -0.00426
4387.105 0.00213 -0.00639 -0.00533
4387.111 -0.00213 -0.00426 -0.00320
4387.116 0.00213 -0.00213 -0.00533
4387.121 0.00107 -0.00107 -0.00320
4387.126 -0.00213 -0.00213 0.01065
4387.131 -0.00213 0.00107 0.00000
4387.136 0.01385 0.00533 0.00320
4387.141 0.00213 -0.00639 -0.00213
4387.146 0.00426 0.00213 -0.00107
4387.151 -0.00639 -0.00320 -0.00426
4387.156 -0.00107 0.00107 -0.00213
4387.161 -0.00213 -0.00533 -0.00426
4387.166 0.00000 0.00533 0.00000
4387.171 -0.00213 -0.00213 -0.00533
4387.176 -0.00107 -0.01065 0.00426
4387.181 0.00000 -0.00426 0.00107
4387.186 0.00426 -0.00426 0.00426
4387.191 0.00533 -0.00426 -0.00213
4387.196 -0.00533 0.00000 -0.00320
4387.201 -0.00213 0.00000 -0.00213
4387.206 -0.00320 -0.00639 0.00107
4387.211 0.00426 -0.00107 -0.00533
4387.216 -0.00320 -0.00746 -0.01065
4387.221 0.00852 0.00107 -0.00533
4387.226 -0.00213 -0.00852 0.00426
4387.231 0.00213 0.00746 0.00107
4387.236 -0.00213 -0.00426 -0.00213
4387.241 0.00426 -0.00107 0.00107
4387.246 -0.00426 0.00746 0.00213
4387.251 -0.00533 0.00000 -0.00639
4387.256 -0.00213 -0.00320 -0.00852
4387.262 0.00213 0.00533 0.00213
4387.266 -0.00320 -0.00213 -0.00213
4387.272 0.00639 -0.00213 -0.00533
4387.277 0.00107 -0.00426 -0.00746
4387.282 0.00107 0.00000 -0.00213
4387.287 0.00213 -0.00213 -0.00107
4387.292 -0.00213 -0.00533 -0.00746
4387.297 -0.00959 -0.00320 0.00107
4387.302 -0.00107 -0.00213 0.00426
4387.307 0.00107 -0.00533 -0.00107
4387.312 0.00746 0.00426 -0.00426
4387.317 0.00746 -0.00426 -0.00320
4387.322 0.00000 -0.00213 0.00107
4387.327 0.00426 -0.00639 -0.00320
4387.332 -0.00426 -0.00533 0.00639
4387.337 -0.00533 -0.00213 -0.00746
4387.342 0.00320 -0.00746 0.00107
4387.347 -0.00533 -0.00533 -0.00107
4387.352 0.00000 -0.00426 0.00000
4387.357 -0.00959 -0.00107 0.00213
4387.362 -0.00213 0.00320 -0.00746
4387.367 -0.00959 -0.00639 0.00000
4387.372 0.00107 0.00000 0.00213
4387.377 -0.00320 0.00320 0.00320
4387.382 -0.00746 -0.00533 0.00213
4387.387 0.00213 -0.00426 -0.00213
4387.392 -0.00320 -0.01065 -0.01065
4387.397 -0.00426 -0.00959 -0.00320
4387.403 0.00320 -0.00746 -0.01172
4387.408 -0.00426 0.00000 0.00213
4387.413 -0.00107 -0.00213 -0.00426
4387.418 -0.00426 -0.00213 -0.01172
4387.423 -0.00320 0.00426 -0.00107
4387.428 -0.00213 0.00213 0.00107
4387.433 -0.00426 -0.01172 -0.00852
4387.438 -0.00426 0.00107 -0.01598
4387.443 0.00852 -0.00959 -0.00213
4387.448 -0.00639 -0.00426 0.00000
4387.453 0.00000 -0.00107 -0.00213
4387.458 0.00213 0.00000 -0.00107
4387.463 -0.00533 -0.00320 0.00959
4387.468 -0.00107 -0.00426 0.00533
4387.473 -0.01065 0.00639 -0.00107
4387.478 0.00000 -0.00320 0.00213
4387.483 -0.00852 -0.00746 0.00852
4387.488 -0.00107 0.00107 -0.00959
4387.493 0.00533 -0.00426 0.00746
4387.498 0.00320 -0.00959 -0.00852
4387.503 0.00107 -0.00213 -0.00639
4387.508 -0.01065 -0.00426 0.00000
4387.513 0.00533 0.00639 -0.00639
4387.518 0.00213 -0.00213 -0.00639
4387.523 -0.00213 0.00107 -0.00320
4387.528 0.00639 0.01172 -0.00107
4387.533 0.00320 -0.00533 -0.00852
4387.538 0.00000 -0.00213 0.00426
4387.543 0.00107 -0.00533 -0.00426
4387.548 -0.00533 0.00107 -0.00107
4387.553 -0.01065 -0.00533 -0.00213
4387.558 -0.00320 -0.00426 -0.00107
4387.564 -0.00426 0.00852 0.00213
4387.569 0.00852 -0.00320 0.00852
4387.574 -0.00426 -0.00107 0.00426
4387.579 -0.00746 0.01278 0.00107
4387.584 -0.00426 -0.00107 0.00000
4387.589 -0.00213 -0.00213 0.00320
4387.594 0.00107 -0.00320 0.01065
4387.599 0.00213 0.00000 0.00639
4387.604 -0.00426 -0.00533 0.00320
4387.609 -0.00320 -0.00426 -0.00320
4387.614 -0.00426 -0.00107 -0.00533
4387.619 -0.00107 -0.00426 -0.00320
4387.624 -0.00533 -0.00959 -0.00852
4387.629 0.00213 -0.00107 -0.00959
4387.634 0.00320 0.00320 0.00533
4387.639 -0.00320 0.01065 0.00426
4387.644 -0.00213 0.00213 -0.00320
4387.649 0.00000 0.00213 -0.00107
4387.654 -0.01491 -0.00107 -0.00107
4387.659 -0.00426 -0.00533 -0.00107
4387.664 -0.00320 0.00533 0.00533
4387.669 0.00000 -0.00533 -0.00426
4387.674 -0.00533 -0.00320 -0.00426
4387.679 -0.00107 0.00107 -0.00426
4387.684 0.00639 -0.00213 -0.00639
4387.689 0.00107 0.00426 0.00533
4387.694 -0.00639 0.00107 0.00639
4387.699 0.00213 0.00852 0.00000
4387.704 0.00320 0.00746 0.00426
4387.709 0.00746 -0.00746 0.00000
4387.714 0.00107 -0.00746 0.00426
4387.719 0.00213 0.00000 -0.00107
4387.725 0.00000 -0.00320 -0.00533
4387.730 -0.00320 -0.00320 -0.00533
4387.735 -0.00533 -0.00426 -0.00107
4387.740 -0.00107 0.00213 0.01278
4387.745 -0.00320 -0.00213 -0.00107
4387.750 0.00107 -0.00639 -0.00426
4387.755 0.00639 -0.00533 -0.00426
4387.760 -0.00320 -0.00213 -0.00320
4387.765 0.00213 0.00107 0.00107
4387.770 -0.00852 0.00000 -0.00107
4387.775 -0.00426 -0.00639 0.00320
4387.780 -0.00320 -0.00959 0.00320
4387.785 0.00107 0.00852 0.00746
4387.790 -0.00426 -0.00213 0.00213
4387.795 0.00426 -0.00639 0.00107
4387.800 -0.00320 -0.00426 0.00213
4387.805 0.00746 -0.00639 0.00746
4387.810 0.00213 -0.00107 -0.00213
4387.815 -0.00213 -0.00746 0.00000
4387.820 -0.00426 -0.00213 -0.00533
4387.825 -0.00533 -0.01065 0.00107
4387.830 0.00213 -0.00533 -0.00107
4387.835 0.00107 -0.00107 0.00107
4387.840 -0.00639 -0.00746 0.00852
4387.845 -0.00533 0.00639 0.00000
4387.850 0.00959 -0.00320 0.00107
4387.855 0.00959 -0.00107 0.00107
4387.860 0.00000 -0.00533 0.00533
4387.865 0.00746 -0.00213 0.00852
4387.870 0.01278 0.00320 0.00320
4387.875 -0.00426 -0.00426 -0.00107
4387.880 -0.00213 -0.00213 -0.00533
4387.885 -0.00852 0.01172 0.00426
4387.890 -0.00320 -0.00959 0.00320
4387.895 -0.00320 -0.00639 -0.00320
4387.900 -0.00107 -0.00107 -0.00213
4387.905 -0.00426 0.00000 -0.00213
4387.910 -0.00107 0.00107 -0.00320
4387.916 0.00000 -0.00213 -0.01172
4387.921 -0.00746 -0.00213 0.00320
4387.926 -0.00426 -0.00213 0.00533
4387.931 -0.00639 -0.00852 0.00107
4387.936 -0.00639 -0.00959 -0.00213
4387.941 -0.00107 -0.00426 -0.00639
4387.946 0.00852 -0.00533 0.00000
4387.951 -0.00746 -0.00107 -0.00746
4387.956 -0.00320 0.00000 0.00000
4387.961 0.00000 -0.00320 -0.00213
4387.966 0.00107 0.00107 0.00746
4387.971 -0.00533 -0.00746 -0.00320
4387.976 -0.00426 0.00107 -0.00852
4387.981 0.00107 -0.00533 -0.00959
4387.986 -0.00320 -0.00213 -0.01065
4387.991 -0.00746 0.00320 0.00320
4387.996 0.00000 -0.00426 0.00000
4388.001 0.00533 -0.00107 -0.01065
4388.006 0.00107 0.00533 -0.00107
4388.011 -0.00107 -0.00107 -0.00320
4388.016 -0.00107 -0.00320 -0.00213
4388.021 -0.00107 -0.00107 0.00213
4388.026 -0.00426 0.00320 0.00000
4388.031 -0.00426 0.00213 0.00639
4388.036 -0.00213 -0.00533 -0.00213
4388.041 -0.00746 0.00320 -0.00213
4388.046 -0.00107 -0.00639 -0.00107
4388.051 -0.00213 -0.00746 0.00107
4388.056 -0.00746 0.00533 -0.00213
4388.061 -0.00107 -0.01065 -0.00320
4388.067 0.00107 -0.00107 0.00213
4388.072 -0.00959 -0.00533 -0.00107
4388.077 -0.00213 -0.00852 0.00213
4388.082 0.00320 0.00000 0.00107
4388.087 0.00213 0.00000 0.00213
4388.092 -0.00746 -0.00213 0.00320
4388.097 0.00426 0.00107 -0.00320
4388.102 -0.00852 -0.00746 0.00000
4388.107 0.00533 -0.00533 0.00213
4388.112 -0.00107 -0.00639 -0.00426
4388.117 -0.01172 -0.00639 -0.00533
4388.122 0.00000 0.00213 -0.00639
4388.127 -0.00533 -0.00213 0.00107
4388.132 0.00533 -0.00533 0.00639
4388.137 0.00107 0.00000 0.00107
4388.142 -0.00107 0.00639 0.00320
4388.147 -0.00320 -0.00639 -0.00320
4388.152 -0.00320 0.00320 0.00107
4388.157 -0.00959 -0.00426 -0.00426
4388.162 -0.01278 -0.00746 -0.00320
4388.167 -0.00320 0.00107 -0.00213
4388.172 0.00107 0.00000 -0.00107
4388.177 0.00959 -0.00213 -0.00746
4388.182 0.00000 0.00000 0.00320
4388.187 0.00107 -0.00213 0.00107
4388.192 0.00000 -0.00320 -0.00320
4388.197 -0.00426 0.00107 -0.00213
4388.202 -0.00426 -0.00213 -0.00107
4388.207 -0.00426 -0.00213 -0.00959
4388.212 0.00320 -0.00213 -0.01278
4388.217 0.00533 -0.00746 -0.00426
4388.222 0.00213 -0.00320 -0.00213
4388.227 -0.00746 0.00107 -0.00426
4388.232 -0.00533 -0.00852 -0.00320
4388.237 0.00213 -0.00107 0.00213
4388.242 -0.00639 0.00213 -0.00107
4388.248 -0.00320 0.00213 -0.00213
4388.253 -0.00320 -0.00639 -0.00213
4388.258 -0.00213 0.00107 -0.00533
4388.263 0.00320 -0.00213 0.00107
4388.268 0.00320 -0.00107 0.00426
4388.273 -0.00959 0.00213 0.00107
4388.278 -0.00426 -0.00213 0.00213
4388.283 0.00000 -0.00533 0.00000
4388.288 0.00107 0.00426 -0.00533
4388.293 0.00213 -0.00320 -0.00213
4388.298 0.00533 -0.00852 0.00213
4388.303 -0.00107 -0.00107 0.00320
4388.308 0.00107 0.00533 0.00000
4388.313 -0.00426 -0.00426 -0.01065
4388.318 -0.00107 -0.00533 0.00000
4388.323 -0.00213 -0.00107 0.00533
4388.328 0.00213 -0.00320 0.00213
4388.333 -0.00533 0.00000 -0.00639
4388.338 -0.01065 0.00000 0.00320
4388.343 -0.00852 -0.00320 0.00213
4388.348 -0.00107 -0.00213 -0.00533
4388.353 -0.00320 -0.00213 -0.00107
4388.358 -0.00746 0.00639 0.00426
4388.363 -0.00639 0.00533 -0.00852
4388.368 0.00533 0.00320 -0.00746
4388.373 -0.00426 -0.00533 -0.00852
4388.379 -0.00426 0.00533 0.00320
4388.384 0.00959 0.00320 0.00107
4388.389 0.00533 -0.00107 0.00533
4388.394 -0.00746 -0.00959 -0.00213
4388.399 -0.00320 -0.00639 0.00107
4388.404 -0.00959 0.00107 0.00107
4388.409 0.01065 -0.00426 0.00213
4388.414 0.00107 0.00000 -0.00320
4388.419 -0.00959 0.00852 0.00107
4388.424 -0.01598 0.00533 0.00426
4388.429 -0.01065 0.00213 -0.00213
4388.434 0.00000 -0.00852 -0.00213
4388.439 -0.00320 0.00639 -0.00213
4388.444 -0.00107 -0.00213 -0.00533
4388.449 -0.00426 -0.00107 -0.00426
4388.454 -0.00213 -0.01172 0.00639
4388.459 0.00107 -0.00213 0.00107
4388.464 -0.00107 -0.00852 0.00320
4388.469 -0.00746 0.00533 0.00107
4388.474 -0.00533 -0.00746 0.00320
4388.479 0.00107 0.00000 -0.00533
4388.484 0.00533 -0.01278 0.00107
4388.489 0.00426 0.00852 0.00000
4388.494 0.00107 0.00746 -0.00107
4388.499 -0.00533 0.00320 -0.00320
4388.504 0.00746 0.01704 0.00426
4388.509 0.00852 0.00107 0.00213
4388.514 0.00213 -0.00107 -0.00426
4388.519 -0.00533 -0.00426 0.00320
4388.524 -0.00746 0.00107 -0.01172
4388.529 0.00000 0.00000 0.00000
4388.534 0.00320 0.00000 0.00639
4388.540 -0.01065 0.00426 -0.00213
4388.545 0.00000 -0.00107 -0.00107
4388.550 -0.00533 -0.00533 -0.00213
4388.555 -0.00852 0.00000 -0.00320
4388.560 0.00107 -0.00639 0.00320
4388.565 -0.00533 -0.00639 -0.00426
4388.570 -0.00107 0.00000 -0.00107
4388.575 -0.01278 0.00107 -0.00852
4388.580 -0.00426 -0.00320 0.00320
4388.585 -0.00639 0.00107 -0.01172
4388.590 0.00213 -0.00639 0.00000
4388.595 0.00107 -0.00426 0.00000
4388.600 -0.00959 -0.00426 0.00000
4388.605 -0.00533 0.00107 -0.00320
4388.610 -0.00213 -0.00107 0.00107
4388.615 0.00426 0.00746 0.00320
4388.620 -0.00533 -0.00320 -0.00107
4388.625 0.00000 -0.00213 0.00320
4388.630 0.00639 0.00533 -0.00746
4388.635 0.00000 0.00000 0.00426
4388.640 -0.00320 -0.00746 -0.00320
4388.645 0.00639 -0.00959 -0.00107
4388.650 -0.00320 -0.00213 0.00533
4388.655 -0.00959 -0.00320 -0.00107
4388.660 -0.00213 -0.00107 -0.00639
4388.665 -0.00852 0.00107 0.00746
4388.670 -0.00533 -0.00320 -0.00107
4388.675 -0.00852 -0.00320 0.00426
4388.680 -0.00746 0.00000 -0.00746
4388.685 -0.00320 0.00639 -0.00639
4388.690 -0.00852 -0.00320 0.00107
4388.695 -0.00533 -0.00639 0.00426
4388.701 -0.00213 -0.00852 0.00107
4388.706 -0.00426 -0.00852 -0.00107
4388.711 0.00533 0.00107 -0.00533
4388.716 -0.00746 -0.01385 0.00107
4388.721 0.01491 -0.00213 0.00000
4388.726 0.00213 -0.00639 0.00000
4388.731 -0.00746 -0.00959 -0.00107
4388.736 0.00213 -0.00426 -0.00107
4388.741 -0.00213 0.00213 -0.00639
4388.746 -0.00746 -0.01065 0.00533
4388.751 0.00746 0.00213 -0.00107
4388.756 0.00639 -0.00320 -0.00107
4388.761 0.00533 -0.00107 -0.00746
4388.766 0.00213 -0.00107 -0.00426
4388.771 0.00533 -0.00107 0.00533
4388.776 0.00213 -0.01491 0.00107
4388.781 -0.00320 0.00000 -0.00533
4388.786 -0.00852 -0.00107 -0.00320
4388.791 -0.00852 -0.00320 -0.00107
4388.796 -0.00213 -0.00320 0.00107
4388.801 -0.00213 -0.00320 0.00533
4388.806 0.00959 0.01065 -0.00533
4388.811 -0.00213 -0.00107 -0.00852
4388.816 -0.01065 -0.00746 -0.00320
4388.821 0.00107 -0.00852 0.00107
4388.826 0.00533 -0.00213 0.00320
4388.831 -0.00533 0.00213 -0.00533
4388.836 -0.00213 0.00852 0.00213
4388.841 0.00959 -0.00213 0.00320
4388.846 0.00107 -0.00320 0.00320
4388.851 -0.00320 0.01065 0.00000
4388.856 0.00320 0.00000 0.00107
4388.862 -0.00426 -0.00107 -0.00852
4388.867 0.00426 0.00213 -0.00426
4388.872 -0.00213 -0.00746 0.00639
4388.877 -0.00533 -0.00213 -0.00107
4388.882 -0.00959 -0.00320 0.00000
4388.887 -0.00639 0.00107 0.00107
4388.892 -0.01491 -0.00320 0.00426
4388.897 -0.00107 0.00320 0.00000
4388.902 -0.00107 0.00746 -0.00320
4388.907 -0.00533 0.00000 -0.00320
4388.912 0.00107 0.00852 0.00213
4388.917 -0.00533 -0.00320 -0.01172
4388.922 0.00107 0.00533 0.00213
4388.927 -0.00107 0.00213 0.00959
4388.932 0.00320 0.00213 -0.00107
4388.937 -0.00426 -0.00426 -0.00533
4388.942 0.00000 0.00213 0.00000
4388.947 -0.00213 -0.00320 0.00320
4388.952 0.00320 -0.00426 -0.00320
4388.957 0.00107 -0.00107 -0.00213
4388.962 -0.00639 -0.00213 0.01172
4388.967 0.00320 -0.00107 0.00213
4388.972 0.00107 -0.00852 0.00746
4388.977 -0.01065 0.00213 0.00000
4388.982 -0.00426 -0.00852 -0.00639
4388.987 -0.00213 0.00213 -0.00959
4388.992 0.00107 -0.00533 -0.00107
4388.997 -0.00533 0.00320 0.00533
4389.002 0.00000 -0.00320 -0.00213
4389.007 -0.01065 0.00107 -0.00533
4389.012 0.00213 -0.00107 0.00213
4389.017 -0.00959 -0.00213 0.00213
4389.023 -0.00746 0.00639 0.00213
4389.028 0.00000 0.00533 0.00959
4389.033 0.00213 -0.00213 -0.00320
4389.038 -0.00107 0.00000 0.00213
4389.043 0.00320 -0.00107 0.00426
4389.048 -0.00213 0.00000 -0.00533
4389.053 0.00426 -0.00320 0.00107
4389.058 -0.00107 -0.00426 0.00107
4389.063 -0.00426 -0.01491 -0.00426
4389.068 -0.00320 0.00107 -0.00639
4389.073 -0.00746 -0.00213 -0.00213
4389.078 -0.00426 0.00000 -0.00107
4389.083 0.00000 -0.00533 -0.00107
4389.088 -0.00533 -0.01172 -0.00107
4389.093 -0.00533 -0.00959 0.00000
4389.098 0.00213 -0.00213 -0.00639
4389.103 -0.00426 -0.00107 -0.00213
4389.108 0.00746 -0.00107 -0.00852
4389.113 -0.00746 -0.00107 -0.00639
4389.118 -0.01065 0.00107 0.00426
4389.123 -0.00639 0.00107 -0.00320
4389.128 0.00426 -0.01172 0.00533
4389.133 -0.01278 -0.00213 0.00107
4389.138 -0.00213 -0.00213 0.00213
4389.143 -0.00533 -0.00213 0.00426
4389.148 0.00426 0.00107 0.00107
