4392.212 0.00639 -0.00426 -0.00107
4392.217 0.00107 -0.00533 -0.00426
4392.222 -0.00533 -0.00426 0.00746
4392.227 -0.00213 -0.00213 -0.00746
4392.232 -0.00320 -0.00639 0.00107
4392.237 0.00639 -0.00959 -0.00213
4392.242 0.00639 0.00533 0.00320
4392.247 -0.00320 0.01278 0.00213
4392.252 0.00959 -0.00107 -0.00426
4392.257 -0.00213 0.00213 0.00426
4392.262 0.00000 0.00213 -0.00533
4392.267 -0.00426 0.00213 -0.00320
4392.273 0.00320 0.00107 0.00320
4392.278 -0.00213 -0.00959 -0.00320
4392.283 0.00213 0.00213 -0.00746
4392.288 -0.00746 -0.00426 0.00213
4392.293 -0.00639 -0.01278 0.00426
4392.298 0.00533 -0.00639 0.00426
4392.303 0.00000 -0.00639 -0.00320
4392.308 -0.00533 -0.00852 -0.00533
4392.313 0.00320 0.00320 0.00107
4392.318 -0.00426 -0.01065 -0.00320
4392.323 -0.00533 -0.00320 -0.01065
4392.328 -0.00533 0.00852 0.00107
4392.333 -0.00213 0.00320 -0.00320
4392.338 0.00320 -0.00320 0.00000
4392.343 0.00000 -0.00107 -0.01172
4392.348 0.00107 -0.00320 -0.00320
4392.353 -0.00639 -0.00320 -0.00533
4392.358 -0.00426 -0.00213 0.00000
4392.363 -0.00320 -0.00213 -0.00213
4392.368 -0.00213 -0.00426 0.00107
4392.373 0.00000 0.00107 0.00426
4392.378 -0.00852 -0.00107 0.00107
4392.383 0.00107 -0.00213 0.00000
4392.388 0.00000 0.00533 -0.01172
4392.393 0.00213 -0.01172 0.00746
4392.398 -0.00213 0.00852 0.00000
4392.403 -0.00533 -0.00533 -0.00107
4392.408 -0.00959 -0.00107 0.00000
4392.413 -0.00426 0.00107 -0.00213
4392.418 0.00000 -0.00213 -0.00746
4392.423 0.00000 0.00213 -0.00639
4392.428 -0.00426 -0.00533 -0.00426
4392.433 -0.00107 -0.00320 0.00213
4392.438 0.00533 0.00639 0.00107
4392.444 -0.01598 -0.01065 0.00107
4392.449 0.00213 -0.00213 -0.00320
4392.454 0.00107 0.00426 0.00533
4392.459 0.01278 -0.00533 -0.00213
4392.464 0.00000 -0.00213 0.00000
4392.469 -0.01172 -0.00213 0.00000
4392.474 -0.00426 0.00746 0.00426
4392.479 -0.00533 0.00000 0.00533
4392.484 -0.00639 0.00213 -0.00533
4392.489 0.00533 0.00000 0.00533
4392.494 -0.00959 -0.00639 0.00000
4392.499 -0.00213 -0.00533 0.00320
4392.504 -0.00746 -0.00746 -0.00107
4392.509 0.00533 -0.00426 0.00107
4392.514 0.00852 0.00320 -0.00959
4392.519 -0.00107 -0.00107 -0.00107
4392.524 0.00000 -0.00107 -0.00426
4392.529 0.00107 -0.00639 -0.00426
4392.534 0.00213 -0.00639 -0.00320
4392.539 -0.00320 0.00213 -0.00746
4392.544 0.00000 -0.00320 -0.00639
4392.549 0.00533 0.00107 -0.00320
4392.554 -0.00533 -0.00533 -0.00107
4392.559 -0.00426 0.00000 0.00533
4392.564 -0.00746 -0.00426 0.00213
4392.569 0.00746 0.00320 -0.00852
4392.574 -0.00639 -0.00320 -0.00213
4392.579 -0.00213 0.00746 0.00213
4392.584 0.00533 0.00000 -0.00852
4392.589 0.01065 -0.01491 -0.00639
4392.595 0.00639 -0.00533 -0.00320
4392.600 0.00426 0.00107 -0.00320
4392.605 -0.00107 0.00639 -0.00107
4392.610 0.00000 -0.00533 0.00107
4392.615 -0.00852 -0.00533 -0.00746
4392.620 -0.00320 0.00852 -0.00533
4392.625 -0.00213 -0.00426 -0.00426
4392.630 -0.00639 -0.00852 -0.00320
4392.635 -0.01278 -0.00533 -0.00426
4392.640 0.00746 0.00320 -0.00320
4392.645 -0.00213 -0.00107 0.00107
4392.650 0.00320 -0.00213 -0.00320
4392.655 -0.00107 -0.00107 0.00213
4392.660 -0.00533 -0.00426 0.00107
4392.665 -0.00320 -0.00746 0.00426
4392.670 0.00213 -0.00320 0.00000
4392.675 -0.00746 -0.00746 -0.00107
4392.680 -0.00426 0.00426 0.01065
4392.685 -0.00746 0.00213 -0.00426
4392.690 0.00000 0.00426 -0.00213
4392.695 -0.00426 0.00107 -0.00107
4392.700 -0.00213 0.01278 0.00426
4392.705 -0.00959 -0.00533 0.00213
4392.710 -0.00107 0.00213 -0.00107
4392.715 0.00107 0.00320 0.00852
4392.720 -0.00426 -0.01172 0.00533
4392.725 0.00746 0.00107 0.00213
4392.730 -0.00320 -0.00533 -0.00533
4392.736 -0.00426 -0.00426 -0.00959
4392.741 -0.00426 -0.01065 -0.00107
4392.746 -0.00107 0.00213 -0.00107
4392.751 -0.00213 0.00852 -0.00107
4392.756 -0.00320 -0.00213 0.00320
4392.761 0.00426 0.00000 0.00000
4392.766 -0.00107 -0.00426 0.00000
4392.771 0.00320 0.00000 -0.00533
4392.776 -0.00320 -0.00107 -0.00213
4392.781 -0.00320 -0.00213 0.00320
4392.786 -0.00746 0.00000 0.00320
4392.791 -0.00320 0.00000 -0.00213
4392.796 -0.00426 0.00426 0.00213
4392.801 -0.00959 -0.00107 -0.00213
4392.806 -0.00959 -0.00639 0.00107
4392.811 -0.00213 -0.00639 0.00213
4392.816 -0.00426 0.00000 -0.00533
4392.821 -0.00639 0.00000 -0.00533
4392.826 -0.00107 -0.00213 -0.00426
4392.831 -0.00426 -0.00213 -0.00320
4392.836 0.00000 -0.00639 -0.00746
4392.841 -0.00746 -0.00213 -0.00426
4392.846 0.00107 -0.00533 -0.00639
4392.851 0.00426 -0.00426 -0.00639
4392.856 -0.00107 0.01491 0.00213
4392.861 -0.00213 -0.00746 -0.00107
4392.866 0.00213 0.00107 -0.00107
4392.871 0.00639 0.00320 0.00959
4392.876 -0.00639 -0.00639 -0.01172
4392.881 -0.00213 -0.00320 0.00746
4392.886 -0.00320 -0.01172 0.00213
4392.891 -0.01172 0.00852 0.00320
4392.897 0.00320 0.00639 -0.00320
4392.902 0.00533 -0.00639 -0.00320
4392.907 0.00000 -0.00213 -0.00426
4392.912 -0.00213 -0.01385 -0.00533
4392.917 0.00746 -0.00426 -0.00107
4392.922 -0.00959 0.00107 0.00533
4392.927 0.00426 -0.00213 0.01278
4392.932 -0.00639 -0.00852 0.00000
4392.937 -0.01278 -0.00320 -0.00320
4392.942 0.00000 0.00000 0.00320
4392.947 -0.00320 -0.00320 -0.00533
4392.952 0.00320 0.00533 -0.00639
4392.957 -0.00746 -0.00426 0.00000
4392.962 -0.00746 -0.00320 -0.00107
4392.967 0.00107 -0.00426 0.00533
4392.972 -0.00959 -0.00426 -0.00107
4392.977 0.00213 -0.00320 -0.00320
4392.982 0.00959 -0.00107 -0.00320
4392.987 0.00852 0.00533 0.00000
4392.992 -0.00107 0.00107 0.00320
4392.997 -0.00320 0.00213 -0.00107
4393.002 -0.00320 0.01278 0.00107
4393.007 0.00426 0.00213 -0.00320
4393.012 -0.00320 -0.00320 0.00852
4393.017 0.00107 0.00107 -0.00320
4393.022 0.00426 0.00533 -0.00426
4393.027 -0.00533 -0.00426 0.00852
4393.032 0.00213 0.00959 -0.00213
4393.037 0.00746 -0.00639 0.00426
4393.042 0.00000 0.01065 0.00107
4393.047 -0.00320 -0.00426 0.00000
4393.052 -0.00533 -0.00639 -0.00426
4393.057 0.00852 -0.00213 -0.00639
4393.062 -0.01704 -0.00852 -0.00426
4393.068 -0.00426 0.00426 -0.00213
4393.073 -0.00852 -0.00213 -0.00852
4393.078 0.00000 0.00426 -0.00213
4393.083 -0.00107 0.00533 -0.00213
4393.088 0.00746 -0.00746 -0.00320
4393.093 -0.00959 0.00426 0.00426
4393.098 -0.00426 -0.00426 -0.00533
4393.103 -0.00213 -0.00426 -0.00213
4393.108 -0.00426 -0.00107 0.00213
4393.113 0.00533 -0.00320 -0.00213
4393.118 0.00533 0.00320 0.00852
4393.123 -0.00852 -0.00426 -0.00320
4393.128 0.00000 0.00107 0.00213
4393.133 -0.00426 -0.00426 -0.00213
4393.138 0.00533 0.00320 -0.00426
4393.143 -0.00746 -0.00107 0.00213
4393.148 0.00213 -0.00213 0.00213
4393.153 -0.00107 -0.00213 0.00746
4393.158 -0.00213 -0.01065 -0.00533
4393.163 -0.00426 0.00213 0.00000
4393.168 -0.00213 0.00107 -0.00320
4393.173 0.00639 -0.00320 -0.00852
4393.178 -0.00320 -0.00959 0.00107
4393.183 0.00107 -0.00426 -0.00320
4393.188 0.00213 -0.00746 0.00746
4393.193 0.00959 0.00107 -0.00107
4393.198 0.00213 -0.00852 0.01065
4393.203 -0.00107 0.00107 0.00320
4393.208 0.00426 0.00107 -0.00533
4393.213 0.00213 0.00320 -0.00426
4393.218 -0.00107 0.00213 0.00213
4393.223 0.00000 0.00213 0.00426
4393.228 -0.00639 -0.00107 0.00000
4393.233 0.00213 -0.00852 0.00107
4393.239 -0.00533 0.00213 0.00213
4393.244 -0.00320 0.00107 -0.00107
4393.249 -0.00746 0.00000 -0.00213
4393.254 0.00107 -0.00107 0.00959
4393.259 0.00000 -0.00852 -0.00533
4393.264 -0.00107 0.00213 -0.00320
4393.269 0.00320 -0.00639 -0.00426
4393.274 0.00959 -0.00107 -0.00107
4393.279 -0.00746 -0.00639 -0.00959
4393.284 0.00000 0.00426 -0.00852
4393.289 -0.00533 -0.00426 0.00533
4393.294 -0.00533 0.00426 0.00107
4393.299 0.00533 0.00213 -0.00852
4393.304 0.00213 0.00320 0.00213
4393.309 -0.00639 0.00533 -0.00426
4393.314 -0.00320 -0.00320 -0.00852
4393.319 -0.00533 -0.00959 -0.00533
4393.324 -0.00426 -0.00959 0.00426
4393.329 0.00107 -0.00320 0.00213
4393.334 -0.00213 0.00000 -0.00107
4393.339 -0.00320 -0.00107 -0.00426
4393.344 -0.00426 -0.01278 -0.00959
4393.349 0.00639 0.00213 0.00639
4393.354 -0.01278 -0.00213 0.00320
4393.359 -0.00320 -0.01385 0.00000
4393.364 -0.00107 0.00320 -0.00107
4393.369 -0.00107 0.00107 0.00213
4393.374 -0.00639 0.00000 -0.00426
4393.379 -0.00107 -0.00213 -0.00107
4393.384 0.00000 -0.00213 0.00426
4393.389 -0.00213 -0.00533 0.00426
4393.394 0.00000 0.00213 -0.00320
4393.399 0.00213 -0.01172 0.00213
4393.404 0.00213 0.00320 -0.00320
4393.409 -0.00320 -0.00320 0.00107
4393.414 -0.00426 0.00426 0.00000
4393.419 0.00320 0.00533 -0.00639
4393.424 -0.00213 -0.00852 0.00213
4393.430 0.00107 -0.00959 0.00107
4393.435 -0.00426 -0.00213 -0.00107
4393.440 0.00533 0.00107 -0.00213
4393.445 0.00533 0.00426 -0.00320
4393.450 0.00533 -0.00426 0.00533
4393.455 0.00000 -0.00320 0.00000
4393.460 -0.00533 0.00213 -0.00639
4393.465 0.00213 -0.00426 -0.00213
4393.470 0.00000 -0.00213 -0.00213
4393.475 0.00426 -0.00320 -0.00213
4393.480 0.00000 -0.00746 0.00107
4393.485 0.00107 0.00107 0.00000
4393.490 0.00213 0.00533 0.00426
4393.495 0.00320 -0.00213 -0.00107
4393.500 -0.00213 -0.00320 -0.00213
4393.505 0.00533 0.00426 -0.00107
4393.510 -0.00320 -0.00320 0.00320
4393.515 0.00213 0.00000 -0.00107
4393.520 -0.00213 0.00639 0.00320
4393.525 -0.00639 -0.00213 -0.00426
4393.530 -0.00426 -0.00107 -0.00533
4393.535 -0.00639 -0.00533 -0.00320
4393.540 0.00533 -0.00533 0.00426
4393.545 -0.00533 -0.00746 -0.00107
4393.551 0.00852 -0.00320 0.00213
4393.555 -0.00107 0.00320 -0.00213
4393.560 -0.00213 0.00320 0.00000
4393.565 -0.00107 0.00213 -0.00213
4393.571 0.00320 0.00000 -0.00852
4393.576 -0.00533 0.00533 -0.00107
4393.581 0.00959 0.00639 -0.01278
4393.586 0.00533 -0.00107 -0.00320
4393.591 -0.00746 -0.00320 0.00320
4393.596 -0.00533 0.00000 -0.00213
4393.601 0.00533 -0.00320 -0.01172
4393.606 0.00000 -0.00852 0.00426
4393.611 -0.00107 0.00107 -0.00426
4393.616 -0.00959 0.00213 0.00533
4393.621 0.00213 -0.00107 0.00000
4393.626 0.00426 0.00320 0.00426
4393.631 0.00320 0.00852 -0.00959
4393.636 0.00000 0.00107 0.00000
4393.641 0.00533 -0.00107 -0.00320
4393.646 -0.00107 -0.01065 0.00533
4393.651 0.00426 0.00533 -0.00533
4393.656 0.00320 -0.00107 -0.00426
4393.661 0.00107 0.00000 -0.00320
4393.666 0.00320 0.00320 0.00320
4393.671 -0.00533 -0.00639 -0.00852
4393.676 -0.00852 -0.00533 -0.00320
4393.681 -0.00320 0.00000 0.00959
4393.686 0.00107 -0.00533 -0.00107
4393.691 -0.00213 0.00213 -0.00852
4393.696 -0.01172 -0.00639 -0.00107
4393.701 0.00639 -0.00320 0.00533
4393.706 0.00107 0.00107 -0.00959
4393.711 -0.00533 0.00107 -0.00320
4393.716 0.00639 0.00107 -0.00213
4393.722 0.00000 0.00852 0.00213
4393.727 -0.00107 -0.01172 -0.00213
4393.732 -0.00533 0.00320 0.00426
4393.737 -0.00852 -0.00107 -0.00107
4393.742 -0.01278 0.00639 -0.00213
4393.747 0.01811 -0.00213 0.00533
4393.752 -0.00107 0.00959 0.00107
4393.757 0.00320 -0.00107 0.00213
4393.762 0.00639 -0.01704 -0.00639
4393.767 0.00107 0.00107 -0.00107
4393.772 0.00320 -0.00426 0.00746
4393.777 -0.00320 0.00000 -0.00426
4393.782 -0.00320 -0.00107 -0.00107
4393.787 0.00320 -0.00533 0.00107
4393.792 -0.00639 -0.00320 0.00107
4393.797 0.00533 0.00639 -0.00426
4393.802 0.00107 0.00000 0.00000
4393.807 0.00320 0.00000 -0.00213
4393.812 -0.00426 0.00000 0.00213
4393.817 -0.00320 -0.00639 -0.00107
4393.822 -0.00426 -0.00533 0.00959
4393.827 0.01172 0.00000 0.00213
4393.832 0.00213 0.00213 -0.00639
4393.837 -0.00852 -0.00320 -0.00746
4393.842 -0.00320 -0.00107 0.00000
4393.847 0.00746 0.00000 0.00107
4393.852 -0.00320 -0.01065 0.00320
4393.857 -0.00426 0.00000 0.00107
4393.862 -0.00213 0.00320 0.00000
4393.867 0.00000 -0.00320 -0.00959
4393.872 0.00213 0.00746 -0.00107
4393.877 0.00639 -0.00107 0.00000
4393.883 -0.00320 0.00000 -0.01065
4393.888 -0.00746 -0.00533 -0.00533
4393.893 -0.00639 0.00426 -0.00426
4393.898 -0.00426 -0.01172 0.00320
4393.903 0.00426 -0.00533 0.00320
4393.908 -0.00533 0.00320 -0.00426
4393.913 0.00746 -0.00959 0.00000
4393.918 0.00107 -0.00533 -0.00426
4393.923 -0.00107 -0.00107 -0.00533
4393.928 -0.00107 -0.00533 0.00213
4393.933 -0.00107 -0.00213 0.00213
4393.938 -0.00320 0.00213 0.00639
4393.943 -0.00213 -0.00320 -0.00320
4393.948 -0.00852 -0.00320 0.00107
4393.953 0.00000 -0.00426 -0.00533
4393.958 -0.01065 0.00107 0.00000
4393.963 -0.00213 0.00213 0.00746
4393.968 -0.00426 0.00213 0.00107
4393.973 -0.00639 -0.00320 0.00000
4393.978 0.00000 0.00639 0.00639
4393.983 -0.00959 0.00852 -0.01065
4393.988 0.00533 -0.00533 0.00320
4393.993 -0.00426 0.01065 0.00107
4393.998 0.00000 -0.00746 0.00426
4394.003 0.00533 -0.00107 -0.00320
4394.008 -0.00320 0.00107 0.00000
4394.013 -0.00426 -0.00639 -0.00107
4394.018 -0.00213 0.00107 -0.00426
4394.023 -0.00213 0.00107 -0.00746
4394.028 -0.00107 -0.00746 -0.00639
4394.033 -0.00533 -0.00107 -0.00107
4394.038 -0.00746 -0.01065 0.00107
4394.043 -0.00533 -0.00320 -0.00213
4394.048 0.00426 0.00320 -0.01065
4394.053 -0.00426 -0.00426 0.00320
4394.058 -0.00213 -0.00746 -0.00533
4394.064 0.00320 0.00746 -0.00107
4394.069 -0.00426 0.00000 0.00426
4394.074 -0.00107 -0.00639 0.00000
4394.079 -0.00533 -0.00107 -0.00107
4394.084 -0.00639 0.00213 -0.00213
4394.089 0.00426 0.00426 -0.00107
4394.094 0.00533 -0.00213 0.00107
4394.099 -0.00320 -0.00213 0.00213
4394.104 -0.00107 0.00107 0.00107
4394.109 -0.00213 0.00000 0.00426
4394.114 -0.00533 0.00426 0.00000
4394.119 -0.00107 -0.00107 -0.00746
4394.124 -0.00320 -0.00959 -0.00533
4394.129 -0.00107 -0.00213 0.00746
4394.134 -0.00639 -0.00107 -0.00107
4394.139 -0.00107 0.00107 -0.00107
4394.144 0.00000 0.00213 -0.00639
4394.149 0.00320 -0.00107 -0.00213
4394.154 0.00533 -0.00533 -0.00852
4394.159 0.00213 0.00533 0.00213
4394.164 -0.00107 0.00000 -0.00107
4394.169 -0.00959 -0.00533 -0.00426
4394.174 -0.00213 -0.00533 0.00000
4394.179 0.00852 -0.01278 -0.00533
4394.184 0.00107 -0.00533 -0.00213
4394.189 -0.00320 0.00533 0.00639
4394.194 -0.00213 0.00639 0.00000
4394.199 -0.00852 -0.00320 -0.00213
4394.204 -0.00213 0.00213 -0.00746
4394.209 -0.00107 0.00639 0.01491
4394.214 0.00959 0.00426 0.00000
4394.219 0.00320 -0.00320 -0.00213
4394.224 -0.00852 -0.00107 0.00107
4394.229 0.00426 0.00426 -0.00213
4394.235 -0.00107 0.00107 0.00426
4394.240 -0.00213 -0.00320 0.00000
4394.245 -0.00320 -0.00320 -0.00107
4394.250 -0.00533 0.00213 0.00107
4394.255 -0.00107 -0.00320 -0.01065
4394.260 0.01172 0.00320 -0.00320
4394.265 -0.00746 -0.00533 0.00107
4394.270 -0.00959 -0.01065 0.00107
4394.275 -0.00746 -0.00639 0.00213
4394.280 0.00213 0.00852 0.00533
4394.285 0.00746 0.00746 0.00213
4394.290 -0.00746 -0.00426 -0.00426
4394.295 0.00000 -0.00213 -0.00107
4394.300 -0.00320 -0.00107 0.00213
4394.305 -0.00213 -0.00107 -0.00320
4394.310 0.00320 0.00000 -0.00320
4394.315 -0.00320 -0.00639 -0.00320
4394.320 -0.00533 -0.00746 -0.00533
4394.325 -0.00533 -0.00213 0.00000
4394.330 0.00107 0.00213 -0.00746
4394.335 -0.00533 0.00320 0.00000
4394.340 -0.00533 -0.00852 -0.00320
4394.345 -0.00107 -0.00213 -0.00213
4394.350 -0.00107 0.00533 0.00107
4394.355 0.00213 -0.00959 0.00426
4394.360 -0.00107 0.00320 0.00426
4394.365 0.00533 -0.00213 0.00213
4394.370 -0.00107 -0.00746 0.00000
4394.375 -0.00426 -0.00213 0.00000
4394.380 0.00426 -0.00213 -0.00213
4394.386 0.00959 -0.00426 -0.00107
4394.391 -0.00746 -0.00107 0.00533
4394.396 -0.00639 -0.00107 0.00320
4394.401 -0.00533 0.00852 -0.01598
4394.406 0.00426 -0.00746 0.00107
4394.411 0.00107 -0.00533 0.00000
4394.416 0.00213 0.00213 -0.00746
4394.421 -0.01491 0.00533 0.00213
4394.426 0.00852 0.00000 0.00000
4394.431 0.00746 -0.00959 0.00107
4394.436 -0.00746 -0.00426 -0.00426
4394.441 0.00426 -0.00107 0.00213
4394.446 -0.00533 0.01172 -0.00852
4394.451 0.00320 -0.00213 0.00107
4394.456 -0.00533 -0.00213 -0.00107
4394.461 -0.00533 -0.00426 0.00107
4394.466 0.00320 0.00213 0.00533
4394.471 0.00639 0.00213 -0.00213
4394.476 0.00639 -0.00959 0.00533
4394.481 0.00000 0.00320 -0.00320
4394.486 -0.00213 -0.00320 -0.00320
4394.491 -0.00533 -0.00959 -0.00533
4394.496 -0.00639 0.01065 0.00213
4394.501 -0.00320 0.00213 0.00533
4394.506 -0.00426 -0.00533 -0.00107
4394.511 0.00426 0.00107 0.00213
4394.516 0.01172 -0.00852 0.00000
4394.521 -0.01491 0.00107 0.00107
4394.526 -0.00426 -0.00639 -0.00320
4394.531 0.00213 -0.00107 0.00107
4394.536 0.00213 0.00639 -0.00852
4394.541 0.00320 0.00426 -0.00320
4394.546 -0.00959 -0.00213 0.00533
4394.551 -0.00746 -0.00852 0.00213
4394.556 0.00533 -0.00639 -0.01811
4394.561 0.00213 -0.00533 0.00320
4394.567 0.00107 -0.00213 0.00533
4394.572 -0.00107 0.00852 -0.00320
4394.577 0.00213 -0.00639 -0.00320
4394.582 0.00000 0.00533 -0.00213
4394.587 -0.00320 -0.00320 -0.00320
4394.592 0.00107 0.00426 0.00000
4394.597 -0.00426 -0.00320 0.00320
4394.602 -0.00320 0.00000 0.00107
4394.607 -0.01065 -0.00320 0.00000
4394.612 0.00000 0.00213 -0.00639
4394.617 0.00107 0.00746 0.00000
4394.622 -0.00533 0.00000 -0.00320
4394.627 -0.00320 -0.01065 0.00000
4394.632 -0.01065 0.00746 -0.00746
4394.637 0.00639 0.00426 0.00213
4394.642 0.00959 0.00639 -0.00533
4394.647 0.01065 -0.00426 -0.00959
4394.652 -0.00959 -0.00426 -0.00746
4394.657 0.00746 0.00107 -0.00213
4394.662 0.00213 0.00000 0.00107
4394.667 -0.00320 0.01278 -0.00320
4394.672 -0.00746 0.00107 0.00426
4394.677 0.00426 0.00426 -0.00213
4394.682 -0.00426 -0.00107 -0.01278
4394.687 0.00959 -0.00213 0.00320
4394.692 0.00213 0.00213 -0.01065
4394.698 -0.00639 -0.00533 0.00107
4394.703 0.00000 0.00320 -0.00213
4394.708 -0.00107 -0.00426 0.00533
4394.713 0.00533 0.00533 0.00213
4394.718 0.00533 0.01172 0.00320
4394.723 0.00533 -0.00533 0.00533
4394.728 -0.00320 -0.00639 -0.00426
4394.733 0.00959 -0.00213 0.00000
4394.738 -0.00639 -0.00320 0.00107
4394.743 -0.00107 0.00320 -0.00852
4394.748 -0.00107 -0.00213 -0.00107
4394.753 -0.00852 -0.00852 0.00107
4394.758 0.00000 -0.00852 0.00107
4394.763 0.00746 0.00426 0.00320
4394.768 0.00107 0.01385 -0.00426
4394.773 0.00000 -0.00213 -0.00320
4394.778 -0.00639 0.00213 0.00000
4394.783 -0.01491 -0.00639 -0.00746
4394.788 0.00959 0.00959 0.00000
4394.793 0.00426 -0.00213 0.00426
4394.798 -0.00426 -0.00533 -0.00533
4394.803 0.00533 0.01065 0.00533
4394.808 0.00000 -0.00107 0.00426
4394.813 -0.00213 0.00533 -0.00213
4394.818 -0.00533 -0.00213 0.00320
4394.823 -0.00533 -0.00320 -0.00107
4394.828 -0.02131 0.00533 -0.00746
4394.833 -0.01278 -0.01278 -0.00746
4394.838 0.01278 -0.00213 0.00107
4394.843 -0.00107 0.00639 -0.00107
4394.848 -0.00639 -0.00746 -0.00320
4394.853 -0.00959 0.00000 -0.00107
4394.858 -0.00639 0.00213 0.00000
4394.863 -0.00852 -0.00639 -0.00533
4394.869 0.00107 -0.00107 0.00533
4394.874 -0.01172 -0.00426 -0.00959
4394.879 -0.00639 -0.00320 0.00213
4394.884 -0.00533 -0.00320 -0.00213
4394.889 0.00320 0.00213 0.00107
4394.894 -0.00426 0.00000 -0.00639
4394.899 0.00213 -0.00639 -0.00426
4394.904 0.00000 -0.00746 0.00213
4394.909 0.00639 0.00213 -0.00639
4394.914 0.00320 -0.00213 0.00213
4394.919 -0.00426 0.00000 -0.00107
4394.924 0.00213 -0.00107 -0.00320
4394.929 0.00320 -0.00107 0.00852
4394.934 0.00320 0.00000 0.00213
4394.939 0.00000 -0.00746 -0.00320
4394.944 0.00107 -0.00639 -0.00959
4394.949 -0.00213 -0.00426 0.00000
4394.954 -0.00746 -0.01065 -0.00107
4394.959 0.00426 -0.00320 0.00426
4394.964 -0.00320 0.00426 0.00852
4394.969 0.00107 0.00746 0.00000
4394.974 -0.00746 0.00320 0.00000
4394.979 0.00000 0.00852 -0.00107
4394.984 -0.00852 -0.00107 -0.01278
4394.989 0.00533 -0.00107 -0.00426
4394.994 0.00107 -0.00533 0.00320
4394.999 -0.00533 0.00426 -0.00107
4395.004 0.00107 -0.00213 0.00426
4395.009 -0.00213 -0.00320 -0.00320
4395.014 -0.00533 -0.00213 0.00107
4395.019 0.00639 -0.00746 0.00959
4395.024 -0.00320 -0.00107 -0.00320
4395.030 0.00746 -0.00107 -0.00213
4395.035 -0.00852 -0.00852 -0.00107
4395.040 0.00320 0.00639 0.00639
4395.045 0.00000 0.00000 0.00320
4395.050 -0.00107 0.00639 0.00746
4395.055 0.00000 0.00000 0.00533
4395.060 0.00320 0.00107 -0.00746
4395.065 -0.00320 -0.00639 -0.00426
4395.070 0.00107 0.00746 -0.00320
4395.075 -0.01278 -0.00320 0.00426
4395.080 -0.00107 -0.01704 -0.00852
4395.085 -0.00746 -0.00320 0.00639
4395.090 0.00320 -0.00533 0.00107
4395.095 -0.00426 0.00000 0.00213
4395.100 -0.00746 -0.00533 -0.00639
4395.105 0.00320 0.00533 0.00107
4395.110 0.00000 0.00107 -0.00639
4395.115 -0.00746 -0.00639 0.00213
4395.120 -0.01704 -0.00320 0.00533
4395.125 0.00107 -0.00107 -0.00533
4395.130 0.00426 -0.00107 0.00746
4395.135 -0.00533 0.00000 0.00000
4395.140 0.00213 -0.00107 -0.00213
4395.145 0.00320 -0.00320 -0.00320
4395.150 0.00213 -0.00213 0.00320
4395.155 0.00959 0.00533 -0.00320
4395.160 -0.00320 0.00107 -0.00320
4395.165 0.00107 -0.00107 0.00107
4395.171 -0.01172 0.00639 0.00639
4395.176 0.00213 0.00000 -0.00639
4395.181 -0.01172 -0.00426 0.00107
4395.186 -0.00533 -0.00107 -0.01065
4395.191 0.00000 -0.00213 -0.00213
4395.196 -0.00639 0.00107 -0.00639
4395.201 -0.00320 -0.00426 0.00107
4395.206 0.00320 -0.00213 0.00000
4395.211 -0.00213 -0.00213 -0.00533
4395.216 -0.00426 -0.01065 -0.00533
4395.221 -0.00213 0.00000 -0.00107
4395.226 -0.00639 -0.00213 0.00213
4395.231 -0.00107 -0.00746 0.01385
4395.236 0.00639 0.00639 0.00000
4395.241 -0.00320 -0.01065 -0.00213
4395.246 0.00852 -0.00107 0.00639
4395.251 -0.01598 -0.00213 0.00320
4395.256 0.00000 -0.00213 -0.00213
4395.261 0.00426 -0.00320 0.00213
4395.266 -0.00639 0.00320 -0.00320
4395.271 0.00213 0.00533 -0.00959
4395.276 0.00107 0.00000 0.00320
4395.281 0.00000 0.00107 -0.00320
4395.286 -0.00533 -0.00533 -0.00107
4395.291 0.00320 -0.00639 -0.00107
4395.296 -0.01278 0.00213 0.00852
4395.301 -0.00426 0.00107 0.00107
4395.306 -0.00107 0.00320 0.00959
4395.311 -0.00320 0.01172 -0.00426
4395.316 -0.00320 -0.00533 0.00639
4395.321 -0.00746 0.00107 -0.00959
4395.326 -0.00533 -0.00426 -0.00213
4395.332 0.00000 0.00746 0.00320
4395.337 0.00000 0.00107 -0.00533
4395.342 -0.00320 -0.00320 -0.00639
4395.347 -0.00320 0.00107 0.00213
4395.352 -0.00426 -0.00746 -0.00852
4395.357 0.00426 0.00320 0.00107
4395.362 -0.00213 -0.00426 -0.00213
4395.367 0.00213 0.00213 0.00533
4395.372 -0.00533 -0.00746 -0.00213
4395.377 0.00533 0.00320 -0.00320
4395.382 0.00213 -0.00533 -0.00107
4395.387 0.00107 -0.00852 -0.00213
4395.392 0.00000 0.00426 -0.00426
4395.397 -0.00320 0.00213 -0.00426
4395.402 -0.00213 0.00426 -0.00213
4395.407 -0.00107 0.00426 -0.00320
4395.412 0.00426 -0.00320 0.00959
4395.417 -0.00533 0.00639 -0.00426
4395.422 -0.00959 -0.00959 -0.00426
4395.427 0.00107 -0.00107 -0.00213
4395.432 0.00107 0.00426 -0.00639
4395.437 0.00533 -0.00639 -0.00320
4395.442 0.00107 0.00000 0.00533
4395.447 -0.00320 -0.00426 -0.00426
4395.453 0.00213 0.00959 0.00000
4395.458 -0.00852 -0.00639 -0.00213
4395.463 -0.01172 0.00213 0.00320
4395.468 0.00426 0.00533 0.00107
4395.473 -0.01065 0.00107 -0.00533
4395.478 -0.00107 -0.00639 0.00426
4395.483 0.00000 0.00639 0.00426
4395.488 0.00107 -0.00959 -0.00213
4395.493 -0.00746 -0.00320 0.00000
4395.498 0.00320 -0.00107 0.00320
4395.503 -0.00107 0.00213 0.00000
4395.508 0.00426 0.00107 -0.00213
4395.513 -0.01065 -0.00107 0.00000
4395.518 0.00320 -0.00320 0.00320
4395.523 0.00000 -0.00107 0.01598
4395.528 0.00213 0.00000 -0.00426
4395.533 -0.00533 0.00000 0.00639
4395.538 0.00000 0.00746 0.00320
4395.543 -0.00639 0.00000 0.00213
4395.548 0.00107 -0.00107 -0.00426
4395.553 -0.01065 0.00426 -0.00107
4395.558 0.00746 -0.00533 0.00746
4395.563 -0.00107 -0.00533 -0.00213
4395.568 -0.00107 -0.00107 0.00000
4395.573 0.00426 0.00107 -0.00320
4395.578 0.00000 0.00639 0.00000
4395.583 -0.00213 -0.00107 -0.00533
4395.588 -0.00852 -0.00959 0.00107
4395.593 0.00320 -0.00213 0.00213
4395.598 0.00213 -0.00107 -0.00107
4395.603 0.00426 0.00320 -0.00213
4395.608 -0.00639 -0.00213 0.00000
4395.613 0.00213 0.00320 0.00959
4395.618 0.00000 -0.00639 -0.00533
4395.623 -0.00107 0.00639 0.00639
4395.628 0.00213 0.00000 0.00639
4395.634 0.00107 -0.00320 0.00107
4395.639 -0.00213 0.00107 0.00746
4395.644 -0.00533 0.00213 -0.00107
4395.649 0.00320 0.01172 0.00000
4395.654 0.00000 -0.00426 0.00107
4395.659 -0.00107 -0.00746 0.01065
4395.664 -0.00533 0.00852 0.00320
4395.669 -0.00320 0.00107 0.00959
4395.674 0.00320 -0.00107 -0.00213
4395.679 0.00320 -0.00533 0.00639
4395.684 -0.00320 -0.00639 -0.00426
4395.689 -0.00320 -0.00213 -0.00533
4395.694 -0.00320 -0.01172 -0.00852
4395.699 -0.00107 -0.01065 -0.00533
4395.704 -0.00107 -0.00639 0.00213
4395.709 -0.00213 0.00533 0.00000
4395.714 0.00000 -0.00107 -0.00746
4395.719 0.00639 -0.00852 -0.00426
4395.724 -0.00533 0.00107 -0.00426
4395.729 -0.00426 -0.00746 0.00426
4395.734 -0.00533 0.00107 0.00320
4395.739 0.00213 0.00213 -0.00107
4395.744 0.00533 -0.00213 -0.00107
4395.749 0.00213 0.00533 -0.00107
4395.754 -0.00426 -0.00533 -0.00746
4395.759 -0.00746 -0.00107 -0.00320
4395.764 -0.00426 0.00639 0.00000
4395.769 -0.00426 -0.00320 -0.00213
4395.774 0.01491 0.00213 0.00107
4395.779 -0.00213 -0.00852 -0.00107
4395.784 -0.00320 -0.00426 0.00426
4395.789 -0.00426 0.00213 -0.00107
4395.794 -0.00213 -0.00213 0.00639
4395.799 -0.00533 0.00213 -0.00959
4395.805 -0.00746 -0.00746 -0.00746
4395.810 0.00746 -0.00426 0.00213
4395.815 -0.01065 0.00107 -0.00533
4395.820 0.00852 -0.00852 0.00426
4395.825 -0.00107 0.00746 -0.00426
4395.830 0.00107 0.00107 -0.00852
4395.835 -0.00320 0.00107 0.00000
4395.840 0.00107 -0.00107 -0.00426
4395.845 0.00213 -0.00852 0.00320
4395.850 0.00213 0.00639 0.00320
4395.855 -0.00852 0.00000 0.00533
4395.860 -0.00639 0.00852 0.00426
4395.865 0.00533 0.00320 -0.00320
4395.870 0.00107 -0.00107 0.00959
4395.875 0.00639 -0.00959 0.00213
4395.880 -0.00533 0.00426 -0.00320
4395.885 -0.00426 -0.00426 0.00000
4395.890 -0.00426 0.00107 0.00000
4395.895 -0.00639 -0.00639 0.00426
4395.900 0.00107 -0.00533 -0.00107
4395.905 -0.00107 -0.01065 -0.00213
4395.910 0.00107 -0.00107 -0.00213
4395.915 -0.00746 0.00107 -0.00320
4395.920 -0.00320 -0.00426 0.00746
4395.925 0.00000 0.00107 0.00107
4395.930 0.00107 -0.00533 -0.00959
4395.935 0.00000 0.00533 0.00533
4395.940 0.00959 0.00320 0.00000
4395.945 0.01278 -0.00533 0.00107
4395.950 -0.00746 0.00000 -0.00107
4395.955 -0.00320 -0.01491 0.00000
4395.960 -0.00426 0.00213 0.00000
4395.965 -0.00320 0.00000 0.00320
4395.970 -0.00426 -0.00107 -0.00320
4395.976 -0.00746 -0.00533 -0.00746
4395.981 -0.01065 -0.01065 -0.00107
4395.986 0.00000 0.00639 0.00639
4395.991 0.00426 -0.01385 0.00213
4395.996 -0.00107 -0.00533 -0.00107
4396.001 -0.00320 0.00533 0.00107
4396.006 -0.00213 0.00000 0.00213
4396.011 0.00533 -0.00107 0.00533
4396.016 0.00852 -0.00320 0.00746
4396.021 0.00000 -0.00746 0.00320
4396.026 0.00213 0.00000 0.00959
4396.031 0.00000 -0.00320 -0.01065
4396.036 0.00746 0.00107 0.00213
4396.041 0.00320 -0.00639 -0.00426
4396.046 -0.01172 -0.00320 -0.00746
4396.051 -0.00213 0.00320 -0.00107
4396.056 0.00426 -0.00107 0.00213
4396.061 0.00107 -0.00426 -0.00533
4396.066 -0.00533 -0.00746 -0.00746
4396.071 -0.00213 0.00213 0.00426
4396.076 -0.00533 -0.00852 -0.01172
4396.081 0.00426 0.00107 0.00320
4396.086 0.00107 -0.00852 0.00959
4396.091 -0.00533 -0.00852 -0.00107
4396.096 0.00213 0.00320 -0.00746
4396.101 -0.00639 -0.00746 -0.00213
4396.106 0.00000 -0.00213 -0.00213
4396.111 -0.01811 0.00107 0.00426
4396.116 0.00320 -0.00107 -0.00533
4396.121 0.00320 -0.00320 0.00000
4396.126 -0.00320 -0.00959 0.00107
4396.131 0.00213 0.00320 -0.00533
4396.136 -0.00746 -0.00320 -0.00426
4396.141 0.00000 -0.00426 -0.00746
4396.146 0.00213 0.00639 -0.00852
4396.151 -0.00320 -0.00959 0.00320
4396.156 -0.00852 -0.00959 0.00639
4396.161 0.00000 0.00000 0.00426
4396.166 -0.00320 -0.00107 -0.00426
4396.171 0.00000 0.00533 0.00533
4396.176 0.00213 -0.00107 0.00107
4396.181 0.00107 -0.00213 0.00852
4396.187 0.00213 -0.00426 -0.00213
4396.191 0.00533 0.00000 -0.00213
4396.197 -0.00426 -0.00320 0.00533
4396.202 -0.00746 -0.00213 -0.00426
4396.207 -0.00533 0.00852 0.00320
4396.212 0.00533 0.00320 0.00000
4396.217 0.00213 0.00533 -0.00107
4396.222 0.00426 0.01065 -0.00639
4396.227 -0.00107 0.00000 -0.00320
4396.232 -0.00107 0.00107 0.00000
4396.237 0.00639 -0.00426 0.00320
4396.242 -0.00533 -0.00533 -0.00426
4396.247 0.00533 -0.00533 0.00000
4396.252 -0.00320 -0.00533 -0.00639
4396.257 -0.00213 -0.00959 0.00320
4396.262 -0.00213 -0.00852 -0.00213
4396.267 0.00107 0.00000 -0.00426
4396.272 0.00000 -0.00639 0.00000
4396.277 0.00213 -0.00639 0.00533
4396.282 -0.00852 -0.00533 0.00107
4396.287 -0.00213 -0.00426 -0.00533
4396.292 0.00000 0.01278 0.00320
4396.297 -0.00852 -0.00107 -0.00746
4396.302 0.00426 -0.00533 0.00000
4396.307 -0.00639 0.00213 0.00639
4396.312 -0.00213 -0.00533 0.00426
4396.317 -0.00426 0.00533 0.00000
4396.322 0.00000 -0.00639 0.00000
4396.327 0.00533 0.00000 0.00320
4396.332 -0.00959 -0.00533 -0.00746
4396.337 -0.00426 0.00426 -0.00213
4396.342 -0.00320 0.00533 0.01385
4396.348 -0.00213 0.00320 -0.00533
4396.353 0.00000 0.00533 0.00213
4396.358 0.00107 0.00000 0.00000
4396.363 0.00852 0.00320 -0.00426
4396.368 -0.00107 0.01385 -0.00107
4396.373 -0.00213 -0.00213 -0.00107
4396.378 -0.00107 -0.00107 -0.00533
4396.383 -0.00426 0.00320 -0.00107
4396.388 -0.00426 0.00959 -0.00426
4396.393 -0.00213 0.00107 0.00320
4396.398 0.00213 0.00533 -0.01278
4396.403 -0.00959 -0.01385 -0.00213
4396.408 -0.00852 0.00320 0.00746
4396.413 0.00000 0.00000 0.00000
4396.419 -0.00213 -0.00533 0.00213
4396.424 -0.01172 0.00213 0.00000
4396.429 0.00320 -0.00213 0.00320
4396.434 -0.00426 -0.00746 -0.00959
4396.439 0.00000 -0.01811 -0.00533
4396.444 -0.00107 0.01065 0.01065
4396.449 -0.00426 -0.00320 -0.00320
4396.454 -0.00426 -0.00426 0.00213
4396.459 -0.00320 0.00320 0.00533
4396.464 0.00107 -0.00426 0.00426
4396.469 -0.00746 -0.00107 0.00107
4396.474 -0.00320 0.00000 -0.00533
4396.479 0.00639 0.00000 0.00107
4396.484 0.00213 -0.00107 0.00107
4396.489 0.00426 0.00320 0.00107
4396.494 0.00959 0.00107 0.00320
4396.499 -0.00533 0.00213 -0.01811
4396.504 -0.00107 0.00213 0.00426
4396.509 -0.00213 -0.00107 -0.00320
4396.514 -0.00320 -0.00426 -0.00320
4396.519 -0.00320 0.00320 0.00426
4396.524 0.00746 0.00213 0.00107
4396.529 0.00107 -0.00213 0.00213
4396.534 -0.01065 0.00426 -0.00320
4396.539 -0.00213 -0.00426 0.00107
4396.544 -0.00213 -0.00320 0.00320
4396.549 0.00320 0.00746 0.00000
4396.554 -0.00426 0.00000 -0.00746
4396.559 0.00746 -0.00533 -0.00320
4396.564 0.00213 0.00107 0.00000
4396.569 -0.00746 -0.00426 -0.00320
4396.574 0.00426 0.00107 0.00213
4396.579 -0.00213 -0.00320 -0.00320
4396.584 -0.00320 0.00000 0.00533
4396.589 0.00107 -0.00107 -0.00213
4396.594 0.00639 -0.00852 0.00213
4396.599 -0.00213 -0.00959 -0.00107
4396.604 0.00426 -0.00213 0.00320
4396.610 0.00000 -0.00107 -0.00426
4396.615 0.01172 -0.00852 -0.00107
4396.620 0.00320 0.00213 -0.00320
4396.625 -0.00959 -0.00426 0.00000
4396.630 -0.00213 0.01065 0.00426
4396.635 -0.00959 -0.00639 0.00426
4396.640 -0.00639 -0.00426 -0.00213
4396.645 -0.00320 0.00213 -0.00533
4396.650 0.00107 0.00213 -0.00746
4396.655 -0.00320 0.00107 0.00746
4396.660 -0.00213 -0.00426 0.00000
4396.665 -0.00639 0.00533 0.00533
4396.670 0.00213 -0.00639 -0.00213
4396.675 -0.00426 -0.00746 -0.00213
4396.680 -0.00107 -0.00320 0.00320
4396.685 -0.00533 -0.01172 -0.00746
4396.690 -0.00213 0.00213 -0.00533
4396.695 -0.00639 0.00107 -0.00213
4396.700 0.00000 0.00746 0.00426
4396.705 0.00213 0.00107 0.00000
4396.710 -0.00107 -0.01065 -0.00107
4396.715 0.00426 -0.00213 -0.00320
4396.720 0.00746 0.00746 0.00213
4396.725 0.00000 0.00320 0.00639
4396.730 -0.00320 -0.00107 -0.00746
4396.735 0.00107 0.00107 -0.00533
4396.740 -0.00533 -0.00213 -0.00426
4396.745 -0.01065 -0.00107 0.00107
4396.750 0.00000 -0.00213 0.00107
4396.755 -0.00426 -0.00533 -0.01172
4396.760 0.00320 -0.00107 -0.00213
4396.765 0.00107 -0.00639 0.00852
4396.770 0.00107 -0.00746 -0.00639
4396.775 -0.00533 0.00852 -0.00107
4396.780 0.00000 0.00426 0.00000
4396.785 0.00639 0.00746 0.00000
4396.791 0.00746 -0.00959 -0.00533
4396.796 -0.00852 0.00213 -0.00213
4396.801 0.00107 0.00000 0.00107
4396.806 -0.00320 0.00320 -0.00746
4396.811 0.00107 -0.00959 -0.00533
4396.816 -0.00959 -0.00107 0.00320
4396.821 -0.00426 -0.00107 0.00000
4396.826 -0.00320 -0.00426 0.00107
4396.831 -0.00320 -0.01278 0.00000
4396.836 -0.00107 -0.00746 0.00107
4396.841 -0.00426 0.00426 -0.00426
4396.846 -0.00959 -0.00533 -0.00959
4396.851 -0.00320 -0.00746 -0.00533
4396.856 -0.00426 0.00533 0.00426
4396.861 0.00533 0.00426 0.00000
4396.866 -0.00639 -0.00426 -0.00426
4396.871 -0.00107 -0.00213 -0.00426
4396.876 -0.00107 0.00000 0.00426
4396.881 0.00426 0.00107 0.00533
4396.886 -0.00426 0.00107 -0.00107
4396.891 0.00000 -0.00426 0.00639
4396.896 -0.00107 -0.01385 0.00746
4396.901 0.00213 -0.00213 0.00213
4396.906 0.00000 -0.00746 -0.00320
4396.911 -0.00320 0.00000 -0.00320
4396.916 0.00533 -0.00320 -0.00213
4396.921 0.00320 0.00000 -0.00107
4396.926 -0.00746 -0.00107 0.00533
4396.931 0.00426 0.00533 -0.00213
4396.936 0.00107 -0.00320 0.00426
4396.941 0.00107 -0.00213 -0.00426
4396.946 -0.00320 0.00213 0.00213
4396.951 -0.00426 -0.00213 0.00000
4396.956 -0.00213 -0.00426 0.00533
4396.961 0.00000 0.00213 0.00000
4396.966 0.00107 -0.00213 0.00000
4396.971 -0.00320 0.00852 0.00426
4396.976 0.00000 -0.00320 -0.00746
4396.982 0.00426 -0.01385 -0.00213
4396.987 0.00107 -0.00959 -0.00213
4396.992 0.00533 0.00000 0.00746
4396.997 -0.00533 -0.00320 -0.00107
4397.002 -0.01172 -0.00320 -0.00213
4397.007 0.00213 0.00746 0.00213
4397.012 -0.00533 -0.00533 -0.00533
4397.017 0.00213 0.00320 0.00213
4397.022 -0.00213 -0.00107 0.00107
4397.027 -0.00426 0.00213 -0.00213
4397.032 0.00533 0.00426 -0.00320
4397.037 -0.00107 -0.00426 -0.00213
4397.042 -0.00746 0.01172 -0.00320
4397.047 -0.00852 0.00746 0.00213
4397.052 0.00639 -0.00213 -0.00746
4397.057 -0.00426 -0.00320 0.00320
4397.062 -0.00639 -0.00213 -0.00959
4397.067 -0.00107 0.00746 -0.00107
4397.072 -0.00533 -0.00426 -0.00959
4397.077 -0.00107 -0.00426 0.00213
4397.082 0.00533 0.00107 -0.00426
4397.087 -0.00746 -0.01172 0.00000
4397.092 -0.00426 -0.00213 -0.00533
4397.097 -0.00320 -0.00107 0.00320
4397.102 0.00426 -0.00959 -0.00213
4397.107 -0.00533 -0.00746 0.00000
4397.113 -0.00426 0.00107 0.00213
4397.118 -0.00107 0.00213 -0.00213
4397.123 -0.00746 -0.00959 0.00000
4397.128 -0.00320 0.00000 -0.00213
4397.133 0.00639 -0.00852 0.00320
4397.138 0.00107 -0.00852 0.00213
4397.143 0.00107 -0.00107 -0.00320
4397.148 -0.00746 0.00320 -0.00639
4397.153 -0.00746 -0.00107 0.00000
4397.158 -0.00426 0.00320 0.00000
4397.163 0.00426 -0.00959 0.00320
4397.168 -0.00426 -0.00533 0.00426
4397.173 0.00959 -0.00320 0.00107
4397.178 -0.00639 -0.00320 -0.00426
4397.183 -0.00107 0.00107 0.00533
4397.188 -0.00107 0.00213 0.00533
4397.193 -0.00426 0.00107 -0.01278
4397.198 0.00107 -0.00320 0.00000
4397.203 0.00533 0.00213 0.00213
4397.208 0.01491 -0.01065 0.00426
4397.213 0.00107 0.00213 -0.01065
4397.218 -0.00320 0.00107 -0.00107
4397.223 0.00852 -0.00213 0.00213
4397.228 0.00320 -0.00533 0.00320
4397.233 -0.00107 0.00533 0.01065
4397.238 0.00213 -0.00107 0.00213
4397.243 0.00533 -0.00107 0.00107
4397.248 0.00107 0.00426 -0.00107
4397.253 -0.00320 0.00213 0.00426
4397.258 -0.00746 -0.00320 -0.00320
4397.263 0.00639 -0.00746 0.01172
4397.268 0.00000 0.00639 0.00426
4397.273 -0.00107 0.01065 -0.00320
4397.278 0.00959 -0.00107 0.00533
4397.283 -0.00852 0.00107 0.00000
4397.288 -0.00320 0.00213 0.00107
4397.294 -0.00426 -0.00213 0.00213
4397.299 -0.00533 -0.00959 0.00107
4397.304 0.00639 -0.00639 0.00533
4397.309 -0.00533 -0.00746 0.00000
4397.313 -0.00426 -0.00213 -0.00213
4397.318 -0.00107 -0.00107 -0.00533
4397.324 -0.00107 -0.00639 0.00639
4397.329 -0.01172 0.00107 -0.00213
4397.334 -0.00533 0.00213 -0.00107
4397.339 0.00107 0.00320 0.00213
4397.344 -0.00746 -0.00213 0.00000
4397.349 -0.00107 0.01065 -0.00320
4397.354 0.00000 0.00107 -0.00320
4397.359 -0.00426 0.00107 -0.00746
4397.364 0.00746 0.00107 0.00213
4397.369 0.00107 0.00746 -0.00426
4397.374 0.00426 0.00426 0.00107
4397.379 -0.00213 0.00000 0.00213
4397.384 -0.00107 0.00000 -0.00320
4397.389 0.00426 0.00000 0.00213
4397.394 0.00426 -0.00852 0.00533
4397.399 -0.00213 0.00107 0.00852
4397.404 0.00533 0.00107 0.00107
4397.409 0.00320 -0.00213 -0.00107
4397.414 0.00213 0.00107 0.00107
4397.419 0.00213 -0.00213 -0.00320
4397.424 0.00746 -0.00213 -0.00533
4397.429 0.00107 0.00320 0.00426
4397.434 -0.00426 -0.00320 -0.00639
4397.439 -0.00320 0.00320 -0.00426
4397.444 -0.00533 -0.00213 0.00213
4397.449 0.00000 0.00639 -0.00107
4397.454 -0.00852 -0.00852 -0.00746
4397.459 -0.00213 -0.00426 0.00213
4397.464 0.00320 0.00107 0.00746
4397.469 0.00000 -0.00959 -0.00426
4397.475 -0.01278 -0.00426 -0.00213
4397.479 -0.00107 -0.00107 -0.00107
4397.485 0.00959 0.00213 -0.00639
4397.490 -0.00639 -0.01065 0.00320
4397.495 -0.00320 0.00320 -0.00213
4397.500 -0.00320 -0.00746 0.00533
4397.505 0.00000 0.00000 -0.00746
4397.510 -0.00213 -0.00746 0.00533
4397.515 0.00213 -0.00213 0.00639
4397.520 -0.00320 -0.01065 -0.00426
4397.525 -0.00107 -0.00639 -0.00639
4397.530 0.00639 0.00000 -0.00852
4397.535 -0.00533 -0.00426 0.00426
4397.540 -0.00959 -0.00107 0.00107
4397.545 0.00213 0.00107 -0.00107
4397.550 -0.00426 -0.00746 -0.00320
4397.555 0.00213 0.00000 0.01065
4397.560 0.00533 0.00107 -0.00320
4397.565 0.00426 -0.00533 0.00320
4397.570 0.00320 -0.00107 0.00000
4397.575 -0.00533 0.00320 -0.00107
4397.580 0.00213 0.00000 -0.00533
4397.585 -0.00213 -0.00320 0.00639
4397.590 0.00107 0.00213 -0.00533
4397.595 -0.00213 0.00213 -0.00533
4397.600 -0.01065 -0.00639 -0.00213
4397.605 -0.00746 -0.00107 -0.00107
4397.610 -0.00107 0.00533 0.00107
4397.615 0.00213 0.00213 0.00426
4397.620 0.01598 -0.00107 -0.00533
4397.625 0.00213 0.00320 0.00000
4397.630 0.00746 0.00107 0.00000
4397.635 -0.00533 -0.00320 -0.00213
4397.640 -0.01065 0.00107 0.00000
4397.645 0.00213 0.00213 -0.00107
4397.650 -0.00107 -0.00533 0.00107
4397.656 0.00107 0.00107 -0.00213
4397.661 -0.00852 0.00107 -0.00213
4397.666 0.00107 0.00426 -0.00213
4397.671 0.00639 -0.00107 0.00000
4397.676 0.00107 -0.00213 -0.00426
4397.681 -0.00639 -0.00320 -0.00107
4397.686 0.00639 -0.00426 -0.00213
4397.691 0.00107 0.00533 -0.00213
4397.696 -0.00639 -0.00426 0.00000
4397.701 0.00639 -0.00213 0.00213
4397.706 0.00320 0.00426 0.00000
4397.711 0.00000 -0.00320 -0.00533
4397.716 -0.00426 0.00107 -0.00426
4397.721 -0.00213 -0.00426 -0.00213
4397.726 0.00000 0.00107 -0.00213
4397.731 0.00639 -0.00320 -0.00533
4397.736 0.00959 -0.00107 0.00746
4397.741 0.00533 0.00107 -0.00426
4397.746 -0.00426 -0.00320 -0.00426
4397.751 -0.00320 0.00426 -0.00107
4397.756 -0.00320 -0.00213 -0.00746
4397.761 0.00533 0.00533 0.00107
4397.766 -0.00213 -0.00320 0.00426
4397.771 0.00533 -0.00213 0.00533
4397.776 -0.00852 0.00000 -0.00533
4397.781 -0.00320 0.00107 -0.00533
4397.786 0.00320 -0.00320 0.00000
4397.791 0.00533 -0.00639 0.00213
4397.796 0.00213 0.00213 0.00426
4397.801 -0.00107 -0.00746 -0.00320
4397.807 -0.00533 0.00107 -0.00746
4397.812 0.00533 -0.00213 0.00639
4397.817 -0.00533 -0.00639 0.00000
4397.822 -0.00426 0.00000 -0.00639
4397.827 0.00107 -0.00320 -0.00213
4397.832 -0.00213 0.00107 -0.00639
4397.837 -0.00107 0.00107 0.00000
4397.842 -0.00639 -0.01491 -0.00639
4397.847 0.00320 -0.00213 -0.00852
4397.852 -0.00639 -0.00639 -0.00213
4397.857 0.00639 -0.00852 -0.00426
4397.862 -0.00746 0.00426 0.00639
4397.867 -0.00320 -0.00639 -0.00107
4397.872 -0.01065 -0.00426 -0.00426
4397.877 -0.00426 0.00107 -0.00320
4397.882 -0.00426 0.00107 -0.00533
4397.887 0.00000 0.00639 -0.00426
4397.892 0.00000 0.00320 -0.01172
4397.897 0.00852 0.00107 0.00320
4397.902 -0.00426 -0.00426 -0.00107
4397.907 0.00320 0.00213 0.00426
4397.912 -0.00426 0.00320 0.00639
4397.917 -0.00639 -0.00746 0.00320
4397.922 0.00426 0.00639 0.00000
4397.927 0.00000 0.00107 -0.00746
4397.932 0.00213 -0.00107 -0.01065
4397.937 -0.00639 -0.00533 -0.00320
4397.942 0.00000 -0.00320 -0.00746
4397.947 -0.00213 0.00107 -0.00533
4397.952 0.00426 0.00000 0.00533
4397.957 -0.00320 -0.00107 0.00533
4397.962 -0.01065 -0.00320 -0.00213
4397.967 -0.00533 0.00426 -0.00107
4397.972 0.00533 -0.00533 0.00959
4397.977 -0.00426 -0.00533 0.00213
4397.982 -0.00639 0.00320 0.00000
4397.988 0.00000 0.00320 0.00320
4397.993 0.00107 0.00320 0.00320
4397.998 0.00000 -0.00107 0.00107
4398.003 -0.00426 -0.00213 0.00746
4398.008 0.00852 -0.00426 0.00213
4398.013 0.00213 -0.00746 0.00107
4398.018 -0.01172 -0.00426 -0.00320
4398.023 0.00426 0.00213 0.00746
4398.028 -0.00107 -0.00426 0.00000
4398.033 -0.00213 -0.00533 0.00213
4398.038 -0.00213 0.00320 0.00426
4398.043 0.00320 -0.00107 0.00213
4398.048 0.00426 0.00107 0.01278
4398.053 -0.00213 0.00000 0.00213
4398.058 0.00107 0.00213 -0.00320
4398.063 -0.00639 0.00426 0.00107
4398.068 0.00746 0.01385 0.00107
4398.073 0.00320 0.00533 -0.00639
4398.078 -0.00426 -0.00639 0.00107
4398.083 0.00320 -0.00107 0.00320
4398.088 -0.00107 0.00320 0.00000
4398.093 -0.00533 -0.00426 0.00213
4398.099 -0.00107 -0.00426 -0.00213
4398.103 -0.00426 -0.00852 -0.00107
4398.108 -0.00852 -0.01172 0.00426
4398.113 -0.00107 -0.01065 -0.00639
4398.119 0.00320 0.00320 -0.00107
4398.124 -0.00533 0.00746 -0.00533
4398.129 -0.00533 -0.00533 -0.00426
4398.134 0.00000 -0.00107 -0.00852
4398.139 0.00320 0.00000 0.00107
4398.144 0.00852 -0.00746 0.00107
4398.149 -0.00426 -0.00107 0.00000
4398.154 0.01278 0.00000 -0.00639
4398.159 -0.00107 -0.00107 -0.00533
4398.164 -0.00426 -0.00213 0.00107
4398.169 -0.00852 -0.00639 0.00213
4398.174 -0.01172 -0.00320 0.00426
4398.179 0.00426 0.00533 -0.00426
4398.184 0.00320 0.00320 0.00639
4398.189 0.00000 -0.00213 -0.00107
4398.194 -0.00320 0.00426 0.00107
4398.199 -0.01598 -0.00213 -0.01278
4398.204 0.00320 0.00639 0.00000
4398.209 -0.00320 0.00000 0.00213
4398.214 0.00320 -0.00320 0.00107
4398.219 0.00107 -0.00320 -0.00639
4398.224 0.00107 0.00107 -0.00426
4398.229 0.00320 -0.00213 -0.00959
4398.234 -0.00852 -0.00639 -0.00107
4398.239 -0.00107 -0.00852 -0.00746
4398.244 0.00107 0.00320 0.00533
4398.249 -0.01065 0.00107 -0.00426
4398.254 -0.00426 -0.01065 -0.00213
4398.259 0.00426 0.00639 -0.00213
4398.264 -0.00959 -0.00213 0.00426
4398.269 0.00000 -0.00320 -0.00320
4398.274 0.00213 0.00213 0.00107
4398.279 -0.00213 -0.00107 0.00000
4398.284 0.00107 0.00000 -0.00639
4398.290 0.01065 -0.00852 0.00213
4398.295 0.00426 -0.00852 0.00213
4398.300 0.00107 -0.00426 0.00000
4398.305 -0.00320 -0.00533 0.00107
4398.310 -0.00320 -0.00533 0.00213
4398.315 -0.01172 -0.00746 0.00107
4398.320 -0.00213 -0.00426 0.00213
4398.325 0.00320 -0.00107 0.00213
4398.330 0.00320 0.00639 0.00000
4398.335 -0.00746 0.00107 0.00426
4398.340 -0.00533 -0.00426 0.00639
4398.345 -0.00426 0.00959 -0.00320
4398.350 0.00107 -0.00533 -0.00426
4398.355 -0.00320 0.00533 -0.00107
4398.360 0.00213 -0.01065 -0.00320
4398.365 -0.00107 0.00107 0.00852
4398.370 0.00426 0.00107 -0.00639
4398.375 0.00000 -0.00320 -0.00213
4398.380 -0.00426 -0.00533 -0.00107
4398.385 0.00746 -0.00746 0.01065
4398.390 0.00107 -0.00746 -0.00213
4398.395 0.00000 -0.00213 -0.00107
4398.400 -0.00639 0.00639 0.00320
4398.405 -0.00213 0.00000 -0.00533
4398.411 0.00746 -0.00852 0.00320
4398.416 0.01065 -0.01065 0.00426
4398.421 -0.00320 -0.00320 -0.00107
4398.426 0.00320 0.00213 0.00213
4398.431 -0.00533 0.00107 0.00000
4398.436 0.00107 -0.00107 0.00213
4398.441 0.00320 -0.00107 -0.00320
4398.446 -0.00107 -0.01385 -0.00107
4398.451 0.00426 0.00426 -0.00107
4398.456 -0.00746 0.00107 -0.00533
4398.461 0.00000 -0.00639 0.00107
4398.466 -0.00533 0.00107 0.00533
4398.471 0.00320 -0.00213 0.00107
4398.476 -0.00426 -0.00320 -0.00426
4398.481 -0.00213 0.00000 -0.00320
4398.486 -0.00533 0.00639 -0.00639
4398.491 0.00213 -0.00426 0.00320
4398.496 0.00320 -0.00107 -0.00213
4398.501 -0.01172 -0.00213 0.00320
4398.506 0.00533 0.00213 -0.00320
4398.511 -0.00533 0.00320 -0.00533
4398.516 -0.00213 -0.00426 -0.00320
4398.521 -0.00213 -0.00533 -0.00213
4398.526 0.00107 -0.00213 -0.00320
4398.531 0.00533 -0.00213 -0.00852
4398.536 -0.00107 -0.00213 -0.00426
4398.541 -0.00959 0.00107 0.00320
4398.546 0.00533 -0.00426 0.00000
4398.551 0.00852 -0.00320 0.00000
4398.556 -0.00959 0.00533 0.00533
4398.561 -0.00533 0.00320 -0.00107
4398.566 -0.00213 0.00213 0.00320
4398.571 -0.00213 -0.00533 0.00000
4398.576 -0.00107 -0.00320 0.00639
4398.581 -0.00213 -0.00107 -0.00213
4398.586 0.01172 0.00852 0.00107
4398.591 -0.00107 -0.00213 0.00746
4398.596 0.00000 0.00852 0.00320
4398.602 -0.00852 0.00000 0.00213
4398.607 -0.01065 0.00000 -0.00320
4398.612 -0.00746 -0.00320 0.00320
4398.617 -0.00746 -0.00320 -0.00213
4398.622 -0.00426 -0.00213 0.01065
4398.627 0.00639 0.00107 0.00426
4398.632 0.00533 -0.00959 0.00213
4398.637 -0.00746 0.00639 -0.00533
4398.642 -0.00959 -0.00639 -0.00107
4398.647 -0.00107 0.00107 -0.01278
4398.652 0.00320 -0.00320 -0.00107
4398.657 -0.00107 0.00000 -0.00107
4398.662 -0.00639 0.00320 -0.00320
4398.667 -0.00959 -0.00320 -0.00639
4398.672 -0.00533 -0.00959 0.00107
4398.677 -0.00107 0.00213 0.00426
4398.682 0.00533 0.00107 -0.00852
4398.687 0.00000 -0.00320 0.00320
4398.692 -0.00320 0.00852 -0.00639
4398.697 -0.00320 0.00426 -0.00107
4398.702 0.00639 -0.00959 -0.00959
4398.707 -0.00213 0.00639 0.00107
4398.712 0.00959 0.00000 0.00320
4398.717 0.00000 -0.00107 0.00533
4398.722 -0.00213 -0.01065 -0.00639
4398.727 0.00107 -0.00107 0.00000
4398.732 -0.00320 0.00639 0.00107
4398.737 -0.00213 -0.00639 0.00000
4398.742 -0.00639 0.00000 -0.00213
4398.747 0.00639 0.00426 0.00426
4398.753 0.00213 0.00639 0.00213
4398.758 -0.00959 -0.00426 0.01598
4398.763 -0.00426 -0.00746 -0.00320
4398.768 -0.00213 -0.00639 -0.00852
4398.773 -0.00959 0.00000 -0.00426
4398.778 -0.00213 -0.00213 -0.00107
4398.783 0.00320 -0.00639 -0.00426
4398.788 -0.00213 -0.00959 -0.00533
4398.793 -0.00959 -0.00533 -0.00746
4398.798 -0.00533 0.00213 -0.00746
4398.803 0.00107 0.00107 0.01172
4398.808 -0.01278 -0.01278 -0.00533
4398.813 0.00000 -0.01172 -0.00213
4398.818 0.00000 -0.00959 -0.00320
4398.823 0.00426 -0.00107 0.00639
4398.828 0.00639 -0.00213 -0.00533
4398.833 -0.00426 0.00213 -0.00639
4398.838 0.00213 0.00320 0.00000
4398.843 -0.00852 -0.00426 -0.00320
4398.848 0.00639 0.00320 -0.00533
4398.853 -0.00213 0.00107 0.00746
4398.858 0.00426 -0.00639 -0.01172
4398.863 -0.00533 0.00000 -0.00639
4398.868 -0.00107 -0.01172 -0.01065
4398.873 0.00533 0.00213 0.00000
4398.878 0.00426 -0.00746 0.00107
4398.883 -0.00320 -0.00213 0.00320
4398.888 0.00000 0.01385 0.00213
4398.893 0.00320 -0.00746 0.00746
4398.898 -0.00213 0.00746 0.00107
4398.904 -0.00426 -0.01172 -0.00426
4398.909 0.00000 -0.00639 0.00746
4398.914 -0.00320 0.00426 0.00213
4398.919 -0.01598 -0.01172 -0.00639
4398.924 0.00426 0.00320 0.00746
4398.929 0.00213 -0.01172 -0.00107
4398.934 0.00426 0.00959 0.00533
4398.939 0.00107 -0.00213 0.00426
4398.944 -0.00426 -0.00426 0.00426
4398.949 -0.00426 -0.00213 0.00426
4398.954 0.00000 -0.00746 0.00107
4398.959 0.00000 0.00107 -0.00320
4398.964 0.00107 -0.00213 0.00213
4398.969 0.00426 0.00000 -0.00639
4398.974 0.00107 0.00533 -0.00852
4398.979 0.00426 -0.00107 -0.00533
4398.984 -0.00533 0.00107 0.00320
4398.989 0.00426 -0.00107 0.00533
4398.994 0.00000 -0.00852 0.00000
4398.999 -0.00959 -0.00213 -0.00107
4399.004 0.00213 -0.00107 -0.00213
4399.009 0.00320 -0.00852 0.00639
4399.014 0.00852 -0.00213 0.00107
4399.019 0.00107 0.00852 0.00320
4399.024 -0.00213 -0.00320 0.00000
4399.029 -0.00426 -0.00426 0.00000
4399.034 -0.00533 -0.00107 -0.00107
4399.039 -0.00639 -0.00213 -0.00213
4399.044 0.00213 0.00746 0.00213
4399.049 0.00000 -0.00426 -0.00107
4399.054 -0.00426 -0.00320 -0.00852
4399.059 0.00000 0.00426 -0.00320
4399.064 0.00000 -0.00533 0.00213
4399.069 -0.00639 0.00000 -0.00213
4399.074 -0.00213 -0.00107 0.00320
4399.079 -0.00213 -0.00107 -0.00533
4399.085 0.00107 0.00852 0.00426
4399.090 0.00000 -0.00213 -0.00107
4399.095 -0.00533 0.00320 0.00107
4399.100 -0.00639 -0.00107 0.00213
4399.105 0.00213 0.00426 0.00107
4399.110 -0.00320 -0.00639 -0.00107
4399.115 -0.00320 -0.00533 0.00959
4399.120 -0.00213 0.00107 0.00107
4399.125 -0.00320 -0.00320 -0.00320
4399.130 0.00107 -0.00213 -0.00213
4399.135 0.00426 -0.00533 -0.00213
4399.140 0.00213 -0.00320 0.00000
4399.145 -0.00533 -0.00426 0.00533
4399.150 0.00107 -0.00426 -0.00213
4399.155 -0.00639 0.00533 0.00213
4399.160 0.00107 -0.00320 0.00959
4399.165 -0.00426 -0.00213 -0.00213
4399.170 -0.00320 0.00107 -0.00107
4399.175 -0.00107 -0.00213 0.00426
4399.180 0.00852 -0.00213 0.00213
4399.185 0.00746 -0.00426 0.00107
4399.190 -0.00320 0.00213 -0.00320
4399.195 -0.00107 -0.01491 0.00426
4399.200 -0.00320 -0.01065 0.00426
4399.205 -0.00746 0.00533 -0.00533
4399.210 0.00213 -0.00426 0.00746
4399.215 0.00320 -0.00320 -0.00533
4399.220 -0.00213 0.00533 -0.00213
4399.225 0.01065 0.00107 -0.00107
4399.230 0.00426 0.00852 0.00213
4399.235 0.00639 -0.00107 0.00746
4399.240 -0.00426 -0.01065 -0.00639
4399.246 -0.00107 -0.00426 0.00213
4399.251 0.00000 -0.00426 0.00426
4399.256 0.00213 0.00213 -0.00107
4399.261 -0.00107 0.00000 -0.00107
4399.266 -0.00426 -0.00639 0.00000
4399.271 0.00107 -0.00533 -0.00107
4399.276 0.00320 -0.00320 -0.00107
4399.281 0.00533 0.00320 -0.00533
4399.286 0.00639 -0.00320 0.00000
4399.291 -0.00426 -0.00107 -0.00320
4399.296 -0.00533 0.00000 0.00213
4399.301 0.00000 -0.00107 -0.00426
4399.306 0.00426 -0.00959 0.00000
4399.311 -0.00213 -0.00320 -0.00533
4399.316 0.01065 0.00213 -0.00746
4399.321 -0.00320 -0.00426 0.00533
4399.326 -0.00213 0.00639 -0.00213
4399.331 0.00107 0.00746 0.00320
4399.336 0.00000 0.00000 -0.00107
4399.341 -0.00107 0.00320 0.00000
4399.346 0.00107 0.00746 0.00107
4399.351 0.00320 -0.00107 0.00959
4399.356 0.00107 -0.00213 -0.00107
4399.361 0.00852 -0.00107 -0.00320
4399.366 0.00000 0.00213 -0.00426
4399.371 0.00213 0.00213 0.00426
4399.376 0.00213 -0.00213 -0.00320
4399.381 0.00000 -0.00426 -0.00426
4399.386 0.00320 -0.00426 0.00000
4399.391 -0.00426 -0.00746 -0.00533
4399.396 -0.00320 -0.00320 0.00533
4399.401 0.00107 0.00000 -0.00107
4399.406 0.00000 -0.00107 0.00000
4399.411 -0.00107 -0.00213 -0.00533
4399.416 0.00107 0.00107 -0.00852
4399.421 0.00107 -0.00320 -0.00426
4399.426 0.00426 0.00107 0.00320
4399.431 -0.00320 0.00426 -0.00533
4399.436 -0.00533 -0.00426 -0.00107
4399.441 -0.00959 0.00426 -0.01065
4399.446 -0.00426 -0.00639 0.00107
4399.451 -0.00107 -0.00426 -0.01278
4399.456 -0.00107 -0.00639 -0.00426
4399.461 0.00000 -0.00320 -0.00746
4399.467 -0.00852 -0.00852 -0.00959
4399.472 0.00533 0.00213 -0.00959
4399.477 -0.00320 -0.00107 0.00000
4399.482 -0.00959 -0.00213 -0.00746
4399.487 -0.00426 0.00426 -0.01385
4399.492 0.00213 -0.00639 0.00000
4399.497 -0.00852 0.00746 -0.00639
4399.502 -0.00213 0.01278 0.00426
4399.507 -0.00107 0.00426 -0.00426
4399.512 -0.00320 -0.00213 0.00107
4399.517 -0.00426 -0.00533 -0.00213
4399.522 0.00000 -0.00746 0.00213
4399.527 0.00320 -0.00320 0.00000
4399.532 0.00213 0.00000 -0.00426
4399.537 0.00000 0.00852 -0.00320
4399.542 -0.00320 0.00426 -0.00426
4399.547 0.00533 0.00320 -0.00320
4399.552 -0.00426 0.00320 0.00000
4399.558 0.00000 -0.00746 -0.00426
4399.563 0.00213 0.00533 -0.00320
4399.568 -0.00426 0.00000 -0.00639
4399.573 -0.00320 0.00426 -0.00426
4399.578 -0.00639 -0.00746 0.00426
4399.583 0.00213 0.00000 0.00213
4399.588 -0.00320 -0.00213 0.00746
4399.593 -0.00320 -0.00320 -0.00639
4399.598 0.00000 -0.00426 0.00426
4399.603 -0.00746 0.00000 -0.00959
4399.608 -0.00426 -0.00320 0.00426
4399.613 0.00000 0.00746 -0.00533
4399.618 -0.00213 -0.00426 0.00107
4399.623 -0.00107 -0.00213 0.00107
4399.628 -0.00959 0.00107 0.00213
4399.633 -0.00533 -0.00746 0.00107
4399.638 -0.00639 -0.01278 0.00107
4399.643 -0.00533 -0.00639 0.00639
4399.648 -0.00959 0.00639 -0.00639
4399.653 0.00533 -0.00320 -0.00213
4399.658 -0.00213 -0.00852 0.00320
4399.663 -0.00426 -0.00426 0.00213
4399.668 0.00107 0.00107 0.00746
4399.673 0.00107 0.00533 0.00533
4399.678 -0.00426 -0.00959 -0.00320
4399.683 -0.00107 0.00320 0.00533
4399.688 0.00000 0.00000 -0.00320
4399.693 0.00000 0.00000 -0.00533
4399.698 -0.00852 0.00533 0.00000
4399.703 -0.01598 -0.00639 0.00107
4399.708 -0.00213 -0.00320 0.00000
4399.713 0.00107 -0.00533 0.00639
4399.718 -0.00426 -0.00320 -0.00426
4399.723 -0.00746 -0.00533 -0.00533
4399.728 0.00533 -0.00107 0.00320
4399.733 0.00000 0.00320 0.00426
4399.738 0.01598 -0.00213 0.00213
4399.743 0.00000 -0.00107 -0.00320
4399.749 -0.01172 -0.00320 0.00320
4399.754 -0.00746 -0.00746 0.00213
4399.759 -0.00107 0.00000 -0.00852
4399.764 -0.00213 -0.00213 0.00320
4399.769 -0.00959 -0.00639 0.00213
4399.774 0.00426 0.00426 0.00000
4399.779 0.00107 0.00000 0.00533
4399.784 -0.00213 0.00107 -0.00639
4399.789 0.00426 -0.00746 0.00213
4399.794 0.00426 0.00107 -0.00213
4399.799 -0.01065 -0.00639 0.00426
4399.804 -0.00107 0.00000 0.00213
4399.809 -0.00852 0.00533 -0.00107
4399.814 0.00000 -0.00959 0.00213
4399.819 -0.00213 -0.00639 0.00746
4399.824 -0.00107 0.00746 0.00107
4399.829 0.00107 -0.00533 -0.00320
4399.834 0.00107 -0.00426 0.00320
4399.839 0.00533 -0.00213 -0.00213
4399.844 0.00000 0.00213 -0.00213
4399.849 -0.00320 -0.00107 -0.00213
4399.854 0.00000 -0.00639 0.00000
4399.859 -0.00213 0.01278 0.00000
4399.864 0.00000 -0.00426 0.00213
4399.869 -0.00852 -0.00107 -0.00426
4399.874 0.00000 -0.00320 0.00000
4399.880 -0.00213 0.00213 -0.00213
4399.885 -0.01172 0.00107 0.00320
4399.890 -0.00533 0.00746 0.00000
4399.895 -0.00107 0.00320 -0.00320
4399.900 -0.00213 0.00213 0.00746
4399.905 0.00213 0.00533 0.00852
4399.910 -0.01598 -0.00107 0.00107
4399.915 0.00426 -0.02024 -0.00107
4399.920 -0.00426 -0.00320 0.00107
4399.925 -0.00213 -0.00426 -0.00639
4399.930 -0.00639 -0.00959 -0.00639
4399.935 -0.00533 0.00959 0.00959
4399.940 0.00639 -0.00320 0.00213
4399.945 -0.00213 0.00426 -0.00320
4399.950 0.00639 0.00000 -0.00639
4399.955 -0.00426 -0.00639 0.00000
4399.960 -0.00213 -0.00639 -0.00426
4399.965 0.00000 0.00426 0.00320
4399.970 0.00852 0.00746 0.00746
4399.975 -0.00533 -0.00959 -0.00107
4399.980 -0.00320 0.00426 0.01065
4399.985 -0.00213 -0.01278 -0.00426
4399.990 0.00426 -0.00533 -0.01811
4399.995 0.00320 0.00852 0.00000
4400.000 -0.00426 -0.00213 -0.00107
4400.005 0.00639 -0.00533 -0.00320
4400.010 -0.00213 0.00000 0.00000
4400.015 0.01065 0.00426 0.00852
4400.020 -0.00213 0.00959 0.00107
4400.025 0.00213 -0.00107 -0.00533
4400.030 0.00213 0.00213 -0.00213
4400.035 0.00639 -0.00213 -0.00959
4400.041 0.00000 -0.01065 -0.00533
4400.045 -0.00533 0.00213 -0.00320
4400.051 -0.00213 -0.00320 -0.00426
4400.056 0.00107 0.00213 0.00000
4400.061 -0.00320 0.00320 -0.00107
4400.066 -0.00639 0.00533 0.00213
4400.071 -0.00746 0.00533 -0.01172
4400.076 -0.00639 -0.00533 0.00426
4400.081 -0.00320 0.01065 0.00107
4400.086 0.00213 -0.00107 0.00213
4400.091 -0.00320 -0.00426 0.00000
4400.096 -0.00746 -0.01172 -0.00213
4400.101 -0.00426 0.00426 -0.00746
4400.106 -0.00320 0.00000 -0.00639
4400.111 0.00320 -0.00213 0.00320
4400.116 -0.00426 0.00107 -0.00746
4400.121 -0.00533 -0.00320 0.00533
4400.126 0.00533 0.00213 0.00852
4400.131 -0.00746 0.00320 -0.00320
4400.136 0.00746 -0.00746 0.00426
4400.141 0.00107 0.01172 -0.00320
4400.146 0.00320 0.00426 0.00320
4400.151 -0.00107 -0.00320 0.00746
4400.156 -0.00639 -0.00852 0.00852
4400.161 -0.00426 -0.00320 0.00320
4400.166 -0.00426 0.00213 -0.00426
4400.171 0.00959 0.00213 0.00213
4400.176 0.00852 0.00320 -0.00213
4400.181 0.00213 -0.00959 -0.00213
4400.186 0.00213 0.00426 0.00107
4400.191 -0.00107 0.00000 -0.00639
4400.196 0.00107 -0.00213 -0.00426
4400.201 0.00000 -0.01065 0.00320
4400.206 0.00426 -0.00107 -0.00426
4400.211 0.00107 -0.00639 -0.00426
4400.216 -0.00426 0.00000 -0.00320
4400.221 -0.00107 -0.00320 0.00000
4400.226 0.00320 0.00213 0.00107
4400.232 -0.00426 0.00107 -0.00107
4400.237 -0.00426 0.00533 0.00320
4400.242 0.00000 0.00426 0.00746
4400.247 -0.00213 -0.00533 -0.00320
4400.252 0.00000 0.00000 0.00107
4400.257 -0.00426 -0.01172 0.00000
4400.262 0.00000 0.00426 0.00000
4400.267 0.00000 0.00213 -0.00107
4400.272 0.00213 0.00107 -0.00533
4400.277 -0.00639 -0.00107 -0.00213
4400.282 -0.00533 -0.01278 -0.00959
4400.287 -0.00959 0.00639 -0.00107
4400.292 -0.00533 0.00107 0.00213
4400.297 0.00426 -0.00320 -0.00533
4400.302 -0.00213 0.00320 -0.00213
4400.307 0.00426 -0.01065 -0.00426
4400.312 0.00213 0.00746 0.00213
4400.317 0.01065 -0.00213 -0.00533
4400.322 -0.00213 -0.00213 0.00000
4400.327 -0.00426 0.00426 0.00000
4400.332 -0.00426 -0.00852 -0.00213
4400.337 -0.00426 -0.00533 0.00320
4400.342 0.00000 -0.00426 -0.00533
4400.347 -0.00213 -0.01065 -0.00107
4400.352 -0.00639 0.00000 0.00213
4400.357 0.00533 -0.01065 -0.00213
4400.362 0.00213 -0.00533 -0.00852
4400.367 0.00426 -0.01278 0.00426
4400.372 0.00107 0.00107 -0.00320
4400.377 -0.00320 -0.00320 -0.00107
4400.382 0.00107 -0.00426 -0.00107
4400.387 -0.00213 0.00320 0.00213
4400.393 0.00320 -0.00107 -0.00213
4400.398 -0.00959 -0.00320 0.00426
4400.403 -0.00320 -0.01917 0.00639
4400.408 0.00213 -0.00426 0.00000
4400.413 -0.00426 0.00320 -0.00213
4400.418 -0.00213 -0.00639 -0.00533
4400.423 0.00107 0.00213 -0.00213
4400.428 -0.00746 -0.00107 0.00107
4400.433 -0.00639 -0.00639 -0.00426
4400.438 -0.00639 -0.00426 -0.00320
4400.443 -0.00533 -0.01065 -0.00639
4400.448 -0.00213 -0.00426 -0.00213
4400.453 -0.00533 -0.01278 0.00639
4400.458 -0.01278 -0.00746 -0.00107
4400.463 0.00746 0.00000 -0.00426
4400.468 0.00959 0.00639 0.00000
4400.473 0.00107 0.00213 0.00639
4400.478 -0.00213 -0.00426 -0.00107
4400.483 -0.00426 -0.00213 -0.00213
4400.488 0.00213 0.00426 -0.00320
4400.493 0.00320 -0.00639 0.00746
4400.498 0.00639 0.00320 -0.00107
4400.503 -0.00107 -0.00639 0.00107
4400.508 -0.00426 0.00000 -0.00213
4400.513 -0.00852 -0.00533 0.00959
4400.518 0.00213 -0.00746 0.01917
4400.523 -0.00320 0.01385 -0.00107
4400.528 -0.00746 0.00213 -0.01598
4400.533 -0.01172 -0.00107 -0.00639
4400.538 -0.00639 0.00533 -0.00426
4400.544 0.00533 -0.00320 -0.00320
4400.549 0.00426 0.00639 -0.00107
4400.554 -0.00426 0.00000 -0.00426
4400.559 -0.00107 0.00000 -0.00107
4400.564 0.00426 0.00639 0.00107
4400.569 0.00107 0.00000 -0.00107
4400.574 0.00426 0.00000 -0.00107
4400.579 0.00000 -0.00320 0.00320
4400.584 0.01065 -0.00533 0.00213
4400.589 -0.00746 -0.00639 0.00426
4400.594 -0.00746 0.00320 -0.00746
4400.599 -0.00746 -0.00107 -0.00852
4400.604 0.00213 -0.00213 0.00852
4400.609 0.00959 -0.00320 0.00213
4400.614 -0.00320 -0.00107 -0.00213
4400.619 -0.00746 -0.00852 0.00213
4400.624 -0.00320 -0.00426 0.00107
4400.629 0.00639 0.00107 0.00533
4400.634 -0.00320 -0.00426 0.00213
4400.639 -0.00107 -0.00639 -0.00959
4400.644 0.00213 0.00000 0.00000
4400.649 -0.00852 0.00107 0.00320
4400.654 0.00213 -0.00213 0.00213
4400.659 -0.00746 0.00533 -0.00320
4400.664 -0.00746 -0.00426 -0.00639
4400.669 0.00107 0.01065 -0.00320
4400.674 -0.00533 0.00000 0.01385
4400.679 0.01278 0.00320 0.00107
4400.684 -0.00213 0.00107 0.00107
4400.689 0.01065 -0.00213 0.00639
4400.695 0.00000 -0.00213 0.00639
4400.700 0.00746 -0.00107 0.00213
4400.705 0.00746 -0.00959 0.00000
4400.710 0.01278 0.00426 0.00533
4400.715 -0.00639 -0.00533 0.00000
4400.720 0.00320 0.00000 -0.00426
4400.725 -0.01172 -0.00426 -0.00746
4400.730 -0.01278 -0.00213 -0.00959
4400.735 0.00426 -0.00320 0.00533
4400.740 0.00213 0.00000 0.00000
4400.745 0.00320 -0.00320 -0.00213
4400.750 0.00320 -0.01172 -0.00107
4400.755 -0.00213 -0.00320 0.00533
4400.760 0.00533 -0.00320 0.00426
4400.765 0.00213 -0.00320 0.00107
4400.770 -0.00213 0.00320 -0.00533
4400.775 0.00320 -0.00426 -0.00426
4400.780 0.00320 -0.00213 -0.00533
4400.785 -0.00746 0.00107 -0.00107
4400.790 0.00000 0.00107 -0.00107
4400.795 -0.00320 0.00320 -0.00107
4400.800 -0.00639 -0.00533 0.00107
4400.805 0.00000 -0.00213 0.00746
4400.810 -0.00639 0.00107 0.00639
4400.815 -0.00213 -0.00107 0.00000
4400.820 -0.00426 0.00320 -0.00213
4400.825 0.00107 0.00213 -0.00213
4400.830 0.00533 -0.00533 -0.00426
4400.835 0.00852 0.00000 0.00320
4400.840 0.00213 -0.00746 -0.00320
4400.845 -0.00426 -0.00426 -0.01278
4400.850 -0.00107 0.00107 -0.00746
4400.855 -0.01065 -0.01172 -0.00107
4400.860 0.00639 0.00000 0.00320
4400.866 0.00107 -0.00852 -0.00213
4400.870 0.00000 0.00000 -0.00107
4400.876 0.00107 0.00320 -0.00107
4400.881 -0.00107 -0.00320 -0.00107
4400.886 -0.00320 0.00107 0.00107
4400.891 0.01065 0.00426 0.00533
4400.896 -0.00639 0.00320 -0.00426
4400.901 0.00107 -0.00533 0.00213
4400.906 -0.00533 0.00639 0.00107
4400.911 0.00852 0.00533 0.00320
4400.916 -0.00213 -0.00639 -0.00107
4400.921 0.00107 -0.00320 -0.00107
4400.926 -0.00213 0.00107 -0.00426
4400.931 -0.00107 -0.00107 -0.00320
4400.936 0.00000 0.00213 -0.00320
4400.941 -0.00107 -0.00107 0.00426
4400.946 -0.01491 0.00000 -0.01065
4400.951 -0.00107 0.00746 -0.00107
4400.956 -0.00213 -0.00426 -0.00426
4400.961 -0.00107 -0.00426 0.00000
4400.966 0.00107 0.00426 -0.00533
4400.971 0.00426 0.00000 0.00639
4400.976 0.00320 -0.00533 -0.00107
4400.981 -0.00320 -0.00533 -0.00320
4400.986 -0.00959 -0.01065 0.00320
4400.991 0.00426 0.00426 -0.00213
4400.996 -0.00852 0.00426 0.00426
4401.001 0.00107 -0.00320 0.00746
4401.006 -0.00959 -0.00746 -0.00213
4401.011 0.00320 0.00000 -0.00213
4401.017 -0.00746 -0.00213 -0.00320
4401.022 -0.00320 0.00426 0.00107
4401.027 0.00320 -0.00533 0.00533
4401.032 -0.01278 0.00107 0.00107
4401.037 -0.00320 -0.00746 0.00852
4401.042 -0.00320 0.00000 -0.00320
4401.047 -0.00320 0.00426 0.00320
4401.052 -0.00213 -0.00320 -0.00426
4401.057 -0.00213 -0.00107 0.00213
4401.062 -0.00639 0.00000 0.00213
4401.067 0.00107 0.00533 -0.00320
4401.072 -0.00746 -0.00852 0.00000
4401.077 -0.00320 -0.00426 -0.00107
4401.082 -0.00107 -0.00852 0.00426
4401.087 0.01065 -0.00213 -0.00639
4401.092 0.00213 -0.00320 -0.00426
4401.097 0.00639 -0.00213 -0.00639
4401.102 -0.00639 -0.00213 -0.00533
4401.107 -0.00320 -0.00320 -0.00320
4401.112 0.00107 0.00000 0.00213
4401.117 -0.00213 -0.00320 -0.00213
4401.122 -0.00533 0.00320 0.00107
4401.127 0.00107 -0.00320 -0.00213
4401.132 -0.00426 -0.01278 0.00000
4401.137 0.00533 0.00213 0.00000
4401.142 0.00852 0.00959 -0.01065
4401.147 -0.00639 -0.00107 -0.00533
4401.152 0.00213 -0.00746 -0.00533
4401.157 -0.00213 0.00426 -0.00320
4401.162 0.00533 -0.00533 -0.00107
4401.167 0.00533 0.00639 -0.00320
4401.172 -0.00639 -0.00107 0.00959
4401.177 0.00213 -0.00213 -0.00213
4401.182 -0.00959 -0.00213 0.00107
4401.188 0.01491 0.00107 0.00107
4401.193 0.00746 -0.00426 0.00426
4401.197 0.00639 -0.00746 -0.00426
4401.202 -0.00746 -0.00533 -0.00107
4401.208 0.00000 0.00107 0.00639
4401.213 0.00533 0.00533 -0.00213
4401.218 0.00107 -0.00107 0.00213
4401.223 0.00320 -0.01278 -0.00320
4401.228 -0.00852 0.00426 -0.00533
4401.233 -0.00213 -0.00426 0.00533
4401.238 -0.00426 -0.00426 0.00852
4401.243 0.00213 -0.00426 -0.00213
4401.248 -0.00852 -0.00107 0.00213
4401.253 -0.00213 0.00000 0.00426
4401.258 0.00639 0.00426 -0.00213
4401.263 0.00426 -0.00639 0.00426
4401.268 -0.00426 -0.00533 -0.00320
4401.273 0.00320 -0.00959 -0.00320
4401.278 0.00746 0.00639 0.00213
4401.283 0.00000 0.00639 0.00533
4401.288 -0.00107 -0.00959 -0.00213
4401.293 0.00107 -0.00213 -0.00320
4401.298 -0.00107 -0.00107 0.00533
4401.303 0.00107 -0.00959 0.00213
4401.308 -0.00213 -0.00426 0.00107
4401.313 -0.00533 -0.00213 -0.00107
4401.318 0.00107 -0.00213 -0.00320
4401.323 0.00533 -0.00320 0.00320
4401.328 0.01065 0.00107 -0.00959
4401.333 -0.00639 -0.00320 -0.00213
4401.338 -0.00533 -0.00426 0.00426
4401.343 -0.00320 0.00320 0.00213
4401.348 0.00000 0.00107 -0.00426
4401.353 -0.00533 -0.00213 -0.00107
4401.359 -0.00533 0.00320 0.00213
4401.364 -0.00639 0.00320 -0.00107
4401.368 -0.00213 -0.00320 0.00533
4401.373 -0.00107 -0.00959 0.00746
4401.378 0.00213 0.00000 -0.00746
4401.383 0.00852 0.00000 0.00213
4401.388 -0.00746 -0.00533 0.00213
4401.393 0.00533 -0.00107 -0.00107
4401.398 0.00213 -0.00213 -0.00107
4401.403 0.00533 -0.00107 0.00000
4401.408 -0.00533 0.00533 -0.00426
4401.413 0.00107 0.00107 -0.00107
4401.419 -0.00852 0.00000 -0.00320
4401.424 0.00533 0.01704 0.00533
4401.429 0.00107 -0.00852 -0.00533
4401.433 0.00533 -0.00107 0.00213
4401.439 0.00000 -0.00426 0.00320
4401.444 0.00107 0.00107 -0.00426
4401.449 -0.00426 0.00213 0.00107
4401.454 -0.01065 -0.00639 -0.00107
4401.459 0.00213 -0.00746 -0.00107
4401.464 -0.00107 0.00000 -0.00426
4401.469 -0.00320 0.00320 0.00213
4401.474 -0.00213 0.00213 0.00000
4401.479 -0.00213 0.00320 0.00320
4401.484 -0.00639 0.00533 0.00320
4401.489 -0.01385 0.00746 0.00320
4401.494 -0.00320 -0.00533 0.00107
4401.500 -0.00533 0.00213 0.00000
4401.505 0.00107 -0.00639 -0.00213
4401.510 0.00000 -0.00639 0.00107
4401.515 -0.00533 -0.00213 -0.00533
4401.520 -0.00426 0.00000 0.00426
4401.525 0.00320 0.00107 -0.00746
4401.530 -0.00107 -0.00746 0.00213
4401.535 0.01172 -0.00639 0.00000
4401.540 -0.00107 -0.00107 0.00426
4401.545 -0.00320 -0.00213 0.00107
4401.550 -0.00320 0.00000 0.00213
4401.555 -0.01065 -0.00426 0.00000
4401.560 -0.00107 0.00000 -0.00639
4401.565 0.00107 -0.00320 0.00852
4401.570 -0.00213 -0.00746 0.00107
4401.575 -0.00107 -0.01065 0.00213
4401.580 -0.00213 -0.00213 -0.00533
4401.585 0.00426 -0.00639 -0.00213
4401.590 0.00107 -0.00320 0.00213
4401.595 -0.00320 0.00107 -0.00320
4401.600 0.00107 -0.00426 0.00213
4401.605 0.00107 -0.00746 0.00107
4401.610 0.00000 -0.01172 0.00639
4401.615 0.00533 -0.00320 -0.00107
4401.620 -0.00959 0.00107 -0.00746
4401.625 0.00213 0.00213 -0.00213
4401.630 -0.00107 0.00320 -0.00107
4401.635 -0.00213 -0.00107 -0.00213
4401.640 0.00639 0.01065 0.00852
4401.645 0.00107 -0.01278 -0.00426
4401.650 0.00000 0.00107 -0.00213
4401.655 0.00320 0.00107 -0.00107
4401.660 0.00213 -0.00533 -0.01065
4401.665 -0.00107 0.00213 -0.00107
4401.670 0.00107 0.00533 0.00107
4401.675 -0.00426 0.00107 0.00320
4401.680 0.00213 -0.00746 -0.00426
4401.685 0.00426 -0.00533 0.00107
4401.690 -0.01278 0.00533 0.00320
4401.695 -0.00320 0.00213 -0.00107
4401.700 0.00213 -0.00320 0.00107
4401.705 -0.00959 0.00000 0.00533
4401.711 -0.00533 -0.00107 0.00533
4401.716 0.00107 0.00320 -0.00213
4401.721 -0.00426 0.00852 -0.00213
4401.726 -0.00107 0.00000 -0.00107
4401.731 0.00000 -0.00639 -0.00320
4401.736 0.00639 0.00107 0.00213
4401.741 -0.00320 0.00213 -0.00533
4401.746 0.01065 -0.00107 0.00320
4401.751 0.00000 0.00107 0.00107
4401.756 -0.00213 -0.00639 0.00320
4401.761 -0.00533 -0.00426 0.00746
4401.766 -0.00746 -0.00746 0.00213
4401.771 -0.00426 -0.00107 0.00533
4401.776 0.00639 -0.00320 -0.00959
4401.781 -0.00533 -0.00213 0.00639
4401.786 0.01172 -0.00107 -0.00213
4401.791 0.00426 -0.00959 0.00107
4401.796 0.00000 -0.00959 -0.00320
4401.801 -0.00107 0.00107 -0.00320
4401.806 0.00426 -0.00533 0.00213
4401.811 -0.00746 -0.00320 0.00320
4401.816 0.00426 -0.00213 0.00000
4401.821 0.00107 0.00107 -0.00213
4401.826 -0.00959 0.00000 -0.00533
4401.832 -0.00959 -0.00639 0.00533
4401.837 -0.00533 -0.00852 -0.00107
4401.842 0.00533 0.00000 0.00320
4401.847 -0.00213 0.00320 0.00213
4401.852 0.00000 -0.00107 -0.00533
4401.857 0.00426 0.00320 0.00320
4401.862 -0.00213 -0.00426 -0.00746
4401.867 0.00426 -0.01065 0.00107
4401.872 -0.00533 0.00746 0.00320
4401.877 0.00320 0.00746 0.00533
4401.882 0.00000 0.00852 -0.00107
4401.887 0.00000 0.00426 -0.00107
4401.892 -0.00426 0.00533 0.00426
4401.897 -0.00533 -0.00426 0.00533
4401.902 0.00000 0.00533 0.00320
4401.907 -0.00320 0.00000 0.00000
4401.912 0.00213 -0.00213 -0.00213
4401.917 -0.01491 -0.00213 -0.00426
4401.922 0.00426 -0.00320 -0.00959
4401.927 -0.00213 -0.00426 0.00107
4401.932 -0.00320 -0.00107 0.00959
4401.937 0.01065 -0.00320 -0.00213
4401.942 -0.00107 0.01491 0.00533
4401.947 -0.00320 -0.01065 -0.00320
4401.952 -0.00426 0.00533 -0.00320
4401.957 -0.00320 -0.00426 0.00320
4401.963 -0.00213 -0.00959 -0.00533
4401.968 0.00000 -0.00426 -0.00320
4401.973 -0.00107 0.00213 -0.00746
4401.978 -0.00107 0.00426 0.00533
4401.983 -0.00639 -0.00852 -0.00213
4401.988 -0.00639 0.00000 0.00426
4401.993 0.00426 -0.00213 -0.00213
4401.998 -0.00213 0.00533 -0.00533
4402.003 -0.00107 0.00107 -0.00533
4402.008 0.00213 -0.00107 0.00107
4402.013 -0.00107 0.00000 -0.00746
4402.018 0.00426 0.00213 0.00639
4402.023 -0.00533 -0.00107 0.00000
4402.028 -0.00426 -0.00107 0.00320
4402.033 -0.00320 0.00213 -0.00107
4402.038 0.00852 -0.00426 0.00107
4402.043 -0.00426 0.00639 0.00000
4402.048 -0.00426 0.00213 0.00639
4402.053 -0.00426 -0.00959 0.00107
4402.058 0.00213 -0.00107 0.00426
4402.063 -0.00426 -0.00320 0.00639
4402.068 0.00107 -0.00746 0.00107
4402.073 -0.00320 0.00320 -0.00320
4402.078 0.00639 -0.00107 0.00213
4402.083 0.00426 -0.00213 0.00000
4402.088 0.00320 0.00000 0.00320
4402.093 0.00746 0.00533 0.00320
4402.098 -0.00533 0.00426 -0.00107
4402.103 -0.00852 -0.00639 0.00320
4402.108 -0.00213 0.00426 -0.00426
4402.113 -0.00533 -0.00639 0.00213
4402.118 -0.00639 0.00107 -0.00107
4402.123 0.00959 0.00852 -0.00320
4402.128 0.00746 -0.00639 0.00426
4402.133 -0.00320 -0.00320 0.00213
4402.138 -0.00639 0.00107 -0.00213
4402.143 0.00213 -0.00426 -0.00320
4402.148 0.00533 0.00320 0.00000
4402.154 -0.00107 -0.00320 0.00000
4402.159 0.00107 0.00320 -0.00213
4402.164 0.01065 -0.00320 -0.00852
4402.169 -0.00533 -0.00213 -0.00107
4402.174 0.00320 0.00000 0.00320
4402.179 -0.00213 0.00320 -0.00533
4402.184 0.00000 -0.00320 0.00533
4402.189 0.00000 -0.00213 -0.00107
4402.194 -0.00320 -0.00639 0.00107
4402.199 -0.00533 0.00533 -0.01065
4402.204 0.00000 -0.01065 0.00107
4402.209 -0.00213 -0.00320 0.00000
4402.214 0.00533 -0.00320 0.00426
4402.219 -0.01065 0.00000 -0.00213
4402.224 0.00533 0.00000 0.00426
4402.229 -0.00746 0.00107 0.00639
4402.234 0.00213 0.00320 0.00213
4402.239 0.00107 0.00320 0.00213
4402.244 -0.00107 0.01385 0.00213
4402.249 0.00213 -0.00107 0.01172
4402.254 -0.00107 -0.00533 -0.00107
4402.259 0.01172 0.00746 -0.00426
4402.264 -0.00852 0.00107 0.00213
4402.269 0.00107 -0.00107 0.00213
4402.274 0.00107 0.00320 -0.00213
4402.279 -0.00320 -0.00107 -0.00213
4402.284 0.00107 -0.00320 -0.00213
4402.289 0.00959 -0.00533 0.00852
4402.294 -0.00213 -0.00107 -0.00107
4402.299 0.00000 -0.00852 0.00213
4402.305 -0.00959 0.00320 -0.00107
4402.310 -0.00426 0.00107 -0.00107
4402.315 0.00426 0.00852 -0.00533
4402.320 -0.00213 -0.00426 -0.00107
4402.325 0.00320 -0.00107 -0.00959
4402.330 -0.00320 -0.00746 -0.00426
4402.335 0.00000 -0.00746 0.00959
4402.340 0.00213 -0.00320 0.00533
4402.345 -0.00639 -0.00639 -0.00107
4402.350 0.00639 -0.00746 -0.00107
4402.355 -0.00426 0.00213 0.00107
4402.360 -0.00213 -0.00426 -0.00107
4402.365 -0.00852 0.00107 -0.00213
4402.370 0.00426 -0.00213 -0.00213
4402.375 0.00107 0.00000 0.00000
4402.380 -0.00426 0.00213 -0.00320
4402.385 0.00320 -0.00213 0.00000
4402.390 0.00107 -0.00533 0.00533
4402.395 0.00213 -0.00107 -0.01278
4402.400 0.00000 0.00107 -0.00426
4402.405 -0.00746 -0.00746 0.00107
4402.410 -0.00426 -0.00852 -0.00320
4402.415 0.00746 0.00320 0.00213
4402.420 -0.00107 -0.00320 -0.00107
4402.425 -0.00533 -0.01278 0.00107
4402.430 -0.00533 -0.00533 0.00000
4402.435 0.00000 0.01385 0.00107
4402.440 -0.00107 -0.00426 0.00426
4402.445 -0.00959 -0.00213 -0.00107
4402.450 -0.00426 0.00426 -0.00533
4402.456 0.00320 0.00533 -0.00426
4402.461 -0.00426 -0.00213 0.00320
4402.466 0.00213 0.00000 -0.00639
4402.471 0.00000 -0.01172 0.00213
4402.476 -0.00107 0.00959 -0.00320
4402.481 0.00639 0.00639 -0.00746
4402.486 0.00746 -0.00320 -0.00533
4402.491 0.00639 -0.00107 0.00320
4402.496 0.00107 -0.00320 -0.00320
4402.501 -0.00107 -0.00426 -0.00533
4402.506 0.00426 0.00533 0.00320
4402.511 -0.00746 -0.01065 0.00426
4402.516 0.00320 -0.00213 -0.00213
4402.521 0.00533 0.00320 0.00213
4402.526 -0.00107 0.00000 -0.00213
4402.531 -0.00213 0.00320 -0.00213
4402.536 0.00000 -0.00320 0.00213
4402.541 0.00000 0.00639 -0.00639
4402.546 0.00000 -0.00426 -0.00320
4402.551 -0.00320 0.00852 0.00426
4402.556 0.00213 0.00639 0.00213
4402.561 -0.00746 -0.00533 -0.00852
4402.566 -0.01172 0.00320 -0.00213
4402.571 0.00107 0.00107 -0.00426
4402.576 0.00213 -0.00320 -0.00533
4402.581 0.00320 0.00107 -0.00426
4402.586 -0.00320 0.00107 -0.00852
4402.591 0.00107 0.00959 -0.00426
4402.596 -0.00639 0.00639 0.00426
4402.601 0.00533 0.00107 0.00426
4402.606 -0.00320 0.00000 0.00107
4402.611 0.01278 -0.00320 -0.00107
4402.616 -0.00107 0.00213 0.00426
4402.621 -0.00852 -0.00107 -0.00852
4402.626 -0.00426 0.00000 0.00107
4402.631 -0.00107 -0.00533 -0.00320
4402.637 0.00000 -0.00107 -0.00639
4402.642 -0.00533 -0.00852 -0.00639
4402.647 0.00639 0.00107 0.00533
4402.652 0.00426 0.00320 -0.00852
