4403.763 0.00533 0.00213 0.01278
4403.768 0.00959 0.00213 -0.00107
4403.774 -0.00107 0.00107 0.00852
4403.779 0.00533 -0.00426 -0.00213
4403.784 -0.00320 -0.00213 -0.00213
4403.789 -0.00213 0.00320 0.00000
4403.794 0.00107 -0.00213 -0.00533
4403.799 -0.00639 -0.00426 -0.00107
4403.804 0.00000 -0.00213 -0.00213
4403.809 -0.00746 0.00107 0.00107
4403.814 0.00000 0.00426 -0.00320
4403.819 -0.00746 -0.01491 0.00107
4403.824 -0.00320 -0.01385 0.00320
4403.829 -0.00213 -0.00107 -0.00107
4403.834 0.00320 0.00426 -0.00107
4403.839 -0.00746 -0.00107 0.00213
4403.844 0.00213 -0.00959 -0.00426
4403.849 0.00107 0.00107 -0.00213
4403.854 0.00533 -0.00107 -0.00426
4403.859 0.00426 -0.00533 -0.00320
4403.864 -0.00533 -0.00320 0.00107
4403.869 -0.00746 -0.00746 -0.00320
4403.874 -0.00107 0.00000 -0.00213
4403.879 0.00746 0.00746 0.00107
4403.884 0.00852 0.00426 0.00107
4403.889 -0.00533 -0.00639 0.00000
4403.894 0.00213 -0.00107 0.00320
4403.899 0.00320 -0.00426 -0.00320
4403.904 0.00000 0.00746 -0.00639
4403.909 -0.00746 0.00320 0.00107
4403.914 0.00959 0.00852 -0.00533
4403.919 -0.00533 -0.00852 -0.00320
4403.924 -0.00639 0.00213 -0.00533
4403.929 0.00320 0.00320 -0.00107
4403.935 -0.00533 -0.00533 0.00213
4403.940 0.00639 -0.00107 -0.00533
4403.945 0.00320 0.00000 0.00320
4403.950 0.00746 0.00000 0.00533
4403.955 0.00107 0.00639 -0.00107
4403.960 -0.00426 -0.00320 -0.00107
4403.965 0.00746 0.00107 -0.00533
4403.970 -0.01065 -0.00426 -0.00107
4403.975 -0.00426 -0.00426 0.00107
4403.980 0.00000 -0.00639 0.00320
4403.985 -0.00426 0.00746 -0.00107
4403.990 0.00000 -0.00107 -0.00107
4403.995 -0.00426 0.00320 -0.00852
4404.000 -0.00320 0.00426 -0.01172
4404.005 0.00533 0.00213 -0.00107
4404.010 -0.00852 0.00107 -0.00746
4404.015 -0.00852 -0.01385 0.00320
4404.020 0.00107 -0.00213 0.00746
4404.025 0.00746 0.00213 0.00320
4404.030 0.00213 0.00426 0.00213
4404.035 -0.00213 -0.00213 -0.00533
4404.040 -0.00320 0.00533 0.00213
4404.045 0.00107 -0.01385 -0.00320
4404.050 0.00000 -0.00213 0.00107
4404.055 -0.00213 0.00320 0.00426
4404.060 0.01278 -0.00107 -0.00426
4404.065 -0.00213 0.00320 -0.00746
4404.070 -0.00107 -0.00213 0.00107
4404.075 -0.00320 0.00639 0.00107
4404.080 -0.00746 -0.00213 0.00639
4404.085 -0.00213 0.00746 -0.00426
4404.090 -0.00639 -0.01278 0.00213
4404.095 0.00107 -0.00107 0.00000
4404.100 0.00107 0.00852 0.00320
4404.105 -0.00746 0.00107 0.00852
4404.110 -0.00533 0.00000 -0.00213
4404.115 -0.00320 0.00426 0.00107
4404.120 -0.00426 -0.00533 0.00320
4404.125 0.00533 -0.01491 0.00320
4404.130 -0.00639 -0.00852 0.00426
4404.135 -0.00213 -0.00320 -0.00533
4404.140 0.00533 0.00213 0.00533
4404.145 0.00107 -0.00426 -0.00320
4404.150 -0.00213 -0.00639 -0.00320
4404.156 0.00533 -0.00426 0.00426
4404.161 0.00426 0.00639 0.00746
4404.166 -0.00107 0.00426 -0.00533
4404.171 -0.01065 -0.00426 -0.00320
4404.176 0.00213 0.00426 0.00852
4404.181 -0.00639 -0.00320 -0.00107
4404.186 -0.00213 -0.00213 -0.00320
4404.191 -0.00107 0.00107 -0.00320
4404.196 0.00000 -0.00320 0.00639
4404.201 0.00213 -0.00320 0.00852
4404.206 0.00320 0.00107 -0.00533
4404.211 -0.00746 -0.00107 0.00213
4404.216 -0.00533 -0.00426 -0.00213
4404.221 -0.00639 -0.00213 -0.00107
4404.226 0.00000 0.01172 -0.00107
4404.231 -0.00107 0.00533 0.00213
4404.236 -0.00746 0.00746 0.00213
4404.241 -0.00639 -0.00639 -0.00213
4404.246 0.00107 -0.00533 -0.00426
4404.251 0.00213 -0.00107 0.00533
4404.256 -0.00213 -0.00320 0.00000
4404.261 0.00000 -0.00107 -0.00213
4404.266 0.00852 -0.00213 0.00320
4404.271 0.00000 -0.00213 -0.00213
4404.277 -0.00959 -0.00959 0.00000
4404.282 -0.00426 -0.01278 0.00000
4404.287 -0.00533 -0.00426 -0.00639
4404.292 0.00320 0.00107 -0.00320
4404.297 -0.00426 -0.00320 0.00213
4404.302 0.00107 -0.00213 0.00426
4404.307 -0.00746 -0.00320 0.00320
4404.312 -0.00107 0.00213 0.00000
4404.317 0.00107 -0.00639 0.00213
4404.322 0.00213 0.00107 0.00320
4404.327 0.00213 -0.00107 -0.00107
4404.332 0.00107 -0.00639 -0.00320
4404.337 -0.00639 0.00213 0.00107
4404.342 -0.00639 -0.00320 -0.00320
4404.347 0.00107 0.00426 -0.01065
4404.352 0.00107 0.01172 0.00426
4404.357 0.00852 0.00852 0.00746
4404.362 -0.00107 -0.00213 0.00213
4404.367 0.00000 0.00533 0.00213
4404.372 0.00639 0.00107 0.00426
4404.377 0.00746 -0.00426 0.01065
4404.382 0.00000 0.00107 -0.00426
4404.387 0.00320 -0.00320 0.00426
4404.392 0.00639 0.00852 -0.00426
4404.397 -0.00959 -0.00107 0.00746
4404.402 -0.00107 0.00107 0.00852
4404.407 -0.00746 -0.00213 -0.00533
4404.412 -0.00320 0.00107 0.00533
4404.418 0.00320 -0.00107 -0.00639
4404.422 -0.00213 -0.00533 -0.00107
4404.428 0.00107 -0.00852 -0.00533
4404.433 -0.00107 -0.00213 -0.00320
4404.438 0.00213 0.00213 -0.00107
4404.443 0.00426 -0.00107 0.00213
4404.448 0.00213 0.00320 0.01065
4404.453 -0.00533 -0.00320 -0.00213
4404.458 -0.01065 -0.00213 0.00107
4404.463 -0.00320 -0.00533 -0.00533
4404.468 0.00000 0.00213 -0.00320
4404.473 0.00213 0.00213 0.00320
4404.478 0.00639 0.00213 -0.00213
4404.483 0.00320 -0.00320 0.00107
4404.488 0.00426 -0.00107 0.00639
4404.493 0.00000 0.00107 -0.00959
4404.498 -0.00320 -0.00746 0.00000
4404.503 -0.00533 0.00107 -0.00639
4404.508 0.00639 0.01278 0.00000
4404.513 -0.00533 0.00213 -0.00959
4404.518 0.00107 0.00000 0.00533
4404.523 -0.00533 -0.00533 0.00000
4404.528 -0.00213 -0.00320 -0.00320
4404.533 -0.00852 -0.00213 -0.00746
4404.538 0.00000 0.00320 -0.00959
4404.543 0.00426 0.00639 -0.00320
4404.548 -0.00213 0.00320 0.00107
4404.553 0.00426 0.00107 0.00213
4404.558 -0.00107 -0.00107 -0.00320
4404.563 0.00852 0.00213 -0.00213
4404.568 -0.00320 -0.00107 0.00320
4404.573 -0.02024 -0.00107 0.00533
4404.578 0.00213 -0.01065 0.00213
4404.583 0.00320 -0.00320 -0.01065
4404.588 -0.00320 0.00213 -0.00320
4404.593 0.00533 -0.00107 -0.00533
4404.598 0.00533 0.00213 -0.00107
4404.603 0.00426 0.00213 -0.00213
4404.609 0.00533 -0.00320 0.00320
4404.614 0.00107 0.00320 0.00107
4404.619 0.00213 -0.00852 -0.00320
4404.624 -0.00533 0.00107 0.00107
4404.629 -0.00320 0.00426 0.00639
4404.634 0.00000 -0.00107 0.00000
4404.639 -0.00320 0.00426 -0.00213
4404.644 0.00000 0.00000 -0.00320
4404.649 -0.01491 0.00000 -0.00107
4404.654 0.00426 -0.00320 -0.00107
4404.659 -0.00533 -0.00320 -0.00533
4404.664 -0.00533 0.00320 0.00426
4404.669 -0.00639 0.00000 0.00533
4404.674 0.00320 0.00533 -0.00852
4404.679 -0.00639 0.00107 -0.00746
4404.684 -0.00426 -0.00107 -0.00746
4404.689 0.00000 0.00320 -0.00213
4404.694 0.00746 0.00533 -0.00107
4404.699 0.00107 0.00107 -0.00213
4404.704 0.00852 -0.00639 -0.00639
4404.709 -0.00746 -0.00320 -0.01172
4404.714 0.00533 -0.00320 0.00213
4404.719 0.00107 0.00213 0.00213
4404.724 0.00320 0.00426 0.00213
4404.729 -0.00320 -0.00533 0.01172
4404.734 -0.00533 0.00000 -0.00107
4404.739 0.00213 -0.00107 -0.00639
4404.744 -0.00426 -0.00533 0.00107
4404.749 -0.01385 0.00426 0.00000
4404.754 -0.00533 0.00213 -0.00533
4404.759 -0.00533 0.00213 -0.00426
4404.764 -0.00533 0.01172 0.00107
4404.770 0.00426 0.00639 -0.00213
4404.775 0.00107 0.00213 -0.00746
4404.780 -0.00746 -0.00533 0.00852
4404.785 0.00000 0.00320 -0.01491
4404.790 -0.00213 0.00213 -0.01065
4404.795 0.00426 0.00000 0.00426
4404.800 -0.00213 -0.00533 0.00000
4404.805 -0.00746 -0.00639 -0.00213
4404.810 0.00320 -0.00533 0.00107
4404.815 -0.00107 0.00213 0.00000
4404.820 0.00213 -0.00852 0.00107
4404.825 -0.00320 -0.00107 0.01172
4404.830 0.00320 0.00320 -0.00639
4404.835 -0.00746 -0.00213 -0.00107
4404.840 -0.00213 0.00213 -0.00107
4404.845 0.00639 0.00000 -0.00746
4404.850 0.00426 -0.00213 -0.00213
4404.855 0.00213 -0.00213 -0.00107
4404.860 -0.00107 0.00107 -0.00213
4404.865 -0.00746 -0.00213 -0.00852
4404.870 0.00959 -0.00426 0.00320
4404.875 -0.00533 -0.01598 -0.00959
4404.880 -0.00533 -0.01172 0.00000
4404.885 0.00426 0.00000 -0.00852
4404.890 -0.01278 -0.00533 0.00213
4404.895 -0.00320 -0.00426 -0.00426
4404.901 0.00426 0.00426 0.00639
4404.906 0.00746 0.00000 0.00107
4404.911 0.00639 0.00426 -0.00852
4404.916 0.00107 0.00000 0.00213
4404.921 -0.00213 -0.00533 0.00426
4404.926 -0.00320 -0.00213 0.00107
4404.931 -0.00107 0.00107 0.00533
4404.936 0.00320 -0.00533 0.00320
4404.941 -0.00213 0.00107 -0.00213
4404.946 -0.00533 -0.00533 0.00107
4404.951 -0.00533 0.00533 0.00426
4404.956 -0.00320 -0.00107 -0.00533
4404.961 -0.00533 -0.00320 0.00320
4404.966 -0.00320 0.00426 -0.00213
4404.971 -0.00107 0.00213 -0.00426
4404.976 -0.00746 0.00107 -0.00639
4404.981 0.00107 0.00533 -0.00213
4404.986 -0.00107 0.00320 0.00107
4404.991 -0.00320 0.00746 0.00213
4404.996 -0.00639 0.00320 -0.01065
4405.001 0.00213 -0.00107 -0.00533
4405.006 0.00107 -0.00213 0.00533
4405.011 -0.00426 0.00426 -0.00213
4405.016 -0.00746 -0.00213 -0.00213
4405.021 0.00213 0.00639 -0.01385
4405.026 -0.00107 -0.00426 -0.00320
4405.031 -0.00746 -0.00107 0.00959
4405.036 0.00000 0.00639 0.00000
4405.041 -0.01491 -0.00320 -0.00320
4405.046 0.00107 -0.00320 -0.00107
4405.051 0.00107 -0.00639 -0.00639
4405.056 0.00639 -0.00852 -0.00426
4405.061 0.00213 0.00426 0.00533
4405.066 0.00213 0.00320 -0.00852
4405.071 -0.00746 0.00213 0.00213
4405.076 0.00746 -0.00213 -0.00746
4405.082 0.01811 0.00320 -0.00107
4405.087 -0.01065 -0.00213 -0.00107
4405.092 0.00213 -0.00959 -0.00426
4405.097 0.00213 -0.00213 -0.00320
4405.102 -0.00213 -0.00213 0.00213
4405.107 0.00320 0.00639 -0.00107
4405.112 -0.00213 -0.00213 -0.00533
4405.117 -0.00213 -0.00852 0.00959
4405.122 0.00000 0.00107 -0.00320
4405.127 -0.00639 -0.00426 0.00107
4405.132 0.00000 0.00000 0.00746
4405.137 -0.01065 -0.00746 -0.00213
4405.142 -0.00107 -0.00852 0.01065
4405.147 -0.00852 -0.00639 -0.00533
4405.152 0.00533 -0.00533 0.00000
4405.157 -0.01065 0.00320 -0.00107
4405.162 0.00426 0.00320 0.00426
4405.167 -0.00213 0.00213 -0.00320
4405.172 -0.00639 -0.00213 0.00426
4405.177 -0.00107 -0.00639 -0.00426
4405.182 -0.00213 0.00107 0.00107
4405.187 -0.00426 -0.00320 -0.00746
4405.192 -0.00746 -0.00320 -0.00852
4405.197 0.00213 -0.00107 -0.00107
4405.202 -0.00533 0.00213 -0.00107
4405.207 -0.00533 0.00852 0.00107
4405.212 -0.00533 0.00213 -0.00213
4405.217 -0.00639 -0.00426 0.00000
4405.222 -0.00639 -0.00320 -0.00320
4405.227 -0.00639 -0.00213 0.00320
4405.232 -0.00213 0.00213 0.00320
4405.237 -0.00320 0.00000 0.00000
4405.242 0.00320 0.00320 0.00000
4405.247 -0.00852 -0.00107 -0.00107
4405.253 -0.01385 -0.00107 -0.00533
4405.258 -0.00213 0.01065 -0.00639
4405.263 -0.00852 0.00426 0.00320
4405.268 0.00426 0.00320 -0.00533
4405.273 -0.00426 -0.01065 0.00000
4405.278 -0.00213 -0.00107 -0.00533
4405.283 -0.00320 -0.00213 0.00426
4405.288 -0.00107 0.00533 0.00426
4405.293 -0.01172 -0.00639 0.00213
4405.298 -0.00213 0.00000 0.00213
4405.303 0.00000 -0.00107 0.00320
4405.308 -0.00746 -0.00320 -0.00213
4405.313 0.00959 0.00533 0.00639
4405.318 -0.00107 0.00107 0.00107
4405.323 0.00320 0.01172 0.00426
4405.328 0.00533 -0.00213 0.00320
4405.333 -0.00107 -0.00426 -0.00213
4405.338 0.00107 0.00533 0.00426
4405.343 0.00533 0.00533 0.00000
4405.348 0.00000 0.00213 -0.00639
4405.353 0.00213 0.00213 -0.00533
4405.358 0.00000 -0.00107 -0.00213
4405.363 0.00107 -0.00107 0.00000
4405.368 0.00426 -0.02131 0.00000
4405.373 -0.01065 0.00213 0.00107
4405.378 -0.00107 -0.00213 0.00000
4405.383 0.00533 0.00639 -0.00639
4405.388 0.00426 -0.00639 0.00107
4405.394 0.00107 0.00000 0.00320
4405.398 0.00959 -0.00320 0.00000
4405.404 -0.00639 -0.00746 -0.00959
4405.409 0.00320 0.00213 0.00000
4405.414 -0.00213 0.00213 -0.00746
4405.419 -0.00107 0.00000 -0.00213
4405.424 0.00000 -0.00213 -0.00107
4405.429 -0.00533 -0.00639 -0.00213
4405.434 -0.00426 -0.00426 0.00320
4405.439 -0.00746 -0.00533 -0.00320
4405.444 -0.00426 0.00107 0.00107
4405.449 -0.00107 0.00746 0.00320
4405.454 -0.00213 -0.00959 -0.00533
4405.459 0.00107 -0.00320 -0.00213
4405.464 0.00320 0.00000 -0.00107
4405.469 0.00533 0.00320 -0.00639
4405.474 -0.00852 -0.00107 -0.00320
4405.479 0.00213 -0.00746 0.00426
4405.484 -0.00107 0.01172 -0.00107
4405.489 -0.00533 -0.00213 -0.00533
4405.494 0.00213 0.00107 -0.00426
4405.499 0.00000 -0.00746 0.00107
4405.504 -0.00320 -0.00852 0.00000
4405.509 0.00213 0.00107 -0.00320
4405.514 -0.00213 0.00959 0.00107
4405.519 0.00213 0.00000 0.00426
4405.524 -0.00639 -0.00107 0.00107
4405.529 -0.00213 0.00213 0.00320
4405.534 -0.00213 0.00107 -0.00320
4405.539 0.00107 -0.00426 0.00959
4405.545 0.00320 0.00000 0.00000
4405.550 0.00000 0.00000 -0.00107
4405.555 0.00213 -0.00107 -0.00213
4405.560 -0.00746 0.00000 -0.00426
4405.565 0.00000 -0.00107 -0.00213
4405.570 -0.00746 0.00000 0.00320
4405.575 0.00213 -0.00426 -0.00107
4405.580 -0.00213 -0.00533 0.00533
4405.585 0.00426 0.00533 0.00959
4405.590 0.00639 0.00320 -0.00107
4405.595 -0.00959 -0.00426 0.00639
4405.600 0.00639 -0.00426 0.00533
4405.605 -0.00107 -0.00426 0.00107
4405.610 0.00213 -0.00213 -0.00852
4405.615 0.00000 -0.00959 0.00426
4405.620 -0.00426 -0.00320 -0.00107
4405.625 -0.00852 -0.00320 0.00426
4405.630 0.00000 -0.00746 -0.00213
4405.635 -0.00213 -0.00746 -0.00107
4405.640 0.00533 0.00533 0.00000
4405.645 -0.00533 0.00213 -0.00426
4405.650 -0.00426 0.00746 -0.00107
4405.655 0.00639 -0.00107 -0.00107
4405.660 0.00639 -0.00320 0.00320
4405.665 -0.00426 -0.00746 0.00213
4405.670 -0.00213 -0.00533 -0.00107
4405.675 0.00107 0.00107 0.00000
4405.680 0.00213 0.00107 0.00000
4405.685 0.00000 -0.00426 -0.00107
4405.690 0.00107 0.00533 -0.00320
4405.695 -0.00639 0.00213 0.00107
4405.700 0.00000 -0.00213 -0.00426
4405.705 -0.00213 -0.00426 0.00107
4405.710 0.00213 0.00107 0.00533
4405.716 0.00000 -0.00107 0.00639
4405.721 0.00213 -0.00533 0.00000
4405.726 0.00746 0.00213 0.00746
4405.731 -0.00533 0.00533 0.00213
4405.736 0.00426 -0.00107 -0.00426
4405.741 0.00533 0.00213 0.00533
4405.746 -0.00107 0.00213 -0.00320
4405.751 0.00320 0.00320 0.00320
4405.756 0.00852 0.01065 -0.00213
4405.761 -0.01172 -0.00639 -0.00959
4405.766 0.00000 0.00533 0.00746
4405.771 -0.00107 0.00107 -0.00213
4405.776 0.00320 -0.00107 0.00746
4405.781 -0.00639 -0.00320 0.00107
4405.786 0.00533 -0.00852 0.00533
4405.791 -0.00213 0.00533 0.00107
4405.796 0.01172 -0.00639 -0.01065
4405.801 -0.00213 0.00320 0.00213
4405.806 -0.00426 0.00959 -0.00852
4405.811 -0.00213 0.00426 0.00320
4405.816 0.00107 -0.00746 0.00426
4405.821 -0.00533 0.00746 -0.00639
4405.826 -0.00426 -0.00533 0.00107
4405.831 0.00000 -0.00639 -0.00426
4405.836 0.00213 -0.00320 0.00107
4405.841 0.01278 0.00107 0.00213
4405.846 -0.00213 0.00000 0.00107
4405.851 0.00000 0.00959 0.00213
4405.856 -0.00320 0.00639 -0.00107
4405.861 0.00426 -0.00213 -0.00320
4405.866 -0.00852 -0.00213 0.00533
4405.871 0.00320 -0.01065 0.00213
4405.876 0.00320 0.00533 -0.00320
4405.881 -0.00213 -0.00213 -0.00213
4405.886 -0.00639 0.00000 -0.00746
4405.891 0.00107 0.00213 -0.00213
4405.896 -0.00852 0.00746 0.00533
4405.901 -0.00639 0.00213 0.00213
4405.907 -0.00107 0.00639 0.00320
4405.912 -0.00107 -0.00213 -0.00213
4405.917 -0.00746 -0.00107 0.00000
4405.922 0.00426 -0.00639 0.00213
4405.927 -0.00107 0.00000 0.00320
4405.932 -0.01065 -0.00426 0.00000
4405.937 -0.01704 -0.00746 0.00320
4405.942 -0.00213 0.00107 -0.01065
4405.947 0.00213 -0.00426 -0.01172
4405.952 -0.00320 0.00533 0.00107
4405.957 -0.00959 -0.00107 0.00107
4405.962 0.00426 -0.00107 0.00213
4405.967 -0.00320 -0.00107 -0.00746
4405.972 -0.00426 -0.00852 -0.00320
4405.977 -0.00320 0.00852 0.00213
4405.982 -0.00213 -0.00959 -0.00639
4405.987 -0.00107 -0.00639 -0.00320
4405.992 -0.00852 -0.00320 0.00107
4405.997 -0.00320 0.00000 0.00213
4406.002 0.00852 -0.00107 -0.00213
4406.007 -0.00426 0.00000 -0.00107
4406.012 0.00107 0.00320 0.00107
4406.017 0.00746 -0.00746 0.00107
4406.022 0.00213 -0.00426 -0.00426
4406.027 -0.00213 0.00320 -0.00107
4406.032 0.00000 -0.00213 -0.00213
4406.038 -0.00639 0.00320 -0.00852
4406.043 0.00426 -0.00746 0.00533
4406.048 -0.00639 0.00426 0.00320
4406.053 -0.00746 -0.00533 -0.00320
4406.058 0.01172 -0.00746 0.00107
4406.063 -0.00320 -0.00213 -0.00533
4406.068 0.00213 -0.00426 0.00213
4406.073 0.00533 0.00533 0.00000
4406.078 -0.00746 -0.00320 -0.00213
4406.083 -0.01278 -0.00320 -0.00320
4406.088 -0.00107 0.00107 0.00746
4406.093 0.00533 -0.01172 0.00000
4406.098 -0.00426 -0.00320 -0.00320
4406.103 0.00426 -0.00213 0.00213
4406.108 -0.00107 0.00107 -0.00107
4406.113 -0.00639 0.00000 -0.00639
4406.118 -0.00426 -0.00959 -0.00533
4406.123 0.00213 0.00639 0.00213
4406.128 0.00533 -0.00639 0.00426
4406.133 0.00426 0.00000 -0.00320
4406.138 -0.00426 0.00107 0.00213
4406.143 -0.00107 0.00213 0.00852
4406.148 -0.00852 -0.00639 0.00746
4406.153 -0.00320 0.00000 0.00107
4406.158 0.00320 -0.00107 0.00320
4406.163 0.00000 0.00000 -0.00639
4406.168 -0.00426 -0.00213 0.00107
4406.173 0.00000 0.00533 -0.00426
4406.178 0.00000 -0.00746 -0.00320
4406.183 0.01065 -0.00107 -0.00107
4406.188 -0.00213 0.00000 0.00107
4406.193 -0.00426 0.00746 0.00639
4406.199 -0.01278 -0.00107 0.00107
4406.204 -0.01491 -0.01172 -0.00746
4406.209 0.00213 -0.00320 0.00107
4406.214 -0.00213 0.00426 -0.00852
4406.219 -0.00426 -0.00852 -0.00320
4406.224 0.00000 0.00320 0.00959
4406.229 -0.00639 -0.01065 0.00107
4406.234 0.00533 0.00213 0.00746
4406.239 0.00213 0.00000 0.00000
4406.244 0.00320 0.00746 -0.00959
4406.249 -0.00533 -0.00852 -0.00320
4406.254 -0.01278 -0.00533 -0.00426
4406.259 0.00426 0.00213 0.00000
4406.264 -0.00533 -0.00320 0.00000
4406.269 -0.00213 -0.00213 0.00639
4406.274 -0.00213 0.00426 -0.00959
4406.279 -0.00639 -0.01278 0.00000
4406.284 -0.00533 -0.00107 0.00639
4406.289 -0.00426 -0.00746 0.00107
4406.294 -0.00533 0.00107 0.00000
4406.299 -0.00426 0.00107 -0.00213
4406.304 -0.00320 -0.00107 0.00852
4406.309 0.00107 -0.00320 0.00320
4406.314 -0.01278 0.00746 0.00320
4406.319 -0.00320 0.00000 -0.00107
4406.324 0.00000 -0.00320 0.00000
4406.329 -0.00107 -0.00746 0.00639
4406.334 0.00000 0.00213 0.00639
4406.339 -0.00533 -0.00746 0.00320
4406.344 -0.00107 -0.00213 0.00213
4406.350 -0.00213 0.00959 0.00107
4406.355 -0.00107 -0.00533 0.00852
4406.360 0.00959 0.00107 0.00213
4406.365 -0.00213 -0.00639 -0.00213
4406.370 -0.01172 0.00107 0.00107
4406.375 0.00213 -0.00107 0.00746
4406.380 -0.00107 -0.00639 0.00533
4406.385 -0.00213 -0.00533 -0.00107
4406.390 0.00000 -0.00107 0.00213
4406.395 0.00107 -0.00426 -0.00107
4406.400 -0.00533 -0.01065 0.00746
4406.405 0.00746 0.00000 0.00000
4406.410 -0.00107 0.00533 -0.00320
4406.415 0.00213 0.00320 -0.00107
4406.420 -0.00426 -0.00533 0.00213
4406.425 -0.00213 0.00639 0.00107
4406.430 0.00000 -0.00426 0.00213
4406.435 -0.00533 0.00107 0.00000
4406.440 0.00213 -0.00320 -0.00639
4406.445 -0.00320 0.00426 -0.00107
4406.450 0.01385 0.00000 0.00320
4406.455 0.00320 0.00320 -0.00639
4406.460 0.00000 0.00000 0.00107
4406.465 0.00000 0.00107 -0.00107
4406.470 -0.00213 -0.00213 -0.00533
4406.475 -0.00213 -0.00426 0.00000
4406.480 0.00746 0.00320 -0.00426
4406.485 -0.00320 -0.00746 -0.00639
4406.490 0.00852 0.00213 0.00000
4406.495 -0.01172 -0.00320 0.00213
4406.500 0.00533 0.00000 0.00000
4406.505 -0.00107 0.01385 -0.00107
4406.511 0.00533 0.00000 0.00426
4406.516 0.00426 0.00107 -0.00107
4406.521 -0.00639 -0.00533 0.00426
4406.526 0.00213 -0.00533 -0.01065
4406.531 -0.00746 -0.00852 0.00107
4406.536 -0.00426 -0.00959 0.00000
4406.541 -0.00320 -0.00639 -0.00746
4406.546 -0.00852 0.00426 -0.00959
4406.551 -0.01278 -0.00107 -0.00639
4406.556 -0.00639 0.00533 0.00426
4406.561 0.00213 0.00639 -0.00639
4406.566 0.00320 0.00107 -0.00107
4406.571 0.00533 0.00000 -0.00213
4406.576 0.00107 0.00213 0.00533
4406.581 -0.00320 0.00533 0.00533
4406.586 0.00000 -0.00959 -0.00533
4406.591 0.00000 0.01065 0.00533
4406.596 -0.00107 0.00000 0.00107
4406.601 0.00320 -0.00107 -0.00320
4406.606 -0.00533 0.00959 0.00959
4406.611 -0.00639 -0.00107 0.00213
4406.616 -0.00533 -0.00426 0.00213
4406.621 -0.00746 -0.00533 0.00000
4406.626 0.00213 -0.00533 -0.00213
4406.631 -0.00213 -0.00426 -0.00533
4406.636 -0.00852 -0.00746 0.00107
4406.641 -0.00320 0.00852 0.00533
4406.646 -0.00320 -0.00107 -0.00426
4406.651 0.00533 -0.00426 -0.00213
4406.656 0.00000 -0.00213 0.00426
4406.661 -0.00320 -0.00213 0.00213
4406.666 -0.00213 0.00320 -0.00639
4406.671 0.00000 -0.00533 -0.00213
4406.676 0.00426 -0.00213 -0.00107
4406.681 -0.00533 0.00426 0.00320
4406.686 0.00107 -0.00639 -0.00426
4406.692 0.00107 -0.00639 0.00213
4406.697 0.00000 0.00000 0.00533
4406.702 0.00107 -0.01065 -0.00426
4406.707 -0.00213 -0.00746 -0.00213
4406.712 -0.00213 0.00107 0.00746
4406.717 -0.00533 -0.00320 0.00107
4406.722 -0.00426 -0.00107 0.00533
4406.727 0.00107 0.00426 -0.00107
4406.732 0.00213 -0.00107 -0.00320
4406.737 -0.01065 -0.00746 -0.00107
4406.742 -0.00959 -0.00213 0.00533
4406.747 0.00213 -0.00426 -0.00213
4406.752 -0.00213 -0.00426 -0.00426
4406.757 0.00213 -0.00426 0.00107
4406.762 0.00533 -0.00320 0.00213
4406.767 0.00107 0.00000 0.00533
4406.772 -0.00213 -0.01278 0.00426
4406.777 0.00000 0.00107 0.01065
4406.782 0.00426 -0.00746 -0.00746
4406.787 0.00000 0.00107 -0.00107
4406.792 0.01172 0.00000 0.00000
4406.797 -0.00107 -0.00107 -0.00639
4406.802 0.00107 0.00426 0.00107
4406.807 -0.00107 -0.00213 0.00107
4406.812 0.00107 0.00426 0.00107
4406.817 0.00639 -0.00107 -0.00426
4406.822 0.00639 -0.00107 0.00000
4406.827 0.00107 0.00213 0.00107
4406.832 0.00426 -0.00959 -0.00746
4406.837 -0.00320 0.00320 -0.00213
4406.842 -0.00320 -0.00320 -0.00426
4406.847 -0.00533 0.00000 0.00107
4406.852 -0.00426 0.00213 0.00426
4406.857 0.00746 0.00426 0.00320
4406.863 -0.00426 -0.00213 -0.00426
4406.868 0.00107 -0.00213 -0.00533
4406.873 -0.00107 0.00746 0.00000
4406.878 -0.00533 -0.00852 0.00000
4406.883 -0.01385 -0.00320 -0.00107
4406.888 -0.00746 -0.00426 -0.00213
4406.893 -0.00639 -0.00639 0.00000
4406.898 0.00533 -0.00213 -0.00320
4406.903 0.00639 -0.00426 -0.00639
4406.908 0.00852 -0.00533 0.00320
4406.913 -0.00426 0.00000 -0.00107
4406.918 0.00533 -0.00959 -0.00320
4406.923 -0.01385 0.00213 -0.00213
4406.928 0.00426 0.00213 0.00000
4406.933 -0.00107 0.00426 0.00426
4406.938 0.00000 -0.00746 0.00107
4406.943 -0.00320 -0.00852 -0.00320
4406.948 -0.00639 -0.00107 0.00213
4406.953 -0.00426 -0.00533 -0.01811
4406.958 -0.00107 -0.00107 -0.00213
4406.963 0.01172 0.01278 -0.00533
4406.968 -0.00639 -0.00746 -0.00320
4406.973 -0.00426 -0.00426 -0.00213
4406.978 0.00000 -0.00320 0.00000
4406.983 0.00107 0.00213 0.00320
4406.988 -0.00746 -0.00107 0.00107
4406.994 -0.00426 -0.00213 -0.00746
4406.998 -0.00213 0.00852 0.00746
4407.004 -0.00852 -0.00959 0.00639
4407.009 0.00320 -0.00213 0.00426
4407.014 0.00107 -0.00320 -0.00213
4407.019 0.00746 -0.00533 -0.00533
4407.024 -0.00852 -0.00107 0.00107
4407.029 0.00000 0.00000 0.00426
4407.034 0.00000 -0.00320 0.00426
4407.039 -0.00426 0.00320 0.00213
4407.044 0.00107 -0.00213 -0.01172
4407.049 -0.00213 -0.00320 0.00533
4407.054 -0.00852 -0.00107 0.00959
4407.059 -0.00213 0.00213 0.00000
4407.064 0.00107 0.00213 -0.00107
4407.069 0.00000 -0.00746 -0.00213
4407.074 -0.00852 0.00426 0.00000
4407.079 0.00107 -0.00213 -0.00320
4407.084 -0.00639 0.00533 0.00000
4407.089 0.01172 -0.00107 0.00213
4407.094 -0.00959 0.00426 -0.00107
4407.099 -0.00639 0.00852 0.01385
4407.104 -0.00746 -0.00213 -0.00639
4407.109 -0.00959 -0.00426 -0.01385
4407.114 0.00107 -0.00533 0.00107
4407.119 0.00746 -0.00639 0.00000
4407.124 0.00213 0.00426 0.00639
4407.129 0.00107 -0.00533 0.00320
4407.134 0.00000 0.00426 0.00000
4407.139 -0.00320 -0.01917 0.00320
4407.144 -0.00852 -0.00320 -0.01491
4407.149 -0.00639 0.00000 -0.00320
4407.154 0.00213 -0.00320 0.00107
4407.159 -0.00213 0.00213 -0.01065
4407.164 0.00320 -0.00852 -0.00639
4407.169 -0.00213 0.00320 0.00213
4407.174 -0.00639 0.00000 0.00426
4407.179 -0.00533 0.00107 -0.00320
4407.185 0.00213 0.00107 -0.00533
4407.190 -0.00213 -0.00959 0.00213
4407.195 -0.00639 0.00107 -0.00533
4407.200 -0.00639 -0.00320 0.00959
4407.205 0.00107 -0.00213 0.00213
4407.210 0.00426 0.00320 -0.00107
4407.215 -0.00746 -0.00426 -0.00213
4407.220 -0.00746 -0.00426 0.00213
4407.225 0.00320 -0.00107 -0.00426
4407.230 0.00959 0.00426 -0.00426
4407.235 -0.00426 0.00000 0.00426
4407.240 -0.00533 -0.00959 -0.00426
4407.245 0.00213 -0.00213 0.00533
4407.250 -0.00213 -0.00213 0.00107
4407.255 0.00000 0.00107 0.00000
4407.260 -0.00107 0.00320 0.00000
4407.265 -0.00426 0.00320 -0.00107
4407.270 -0.01172 0.00213 0.00000
4407.275 -0.00959 -0.00426 0.00107
4407.280 -0.00533 -0.00320 -0.00320
4407.285 -0.00639 -0.00639 0.00639
4407.290 0.00000 0.00000 0.00107
4407.295 -0.00107 0.00213 0.00852
4407.300 -0.00533 -0.00746 -0.00426
4407.305 0.00533 -0.00426 0.00426
4407.310 0.00320 -0.00533 0.00320
4407.315 -0.00213 -0.00426 -0.00746
4407.320 0.00000 0.00746 0.00107
4407.326 -0.00213 -0.00426 0.00213
4407.331 -0.00213 0.00107 0.00107
4407.336 0.00426 -0.00533 0.01065
4407.341 -0.00852 -0.00320 -0.00639
4407.346 0.00107 -0.00746 -0.00426
4407.351 -0.00213 0.00000 -0.00213
4407.356 -0.00426 0.00000 0.00320
4407.361 -0.00107 0.00000 0.00107
4407.366 0.00000 0.00000 -0.00213
4407.371 -0.00426 0.00213 0.00213
4407.376 0.00107 -0.00746 -0.00107
4407.381 -0.00213 0.00320 0.00320
4407.386 -0.00426 -0.00107 -0.00213
4407.391 -0.00639 -0.00213 -0.00746
4407.396 -0.01065 -0.00852 -0.00639
4407.401 0.00320 -0.00426 0.00213
4407.406 -0.00959 0.00533 -0.00426
4407.411 -0.00320 -0.01172 -0.00639
4407.416 0.01065 -0.00107 -0.00213
4407.421 -0.00426 0.00533 -0.00320
4407.426 -0.00107 -0.00639 0.00000
4407.431 0.00320 -0.00426 0.00107
4407.436 0.00746 0.00533 -0.00426
4407.441 -0.00533 -0.00107 0.00000
4407.446 0.00426 -0.00426 0.00000
4407.451 0.00852 0.00000 -0.00213
4407.456 -0.00639 -0.00107 0.00533
4407.461 0.00533 -0.00746 0.00426
4407.466 -0.00746 -0.00107 0.00107
4407.471 -0.00426 -0.00426 -0.00213
4407.476 -0.00213 -0.00213 0.00107
4407.481 0.00426 0.00320 -0.00639
4407.486 -0.00746 -0.01172 0.00320
4407.491 0.00213 -0.00213 0.00426
4407.497 -0.00107 -0.00639 -0.00107
4407.502 0.00107 -0.00320 0.00852
4407.507 -0.00959 -0.00426 0.00107
4407.512 0.00107 -0.00213 -0.00107
4407.517 -0.01491 -0.00533 0.00852
4407.522 0.00959 -0.00107 0.00000
4407.527 0.00107 -0.01065 0.00107
4407.532 0.00000 -0.00213 -0.00107
4407.537 -0.00959 -0.00639 -0.00107
4407.542 -0.00107 0.00107 0.00639
4407.547 0.00107 0.00107 -0.01385
4407.552 -0.00852 -0.00639 -0.00107
4407.557 -0.00107 -0.00107 0.00000
4407.562 0.00107 0.00320 -0.00213
4407.567 -0.00746 0.00746 0.00107
4407.572 -0.00107 -0.00320 -0.00213
4407.577 0.00533 -0.00426 0.00213
4407.582 0.00426 0.00213 0.00213
4407.587 -0.00107 0.00426 0.00107
4407.592 0.00426 0.00320 0.00213
4407.597 0.01385 0.00533 -0.00533
4407.602 0.00533 -0.00107 -0.01065
4407.607 0.00320 -0.00213 0.00533
4407.612 -0.00639 0.00000 -0.00320
4407.617 -0.00107 -0.00639 0.00107
4407.622 0.00320 -0.00746 0.00213
4407.627 0.00000 0.00426 0.00213
4407.632 0.00320 -0.00639 0.00213
4407.638 0.00213 0.00533 0.00107
4407.643 0.01065 0.00107 -0.00320
4407.648 -0.00107 -0.00320 0.00213
4407.653 0.00639 -0.00107 0.00639
4407.658 -0.00533 -0.00639 -0.00426
4407.663 0.00213 0.00639 -0.00320
4407.667 -0.00426 0.00320 0.00000
4407.672 -0.00213 -0.00852 -0.00107
4407.678 -0.00426 -0.00533 0.00746
4407.682 -0.00107 -0.00852 -0.00533
4407.688 0.00320 0.01278 -0.00107
4407.693 -0.00107 -0.00426 0.00426
4407.698 0.00107 0.00213 -0.00852
4407.703 -0.00639 -0.00213 0.00107
4407.707 -0.00107 -0.00533 0.00213
4407.712 0.00107 0.00426 0.00000
4407.718 0.00533 0.00213 -0.00107
4407.723 -0.00533 0.00320 -0.00426
4407.728 0.00852 -0.00533 -0.00639
4407.733 0.00000 -0.00639 -0.00533
4407.738 -0.00426 0.00213 0.00107
4407.743 0.00213 -0.00320 -0.00426
4407.748 -0.00107 0.00639 0.00746
4407.753 0.00213 -0.00533 -0.00533
4407.758 0.00852 -0.00426 -0.00426
4407.763 -0.01172 0.00639 -0.00213
4407.768 -0.00107 -0.01278 -0.00639
4407.773 -0.00426 -0.00426 -0.00213
4407.778 0.00320 -0.00426 0.00639
4407.783 0.00213 0.00107 0.00213
4407.788 0.00533 0.00320 -0.00107
4407.793 0.00320 -0.00320 0.00000
4407.798 -0.02024 -0.00213 0.00000
4407.803 0.00426 -0.00213 -0.00107
4407.809 -0.00107 0.00746 0.00000
4407.814 0.00426 0.00320 0.00000
4407.819 0.00426 -0.00213 -0.00426
4407.824 0.00746 0.00320 0.00426
4407.829 0.00639 0.00533 0.00213
4407.834 -0.00320 -0.00533 0.00000
4407.839 -0.01065 0.00426 -0.00426
4407.844 0.00639 -0.00320 -0.00107
4407.849 -0.00320 0.00320 -0.00107
4407.854 -0.00533 -0.00426 -0.00426
4407.859 0.00639 -0.00107 -0.00107
4407.864 -0.00107 0.00213 0.00426
4407.869 -0.00213 -0.00639 -0.00320
4407.874 -0.00959 0.00746 0.00000
4407.879 0.00639 -0.00852 -0.00213
4407.884 -0.00533 0.00000 0.00213
4407.889 0.00000 -0.00533 -0.00107
4407.894 -0.00213 -0.00107 0.00639
4407.899 -0.00426 0.01065 0.00213
4407.904 0.00320 -0.00426 0.00213
4407.909 0.00000 0.00426 -0.00107
4407.914 -0.00533 -0.00107 -0.00426
4407.919 0.00426 0.00000 -0.00320
4407.924 -0.00426 -0.01278 0.00107
4407.929 -0.00426 -0.01278 0.01385
4407.934 -0.01065 0.00746 -0.00320
4407.939 -0.00426 -0.00320 -0.00213
4407.944 -0.00107 -0.01385 0.00213
4407.949 0.00320 0.00426 0.00107
4407.954 0.00533 -0.00320 0.00533
4407.960 -0.00213 0.00213 0.00213
4407.965 -0.00107 -0.00213 -0.00746
4407.970 -0.00320 0.00533 -0.00107
4407.975 -0.00213 -0.00320 0.00533
4407.980 -0.00426 -0.00320 -0.00107
4407.985 -0.00320 -0.00320 0.00000
4407.990 0.00320 0.00213 -0.00213
4407.995 0.00213 0.00107 -0.00107
4408.000 -0.00639 -0.00213 -0.00639
4408.005 -0.01172 -0.00320 0.00000
4408.010 0.00000 -0.00746 0.00320
4408.015 -0.00320 -0.00426 0.00000
4408.020 -0.00320 -0.00959 -0.00426
4408.025 0.00426 -0.00533 0.00320
4408.030 0.00107 -0.00213 -0.00107
4408.035 -0.00959 -0.00213 0.00000
4408.040 -0.00320 -0.00213 0.00213
4408.045 -0.00746 0.00639 -0.00533
4408.050 0.00000 -0.00852 0.00107
4408.055 -0.00107 0.00213 0.00000
4408.060 0.00426 -0.00107 0.00639
4408.065 -0.00107 -0.00639 0.00107
4408.070 -0.00639 0.00959 -0.00533
4408.075 -0.00107 0.00000 -0.00107
4408.080 0.00639 -0.00639 0.00213
4408.085 -0.00107 0.00000 -0.00320
4408.090 0.00320 -0.00213 0.00533
4408.095 -0.00320 -0.01385 -0.00213
4408.100 -0.00320 -0.00639 0.00213
4408.105 -0.00107 0.00746 0.00213
4408.110 0.00107 -0.00320 0.00533
4408.115 0.01065 0.00959 0.00000
4408.120 -0.00639 -0.00426 -0.00107
4408.125 0.00320 -0.00533 0.00107
4408.131 -0.00320 0.00000 -0.01172
4408.135 -0.00639 -0.00746 0.00213
4408.141 0.00107 0.00320 -0.00107
4408.146 -0.00852 -0.00320 0.00533
4408.151 -0.00533 -0.00852 0.00213
4408.156 0.00852 0.00746 0.00000
4408.161 0.00959 -0.00213 0.00426
4408.166 -0.01278 0.00107 -0.00533
4408.171 0.00213 0.00000 -0.00426
4408.176 -0.00107 -0.00320 0.00533
4408.181 -0.00426 0.00107 0.00320
4408.186 0.00213 -0.00746 -0.00533
4408.191 -0.00213 0.00533 0.00000
4408.196 -0.00213 0.00000 0.00213
4408.201 0.00107 0.00213 -0.00533
4408.206 -0.00320 -0.00426 -0.00107
4408.211 0.00320 -0.00959 -0.00320
4408.216 0.00639 -0.00852 0.00213
4408.221 -0.00852 -0.00320 0.00746
4408.226 0.00320 -0.00639 -0.00107
4408.231 -0.00213 0.00213 -0.00213
4408.236 0.00000 -0.01065 -0.00213
4408.241 -0.00213 0.00000 0.00107
4408.246 0.00000 -0.00107 0.00320
4408.251 -0.00426 -0.00320 -0.00107
4408.256 -0.00320 0.00320 0.00639
4408.261 -0.00426 -0.00746 -0.00533
4408.266 0.00639 0.00852 -0.00107
4408.271 -0.00852 -0.01172 -0.00213
4408.276 0.00213 -0.00746 -0.00852
4408.281 -0.00852 -0.01598 -0.00107
4408.286 -0.00426 0.00213 -0.00426
4408.292 -0.00639 0.00213 -0.00426
4408.297 0.00533 -0.00639 0.00533
4408.302 -0.00852 -0.00107 0.00639
4408.307 -0.00533 -0.00639 -0.00107
4408.312 0.00000 -0.00320 -0.00426
4408.317 -0.00213 0.00426 0.00426
4408.322 -0.00107 0.01598 0.00000
4408.327 0.00746 0.00107 0.00639
4408.332 0.00213 -0.00107 -0.00107
4408.337 -0.00746 0.00000 -0.00107
4408.342 -0.00639 -0.00213 0.00320
4408.347 -0.00107 0.00746 0.00852
4408.352 0.00213 0.00000 -0.00107
4408.357 0.00107 0.00107 -0.00107
4408.362 0.00426 0.00107 0.00000
4408.367 -0.01278 0.00320 -0.00639
4408.372 -0.00639 -0.00533 0.00320
4408.377 -0.00746 0.00533 -0.00959
4408.382 0.00746 0.00533 0.00533
4408.387 0.00426 -0.00213 0.00000
4408.392 -0.00107 -0.00533 0.00213
4408.397 0.00320 0.00320 -0.00213
4408.402 0.00000 0.00107 -0.00320
4408.407 -0.00213 -0.00107 0.00426
4408.412 -0.00426 0.00213 -0.00320
4408.417 0.00320 0.00639 -0.00320
4408.422 0.00107 0.00107 0.00000
4408.427 0.00533 0.00533 -0.00320
4408.432 -0.00213 -0.00746 0.00533
4408.437 -0.00639 -0.00533 0.00213
4408.442 0.00426 -0.00107 -0.00107
4408.447 0.00107 -0.00426 -0.00107
4408.453 0.00426 0.00213 -0.00213
4408.458 -0.00213 -0.00426 0.00107
4408.463 -0.00426 0.00320 -0.00213
4408.468 0.00959 0.00533 -0.00533
4408.473 0.00533 -0.00533 0.00107
4408.478 -0.00426 0.00746 -0.00959
4408.483 -0.00107 -0.00213 0.00533
4408.488 -0.00107 0.00533 0.00426
4408.493 -0.00639 -0.00852 -0.00639
4408.498 0.00107 0.00213 -0.00426
4408.503 0.00107 0.00107 -0.00533
4408.508 0.00746 0.01065 0.00533
4408.513 -0.01704 0.00107 0.01385
4408.518 -0.00639 0.00213 0.00213
4408.523 0.00639 0.00107 0.00107
4408.528 0.00639 0.00746 0.00426
4408.533 0.00320 -0.00426 -0.00639
4408.538 -0.00852 0.00000 0.00000
4408.543 0.00000 0.00107 -0.00107
4408.548 0.00213 -0.00107 0.00639
4408.553 0.00639 0.00426 -0.00426
4408.558 -0.00320 -0.00533 -0.00213
4408.563 -0.00533 -0.00533 -0.00533
4408.568 0.00000 0.00107 -0.00107
4408.573 -0.00426 0.00213 -0.00639
4408.578 -0.00746 -0.00852 0.00000
4408.583 -0.00320 0.00320 -0.00320
4408.588 -0.00426 0.00107 -0.00746
4408.593 -0.00213 -0.01278 0.00426
4408.598 -0.01065 -0.00426 0.00000
4408.604 -0.00852 0.00000 0.00852
4408.608 0.00213 0.00746 -0.00426
4408.614 -0.00533 -0.00426 -0.00533
4408.619 0.00213 -0.01278 0.00320
4408.624 -0.00639 0.00639 -0.00639
4408.629 -0.00320 0.00213 -0.00107
4408.634 0.00426 0.00213 -0.00107
4408.639 -0.00639 0.00639 -0.00213
4408.644 -0.00320 -0.00959 0.00213
4408.649 0.00000 0.00213 0.00213
4408.654 0.00213 0.00533 -0.00426
4408.659 0.00533 -0.00426 -0.00107
4408.664 -0.00426 -0.01065 -0.00320
4408.669 0.00533 -0.00852 -0.00213
4408.674 -0.00959 0.00107 0.00533
4408.679 0.00320 0.00320 0.00000
4408.684 -0.00426 0.00533 0.00213
4408.689 -0.00959 -0.00639 0.00533
4408.694 -0.01172 -0.00533 0.00746
4408.699 -0.00533 -0.00213 -0.00213
4408.704 -0.00426 -0.00959 -0.00213
4408.709 0.00320 -0.00107 0.00107
4408.714 0.00426 -0.00426 -0.00107
4408.719 0.00746 -0.00746 0.00000
4408.724 0.00107 -0.00213 0.00746
4408.729 -0.00107 -0.00533 -0.00320
4408.734 -0.00639 -0.00533 0.00213
4408.739 0.00213 -0.01917 0.00213
4408.744 -0.00639 -0.00107 -0.00213
4408.749 -0.00213 -0.00852 0.00000
4408.754 -0.01704 -0.00320 -0.00320
4408.759 -0.00426 0.00639 0.00000
4408.764 0.00639 -0.00213 -0.00533
4408.769 -0.00959 -0.01065 -0.00959
4408.774 -0.00320 -0.01385 -0.00213
4408.779 0.00320 -0.00639 0.00107
4408.784 -0.00639 0.00107 0.00107
4408.789 0.00213 0.00320 -0.00746
4408.795 -0.00320 0.00213 -0.00639
4408.800 -0.00320 0.00213 -0.00107
4408.805 0.00213 -0.00213 -0.00213
4408.810 -0.00533 -0.00852 0.00107
4408.815 -0.00320 -0.00639 -0.00107
4408.820 0.00426 -0.00959 0.00107
4408.825 0.00213 -0.00426 0.00639
4408.830 -0.00320 0.00320 0.00000
4408.835 0.00000 -0.00426 0.00213
4408.840 -0.00639 -0.00533 -0.00213
4408.845 -0.01065 0.00639 0.00000
4408.850 -0.00320 -0.01278 0.00000
4408.855 0.00000 0.01065 -0.00426
4408.860 -0.00107 0.00639 -0.00426
4408.865 -0.00533 -0.00213 0.00213
4408.870 -0.00320 0.00426 0.00213
4408.875 0.00000 -0.00107 0.00213
4408.880 -0.00533 0.00000 0.00320
4408.885 -0.00746 -0.00107 0.00107
4408.890 0.01491 -0.00426 0.00000
4408.895 -0.00533 0.00000 -0.00213
4408.900 -0.00533 -0.00213 0.00000
4408.905 -0.00426 0.00533 -0.00107
4408.910 0.00639 0.00426 -0.00533
4408.915 0.00000 0.00320 0.00746
4408.920 0.00107 0.01065 -0.00320
4408.925 -0.00959 -0.01278 0.00107
4408.930 -0.00639 0.00533 0.00107
4408.935 -0.00107 0.00426 -0.00213
4408.940 -0.00533 0.00107 -0.00213
4408.946 -0.01278 0.00320 -0.00213
4408.951 0.00107 -0.00746 -0.00533
4408.956 -0.00107 0.00533 -0.00426
4408.961 -0.00213 -0.00852 0.00639
4408.966 -0.00107 0.00533 -0.00320
4408.971 -0.00107 0.00107 -0.00107
4408.976 -0.00959 -0.00746 -0.00746
4408.981 -0.00533 -0.00213 -0.01172
4408.986 0.00000 -0.00533 0.00107
4408.991 -0.00746 0.00320 -0.00107
4408.996 -0.00213 -0.00533 0.00320
4409.001 -0.00959 -0.00213 0.00107
4409.006 -0.00213 0.00746 0.00213
4409.011 -0.00320 -0.01172 -0.00107
4409.016 -0.00533 0.00426 -0.00107
4409.021 -0.00213 -0.00213 -0.00213
4409.026 -0.01172 0.00000 0.00426
4409.031 -0.00852 0.00533 -0.00213
4409.036 -0.00320 -0.01172 -0.00852
4409.041 -0.00639 0.00426 -0.00746
4409.046 -0.00107 0.00213 0.00000
4409.051 -0.00959 -0.00426 0.00959
4409.056 -0.00213 -0.00107 -0.00426
4409.061 -0.00320 -0.00320 -0.00959
4409.066 -0.00320 -0.01385 0.00000
4409.071 -0.01065 0.00000 0.00213
4409.076 0.00107 -0.00746 0.00320
4409.081 0.00320 0.00000 -0.00320
4409.086 0.00426 -0.00639 0.00000
4409.091 0.00320 0.00213 0.00426
4409.096 -0.00639 -0.00533 -0.00213
4409.101 0.00213 0.00000 -0.00107
4409.106 -0.00533 -0.00107 0.00000
4409.111 0.00107 -0.00746 0.00000
4409.117 -0.00213 0.00213 0.00213
4409.122 0.00213 -0.00213 -0.00213
4409.127 -0.00426 0.00213 0.00320
4409.132 -0.00959 -0.00746 0.00213
4409.137 -0.00107 -0.00426 0.00107
4409.142 -0.00639 0.00746 0.00000
4409.147 -0.00107 -0.00213 -0.00320
4409.152 -0.00746 -0.01385 -0.02344
4409.157 -0.00213 0.00639 -0.00426
4409.162 0.00852 -0.00533 -0.00213
4409.167 -0.00107 0.00213 0.00213
4409.172 0.00320 -0.00533 0.00107
4409.177 -0.00639 -0.00320 -0.00320
4409.182 -0.00213 -0.00426 -0.00639
4409.187 0.00852 0.01491 -0.00107
4409.192 -0.00852 0.01811 0.00000
4409.197 -0.00639 -0.00426 0.00320
4409.202 0.00213 0.00213 -0.00639
4409.207 0.00213 0.00107 -0.00746
4409.212 0.00746 0.00320 0.00213
4409.217 0.00000 0.00533 0.00213
4409.222 0.00533 -0.00639 0.00746
4409.227 0.00320 0.00107 0.00533
4409.232 0.00107 -0.00426 -0.00213
4409.237 -0.00533 -0.00320 -0.00320
4409.242 0.00639 -0.00320 0.00213
4409.247 -0.00639 -0.00320 0.00000
4409.252 0.00107 0.00533 -0.00959
4409.257 -0.00213 -0.00533 -0.00426
4409.262 -0.01278 -0.00213 -0.00320
4409.267 -0.00533 -0.00320 -0.00107
4409.272 0.00107 0.00000 -0.00320
4409.278 -0.00746 -0.00533 0.00320
4409.282 0.00107 -0.00107 -0.00320
4409.288 0.00000 0.00000 0.00639
4409.293 -0.00320 -0.00320 0.00000
4409.297 -0.00533 0.00000 -0.01385
4409.302 -0.00320 -0.00213 -0.00107
4409.307 0.00959 -0.00320 -0.00320
4409.312 -0.00533 0.00426 -0.00213
4409.317 -0.00107 0.00000 0.00213
4409.322 -0.00426 0.00426 -0.00426
4409.327 0.00107 0.00746 -0.00107
4409.332 0.00000 0.00107 -0.00533
4409.338 -0.00107 -0.00959 0.00426
4409.343 0.00320 -0.01278 0.00533
4409.348 -0.00213 -0.01385 -0.00639
4409.353 -0.00320 -0.00320 0.00000
4409.358 0.00320 -0.00426 0.00000
4409.363 -0.00213 0.00107 0.00533
4409.368 0.00107 -0.00533 0.00320
4409.373 -0.00107 0.00959 -0.00107
4409.378 0.00000 -0.00533 0.00213
4409.383 0.00000 -0.00426 -0.00213
4409.388 -0.00639 0.00746 0.00213
4409.393 -0.00320 -0.00213 0.00107
4409.398 -0.00107 0.00533 0.00320
4409.403 0.00746 0.00213 -0.00320
4409.408 -0.01065 -0.00107 -0.00426
4409.413 0.00000 -0.00320 0.00213
4409.418 -0.00426 0.00320 -0.00107
4409.423 0.00000 0.00533 -0.00533
4409.428 0.00320 -0.00107 -0.00320
4409.433 0.00000 -0.00320 -0.00213
4409.439 -0.00213 0.00000 -0.00639
4409.444 -0.00320 -0.00639 -0.00213
4409.449 -0.00852 -0.00533 -0.00533
4409.454 0.00107 0.01065 0.00000
4409.459 -0.00533 0.00320 0.00426
4409.464 0.00213 0.00320 -0.00533
4409.469 0.00213 -0.00533 0.00533
4409.474 -0.00639 -0.00213 0.00533
4409.479 -0.00213 0.00000 0.00426
4409.484 -0.00426 -0.00213 0.00000
4409.489 -0.00213 -0.00213 0.00000
4409.494 -0.00533 -0.00533 -0.00320
4409.499 -0.00639 0.00000 0.00426
4409.504 0.00213 0.00213 0.00107
4409.509 0.00000 0.00426 0.00107
4409.514 0.00107 -0.00533 -0.00320
4409.519 0.00107 0.00320 0.00639
4409.524 0.00852 -0.00533 -0.00320
4409.529 -0.00320 -0.01172 0.00320
4409.534 -0.01172 0.00000 -0.00426
4409.539 -0.00639 -0.00213 -0.00320
4409.544 0.00000 0.00320 -0.00426
4409.549 0.00959 0.01065 -0.00213
4409.554 -0.00426 -0.00320 0.00533
4409.559 -0.00639 -0.00426 0.00000
4409.564 -0.00107 -0.00320 -0.00107
4409.569 -0.00639 -0.01598 0.00107
4409.574 0.00426 0.00426 -0.00426
4409.579 0.00107 -0.01598 -0.00533
4409.584 0.00107 -0.00426 -0.00320
4409.589 -0.00426 0.00107 -0.00533
4409.594 -0.00533 0.00426 -0.00639
4409.599 -0.00852 -0.01065 -0.00213
4409.604 0.00000 0.00000 -0.00107
4409.610 0.00000 0.00746 -0.00639
4409.615 -0.00107 0.00426 0.00320
4409.620 0.00533 -0.00107 0.00533
4409.625 0.00213 -0.00107 -0.00213
4409.630 -0.00426 -0.00533 -0.01065
4409.635 0.00000 -0.00213 0.00639
4409.640 -0.00639 -0.00639 -0.00213
4409.645 -0.00746 0.00000 -0.00213
4409.650 -0.00107 -0.01065 0.00107
4409.655 -0.01491 -0.00320 -0.00213
4409.660 -0.01491 -0.00107 -0.01491
4409.665 0.00426 -0.00746 0.00107
4409.670 -0.00426 0.00000 -0.00213
4409.675 -0.00426 -0.00426 0.00213
4409.680 0.00000 -0.00320 0.00320
4409.685 -0.00320 -0.00639 -0.00320
4409.690 0.00426 -0.00639 0.00107
4409.695 -0.01385 0.00107 -0.00320
4409.700 -0.00213 0.00213 -0.00426
4409.705 -0.00107 0.00639 0.00533
4409.710 -0.00533 -0.00320 -0.00533
4409.715 0.00426 0.00320 0.00533
4409.720 -0.00320 0.00000 -0.00320
4409.725 0.00533 -0.01278 0.00426
4409.730 -0.00320 0.00320 -0.00426
4409.735 0.00213 -0.00533 -0.00213
4409.740 -0.00746 -0.00213 0.00213
4409.745 -0.00533 0.00107 0.00000
4409.750 -0.00320 -0.01065 -0.00959
4409.755 -0.00959 0.00000 -0.00852
4409.761 -0.00107 -0.00746 -0.00852
4409.766 0.00107 0.00320 -0.00533
4409.771 -0.00213 0.00000 0.01065
4409.776 0.00320 0.00000 -0.00107
4409.781 0.00000 0.00320 -0.00320
4409.786 0.00107 0.00107 -0.00320
4409.791 0.00320 0.00107 0.00320
4409.796 0.00107 -0.00107 -0.00639
4409.801 0.00213 0.00000 -0.00320
4409.806 0.00213 0.00533 -0.00852
4409.811 -0.00426 0.00000 0.00320
4409.816 0.00107 0.00107 -0.00107
4409.821 -0.00639 0.00107 -0.00107
4409.826 -0.00426 0.00107 -0.00107
4409.831 -0.00533 0.00533 -0.00959
4409.836 0.00426 -0.00852 -0.00426
4409.841 -0.00639 0.00746 0.00426
4409.846 -0.00213 -0.00213 -0.00107
4409.851 0.00107 -0.00533 0.00107
4409.856 -0.00426 -0.00320 -0.00107
4409.861 -0.00213 -0.00533 0.00107
4409.866 -0.01598 -0.00639 -0.00107
4409.871 -0.00213 0.00426 -0.00107
4409.876 0.00746 -0.00107 0.00213
4409.881 -0.00107 -0.00639 0.00107
4409.886 -0.00639 -0.00320 -0.00107
4409.891 -0.00639 -0.00107 -0.00426
4409.896 -0.00213 -0.00213 0.00000
4409.901 0.00852 -0.00213 0.00000
4409.906 0.00320 0.00639 0.00533
4409.911 -0.00213 0.00426 -0.00533
4409.916 -0.00426 0.00000 0.00000
4409.922 0.00533 -0.00107 -0.01065
4409.927 0.00107 0.00426 0.00533
4409.932 -0.00320 -0.00213 -0.00213
4409.937 0.00852 -0.00639 0.00107
4409.942 -0.00213 -0.00107 -0.00426
4409.947 -0.00533 -0.00320 0.00426
4409.952 -0.00426 0.00533 0.01172
4409.957 0.00320 0.00000 0.00533
4409.962 -0.00213 -0.00639 0.00213
4409.967 -0.01065 -0.00213 -0.00959
4409.972 -0.00320 -0.00213 -0.00107
4409.977 -0.00320 0.00959 -0.00107
4409.982 -0.00426 -0.00533 -0.00533
4409.987 0.00320 -0.00639 0.00426
4409.992 0.00000 0.00746 -0.00213
4409.997 0.00000 -0.00426 -0.00320
4410.002 -0.01278 0.00320 0.00746
4410.007 -0.00746 -0.01065 -0.00533
4410.012 0.00000 0.00107 0.00107
4410.017 0.00107 -0.00426 0.00213
4410.022 -0.00320 -0.00213 0.00000
4410.027 -0.00107 0.01172 -0.00320
4410.032 -0.00852 -0.00426 -0.01278
4410.037 -0.00746 0.00107 -0.00320
4410.042 -0.01065 0.00107 -0.00213
4410.047 -0.00107 -0.00639 -0.00533
4410.052 -0.01065 -0.00213 0.00000
4410.057 -0.00639 -0.00959 -0.00533
4410.062 -0.00426 0.00639 0.00426
4410.067 0.00000 0.00533 0.00000
4410.072 -0.01278 0.00533 0.00000
4410.077 0.00107 0.00852 -0.00320
4410.083 0.00426 -0.00320 0.00959
4410.088 0.01491 -0.00320 0.00320
4410.093 0.00320 -0.00213 -0.00213
4410.098 0.00213 0.00320 0.00639
4410.103 -0.00107 -0.00746 -0.00107
4410.108 -0.00213 -0.00426 -0.00426
4410.113 -0.00320 0.00213 0.00639
4410.118 0.00000 -0.00320 -0.00213
4410.123 0.00746 -0.00426 0.00533
4410.128 -0.00639 0.00959 0.00533
4410.133 0.00107 0.00426 0.00213
4410.138 -0.00320 -0.01172 -0.00639
4410.143 0.00000 -0.00426 -0.00320
4410.148 -0.00320 0.00000 -0.00746
4410.153 -0.00639 -0.00107 0.00107
4410.158 0.00107 0.00320 -0.00533
4410.163 -0.00639 0.00320 0.00213
4410.168 0.00213 0.00000 -0.00426
4410.173 0.00320 -0.00213 -0.00746
4410.178 -0.00320 -0.00639 0.00959
4410.183 0.00213 -0.00107 -0.00852
4410.188 0.00320 -0.00533 -0.00426
4410.193 0.00000 -0.00533 0.00000
4410.198 0.01278 0.00746 0.00000
4410.203 0.00000 -0.00426 -0.00213
4410.208 0.00213 -0.00639 -0.00746
4410.213 0.01278 -0.01385 0.00000
4410.218 0.00000 -0.00959 0.00320
4410.223 -0.00426 -0.00107 0.00107
4410.228 -0.00746 -0.00639 -0.00107
4410.234 0.00213 -0.00746 -0.00107
4410.239 -0.00320 0.00000 0.00107
4410.244 0.00959 0.00213 -0.00533
4410.249 -0.00533 0.00320 0.00320
4410.254 0.00107 -0.00426 -0.00852
4410.259 -0.00639 0.00852 -0.00533
4410.264 -0.00213 0.00107 -0.00959
4410.269 -0.00320 -0.00426 -0.00639
4410.274 -0.00533 0.00213 0.00000
4410.279 -0.00746 -0.01278 0.00320
4410.284 -0.00213 -0.00107 0.00213
4410.289 0.00320 -0.01065 0.00000
4410.294 0.00213 -0.00107 0.00426
4410.299 0.00426 0.00107 -0.00746
4410.304 0.00107 -0.00426 0.00746
4410.309 -0.00213 -0.00213 -0.00213
4410.314 0.00000 -0.00107 -0.00320
4410.319 -0.00533 -0.00320 -0.00426
4410.324 -0.00320 0.00000 -0.00213
4410.329 0.00533 -0.00213 0.00320
4410.334 -0.00746 -0.00213 0.00000
4410.339 0.00533 -0.00320 -0.00213
4410.344 -0.00107 0.00107 0.00213
4410.349 -0.00746 0.00320 -0.00320
4410.354 0.00107 -0.00746 0.00213
4410.359 -0.00639 0.00533 -0.00107
4410.364 0.00320 0.01278 0.00000
4410.369 0.00213 0.00000 -0.00533
4410.374 -0.00426 0.00213 -0.01065
4410.379 -0.00213 -0.00107 -0.00213
4410.384 -0.00426 0.00213 -0.00213
4410.389 0.00107 -0.00320 0.00213
4410.394 -0.00533 0.00107 -0.00320
4410.399 -0.00746 0.00639 0.00107
4410.404 -0.00426 0.00426 0.00000
4410.409 -0.00107 0.00000 0.00000
4410.414 0.01065 0.00213 -0.00533
4410.419 -0.00213 0.00107 -0.00320
4410.424 0.00426 -0.00213 -0.00107
4410.429 0.00107 -0.01065 -0.00320
4410.434 -0.00746 0.00320 -0.00320
4410.439 -0.00213 -0.00639 -0.00320
4410.445 0.00320 0.00000 0.00213
4410.450 0.00533 -0.00320 -0.00107
4410.455 -0.00107 0.00852 -0.00746
4410.460 -0.00213 -0.00426 -0.00426
4410.465 -0.00852 -0.00213 0.00533
4410.470 -0.00852 -0.00107 0.00959
4410.475 0.00107 -0.00107 -0.00107
4410.480 0.00107 0.00533 -0.00852
4410.485 -0.00746 -0.00426 -0.00533
4410.490 0.00000 -0.00320 -0.00426
4410.495 0.00107 0.00426 -0.00213
4410.500 0.00000 -0.00107 -0.00320
4410.505 0.00639 0.00533 -0.00426
4410.510 -0.00533 -0.00426 -0.00213
4410.515 0.00852 0.00533 0.00107
4410.520 0.00533 0.00426 0.00107
4410.525 0.00426 -0.01172 -0.00426
4410.530 -0.00852 0.00000 -0.00426
4410.535 0.00213 -0.00213 -0.00320
4410.540 0.00107 -0.00213 -0.00213
4410.545 0.00213 -0.00107 -0.00639
4410.550 -0.00213 -0.00959 -0.00746
4410.555 0.00000 0.00746 -0.00107
4410.560 -0.00533 -0.00959 0.00213
4410.566 0.00426 0.00746 0.00000
4410.570 -0.00746 -0.00639 -0.00533
4410.576 -0.00852 -0.00213 -0.00213
4410.581 -0.01172 -0.00107 -0.00426
4410.586 0.00533 -0.00107 -0.00213
4410.591 -0.00320 -0.00213 0.00426
4410.596 -0.00639 -0.00426 -0.00320
4410.601 -0.00107 -0.00746 0.00533
4410.606 -0.00107 -0.00213 0.00213
4410.611 -0.00107 -0.01065 -0.00107
4410.616 0.00213 0.00213 0.00639
4410.621 -0.00533 0.00320 -0.00107
4410.626 -0.01598 -0.01704 0.00959
4410.631 -0.00533 -0.00107 -0.00426
4410.636 -0.00746 0.00000 -0.00426
4410.641 -0.00639 0.00213 -0.00320
4410.646 -0.00320 -0.00107 0.00533
4410.651 -0.00639 -0.00107 -0.00533
4410.656 0.00533 0.00746 0.00000
4410.661 0.00213 0.00107 -0.00213
4410.666 0.00107 0.00746 0.00107
4410.671 -0.00639 -0.00959 -0.01385
4410.676 -0.00426 0.00000 -0.00639
4410.681 -0.00533 0.00000 0.00000
4410.686 0.00107 -0.00426 0.00107
4410.691 -0.00746 0.00107 0.00426
4410.696 -0.00746 0.00000 -0.00639
4410.701 0.00107 0.00320 -0.00213
4410.706 0.00107 0.00213 -0.00852
4410.711 0.00639 -0.00213 0.00107
4410.716 -0.00320 0.00852 0.00320
4410.721 -0.00213 -0.01065 0.00213
4410.726 -0.00320 0.00426 0.00107
4410.731 -0.00533 -0.00426 -0.00107
4410.737 -0.00852 -0.01491 -0.00533
4410.742 -0.00852 0.00000 0.00000
4410.747 0.00533 -0.00320 0.00426
4410.752 0.00959 0.00639 -0.01172
4410.757 -0.01065 0.00000 -0.00107
4410.762 -0.00107 0.00107 0.00107
4410.767 -0.00107 0.00533 -0.00107
4410.772 -0.00426 0.00426 0.00426
4410.777 -0.00533 0.00000 0.00000
4410.782 -0.00107 -0.01278 -0.00426
4410.787 0.00533 -0.00426 0.00213
4410.792 -0.00959 0.00746 -0.00320
4410.797 -0.00426 -0.00320 -0.00107
4410.802 0.00320 0.00426 0.00533
4410.807 -0.00746 -0.00426 -0.01172
4410.812 -0.00107 -0.00107 -0.00320
4410.817 0.00852 -0.00320 0.00959
4410.822 -0.00746 -0.00107 -0.01065
4410.827 -0.00639 -0.00746 0.01065
4410.832 -0.00213 0.00107 0.00107
4410.837 -0.00107 0.00426 -0.00533
4410.842 -0.00746 -0.00533 -0.00639
4410.847 0.00639 -0.01385 -0.00426
4410.852 0.00213 -0.00639 -0.00533
4410.857 -0.00213 -0.00107 0.00000
4410.862 -0.00746 -0.00213 0.00107
4410.867 -0.00533 -0.00107 0.00213
4410.872 -0.01065 -0.00107 -0.00107
4410.877 -0.00639 -0.00107 0.00639
4410.882 -0.00107 -0.00746 -0.00320
4410.887 -0.00107 -0.00320 -0.00213
4410.892 -0.00426 -0.00107 -0.01278
4410.898 0.00426 -0.00320 0.00000
4410.903 -0.00320 -0.00959 0.00107
4410.908 -0.00213 -0.00746 -0.00213
4410.913 -0.00533 0.00426 -0.00107
4410.918 -0.01385 -0.00852 0.00320
4410.923 -0.00533 -0.00213 -0.00213
4410.928 -0.00426 0.01172 0.00000
4410.933 0.00533 -0.00213 -0.00639
4410.938 0.00426 0.00959 0.00000
4410.943 -0.00320 -0.00746 0.01385
4410.948 -0.00213 -0.01172 0.00000
4410.953 -0.00639 -0.00213 0.00213
4410.958 -0.00107 -0.00107 0.00320
4410.963 0.00107 0.00213 0.00533
4410.968 -0.00107 0.00107 0.00107
4410.973 0.00533 0.00320 -0.00213
4410.978 -0.00533 -0.00320 -0.00746
4410.983 0.00213 -0.00639 0.00213
4410.988 -0.00213 -0.00320 0.00639
4410.993 -0.00426 -0.00320 -0.00320
4410.998 0.00000 -0.00320 -0.00533
4411.003 0.00320 0.00000 0.00320
4411.008 0.00533 0.00000 -0.00426
4411.013 -0.00639 -0.00959 0.01385
4411.018 -0.00213 -0.00639 0.00107
4411.023 -0.00746 0.00213 -0.00426
4411.028 -0.00213 -0.00213 0.00533
4411.033 0.00213 -0.00639 -0.00533
4411.038 0.00107 0.00852 0.00107
4411.043 0.00533 -0.00746 -0.00213
4411.049 0.00426 0.00320 -0.00426
4411.053 -0.00533 -0.00107 -0.00852
4411.059 0.00000 0.00533 -0.00426
4411.064 -0.00213 0.00213 0.00000
4411.069 0.00320 -0.00320 -0.00107
4411.074 -0.00533 0.00533 0.00213
4411.079 -0.00213 0.00639 0.00000
4411.084 0.00639 0.00639 -0.00746
4411.089 -0.00107 -0.00639 -0.00852
4411.094 0.00426 -0.00533 0.00426
4411.099 -0.00213 0.00107 -0.00426
4411.104 0.00000 -0.00320 -0.00533
4411.109 -0.01491 0.00107 -0.00852
4411.114 0.01172 0.00107 -0.00746
4411.119 -0.00639 -0.00426 -0.00639
4411.124 -0.00426 -0.00107 0.00000
4411.129 -0.01172 -0.00746 -0.00426
4411.134 -0.00533 0.00213 0.00107
4411.139 0.00320 -0.00213 0.00000
4411.144 0.00746 -0.00320 -0.01491
4411.149 0.00107 -0.00320 0.00213
4411.154 -0.00639 -0.00852 -0.01385
4411.159 0.00107 0.00426 0.00320
4411.164 -0.00213 0.00000 -0.00639
4411.169 0.00107 0.00746 0.00000
4411.174 -0.00533 -0.00639 0.00000
4411.179 -0.00107 -0.01065 0.00107
4411.184 -0.00213 -0.00639 0.00107
4411.189 -0.00213 0.00426 0.00852
4411.194 0.01172 0.01598 0.00852
4411.199 0.00107 -0.00639 -0.00107
4411.204 0.01491 0.00000 0.00000
4411.210 0.00320 0.00107 0.00213
4411.214 0.00320 -0.00107 -0.00639
4411.220 -0.00426 0.00426 -0.00320
4411.225 0.00000 0.00320 0.00852
4411.230 0.00320 0.00107 0.00426
4411.235 -0.00213 0.00852 -0.00107
4411.240 0.00000 0.00320 -0.00213
4411.245 -0.01065 -0.00852 -0.00746
4411.250 0.00533 -0.00426 -0.00213
4411.255 -0.00959 -0.00213 -0.00213
4411.260 -0.00213 0.00746 0.00320
4411.265 -0.00746 -0.01172 -0.00426
4411.270 0.01278 0.00533 -0.00107
4411.275 0.00213 -0.01172 0.00107
4411.280 -0.00320 0.00639 -0.00320
4411.285 -0.00320 0.00320 0.00213
4411.290 0.00426 -0.00533 0.00426
4411.295 0.00213 0.00107 -0.00107
4411.300 -0.01065 -0.00746 -0.01172
4411.305 0.00533 -0.00852 -0.01385
4411.310 0.00426 -0.00533 -0.00959
4411.315 -0.00533 -0.00426 0.00213
4411.320 -0.00213 -0.00426 -0.00320
4411.325 -0.00320 -0.00426 -0.00213
4411.330 0.00320 -0.00107 0.00426
4411.335 -0.00959 -0.00107 -0.00213
4411.340 -0.00852 -0.00639 -0.00107
4411.345 -0.01172 -0.00213 0.00852
4411.350 -0.00213 -0.00426 -0.00320
4411.355 -0.00320 0.00426 0.00213
4411.360 -0.00533 -0.00533 -0.00213
4411.365 -0.00533 0.00107 0.00213
4411.370 -0.00107 0.00107 0.00107
4411.375 0.00639 0.00107 -0.00213
4411.381 0.00852 0.01278 0.00213
4411.386 -0.00746 -0.00213 -0.00852
4411.391 0.00213 0.00852 0.00746
4411.396 -0.00107 -0.00320 -0.00533
4411.401 -0.00213 -0.00426 -0.00213
4411.406 0.00320 -0.00533 0.00639
4411.411 0.00533 -0.01065 -0.00426
4411.416 -0.00213 -0.00639 -0.00320
4411.421 0.00639 0.00639 -0.00639
4411.426 -0.00320 -0.00213 -0.00852
4411.431 0.00000 0.01065 0.00000
4411.436 0.00000 -0.00426 0.00107
4411.441 0.00533 0.00213 -0.00746
4411.446 -0.00213 -0.00426 -0.00107
4411.451 -0.00426 -0.00320 -0.00107
4411.456 -0.00639 0.00000 0.00320
4411.461 0.00639 -0.00426 -0.00107
4411.466 -0.00320 0.01385 0.00107
4411.471 -0.00639 0.00213 -0.00426
4411.476 0.00426 -0.00213 -0.00213
4411.481 -0.00533 -0.00426 -0.00426
4411.486 0.00107 -0.00107 -0.00426
4411.491 -0.00213 -0.00320 -0.00107
4411.496 -0.00213 0.00107 -0.00107
4411.501 0.00107 0.00107 -0.00533
4411.506 0.00639 0.00320 0.00107
4411.511 -0.00320 -0.00533 0.00000
4411.516 -0.01065 0.00107 -0.00852
4411.521 0.00533 -0.00107 0.00426
4411.526 -0.00320 -0.00639 -0.00639
4411.531 0.00320 -0.00213 -0.00746
4411.536 0.00426 -0.00426 0.00320
4411.541 -0.00426 -0.00213 -0.00533
4411.546 0.00426 -0.00639 -0.00746
4411.551 -0.00320 -0.00320 -0.00533
4411.556 -0.00639 -0.00426 0.00320
4411.562 -0.00426 0.00213 -0.00746
4411.567 -0.00107 0.00107 0.00107
4411.572 -0.00107 -0.00959 0.00213
4411.577 0.00000 0.00320 -0.00107
4411.582 0.00426 -0.00852 0.00320
4411.587 0.00000 0.00000 -0.00426
4411.592 -0.00533 0.00426 -0.00320
4411.597 0.01065 -0.00320 -0.00107
4411.602 0.00533 0.00000 -0.00107
4411.607 0.00213 0.00107 0.00533
4411.612 0.00000 0.00107 -0.00639
4411.617 0.00426 0.00213 -0.00959
4411.622 -0.00107 -0.01491 0.00000
4411.627 0.00746 -0.00213 0.00533
4411.632 0.00426 0.00320 -0.00320
4411.637 0.00213 0.00320 0.00639
4411.642 -0.00426 -0.00746 0.00107
4411.647 0.00320 -0.01065 -0.01065
4411.653 -0.00320 0.00426 -0.00746
4411.658 0.00213 -0.00852 0.00746
4411.663 0.00000 0.00639 0.00107
4411.668 -0.00213 -0.00746 0.00107
4411.673 -0.00852 -0.00959 -0.00107
4411.678 -0.00426 -0.00213 0.00426
4411.683 0.00107 0.00213 0.00426
4411.688 -0.01065 0.00213 -0.00107
4411.693 -0.00107 -0.00533 -0.01065
4411.698 -0.00107 -0.00107 0.00107
4411.703 -0.00320 -0.00107 0.00213
4411.708 0.00213 -0.00426 0.00107
4411.713 0.00426 0.00213 -0.00213
4411.718 0.00320 -0.00426 -0.00213
4411.723 -0.00213 -0.00639 -0.00107
4411.728 -0.00320 0.00320 0.00000
4411.733 -0.00107 -0.01065 0.00000
4411.738 0.00426 -0.00213 -0.00533
4411.743 -0.00107 -0.00426 -0.00533
4411.748 -0.00320 0.00213 -0.00107
4411.753 -0.00213 0.00213 0.00107
4411.758 -0.00320 -0.00320 0.00000
4411.763 -0.01278 -0.00639 0.00213
4411.768 -0.00320 -0.00426 -0.00639
4411.773 -0.00426 -0.00426 0.00107
4411.778 -0.00320 -0.00746 -0.00320
4411.783 -0.01065 -0.01065 -0.00959
4411.788 0.00107 -0.00639 -0.00107
4411.793 -0.00107 -0.00639 0.00320
4411.798 -0.00107 -0.00639 -0.00533
4411.803 0.00533 0.00000 -0.00213
4411.808 -0.02131 -0.00320 -0.00320
4411.813 0.00000 -0.00852 0.00533
4411.818 -0.00107 -0.00533 0.00213
4411.823 -0.00320 -0.00746 0.00213
4411.828 0.00426 0.00320 -0.00533
4411.833 0.00320 -0.00320 0.00213
4411.838 -0.00639 -0.01598 -0.00107
4411.844 -0.00107 -0.00320 0.00000
4411.849 -0.00639 0.00320 -0.00213
4411.854 0.00213 -0.00533 -0.00320
4411.859 -0.00320 -0.00533 -0.00533
4411.864 -0.00320 0.00107 -0.00213
4411.869 0.00426 -0.00852 0.00107
4411.874 -0.01172 0.00320 0.00000
4411.879 -0.00639 -0.00959 -0.00639
4411.884 0.00533 -0.00533 0.00213
4411.889 -0.00320 -0.00852 -0.00320
4411.894 0.00213 -0.00213 -0.00426
4411.899 -0.00213 0.00107 0.00213
4411.904 0.00000 -0.00746 -0.00320
4411.909 0.00107 -0.00213 -0.00107
4411.914 -0.00107 -0.00639 -0.00107
4411.919 0.00213 -0.00426 0.00107
4411.924 -0.00213 -0.01065 -0.00107
4411.929 0.00639 0.00426 0.00213
4411.934 -0.00852 0.00213 -0.00213
4411.939 0.00213 -0.00213 -0.00746
4411.944 -0.00213 -0.00746 -0.00533
4411.949 0.00320 0.00107 -0.00533
4411.954 -0.00107 -0.00852 0.00213
4411.959 -0.00533 0.00320 0.00213
4411.964 0.00746 -0.00426 0.00639
4411.969 0.00320 0.00426 0.00000
4411.975 -0.00107 -0.00213 -0.00852
4411.980 -0.00639 0.00320 -0.00533
4411.985 -0.00213 0.00107 0.00000
4411.990 0.00107 0.00107 0.00213
4411.995 -0.00107 0.00000 -0.00107
4412.000 -0.00426 0.00320 -0.00107
4412.005 0.00000 -0.00852 0.00107
4412.010 -0.00426 -0.00107 0.00426
4412.015 0.00746 -0.00107 -0.00533
4412.020 0.00533 0.00213 -0.00320
4412.025 0.00533 -0.00320 0.00213
4412.030 -0.00107 -0.00426 0.00000
4412.035 -0.00107 0.00852 0.00533
4412.040 0.00213 -0.00639 -0.00533
4412.045 0.00107 -0.00213 -0.00426
4412.050 0.00000 -0.00426 0.00320
4412.055 -0.00959 -0.00107 0.00000
4412.060 0.00000 0.00320 0.00320
4412.065 0.00426 -0.02131 0.00533
4412.070 -0.00426 -0.00426 0.00000
4412.075 -0.00320 0.00320 0.00746
4412.080 -0.00107 -0.00426 0.00000
4412.085 -0.00959 -0.00533 0.00320
4412.090 0.00426 -0.00107 -0.00320
4412.095 0.00320 0.00320 -0.00639
4412.100 0.00746 -0.00959 0.00000
4412.105 0.00000 0.00213 -0.00107
4412.110 0.00213 0.00426 -0.00107
4412.115 0.00533 -0.00107 -0.00213
4412.120 -0.00213 0.00533 0.00746
4412.125 -0.00320 -0.01172 -0.00639
4412.130 -0.00107 0.00213 -0.00639
4412.136 -0.00213 -0.00320 0.00107
4412.141 -0.00320 -0.00426 -0.00426
4412.146 0.00320 0.01065 -0.00746
4412.150 0.00000 -0.00107 0.00213
4412.156 -0.00852 -0.00639 0.00000
4412.161 0.00426 -0.00852 0.00426
4412.166 0.00426 -0.00426 0.00000
4412.171 0.00000 -0.00213 0.00426
4412.176 -0.00746 -0.00213 -0.00213
4412.181 -0.00426 0.00213 -0.00320
4412.186 0.00213 -0.00213 0.00213
4412.191 0.00107 0.00000 -0.00213
4412.196 0.00852 0.00426 -0.00320
4412.201 0.00746 -0.00426 -0.00107
4412.206 0.00213 0.00533 -0.00107
4412.211 -0.00426 0.00213 -0.00746
4412.216 -0.00533 -0.00320 -0.00533
4412.221 -0.00213 -0.00107 0.00000
4412.226 0.00533 0.00000 0.00320
4412.231 0.00000 0.01172 0.00107
4412.236 0.00000 0.00213 0.00533
4412.241 0.00000 0.00107 -0.00533
4412.246 -0.00639 0.00000 -0.00746
4412.251 0.00107 -0.00533 0.00107
4412.256 -0.00107 -0.00426 0.00213
4412.261 -0.00639 -0.01065 -0.00746
4412.266 -0.01491 0.00213 -0.00107
4412.271 -0.00320 -0.00746 -0.00533
4412.276 0.00213 0.00107 -0.00533
4412.281 -0.00107 0.00213 0.00852
4412.286 -0.00107 -0.01917 0.00533
4412.291 0.00000 0.01598 -0.00107
4412.296 -0.00426 -0.00533 -0.00213
4412.301 -0.00107 -0.00107 0.00000
4412.306 0.00213 -0.00213 0.00320
4412.311 0.00000 -0.01278 0.00533
4412.316 -0.00959 -0.00639 -0.00213
4412.321 0.00107 -0.01278 0.00639
4412.326 0.00107 -0.00213 -0.00107
4412.331 -0.00320 -0.00213 0.00320
4412.336 0.01385 -0.00426 0.00320
4412.341 -0.00107 0.00107 -0.00852
4412.346 0.00746 -0.00533 0.00746
4412.351 -0.00320 -0.00320 -0.00213
4412.357 0.00107 0.00107 0.01065
4412.362 0.00000 0.00320 0.00426
4412.367 -0.00213 -0.00639 -0.00213
4412.372 -0.00639 -0.00213 -0.00426
4412.377 0.00000 0.00746 -0.00746
4412.382 -0.00320 -0.00533 0.00107
4412.387 -0.00107 -0.00426 -0.00213
4412.392 0.00000 0.00639 0.00107
4412.397 -0.00639 0.00000 0.00107
4412.402 0.00320 -0.00320 -0.00213
4412.407 0.00320 -0.00213 0.00107
4412.412 -0.00107 0.00746 0.00320
4412.417 0.00107 -0.00320 -0.00213
4412.422 0.00320 0.00107 0.01598
4412.427 -0.00213 -0.00533 -0.00746
4412.432 -0.00533 0.00426 0.00533
4412.437 -0.00213 -0.00320 -0.00320
4412.442 -0.00533 0.00213 0.00320
4412.447 -0.00426 -0.00426 -0.00320
4412.452 -0.00320 -0.00746 -0.00107
4412.457 0.00000 -0.00426 -0.00320
4412.462 -0.00533 0.01065 -0.00746
4412.467 -0.00533 0.00639 0.00000
4412.472 -0.00107 -0.00107 0.00107
4412.478 0.00213 0.01065 -0.00320
4412.483 0.00533 -0.01491 -0.00213
4412.488 0.00213 0.00000 -0.00107
4412.493 0.00107 0.00426 -0.00213
4412.498 -0.00213 0.00320 0.00533
4412.503 -0.00852 0.00426 -0.01172
4412.508 0.00426 0.00107 -0.00852
4412.513 0.00000 0.00533 0.00107
4412.518 -0.00533 -0.00107 0.00320
4412.523 0.00107 0.00000 -0.00426
4412.528 -0.00959 -0.01278 -0.00107
4412.533 -0.00320 0.00320 0.00107
4412.538 0.00746 0.00533 0.00320
4412.543 0.00107 -0.00320 -0.00426
4412.548 0.00107 -0.00320 -0.00533
4412.553 -0.00426 -0.00533 0.00107
4412.558 -0.01065 -0.00426 0.00320
4412.563 -0.00426 0.00107 -0.00533
4412.568 -0.00213 -0.00213 0.00320
4412.573 -0.00533 -0.00320 0.00852
4412.578 -0.00426 -0.00107 -0.00426
4412.583 -0.00213 -0.00639 0.00320
4412.588 -0.00426 0.00533 -0.00426
4412.593 0.00000 0.00320 0.00320
4412.598 -0.00533 0.00533 0.00320
4412.603 0.00639 -0.00213 -0.00959
4412.608 0.00213 -0.00107 -0.00213
4412.613 0.00107 -0.00107 -0.00959
4412.618 0.00213 0.00000 -0.00213
4412.623 -0.00107 0.00426 0.00426
4412.628 0.00320 -0.01065 0.00959
4412.633 -0.00533 0.00000 -0.00639
4412.638 0.00107 0.00107 0.00639
4412.643 0.00533 -0.00107 0.00639
4412.648 0.00107 -0.00107 -0.00320
4412.653 -0.00639 -0.00746 0.00213
4412.659 -0.00426 0.00213 -0.00320
4412.664 -0.00746 -0.00746 -0.00213
4412.669 0.00533 -0.00320 0.00000
4412.674 -0.00639 0.00107 -0.00426
4412.679 -0.00213 -0.01065 -0.00959
4412.684 -0.00746 -0.00213 0.00000
4412.689 -0.00746 0.00213 0.00213
4412.694 0.00107 -0.00213 -0.00533
4412.699 -0.01172 -0.00107 0.00213
4412.704 0.00000 -0.01172 0.00533
4412.709 -0.00746 -0.00426 0.00107
4412.714 -0.00107 0.00213 -0.01598
4412.719 0.01065 0.00639 -0.00426
4412.724 0.00107 0.00426 0.00000
4412.729 -0.00959 -0.00533 0.00213
4412.734 0.00000 0.00639 0.00426
4412.739 0.00000 -0.00852 -0.00320
4412.744 -0.00852 -0.00107 0.00107
4412.749 0.00213 -0.00639 0.00000
4412.754 -0.00533 -0.00107 -0.00320
4412.759 0.00000 0.01172 0.00213
4412.764 0.00213 -0.00426 -0.00533
4412.769 -0.00639 -0.00107 0.00107
4412.774 -0.00426 0.00320 0.00000
4412.779 -0.00213 0.00213 -0.00320
4412.784 -0.00639 0.00746 -0.00852
4412.789 0.00320 0.00000 0.00000
4412.794 0.00107 -0.00213 0.00426
4412.799 -0.00426 -0.00213 0.00426
4412.804 -0.00213 -0.00746 -0.00533
4412.809 -0.00426 0.00107 -0.00213
4412.814 -0.00320 -0.00852 0.00320
4412.819 -0.00320 0.00000 -0.00213
4412.824 -0.00213 -0.00746 0.00639
4412.830 -0.01172 -0.00107 0.00000
4412.835 -0.00107 0.00426 0.00107
4412.840 -0.00426 -0.00852 0.00533
4412.845 0.00000 0.00320 0.00852
4412.850 0.00852 -0.00533 -0.01598
4412.855 0.00107 0.00533 -0.00852
4412.860 0.00426 0.00852 -0.00533
4412.865 -0.00426 -0.00533 -0.00320
4412.870 -0.01917 0.00107 -0.00426
4412.875 0.00426 0.00000 0.00107
4412.880 -0.00639 0.00320 -0.00213
4412.885 -0.00426 0.00107 -0.00426
4412.890 0.00533 -0.00426 0.00426
4412.895 -0.00107 0.00000 -0.00213
4412.900 -0.00107 0.00000 0.00213
4412.905 0.00746 0.00320 0.00000
4412.910 0.01278 -0.00320 0.00426
4412.915 -0.00107 -0.00213 0.00213
4412.920 -0.01065 0.00000 -0.00107
4412.925 -0.00107 -0.01598 0.00320
4412.930 0.00107 0.01385 0.00320
4412.935 -0.00746 -0.00533 0.00426
4412.940 0.00746 -0.00426 -0.00426
4412.945 0.00107 0.00426 -0.00320
4412.950 -0.00639 -0.00533 0.00533
4412.955 -0.00852 -0.00213 -0.00533
4412.960 -0.00213 -0.00426 0.00320
4412.965 -0.00533 -0.01598 0.00000
4412.970 -0.00320 0.00746 0.00746
4412.975 -0.01491 -0.00852 -0.00426
4412.981 -0.00959 -0.00639 -0.00320
4412.986 -0.00213 -0.00213 0.00320
4412.991 -0.00320 0.00320 -0.00213
4412.996 0.00107 0.00213 -0.00639
4413.001 0.00426 0.00000 -0.00213
4413.006 -0.00746 -0.00213 -0.00107
4413.011 0.00639 -0.01278 -0.01172
4413.016 -0.00320 0.00426 0.00107
4413.021 0.00959 0.00533 -0.00533
4413.026 0.00533 0.00000 0.00320
4413.031 0.00426 0.00107 -0.00426
4413.036 -0.00320 -0.00320 -0.00426
4413.041 0.00320 0.00107 -0.00533
4413.046 -0.00320 -0.00852 -0.00107
4413.051 0.00000 -0.00959 0.00426
4413.056 0.00533 0.00639 -0.00320
4413.061 -0.00320 -0.00639 -0.01172
4413.066 -0.00107 0.00320 0.00000
4413.071 0.00213 0.01065 0.00533
4413.076 -0.00213 0.00533 0.00320
4413.081 -0.00107 -0.00213 -0.00426
4413.086 -0.00852 -0.00746 0.00320
4413.091 -0.00426 0.00320 -0.00426
4413.096 0.00107 0.00746 0.00213
4413.101 -0.00213 -0.00107 -0.00320
4413.106 0.00107 -0.00213 0.00639
4413.111 -0.00852 -0.00852 -0.01278
4413.116 0.00320 0.01704 0.00213
4413.121 0.00320 -0.00213 0.00639
4413.126 0.00533 -0.00426 0.00426
4413.131 0.00852 -0.00320 -0.00213
4413.136 0.00107 -0.00426 0.00426
4413.141 -0.00426 0.00000 0.00320
4413.146 0.00000 -0.00746 0.00000
4413.151 -0.00426 -0.01278 -0.00746
4413.156 -0.00533 -0.00639 0.00000
4413.162 -0.00959 -0.00320 0.00426
4413.167 0.00000 0.00852 -0.00213
4413.172 0.00000 0.00426 0.00107
4413.177 0.00852 -0.00320 -0.00213
4413.182 0.00746 -0.00320 -0.00746
4413.187 0.00320 -0.00107 -0.00852
4413.192 -0.00959 -0.00426 0.00000
4413.197 -0.00107 0.00746 0.00107
4413.202 -0.00213 0.00000 -0.00320
4413.207 -0.00107 -0.00320 0.00000
4413.212 0.01065 -0.00320 0.00213
4413.217 0.00533 -0.00320 -0.00213
4413.222 0.00639 -0.00746 -0.00213
4413.227 0.00533 -0.00107 0.00213
4413.232 0.00213 -0.00639 0.00000
4413.237 -0.00959 -0.00852 0.00639
4413.242 -0.00426 0.00213 -0.00107
4413.247 -0.00959 -0.00107 -0.00213
4413.252 -0.00639 0.00533 0.00852
4413.257 0.00533 -0.00320 0.00426
4413.262 0.00213 -0.00320 0.00213
4413.267 0.00107 -0.01172 0.00746
4413.272 0.00000 -0.00533 0.00000
4413.277 -0.00533 0.00320 -0.00213
4413.282 0.00213 0.00107 0.00000
4413.287 -0.00746 -0.00213 -0.00639
4413.292 -0.00746 -0.00320 0.00000
4413.297 0.00426 0.00852 -0.00320
4413.302 -0.00639 0.00639 -0.00533
4413.307 0.00213 -0.00426 -0.00426
4413.312 0.00107 -0.00320 -0.00959
4413.317 0.00000 -0.00426 -0.00107
4413.323 -0.00107 -0.00107 0.00320
4413.328 0.00213 -0.00320 -0.00639
4413.332 -0.00320 -0.00959 0.00746
4413.337 -0.00852 0.00213 0.00320
4413.342 -0.00107 -0.00213 0.00213
4413.347 -0.00320 -0.00320 -0.00107
4413.352 -0.00107 0.00426 -0.00426
4413.357 -0.00107 -0.00639 0.00107
4413.363 -0.00959 0.00426 -0.00107
4413.368 0.00320 -0.00533 -0.00320
4413.373 0.00107 0.00000 0.00107
4413.378 0.00426 0.00746 0.00320
4413.383 0.00213 0.00000 -0.00213
4413.388 0.00213 0.00107 -0.00213
4413.393 0.00320 -0.00426 -0.00107
4413.398 -0.00320 0.00533 -0.00213
4413.403 -0.00639 -0.00533 -0.00852
4413.408 0.00213 -0.00852 0.00639
4413.413 -0.00746 0.00320 0.00107
4413.418 -0.00852 0.00000 0.00426
4413.423 -0.00533 -0.00213 -0.00107
4413.428 0.00959 0.00107 0.00107
4413.433 -0.00107 -0.00320 -0.00852
4413.438 -0.00639 0.00320 -0.00213
4413.443 -0.00213 -0.00852 -0.00533
4413.448 -0.00426 0.00213 0.00320
4413.453 -0.00746 0.00107 0.00426
4413.458 -0.00213 -0.00746 -0.00320
4413.463 0.00213 -0.00320 -0.00426
4413.468 0.00000 0.00000 -0.00639
4413.473 0.00320 0.01385 0.00320
4413.478 -0.00426 -0.00639 -0.00639
4413.484 0.00320 -0.00320 -0.00426
4413.489 -0.00320 0.00213 -0.00213
4413.494 0.00107 0.00000 -0.01065
4413.499 -0.00533 0.00320 0.00639
4413.504 -0.00959 -0.00107 0.00213
4413.509 -0.01172 -0.00426 0.00000
4413.514 0.00213 0.00746 -0.00213
4413.519 -0.00213 -0.00320 0.00533
4413.524 0.00639 0.00107 0.00107
4413.529 -0.00213 -0.01491 0.00213
4413.534 0.00746 -0.00320 -0.00426
4413.539 -0.01172 -0.00107 0.00213
4413.544 -0.00213 -0.00533 0.00639
4413.549 -0.00639 0.00107 0.00107
4413.554 -0.00852 -0.00213 0.00000
4413.559 0.00000 -0.00213 0.00107
4413.564 -0.00213 -0.00426 -0.00107
4413.569 0.00852 -0.00320 0.00107
4413.574 0.00426 0.00000 0.00213
4413.579 -0.00533 -0.00533 0.00000
4413.584 -0.00639 -0.00426 -0.00639
4413.589 0.00107 -0.00426 -0.00746
4413.594 -0.00213 -0.00746 0.00000
4413.599 -0.00320 0.00746 -0.00213
4413.604 -0.01704 0.00533 -0.00320
4413.609 -0.00533 0.00746 -0.01172
4413.614 -0.00320 -0.00320 -0.00107
4413.619 0.00107 0.00320 -0.00107
4413.624 0.00426 0.00320 0.00320
4413.629 -0.00320 0.00000 -0.00533
4413.634 -0.00639 -0.00320 -0.00959
4413.639 0.00746 -0.00852 -0.00213
4413.644 -0.01491 -0.00533 -0.00959
4413.649 0.00000 0.00320 0.00213
4413.655 -0.00320 -0.00213 -0.00639
4413.660 -0.00107 0.00320 0.00426
4413.665 -0.00426 -0.00852 0.00107
4413.670 0.00320 0.00107 0.00320
4413.675 -0.00533 0.00000 0.00107
4413.680 -0.00320 -0.01065 -0.00213
4413.685 -0.00746 0.00320 -0.00213
4413.690 -0.01172 -0.00213 -0.00533
4413.695 -0.00320 0.00426 0.00107
4413.700 0.00107 -0.00107 -0.00533
4413.705 -0.00320 0.00852 -0.00107
4413.710 0.00320 0.00107 -0.00213
4413.715 0.00426 -0.00746 0.00639
4413.720 -0.00852 -0.00320 -0.00213
4413.725 0.00000 -0.00107 -0.00320
4413.730 -0.00213 0.00533 -0.00639
4413.735 -0.00533 0.00426 0.00000
4413.740 0.00000 -0.00107 -0.00426
4413.745 -0.00746 0.00000 -0.00213
4413.750 -0.00746 -0.01065 0.00107
4413.755 0.00107 0.00213 0.00107
4413.760 -0.00426 -0.00107 -0.00213
4413.765 0.00000 -0.00107 0.00426
4413.770 -0.00320 0.00320 0.00000
4413.775 -0.00107 -0.00746 -0.00320
4413.780 -0.00426 0.00213 -0.00320
4413.785 -0.00533 -0.00213 -0.00320
4413.790 -0.00107 0.00533 -0.00107
4413.796 -0.00107 -0.00746 -0.00746
4413.801 -0.00533 -0.00533 -0.00320
4413.806 -0.00852 -0.00426 -0.00533
4413.811 0.00533 -0.00639 0.00000
4413.816 -0.01065 -0.00426 -0.00107
4413.821 -0.01172 -0.00213 0.00000
4413.826 -0.00213 0.00107 0.00107
4413.831 -0.00213 -0.00639 -0.00320
4413.836 -0.00320 -0.00320 0.00000
4413.841 0.00213 0.00320 -0.00107
4413.846 -0.00533 -0.00320 0.00639
4413.851 -0.00639 -0.00107 0.00107
4413.856 -0.00533 -0.00213 -0.01065
4413.861 -0.00533 -0.01172 0.00107
4413.866 0.00320 0.00533 0.00000
4413.871 -0.00639 0.00852 0.00426
4413.876 -0.00639 -0.00639 0.00000
4413.881 0.00213 0.00533 0.00213
4413.886 -0.00107 0.00000 -0.00426
4413.891 0.00639 0.00213 -0.01704
4413.896 0.00107 -0.00320 -0.00533
4413.901 0.01065 0.00213 -0.00426
4413.906 -0.00107 0.01704 0.00213
4413.911 -0.00107 0.00107 -0.00213
4413.916 -0.00213 -0.00107 -0.00852
4413.921 0.00320 -0.00426 -0.00213
4413.926 0.00213 0.00000 -0.00213
4413.931 -0.00107 -0.00746 0.00000
4413.936 0.00213 -0.01598 0.00852
4413.941 0.00213 0.00426 -0.01065
4413.946 -0.00426 -0.00213 0.00533
4413.951 -0.00213 -0.00107 -0.00107
4413.956 0.00426 -0.00107 -0.00426
4413.961 -0.00213 -0.00533 -0.00426
4413.966 -0.01065 0.00320 0.00107
4413.971 -0.00107 0.00000 0.00107
4413.977 0.00639 0.00320 0.00426
4413.982 -0.01278 -0.00213 -0.00213
4413.987 -0.00426 -0.00959 0.00000
4413.992 0.00107 -0.00107 -0.00426
4413.997 0.00639 0.00107 -0.00213
4414.002 -0.00852 -0.00320 -0.00213
4414.007 -0.00746 -0.00320 -0.00107
4414.012 0.00639 -0.00107 0.00426
4414.017 -0.01385 0.00320 0.00213
4414.022 -0.00746 -0.00533 0.00000
4414.027 -0.00213 -0.00107 0.00533
4414.032 -0.00426 0.00000 -0.00959
4414.037 0.00000 -0.00213 -0.00107
4414.042 -0.00533 -0.00213 -0.00426
4414.047 -0.00746 -0.01172 0.01172
4414.052 -0.00639 -0.00213 -0.00533
4414.057 -0.00746 0.00320 -0.00107
4414.062 -0.00639 -0.00320 0.00000
4414.067 0.00000 -0.00533 -0.00107
4414.072 -0.00533 -0.00426 0.00533
4414.077 -0.00746 -0.00426 -0.00533
4414.082 -0.00213 -0.00107 0.00746
4414.087 -0.00639 0.00320 -0.00320
4414.092 0.01172 -0.00320 -0.00107
4414.097 0.00000 0.00000 -0.00107
4414.102 0.00000 0.01065 -0.00959
4414.107 -0.00213 0.00426 -0.00213
4414.112 -0.00746 0.00107 -0.00320
4414.117 -0.00213 -0.00533 0.00320
4414.122 -0.00852 -0.00746 0.01278
4414.127 -0.00746 -0.00320 -0.01598
4414.132 0.00746 0.00533 0.00213
4414.137 -0.00320 0.00320 -0.00639
4414.142 0.00426 -0.01278 -0.00320
4414.148 0.01172 -0.00426 -0.00320
4414.153 -0.00107 0.00000 0.00213
4414.158 0.00533 -0.00639 0.00107
4414.163 -0.00107 0.00320 0.00107
4414.168 0.00426 -0.00426 -0.00213
4414.173 -0.00320 0.00533 -0.00746
4414.178 -0.00320 0.00426 0.00320
4414.183 0.00000 -0.01172 -0.00107
4414.188 0.00000 0.00320 -0.00107
4414.193 0.00426 0.00320 0.01172
4414.198 -0.00959 0.00320 0.00107
4414.203 -0.00213 -0.00213 0.00107
4414.208 -0.00639 -0.00959 -0.00533
4414.213 -0.00426 0.00959 0.00000
4414.218 -0.00426 -0.00213 -0.00320
4414.223 0.00213 0.00426 0.00107
4414.228 0.01172 -0.00426 -0.00107
4414.233 -0.00426 -0.00852 -0.00639
4414.238 0.00000 -0.00639 0.00000
4414.243 0.00426 0.00107 0.00000
4414.248 -0.00746 -0.00107 -0.00959
4414.253 0.00426 -0.00852 -0.00107
4414.258 0.00320 -0.00213 0.00533
4414.263 -0.00426 -0.00639 0.00746
4414.268 0.00107 -0.00426 -0.00107
4414.273 -0.00426 -0.00320 -0.00213
4414.278 0.00639 -0.00746 0.00000
4414.283 -0.00320 0.00213 -0.00320
4414.288 -0.00426 -0.00107 -0.00426
4414.293 -0.00107 -0.00213 0.00533
4414.298 -0.00426 -0.00320 0.00000
4414.303 0.00320 -0.00426 -0.00959
4414.308 -0.00213 -0.00320 0.00426
4414.313 -0.00320 0.00107 0.00000
4414.319 -0.01065 -0.00959 -0.01811
4414.324 0.00426 -0.00852 0.00320
4414.329 0.00213 0.00213 0.00107
4414.334 -0.00852 0.00107 0.00320
4414.339 -0.00213 0.00213 -0.00320
4414.344 0.00213 0.00213 -0.00107
4414.349 -0.00533 0.00533 -0.00533
4414.354 0.00746 0.00107 0.00533
4414.359 -0.00639 0.01598 -0.00426
4414.364 -0.00746 -0.00320 0.00213
4414.369 -0.00213 -0.00746 0.00213
4414.374 -0.00533 0.00107 -0.00213
4414.379 -0.00852 -0.00107 0.00533
4414.384 -0.00320 0.00320 -0.00639
4414.389 -0.00107 -0.00213 -0.00533
4414.394 -0.00213 -0.01065 -0.00107
4414.399 0.00320 0.00107 0.00107
4414.404 0.00107 -0.00852 0.00746
4414.409 -0.01172 0.00107 -0.00213
4414.414 -0.00639 -0.00426 0.00639
4414.419 0.00000 0.00320 0.00213
4414.424 -0.00639 -0.00107 -0.00533
4414.430 -0.00213 -0.00213 0.00000
4414.434 -0.00959 -0.00320 0.00000
4414.440 0.00426 -0.00746 0.00107
4414.445 0.00852 -0.00107 0.00000
4414.450 -0.00852 0.00533 0.00213
4414.455 0.00426 -0.01172 -0.00959
4414.460 0.00426 0.00426 -0.01278
4414.465 0.00533 -0.00213 0.00746
4414.470 -0.00320 0.00639 -0.00107
4414.475 0.00000 -0.00639 -0.00320
4414.480 0.00426 -0.00852 -0.00426
4414.485 -0.00533 0.00320 0.00000
4414.490 -0.00746 -0.00107 0.00320
4414.495 0.00533 -0.00639 0.00000
4414.500 0.00000 -0.00959 0.00426
4414.505 -0.00107 0.00213 -0.00213
4414.510 0.00107 -0.00107 0.00852
4414.515 0.00213 -0.01278 0.00426
4414.520 -0.00426 0.00426 -0.00320
4414.525 0.00107 -0.00533 -0.00639
4414.530 0.00746 -0.00639 0.00320
4414.535 -0.00426 0.00426 -0.00213
4414.540 -0.00533 -0.00213 0.00107
4414.545 -0.00213 0.00426 -0.00426
4414.550 0.00213 -0.00852 -0.00107
4414.555 0.00639 0.00852 -0.00213
4414.560 -0.00533 0.00639 0.00320
4414.565 0.00533 0.00000 0.00000
4414.570 -0.00746 -0.00533 -0.00426
4414.575 -0.00639 0.00107 -0.00426
4414.580 -0.00639 0.00213 0.00533
4414.585 0.00000 -0.00639 0.00000
4414.590 -0.00533 0.00746 0.00852
4414.595 -0.00959 0.00000 -0.00213
4414.600 -0.00426 -0.00746 0.00107
4414.605 -0.00533 0.00320 -0.00213
4414.610 -0.00107 -0.00426 -0.00746
4414.615 0.00426 -0.00426 -0.00213
4414.621 -0.00213 0.00426 -0.00320
4414.626 -0.00533 0.00107 0.00000
4414.631 0.00000 0.00852 0.00852
4414.636 -0.00426 0.00320 -0.00107
4414.641 -0.00639 0.00000 0.00746
4414.646 -0.00107 -0.00107 -0.00639
4414.651 -0.00107 -0.00959 0.00107
4414.656 0.00213 0.00852 0.00000
4414.661 -0.00107 0.00533 -0.00107
4414.666 0.01172 -0.00852 -0.00213
4414.671 0.00426 0.00000 0.00320
4414.676 0.00000 -0.00533 0.00320
4414.681 -0.00213 0.00426 -0.00107
4414.686 -0.00426 -0.00533 0.00000
4414.691 -0.00107 -0.00107 0.00000
4414.696 -0.00320 -0.00852 0.00213
4414.701 -0.00746 -0.00533 -0.00320
4414.706 0.00107 -0.00213 0.00320
4414.711 -0.00320 -0.01172 0.00000
4414.716 -0.00426 -0.00107 -0.00107
4414.721 -0.00852 -0.00107 0.00533
4414.726 0.00639 -0.00426 0.00107
4414.731 0.00000 -0.00107 -0.00320
4414.736 -0.00320 0.00533 0.00213
4414.741 0.00533 0.00959 0.00107
4414.746 -0.00320 0.00000 0.00213
4414.751 -0.00852 -0.00107 -0.00746
4414.756 -0.00213 0.00213 0.00746
4414.761 -0.00320 -0.00213 -0.00107
4414.766 -0.00852 0.00107 -0.00320
4414.771 -0.00107 -0.00639 0.00107
4414.776 -0.00426 -0.00746 -0.01598
4414.782 -0.00320 0.00000 -0.00320
4414.787 0.00639 -0.00213 -0.00107
4414.792 0.00107 0.00746 -0.00746
4414.797 0.00320 0.00000 0.00426
4414.802 -0.00107 0.00320 0.00959
4414.807 0.00213 -0.00320 -0.00746
4414.812 0.00213 -0.00107 0.00426
4414.817 -0.00746 0.00426 0.00320
4414.822 -0.00320 0.00107 -0.01172
4414.827 -0.00213 0.00213 -0.00426
4414.832 0.00000 -0.00533 -0.00426
4414.837 0.01065 0.00533 -0.00426
4414.842 -0.00959 0.00000 0.00000
4414.847 -0.00107 0.00213 0.00107
4414.852 -0.00213 0.00320 0.00320
4414.857 -0.00213 -0.00213 -0.00533
4414.862 -0.00639 0.00107 0.00426
4414.867 0.00000 0.00639 0.00639
4414.872 -0.00107 0.00213 -0.00320
4414.877 -0.00320 0.00639 -0.00107
4414.882 -0.00959 0.00746 -0.00639
4414.887 -0.00320 0.00000 0.00639
4414.892 -0.00639 0.00000 -0.00107
4414.897 0.00533 -0.00639 -0.00213
4414.902 -0.00426 0.00000 0.00213
4414.907 0.00426 -0.00213 0.00000
4414.912 -0.00107 0.00320 -0.00852
4414.917 0.00533 -0.00107 0.00000
4414.922 -0.00746 -0.00320 -0.00320
4414.927 -0.00959 0.00639 -0.00746
4414.932 -0.00213 -0.00852 -0.00533
4414.937 -0.01065 0.00107 0.00107
4414.942 -0.00320 -0.01065 0.00320
4414.947 0.00320 -0.01278 -0.00639
4414.952 -0.01065 0.00107 0.00107
4414.957 -0.01278 -0.00320 0.00852
4414.963 -0.00426 0.00320 0.01065
4414.968 -0.00426 -0.00426 0.00000
4414.973 0.00000 0.00320 -0.00426
4414.978 -0.00426 0.00533 -0.00533
4414.983 -0.00852 -0.01385 -0.00320
4414.988 -0.00426 0.00426 0.00533
4414.993 0.00426 -0.00107 0.00107
4414.998 0.00000 -0.00639 -0.00320
4415.003 -0.00213 -0.00107 -0.00213
4415.008 -0.00852 0.00107 0.00000
4415.013 0.00533 -0.00533 0.00533
4415.018 0.00107 0.00213 -0.00213
4415.023 0.01065 0.00000 -0.00320
4415.028 0.00426 0.00852 -0.00107
4415.033 0.00213 -0.00639 0.00000
4415.038 -0.00746 0.00213 -0.00320
4415.043 0.00639 -0.00107 0.00533
4415.048 -0.00639 0.00107 0.01278
4415.053 -0.00746 0.00426 -0.00639
4415.058 0.00107 -0.00107 0.00959
4415.063 0.00320 -0.00533 -0.00213
4415.068 0.00107 0.00000 0.00426
4415.073 -0.00213 -0.00746 0.00320
4415.078 -0.00107 -0.00320 -0.00107
4415.083 -0.00639 0.00213 -0.00107
4415.088 0.01491 0.00000 0.00852
4415.093 0.00426 -0.02024 0.00852
4415.098 0.00107 -0.00639 -0.00533
4415.104 -0.00320 -0.00533 -0.00320
4415.109 0.00000 0.00107 0.00000
4415.114 0.00426 -0.00320 0.00320
4415.119 0.00213 -0.00426 -0.00213
4415.124 -0.00639 0.00320 0.00107
4415.129 -0.00320 0.00000 0.00107
4415.134 -0.00959 -0.00107 0.00107
4415.139 -0.00426 -0.00213 0.00320
4415.144 0.00107 -0.00639 -0.00320
4415.149 0.00000 0.00426 0.01065
4415.154 0.00533 0.00320 0.00000
4415.159 -0.00639 0.00000 0.00107
4415.164 0.00746 -0.00213 0.00320
4415.169 -0.00639 0.00107 0.00746
4415.174 -0.00107 0.00000 0.00000
4415.179 -0.00746 -0.00639 0.00426
4415.184 -0.00426 -0.00213 -0.00746
4415.189 0.00213 -0.00426 -0.00533
4415.194 -0.00320 0.00213 0.00000
4415.199 -0.00107 0.00107 0.00000
4415.204 -0.00639 -0.00320 -0.00107
4415.209 0.01385 0.00959 0.00213
4415.214 -0.00107 -0.00320 0.00746
4415.219 0.00426 -0.00639 0.00533
4415.224 -0.00426 0.00000 -0.00959
4415.229 -0.00746 -0.00107 -0.00107
4415.234 -0.00852 -0.00213 -0.01065
4415.239 0.00000 0.00533 0.00639
4415.244 -0.01491 -0.00320 -0.01172
4415.249 0.00107 0.00213 0.00000
4415.255 0.00107 0.00533 -0.00107
4415.260 -0.01385 0.00107 -0.00426
4415.265 -0.00533 -0.00107 0.00107
4415.270 -0.00320 0.00107 0.00639
4415.275 0.00000 -0.00852 -0.00426
4415.280 -0.00426 -0.00852 0.00000
4415.285 -0.00639 -0.00213 -0.00107
4415.290 0.00426 -0.00107 0.00000
4415.295 0.00426 0.00320 -0.00320
4415.300 0.00000 0.00000 -0.00533
4415.305 0.00000 -0.00213 -0.00107
4415.310 -0.00320 0.00426 0.00426
4415.315 -0.00959 -0.00426 0.00426
4415.320 0.00852 0.00533 0.00213
4415.325 0.00107 0.00000 0.00213
4415.330 0.00426 -0.00213 -0.00107
4415.335 0.00533 0.00639 -0.00959
4415.340 -0.00426 0.00000 0.00107
4415.345 -0.00426 0.00213 0.00000
4415.350 -0.01065 0.00000 -0.00320
4415.355 0.00426 0.00213 0.00107
4415.360 -0.00639 0.00000 -0.00852
4415.365 0.00000 -0.00639 -0.00320
4415.370 0.00533 0.01172 0.00426
4415.375 0.00213 -0.00852 0.00107
4415.380 -0.00639 0.00426 -0.00107
4415.385 0.00746 0.00107 0.00533
4415.390 0.00852 -0.00639 0.00533
4415.395 0.00320 -0.00213 -0.00533
4415.400 -0.00320 -0.00533 0.00107
4415.405 -0.00107 -0.00107 -0.00959
4415.410 -0.00746 0.01172 0.00533
4415.415 -0.00213 0.00107 -0.00107
4415.420 -0.00852 -0.00746 0.00107
4415.426 0.00107 -0.00213 0.00320
4415.431 -0.00533 0.00746 -0.00320
4415.436 -0.00639 0.00000 -0.00107
4415.441 -0.00320 -0.00426 0.00000
4415.446 -0.01065 -0.00107 0.00213
4415.451 0.00320 -0.00213 -0.01065
4415.456 -0.00639 0.00426 -0.00639
4415.461 0.00533 0.00533 -0.00320
4415.466 0.00213 -0.00639 -0.00107
4415.471 -0.00320 0.00746 0.00107
4415.476 -0.00320 0.00107 0.00533
4415.481 -0.00107 0.00000 0.00320
4415.486 -0.00426 -0.00959 -0.00852
4415.491 0.00639 -0.00107 -0.00320
4415.496 -0.00426 -0.00533 0.00213
4415.501 -0.00746 -0.00107 0.00000
4415.506 -0.00107 -0.00320 -0.00213
4415.511 0.00959 -0.01065 0.00320
4415.516 -0.00107 0.00533 0.00426
4415.521 0.00320 -0.00107 0.00213
4415.526 -0.00533 0.00000 0.00213
4415.531 -0.00107 0.00000 -0.00426
4415.536 -0.00639 -0.01172 0.00533
4415.541 0.00320 0.00320 0.00639
4415.546 0.00000 -0.00426 -0.00320
4415.551 0.00213 -0.00639 -0.00639
4415.556 -0.00533 -0.00426 0.00107
4415.561 0.00959 0.00000 0.00107
4415.566 0.00000 -0.00426 -0.00107
4415.571 -0.00107 -0.00320 -0.00320
4415.577 -0.00426 0.00426 -0.00426
4415.582 0.00000 0.00000 0.00533
4415.587 0.00533 -0.00746 -0.00533
4415.592 0.00639 0.00533 -0.00320
4415.597 -0.00746 -0.00107 -0.00107
4415.602 0.00213 0.00959 -0.00107
4415.607 0.00320 0.00213 0.00320
4415.612 -0.00639 -0.00107 0.00213
4415.617 -0.00107 0.00320 0.00213
4415.622 0.00426 -0.00533 0.00000
4415.627 -0.00639 -0.00426 -0.00320
4415.632 0.00000 -0.00533 0.00000
4415.637 0.00320 0.00213 0.00000
4415.642 0.00533 0.00426 -0.00107
4415.647 0.00533 -0.00320 0.00213
4415.652 -0.00320 -0.00426 0.01385
4415.657 -0.00852 -0.00107 -0.00107
4415.662 0.00320 0.00213 -0.00107
4415.667 -0.00959 0.00213 -0.00213
4415.672 -0.00639 0.00320 -0.00426
4415.677 0.00000 0.00107 -0.00533
4415.682 0.00533 -0.00746 0.00852
4415.687 0.00639 0.00107 -0.00107
4415.692 -0.00320 -0.00533 -0.01065
4415.697 -0.00426 0.00320 0.01172
4415.702 -0.00746 -0.01172 -0.00533
4415.707 0.00000 0.00000 -0.00426
4415.712 0.00533 -0.00107 0.00213
4415.717 0.00320 -0.00426 -0.00426
4415.722 -0.00107 -0.00639 0.00213
4415.727 0.00107 -0.00426 0.00000
4415.732 -0.00533 -0.00213 -0.00746
4415.737 0.00639 0.00533 0.00320
4415.742 0.00639 -0.00426 0.00320
4415.747 -0.00213 0.00000 0.00426
4415.752 0.00320 -0.00426 0.00213
4415.758 0.00107 0.00426 -0.00213
4415.763 0.00000 -0.00533 0.00213
4415.768 -0.00107 -0.00852 -0.00213
4415.773 -0.00639 0.00639 -0.00213
4415.778 -0.00852 -0.00426 -0.00107
4415.783 -0.00107 -0.00426 0.00746
4415.788 -0.01065 -0.00959 -0.00426
4415.793 0.00320 -0.00746 0.00639
4415.798 0.00533 -0.00746 -0.00320
4415.803 0.00533 0.00000 0.01278
4415.808 0.00320 0.00639 -0.00639
4415.813 0.00213 0.00000 0.00320
4415.818 -0.00746 -0.00426 -0.00320
4415.823 -0.00107 -0.00533 0.00000
4415.828 -0.00320 0.00107 0.00000
4415.833 -0.00213 0.00213 0.00533
4415.838 0.00320 -0.01172 0.00320
4415.843 -0.00320 -0.00639 -0.00639
4415.848 0.00213 0.00000 0.00213
4415.853 -0.00320 -0.00107 0.00426
4415.858 0.00639 -0.00320 0.00320
4415.863 0.00000 -0.01172 -0.00213
4415.868 -0.00746 -0.00107 -0.00107
4415.873 0.00213 0.00000 0.00320
4415.878 -0.00107 0.00000 -0.00320
4415.883 0.00000 0.00107 0.00639
4415.888 0.00213 -0.00320 -0.00320
4415.893 -0.00213 -0.00852 -0.00107
4415.898 -0.01278 -0.00320 0.00959
4415.903 0.00107 -0.00320 0.00320
4415.908 0.00000 0.00320 0.00000
4415.913 -0.00213 -0.00107 0.00107
4415.919 0.00107 -0.00107 -0.00426
4415.924 -0.00533 0.00107 -0.00426
4415.929 -0.01278 -0.00533 0.00213
4415.934 0.00426 -0.00213 -0.00107
4415.939 -0.00746 -0.00533 -0.00213
4415.944 -0.00213 0.00320 0.00639
4415.949 -0.00639 -0.00213 0.00320
4415.954 -0.00213 -0.00107 -0.00639
4415.959 -0.00639 -0.00639 -0.00213
4415.964 0.00107 0.00320 -0.00107
4415.969 0.00107 0.00107 -0.00533
4415.974 0.00746 -0.00213 -0.00533
4415.979 -0.01172 0.00426 0.01065
4415.984 -0.00533 0.00746 -0.00107
4415.989 0.00107 -0.00533 -0.00107
4415.994 -0.00213 -0.00213 -0.00107
4415.999 0.01065 -0.00320 0.00320
4416.004 0.00746 0.00320 -0.00533
4416.009 0.00107 0.00107 0.00320
4416.014 -0.00426 0.00639 -0.00426
4416.019 -0.00213 -0.00107 -0.00107
4416.024 -0.00533 0.00107 -0.00213
4416.029 -0.00213 -0.00533 -0.00213
4416.034 -0.00639 0.00213 -0.00213
4416.039 -0.00746 -0.00639 0.00213
4416.044 -0.00426 -0.00533 -0.00107
4416.049 0.00213 -0.00426 -0.00213
4416.054 0.00426 0.01278 -0.00746
4416.059 0.00746 -0.00107 0.00320
4416.064 -0.00639 0.00213 -0.00213
4416.069 -0.00320 0.00000 -0.00852
4416.074 0.00213 0.00107 -0.00533
4416.079 -0.00426 0.00107 0.00213
4416.084 0.00000 -0.00107 0.00213
4416.090 -0.00852 -0.01172 0.00000
4416.095 -0.00639 -0.00959 -0.00533
4416.100 0.00000 -0.00320 0.00107
4416.105 -0.00959 -0.00107 -0.00213
4416.110 0.00852 0.00213 -0.00533
4416.115 -0.00213 0.00000 0.00000
4416.120 -0.00213 -0.00533 -0.00533
4416.125 -0.00852 -0.00107 0.00426
4416.130 0.00213 0.00852 0.00213
4416.135 0.00533 -0.00533 -0.00213
4416.140 -0.00320 0.00320 -0.00746
4416.145 0.00639 0.00107 0.00320
4416.150 -0.00639 0.00320 -0.00107
4416.155 0.00426 -0.00320 0.00426
4416.160 0.00107 -0.00639 0.00000
4416.165 -0.00213 0.01598 -0.00533
4416.170 0.00107 0.00107 0.00107
4416.175 0.00213 0.00213 0.00000
4416.180 0.00426 -0.00959 0.00000
4416.185 -0.00533 -0.00320 -0.00533
4416.190 0.00213 -0.00213 0.00533
4416.195 0.01278 -0.00746 0.00000
4416.200 -0.00213 -0.00107 -0.00426
4416.205 -0.00533 -0.00533 0.00213
4416.210 0.00746 -0.00213 -0.00107
4416.215 -0.00213 0.00213 0.00107
4416.220 -0.00107 0.00852 0.00107
4416.225 0.00213 -0.00213 -0.00639
4416.231 -0.00213 0.00000 -0.00639
4416.236 0.00426 0.00639 0.00320
4416.241 -0.00107 -0.00959 -0.00533
4416.246 0.00426 0.00000 -0.00852
4416.251 -0.00213 0.00000 0.00426
4416.256 -0.00426 0.00213 -0.00320
4416.261 -0.01065 -0.00320 -0.00107
4416.266 0.00426 -0.00107 -0.00107
4416.271 -0.00107 0.00533 0.00107
4416.276 0.00852 0.00000 0.00639
4416.281 0.00000 0.00746 0.00000
4416.286 -0.00426 -0.00320 0.00852
4416.291 0.00213 0.00213 0.00107
4416.296 0.00000 0.00000 0.00320
4416.301 0.00107 -0.00320 -0.00320
4416.306 -0.00320 -0.00107 -0.00533
4416.311 -0.01065 0.00639 -0.01172
4416.316 -0.00746 0.00639 -0.00426
4416.321 -0.00852 -0.00426 -0.00639
4416.326 -0.00107 -0.00320 -0.00426
4416.331 0.00426 0.00320 0.00000
4416.336 -0.00213 -0.00426 0.00426
4416.341 -0.00213 0.00213 0.00426
4416.346 0.00000 0.00000 -0.00639
4416.351 -0.00533 0.00213 0.00000
4416.356 0.00213 0.00107 0.00533
4416.361 -0.00213 0.00426 0.00320
4416.366 -0.00213 -0.00213 0.00107
4416.371 -0.00320 -0.00426 -0.00107
4416.376 0.00426 -0.01278 -0.00107
4416.381 0.00107 -0.00852 -0.00320
4416.386 0.00320 0.00533 0.00320
4416.392 -0.00426 -0.00426 -0.00213
4416.397 0.00320 -0.00533 0.00107
4416.402 0.00320 -0.00320 -0.00213
4416.407 0.00000 -0.00107 -0.00426
4416.412 0.00000 0.00213 -0.00426
4416.417 -0.00107 0.00107 0.00107
4416.422 0.00000 -0.00852 -0.00426
4416.427 0.00000 -0.00213 -0.00746
4416.432 0.00426 -0.00107 -0.00107
4416.437 -0.00639 -0.00213 0.00213
4416.442 -0.00852 -0.01172 -0.00320
4416.447 -0.00107 0.00107 -0.00213
4416.452 0.00000 -0.01491 -0.00213
4416.457 -0.00639 -0.00426 -0.00107
4416.462 0.00533 0.00000 0.00107
4416.467 -0.00213 0.00639 -0.00213
4416.472 -0.00533 -0.00746 -0.00959
4416.477 0.00533 0.00533 0.00533
4416.482 0.00639 -0.00213 0.00107
4416.487 0.00107 0.00107 0.00213
4416.492 0.00107 -0.00320 -0.00426
4416.497 -0.00320 0.00107 -0.00320
4416.502 -0.00426 -0.00639 -0.01065
4416.507 -0.00107 0.00107 -0.00107
4416.512 -0.00107 -0.00213 0.00746
4416.517 0.00320 0.00213 0.00000
4416.522 0.00639 0.00533 -0.00213
4416.527 -0.00107 0.00000 -0.00426
4416.532 -0.00852 0.00746 -0.00426
4416.537 -0.00639 -0.00426 -0.00426
4416.542 0.00000 0.00746 -0.00107
4416.547 -0.00533 0.00426 0.00959
4416.553 0.00320 -0.00639 -0.00213
4416.558 0.00213 -0.00107 -0.00639
4416.563 0.00000 -0.00320 0.00107
4416.568 0.00213 0.00213 -0.00320
4416.573 -0.00959 -0.01278 -0.00107
4416.578 -0.00426 -0.00533 -0.00213
4416.583 -0.00213 0.00000 -0.01065
4416.588 -0.00213 -0.00852 0.00213
4416.593 -0.00852 -0.00426 -0.00213
4416.598 -0.00107 -0.00426 -0.00107
4416.603 0.00000 0.01172 -0.00213
4416.608 0.00000 -0.00107 0.00213
4416.613 -0.00213 0.00852 -0.00107
4416.618 -0.00107 0.00320 -0.00533
4416.623 -0.00639 -0.00426 0.00426
4416.628 -0.00107 -0.00533 -0.00852
4416.633 -0.00213 -0.00320 -0.00852
4416.638 -0.00213 0.00426 0.00320
4416.643 0.00213 -0.00213 -0.00426
4416.648 -0.00959 -0.00107 0.00426
4416.653 -0.00320 -0.00746 0.00320
4416.658 0.00533 -0.01172 0.00746
4416.663 -0.00852 -0.00320 -0.00320
4416.668 0.00320 -0.00213 0.00000
4416.673 0.00000 -0.00213 0.00000
4416.678 -0.00107 0.00533 -0.00107
4416.683 0.00426 -0.00213 0.00000
4416.688 0.00107 0.00107 0.00213
4416.693 -0.01172 -0.00746 -0.00746
4416.698 -0.00107 -0.00426 0.00107
4416.703 0.00320 -0.00746 -0.00213
4416.708 -0.00213 -0.00213 -0.00320
4416.714 -0.00213 -0.00959 -0.00213
4416.719 -0.00107 -0.00107 0.00852
4416.724 0.00533 0.00107 0.00320
4416.729 -0.00426 -0.00320 -0.00426
4416.734 -0.00320 -0.00107 0.00213
4416.739 -0.00426 0.00107 0.00746
4416.744 0.00426 0.00213 -0.00533
4416.749 -0.00639 -0.00746 -0.00959
4416.754 -0.00107 0.00213 0.00639
4416.759 -0.00533 0.00000 -0.00639
4416.764 -0.00426 -0.00639 0.00320
4416.769 0.00000 0.00213 0.00000
4416.774 -0.00959 -0.00746 0.00320
4416.779 0.00533 -0.00426 -0.00107
4416.784 0.00000 0.00000 -0.00107
4416.789 -0.00107 -0.00213 -0.00426
4416.794 -0.00213 -0.00213 0.00213
4416.799 0.00320 -0.00107 -0.00107
4416.804 0.00000 0.00107 0.00000
4416.809 -0.00107 0.00426 -0.00107
4416.814 0.00213 -0.00213 -0.00107
4416.819 -0.00213 0.00639 -0.00320
4416.824 0.00852 0.00746 0.00107
4416.829 0.01278 0.00320 0.00000
4416.834 -0.00426 0.00213 -0.00213
4416.839 -0.00426 0.00852 0.00533
4416.844 0.00533 0.00107 -0.00959
4416.849 -0.00746 0.00000 -0.01065
4416.854 -0.00107 -0.00213 -0.00320
4416.859 0.00639 -0.00213 0.00746
4416.864 -0.00426 -0.00959 0.00107
4416.869 -0.00639 0.00000 -0.00107
4416.874 -0.00533 -0.00213 0.00107
4416.879 -0.00320 0.01065 0.00426
4416.884 -0.00639 -0.00107 -0.01172
4416.889 0.00533 0.00107 -0.00107
4416.894 0.00320 0.00320 0.00533
4416.899 0.00959 -0.00213 -0.00107
4416.904 -0.00639 -0.00426 0.00000
4416.909 -0.00426 0.00533 -0.00320
4416.915 -0.00213 -0.01172 0.00320
4416.920 -0.00426 0.00107 0.00426
4416.925 -0.00426 0.00320 -0.00426
4416.930 -0.00213 -0.00746 0.01278
4416.935 0.00746 0.00213 0.00213
4416.940 0.00107 0.00639 0.00213
4416.945 0.00320 0.00107 -0.00533
4416.950 -0.00639 0.00320 -0.00639
4416.955 0.00320 -0.00107 0.00000
4416.960 0.00533 0.00639 -0.00107
4416.965 -0.00426 0.00533 0.00213
4416.970 -0.00320 -0.00213 -0.00533
4416.975 0.00426 -0.00426 -0.00426
4416.980 -0.00533 0.00320 0.00533
4416.985 0.00107 0.00107 -0.00533
4416.990 -0.00533 -0.00533 -0.00213
4416.995 0.01278 0.00426 0.00426
4417.000 0.00320 0.00426 -0.00213
4417.005 0.00107 -0.00213 0.00000
4417.010 0.00000 0.00639 -0.00107
4417.016 -0.00213 -0.00107 0.00000
4417.021 -0.00213 -0.00213 -0.00320
4417.026 0.00426 0.00639 0.00107
4417.031 -0.00959 -0.00107 0.00533
4417.036 0.00000 0.00639 0.00000
4417.041 0.00639 0.00639 0.00533
4417.046 0.00320 0.00107 -0.00533
4417.051 0.00320 -0.00639 -0.00213
4417.056 0.00107 0.00426 -0.00639
4417.061 -0.00320 -0.00107 -0.00533
4417.066 0.00426 -0.00639 -0.00213
4417.071 0.00639 -0.00746 -0.00320
4417.076 0.00107 -0.00533 -0.00639
4417.081 0.00852 0.00213 0.00320
4417.086 -0.00107 0.00213 -0.00426
4417.091 -0.00107 -0.00639 0.00107
4417.096 -0.01385 -0.00107 -0.00533
4417.101 0.00852 0.00320 -0.00320
4417.106 -0.00213 -0.00107 0.00000
4417.111 0.00320 -0.00746 0.00320
4417.116 0.00639 -0.00639 0.00107
4417.121 0.00213 0.00426 0.00000
4417.126 -0.00852 0.00000 0.00107
4417.131 0.00000 -0.00320 -0.00533
4417.136 -0.01065 -0.00852 0.00213
4417.141 -0.00213 -0.00426 -0.00107
4417.146 0.00000 -0.01172 0.00426
4417.151 0.00320 -0.00426 0.00426
4417.156 -0.00533 -0.00320 0.00107
4417.161 0.00107 -0.00320 -0.00852
4417.166 0.00320 -0.00213 0.00959
4417.171 0.00000 -0.00959 0.00107
4417.176 0.00852 -0.00107 0.00213
4417.181 -0.00639 0.01385 -0.00426
4417.186 0.00320 -0.00426 0.00107
4417.191 0.00000 -0.00639 0.00000
4417.197 -0.00320 -0.00426 0.00213
4417.202 -0.00213 0.00533 0.00320
4417.207 -0.00746 -0.00320 0.00426
4417.212 -0.00107 0.00852 0.00320
4417.217 0.00213 -0.00426 -0.00426
4417.222 -0.00213 0.00959 0.00426
4417.227 0.00107 0.00000 0.00533
4417.232 -0.01172 -0.00107 0.00107
4417.237 -0.00213 -0.00213 -0.00426
4417.242 0.00746 -0.00320 0.00746
4417.247 -0.00107 -0.00639 0.00107
4417.252 0.00320 0.00000 -0.00639
4417.257 -0.00639 0.00746 -0.00639
4417.262 0.00000 0.00000 0.00107
4417.267 0.00320 -0.00320 0.00000
4417.272 0.00320 0.00533 0.00213
4417.277 -0.00320 0.00107 -0.00107
4417.282 -0.00426 -0.00426 -0.00639
4417.287 0.00213 0.00320 -0.00107
4417.292 -0.00213 -0.02344 0.00000
4417.297 0.00426 0.00213 -0.00213
4417.302 -0.01172 -0.00959 -0.00107
4417.307 -0.00533 -0.00320 -0.00852
4417.312 -0.00107 -0.00213 0.00533
4417.317 -0.00852 -0.00639 0.00107
4417.322 -0.00426 -0.00213 -0.00107
4417.327 0.00213 0.00213 -0.00533
4417.332 0.00320 0.00000 0.00213
4417.337 -0.00959 -0.00107 0.00213
4417.342 0.00000 -0.00213 0.00320
4417.348 -0.00320 -0.00213 0.00107
4417.353 0.00107 -0.00320 -0.00213
4417.358 0.00639 0.00000 0.00213
4417.363 -0.00639 -0.00426 0.00213
4417.368 0.00000 0.00533 0.00320
4417.373 0.00107 0.00107 -0.00320
4417.378 0.00746 -0.00320 0.00533
4417.383 0.00000 -0.00320 -0.00320
4417.388 -0.00213 -0.01385 0.00533
4417.393 -0.00107 0.00320 -0.00213
4417.398 -0.00213 0.00213 0.00320
4417.403 -0.00639 -0.00426 -0.00107
4417.408 0.00000 -0.00746 -0.00107
4417.413 -0.00320 0.00107 -0.00959
4417.418 0.00000 0.00533 -0.00533
4417.423 0.00320 0.00213 -0.00533
4417.428 -0.00320 0.00213 -0.00746
4417.433 0.00320 -0.01172 -0.00213
4417.438 0.00107 0.01172 0.00107
4417.443 -0.00107 0.00000 -0.00107
4417.448 -0.00213 0.00000 -0.00213
4417.453 -0.00959 -0.00639 0.00213
4417.458 0.00213 -0.00213 -0.00320
4417.463 0.00320 0.00426 -0.00639
4417.468 -0.00746 0.00639 -0.00959
4417.473 -0.00852 0.00000 0.00320
4417.478 0.00107 -0.01278 0.00426
4417.483 0.00533 0.00107 -0.00746
4417.488 0.00746 0.00213 -0.00959
4417.493 0.00426 0.00746 0.00000
4417.498 -0.00107 -0.00533 -0.00213
4417.503 -0.00213 -0.00533 0.00320
4417.509 0.00107 -0.00107 -0.00426
4417.514 0.00213 0.00213 -0.00107
4417.519 0.00107 0.00426 0.00213
4417.524 -0.00213 -0.00213 -0.00426
4417.529 -0.00426 -0.00213 -0.00213
4417.534 -0.00107 0.00320 0.00213
4417.539 -0.00320 -0.00107 -0.00746
4417.544 -0.00320 0.00213 -0.00107
4417.549 -0.00852 0.00320 -0.00107
4417.554 -0.00959 -0.00107 -0.00320
4417.559 0.00107 0.00746 0.00320
4417.564 -0.00320 -0.00533 0.00107
4417.569 0.00000 -0.00213 -0.00639
4417.574 0.00320 -0.00639 -0.00213
4417.579 -0.00533 -0.00213 -0.01065
4417.584 -0.00107 0.00000 0.00107
4417.589 -0.00426 0.00426 -0.00107
4417.594 0.00107 -0.00639 0.00746
4417.599 -0.00533 -0.00746 -0.00746
4417.604 0.00000 0.00213 0.00000
4417.609 -0.00213 -0.00639 -0.00426
4417.614 -0.00320 -0.00107 0.00000
4417.619 -0.00426 -0.00107 -0.00426
4417.624 0.00320 0.00213 0.01172
4417.629 -0.00959 0.00000 -0.00852
4417.634 0.00426 0.01065 -0.00320
4417.639 -0.00533 -0.00426 0.00213
4417.644 0.00426 0.00320 0.00426
4417.649 -0.00426 0.00746 -0.01065
4417.654 -0.00426 -0.00213 0.00320
4417.659 0.00746 -0.00107 -0.00746
4417.664 0.00959 -0.00107 0.01065
4417.669 -0.00746 0.00746 0.00107
4417.674 0.00426 0.00000 -0.00320
4417.680 -0.00852 -0.00533 0.00746
4417.685 -0.00746 0.00107 0.00000
4417.690 0.00107 -0.00213 0.00426
4417.695 -0.00426 -0.00426 -0.00533
4417.700 -0.00746 0.00639 0.00639
4417.705 -0.00213 -0.00107 -0.00426
4417.710 -0.00639 -0.00639 -0.00639
4417.715 0.00000 0.00426 0.01278
4417.720 -0.00107 -0.00426 0.00107
4417.725 0.00000 -0.00213 0.00746
4417.730 -0.00320 -0.00213 -0.00746
4417.735 -0.00533 0.00000 -0.00213
4417.740 0.00000 0.00107 -0.00320
4417.745 -0.00320 0.00213 -0.00639
4417.750 -0.00426 0.00107 -0.00533
4417.755 0.00639 0.00213 -0.00533
4417.760 -0.00533 -0.00213 -0.00746
4417.765 0.00213 0.00213 0.00000
4417.770 -0.00533 0.00533 0.00533
4417.775 -0.00852 -0.00639 -0.00213
4417.780 -0.00320 0.00426 -0.00107
4417.785 -0.00533 0.00320 0.00000
4417.790 0.00107 -0.00107 0.00320
4417.795 0.00000 0.00320 0.00213
4417.800 -0.00320 -0.00746 -0.00320
4417.805 0.00320 0.00746 -0.00533
4417.810 -0.00213 0.00000 -0.00426
4417.815 -0.00107 -0.00107 -0.00107
4417.820 -0.00639 0.02876 -0.01278
4417.825 -0.00746 -0.00426 -0.00426
4417.830 -0.00426 -0.01278 -0.00213
4417.835 0.00107 0.00000 0.00000
4417.840 0.00000 0.00000 0.00213
4417.845 -0.00639 -0.00213 -0.00213
4417.851 0.00213 -0.00426 0.00426
4417.856 0.00213 -0.00959 0.00107
4417.861 -0.00426 -0.00533 0.00639
4417.866 -0.00213 -0.00533 0.00426
4417.871 0.00533 -0.00852 -0.00107
4417.876 -0.00426 0.00426 0.00213
4417.881 -0.00213 -0.00213 -0.00107
4417.886 -0.00959 0.00000 -0.00639
