4340.030 -0.00426 -0.00320 -0.00746
4340.035 -0.00426 -0.00426 0.00107
4340.040 -0.00426 -0.00533 -0.00639
4340.045 -0.00533 -0.00426 0.00852
4340.050 0.00000 -0.00320 0.00639
4340.055 0.00107 0.00639 0.00107
4340.060 -0.00533 -0.00320 0.00426
4340.065 -0.00426 -0.00213 0.00107
4340.070 -0.00639 -0.00107 -0.00426
4340.075 -0.00107 0.00000 -0.00533
4340.080 -0.00213 -0.00746 0.00320
4340.085 0.00107 -0.00320 0.00000
4340.090 0.00107 0.00746 -0.00107
4340.095 0.00213 -0.00852 0.00107
4340.100 0.00107 -0.00320 -0.00107
4340.105 -0.00213 0.00639 -0.00320
4340.111 -0.00533 0.00533 0.00107
4340.116 0.00533 0.00639 0.00320
4340.121 -0.01065 -0.00107 -0.00107
4340.126 -0.00959 0.00639 -0.00107
4340.131 0.00000 0.00107 0.00107
4340.136 -0.00639 0.00213 -0.00639
4340.141 -0.00320 0.00000 -0.00107
4340.146 0.00320 -0.00213 -0.00107
4340.151 -0.00213 -0.00533 0.00107
4340.156 0.00000 -0.00533 -0.00852
4340.161 0.00000 -0.00107 0.00639
4340.166 -0.00213 -0.00639 -0.00746
4340.171 -0.00107 -0.00426 0.00426
4340.176 0.00107 0.00213 -0.00107
4340.181 0.00000 -0.00426 0.00320
4340.186 0.00533 0.00639 -0.00107
4340.191 0.00000 -0.00107 -0.00426
4340.196 -0.01278 -0.00320 0.00107
4340.201 -0.00107 0.00213 0.00000
4340.206 -0.00639 -0.00852 0.00107
4340.211 0.00639 -0.00639 0.00320
4340.216 0.00000 0.00213 -0.00746
4340.221 0.00639 -0.00426 -0.00107
4340.226 0.00000 -0.00213 -0.00746
4340.231 -0.01491 -0.00213 -0.00746
4340.236 0.00000 0.00533 -0.00320
4340.241 0.00639 -0.00746 0.00107
4340.246 0.00213 -0.00320 0.00639
4340.251 0.00000 -0.00426 -0.00320
4340.256 -0.00426 0.00320 0.00213
4340.261 -0.00639 -0.00852 -0.00213
4340.266 0.00000 0.00213 0.00000
4340.272 0.00639 0.00213 -0.00320
4340.277 -0.00639 -0.00107 0.00000
4340.282 0.00746 -0.00426 0.00533
4340.287 0.00320 0.00426 -0.00213
4340.292 -0.00213 -0.00852 0.00959
4340.297 0.00000 -0.00852 -0.00320
4340.302 0.00000 -0.00959 0.00852
4340.307 0.00107 -0.00639 0.00639
4340.312 -0.00533 -0.00320 0.00000
4340.317 -0.00320 0.00213 0.00852
4340.322 0.00320 0.00107 0.00107
4340.327 0.00639 -0.00533 -0.00959
4340.332 -0.00533 -0.00426 -0.00213
4340.337 0.00107 -0.00320 0.00320
4340.342 0.00000 -0.00213 -0.00426
4340.347 -0.01065 0.00000 0.00533
4340.352 -0.00852 -0.00639 -0.00533
4340.357 -0.00320 -0.00213 -0.00639
4340.362 0.00320 0.00426 -0.00320
4340.367 0.00426 -0.00107 0.00000
4340.372 -0.00107 -0.00107 -0.00426
4340.377 0.00746 -0.00320 0.00426
4340.382 0.00959 -0.00639 0.00107
4340.387 0.00107 -0.00639 0.00107
4340.392 0.00533 -0.00107 0.00000
4340.397 -0.00107 -0.00533 0.00320
4340.402 0.00320 -0.00320 0.00213
4340.407 0.00320 -0.00320 0.00213
4340.412 -0.00639 -0.00213 0.01491
4340.417 -0.00746 -0.00426 0.00533
4340.422 0.00107 -0.00639 -0.00852
4340.427 0.00000 -0.00959 -0.00852
4340.432 -0.00107 -0.00746 0.00107
4340.437 0.00320 -0.00639 0.00213
4340.442 -0.00639 -0.00426 0.00000
4340.447 -0.00213 -0.01491 0.00213
4340.452 -0.00320 -0.00533 0.00107
4340.457 -0.00639 -0.00426 0.00107
4340.462 0.00000 -0.00213 0.00107
4340.467 0.00213 -0.00107 -0.00852
4340.472 -0.00107 0.00213 -0.00639
4340.477 -0.00639 -0.00852 -0.00426
4340.482 -0.00533 -0.01065 0.00639
4340.487 0.00959 -0.01172 0.00107
4340.492 -0.00426 -0.00213 0.00213
4340.497 -0.00213 -0.00213 -0.00107
4340.502 -0.01065 -0.00107 0.00107
4340.507 -0.00852 0.00000 0.00213
4340.512 0.00000 -0.00639 0.00000
4340.517 0.00426 -0.01065 -0.00852
4340.522 -0.01065 0.00426 0.00107
4340.527 -0.00107 0.00533 -0.00639
4340.532 -0.00213 0.00320 -0.00746
4340.537 -0.01065 -0.00426 -0.00426
4340.542 0.01278 -0.00213 -0.00533
4340.547 0.00000 0.00426 0.00320
4340.552 -0.00639 -0.00533 -0.00213
4340.557 0.00426 -0.00213 -0.00213
4340.563 -0.00426 -0.01172 0.00320
4340.568 -0.00426 -0.00639 -0.00213
4340.573 -0.00107 0.00107 0.00213
4340.578 0.00852 0.00639 0.00107
4340.583 0.00320 0.00000 -0.00213
4340.588 0.00426 -0.00639 -0.00320
4340.593 0.00959 -0.00746 -0.00107
4340.598 -0.00533 0.00000 0.00107
4340.603 0.00320 -0.00213 0.00107
4340.608 -0.00213 0.00107 -0.00426
4340.613 -0.00959 -0.00746 0.00000
4340.618 0.00213 -0.00107 -0.00107
4340.623 -0.00533 0.00426 -0.00320
4340.628 0.00746 -0.00639 -0.00213
4340.633 0.00000 -0.00107 0.00213
4340.638 -0.00426 -0.00533 0.00000
4340.643 -0.00213 -0.00533 0.01065
4340.648 0.00639 -0.00213 -0.00320
4340.653 -0.00746 0.00533 -0.00320
4340.658 0.00000 0.00000 0.00746
4340.663 0.00107 -0.00746 -0.00107
4340.668 0.00639 -0.00852 -0.00213
4340.673 -0.00426 -0.00639 -0.00107
4340.678 0.00000 -0.00320 -0.00213
4340.683 0.00107 0.00639 -0.00852
4340.688 -0.00213 -0.01278 -0.00320
4340.693 -0.00533 -0.00639 0.00000
4340.698 0.00107 -0.00746 0.00107
4340.703 -0.00533 0.00639 0.00213
4340.708 -0.00639 0.01065 0.01385
4340.713 0.00213 0.00000 -0.00213
4340.718 0.00213 -0.00426 0.00533
4340.723 -0.01065 -0.00426 -0.00107
4340.728 -0.00107 0.00320 -0.00107
4340.733 -0.00533 -0.00533 0.00213
4340.738 0.00426 0.00213 -0.00213
4340.744 0.00000 -0.00426 0.00107
4340.749 -0.00639 -0.00320 -0.00533
4340.754 0.00320 -0.00213 -0.00320
4340.759 -0.00107 -0.00213 -0.00533
4340.764 -0.00639 0.00000 0.00107
4340.769 -0.00213 -0.00320 0.00320
4340.774 -0.00639 0.00107 -0.00746
4340.779 0.00639 -0.00213 0.00213
4340.784 -0.00533 -0.00426 0.00213
4340.789 0.00426 0.00852 0.00746
4340.794 0.00426 0.00213 0.00107
4340.799 -0.00639 0.00107 -0.00107
4340.804 -0.00533 -0.00213 0.00107
4340.809 0.00426 -0.00746 0.00000
4340.814 -0.00107 0.00107 -0.00639
4340.819 -0.00852 -0.00533 0.00852
4340.824 -0.00213 -0.00107 -0.00320
4340.829 -0.00320 -0.00213 -0.00320
4340.834 0.00107 0.00320 -0.00959
4340.839 0.00852 0.00320 -0.00213
4340.844 0.00320 0.00426 0.00639
4340.849 -0.00639 -0.00746 -0.00320
4340.854 0.00959 -0.00107 -0.00107
4340.859 -0.00746 -0.00107 0.00107
4340.864 0.00000 -0.00107 0.00213
4340.869 -0.00107 0.00000 0.00107
4340.874 -0.00639 -0.00746 -0.00320
4340.879 -0.00533 -0.00320 0.00107
4340.884 -0.01172 0.00426 0.00000
4340.889 -0.00320 -0.00213 0.00000
4340.894 -0.00320 0.00426 0.00533
4340.899 -0.00426 -0.00213 -0.00213
4340.905 0.00320 0.00320 -0.00107
4340.909 0.00426 -0.00213 0.00107
4340.915 -0.01065 -0.00533 -0.00533
4340.920 -0.00852 -0.00107 0.00426
4340.925 -0.00852 -0.00533 -0.00746
4340.930 0.00639 0.00639 0.00000
4340.935 0.00000 0.00213 0.00320
4340.940 -0.00320 -0.00107 0.00639
4340.945 -0.00107 -0.00426 0.00320
4340.950 -0.00533 0.00426 0.00426
4340.955 0.00426 0.00320 -0.00213
4340.960 0.00320 0.00213 -0.00213
4340.965 -0.00107 -0.01598 -0.00213
4340.970 0.00000 0.01172 0.00000
4340.975 0.00000 -0.00213 0.00107
4340.980 0.00959 0.00852 0.00533
4340.985 0.00107 -0.00320 0.00107
4340.990 0.00107 0.00000 -0.00213
4340.996 0.00213 -0.00107 -0.00426
4341.001 0.00213 0.00107 -0.00213
4341.006 0.00320 -0.00533 0.00320
4341.011 0.00107 -0.00426 0.00000
4341.016 0.00000 0.00000 -0.00746
4341.021 -0.00320 0.00000 -0.00107
4341.026 -0.00426 -0.00959 0.00213
4341.031 -0.00107 -0.00320 -0.00107
4341.036 -0.00213 0.00426 -0.00426
4341.041 -0.00107 -0.00107 0.00213
4341.046 -0.00320 -0.00959 0.00107
4341.051 -0.00426 -0.00320 0.00000
4341.056 0.00746 -0.00320 -0.00746
4341.061 0.00426 0.00107 -0.00533
4341.066 0.00107 -0.00213 0.00213
4341.071 -0.00213 -0.00426 -0.00213
4341.076 -0.00107 -0.00107 0.00000
4341.081 0.00320 0.00213 0.00320
4341.086 0.00213 -0.00852 -0.00213
4341.091 0.00000 -0.00107 -0.00107
4341.096 -0.00426 0.00000 0.00213
4341.101 -0.00852 0.00533 -0.00426
4341.106 0.00107 0.00107 -0.00959
4341.111 0.00000 0.00320 0.00639
4341.117 0.00533 0.00533 0.00107
4341.122 0.00000 -0.00959 -0.00213
4341.127 -0.00639 -0.00320 -0.00852
4341.132 0.00213 -0.01065 -0.00107
4341.137 -0.01065 0.00320 0.00320
4341.142 -0.01172 0.00533 0.00000
4341.147 0.01172 0.00320 0.00426
4341.152 0.00639 -0.00107 -0.00852
4341.157 0.00000 -0.00213 -0.00426
4341.162 -0.00213 0.00320 0.00107
4341.167 0.00000 0.00426 0.00320
4341.172 -0.00320 0.00213 -0.00107
4341.177 0.00533 -0.00320 -0.00533
4341.182 -0.00426 0.00213 0.00000
4341.187 0.00213 0.00320 -0.00107
4341.192 -0.00107 -0.00533 0.00426
4341.197 0.00746 0.00000 0.00746
4341.202 0.00320 -0.00213 0.00320
4341.207 -0.00533 0.00852 -0.00213
4341.212 -0.00533 0.00213 0.00000
4341.217 -0.00746 0.00107 0.00000
4341.222 -0.00107 -0.00107 0.00000
4341.227 -0.00426 -0.00320 0.00000
4341.232 -0.00533 0.00000 0.00320
4341.237 -0.00533 -0.00852 0.00426
4341.242 0.00107 0.00213 -0.00107
4341.247 0.00639 0.00000 0.00000
4341.252 0.00107 -0.00959 -0.00107
4341.257 0.00639 -0.00320 0.00533
4341.262 0.00213 -0.00320 0.00000
4341.268 0.00426 0.00852 -0.00533
4341.272 -0.00320 -0.00107 -0.00213
4341.278 -0.00852 -0.00107 -0.00320
4341.283 -0.00533 0.00107 -0.00746
4341.288 -0.00320 -0.00213 -0.00107
4341.293 0.00533 0.00213 -0.01172
4341.298 0.00320 0.00639 0.00213
4341.303 0.00213 0.00000 0.00320
4341.308 0.00426 -0.00639 0.00639
4341.313 0.00000 0.00426 0.00000
4341.318 0.00107 -0.00213 0.00107
4341.323 -0.00426 0.00426 -0.00533
4341.328 0.00000 -0.00320 -0.00213
4341.333 -0.00639 -0.00426 -0.00320
4341.338 -0.00213 0.00107 -0.00426
4341.343 0.00000 0.01065 0.00107
4341.348 0.00107 0.00852 -0.00426
4341.353 0.00746 -0.00533 0.00107
4341.358 0.01172 -0.00533 0.00639
4341.363 0.00107 -0.00107 -0.00213
4341.368 -0.00639 -0.01598 -0.00107
4341.373 -0.00107 -0.00213 -0.00107
4341.378 -0.01065 0.00107 -0.00320
4341.383 -0.00426 -0.00107 -0.00320
4341.388 0.00000 -0.00533 0.00852
4341.393 -0.00213 -0.00746 0.00000
4341.398 0.01278 0.00213 0.00107
4341.403 -0.00746 0.00213 0.00213
4341.409 0.00213 0.00213 -0.00746
4341.414 -0.00320 0.00000 -0.00107
4341.419 -0.00959 -0.00639 0.00213
4341.424 -0.00320 -0.00533 0.00852
4341.429 0.00107 0.00000 -0.00320
4341.434 -0.00213 -0.00426 -0.00426
4341.439 0.00107 0.00426 0.00213
4341.444 0.00426 -0.00107 -0.00213
4341.449 0.00000 -0.00533 0.00213
4341.454 0.00746 -0.00639 -0.00213
4341.459 -0.00320 -0.00213 0.00000
4341.464 -0.00213 -0.01065 0.00000
4341.469 0.00320 -0.00213 0.00000
4341.474 -0.00320 0.00426 -0.00213
4341.479 0.00000 -0.00320 -0.00107
4341.484 -0.00639 0.00107 -0.00107
4341.489 -0.00213 -0.00426 -0.00107
4341.494 -0.00639 -0.00107 -0.00213
4341.499 0.00000 -0.00320 -0.00746
4341.504 0.00426 -0.00107 -0.00533
4341.509 0.00000 0.00320 -0.00426
4341.514 -0.01278 -0.00320 0.00639
4341.519 -0.00426 -0.00213 0.00107
4341.524 -0.00107 -0.00320 -0.00107
4341.529 0.00639 -0.00213 0.00107
4341.534 0.00107 0.00639 -0.00213
4341.539 -0.00426 0.00426 -0.00213
4341.544 0.00426 0.00639 0.00533
4341.549 -0.00320 0.00107 -0.00213
4341.554 -0.01385 -0.00426 0.00426
4341.559 -0.00320 0.00000 -0.00426
4341.564 0.00213 -0.00107 -0.00213
4341.569 -0.00107 -0.01172 -0.00107
4341.574 -0.00107 -0.01491 -0.00107
4341.579 0.00107 0.00107 0.00000
4341.584 0.00533 -0.00639 0.00213
4341.590 0.00426 -0.00107 0.00000
4341.595 -0.00213 -0.00639 0.00000
4341.600 0.00320 -0.00320 0.00107
4341.605 0.00746 -0.00533 -0.00426
4341.610 0.00000 0.00000 -0.00320
4341.615 -0.00639 -0.00426 0.00000
4341.620 -0.00639 0.00426 0.00426
4341.625 0.00320 -0.00213 0.00107
4341.630 -0.00213 0.00000 -0.00320
4341.635 -0.00213 -0.00746 0.00320
4341.640 0.00426 -0.00107 -0.00213
4341.645 0.00107 0.00000 0.00426
4341.650 -0.00959 0.00533 -0.01172
4341.655 0.00426 -0.00213 0.00107
4341.660 -0.00426 0.00000 -0.00320
4341.665 -0.00426 -0.00746 -0.00320
4341.670 -0.00426 -0.00639 0.00320
4341.675 -0.00533 -0.00426 -0.00426
4341.680 -0.00107 -0.00107 -0.00426
4341.685 -0.00533 -0.00320 -0.00107
4341.690 -0.00426 -0.00426 0.00000
4341.695 -0.00107 -0.00107 -0.00852
4341.700 0.00213 -0.00320 0.00213
4341.705 -0.00320 -0.00213 -0.00213
4341.710 -0.00213 -0.00107 -0.00852
4341.715 -0.00320 -0.00533 -0.00639
4341.720 -0.00746 -0.00639 -0.00746
4341.725 -0.00746 -0.01385 0.00213
4341.730 0.00213 0.00426 0.00639
4341.735 -0.00533 0.00320 0.00107
4341.740 0.00000 -0.00959 0.02024
4341.745 -0.00639 -0.00107 0.00107
4341.750 -0.00639 -0.00107 0.00107
4341.755 0.00000 -0.00533 0.00746
4341.761 0.00213 -0.00852 -0.00320
4341.766 0.00000 -0.00533 0.00426
4341.771 0.00639 0.00107 -0.00320
4341.776 0.00320 0.00107 -0.00320
4341.781 -0.00107 -0.00320 -0.00533
4341.786 0.00639 -0.00107 0.00213
4341.791 -0.00320 0.00000 0.00426
4341.796 -0.00426 0.00213 -0.00107
4341.801 0.00000 0.00213 -0.00213
4341.806 -0.00107 0.00639 -0.00320
4341.811 0.00107 0.00320 0.00000
4341.816 -0.00426 0.00320 -0.00533
4341.821 0.00320 -0.00107 0.00213
4341.826 -0.00107 -0.00426 -0.00426
4341.831 0.00320 -0.00107 0.00533
4341.836 -0.00320 -0.00746 -0.01065
4341.841 0.00000 0.00746 0.00639
4341.846 -0.00107 -0.00213 0.00426
4341.851 0.00639 0.00000 0.00213
4341.856 0.00746 0.00213 0.00426
4341.861 0.00000 0.00533 -0.00959
4341.866 0.00213 -0.01065 -0.00320
4341.871 -0.00746 0.00000 0.00000
4341.876 -0.00213 0.00426 0.00426
4341.881 -0.00746 0.00533 0.00107
4341.886 0.00107 0.00000 0.00426
4341.891 0.00426 -0.01065 0.00107
4341.896 -0.00320 -0.00746 0.00320
4341.902 -0.00426 -0.00533 -0.00213
4341.907 -0.00639 -0.00107 -0.00533
4341.912 -0.00533 0.00213 -0.00746
4341.917 0.00533 -0.00213 0.00959
4341.922 -0.00213 0.00426 -0.00533
4341.927 -0.00639 -0.00213 0.00000
4341.932 0.00000 0.00107 0.01172
4341.937 0.00213 0.00213 -0.00959
4341.942 0.00107 0.00107 -0.00533
4341.947 -0.01598 -0.00533 -0.00107
4341.952 -0.01811 -0.00533 -0.00320
4341.957 -0.00639 0.00533 0.00107
4341.962 -0.00213 0.00533 -0.00320
4341.967 -0.00320 0.00426 0.00320
4341.972 -0.00107 -0.00746 0.00000
4341.977 -0.00107 -0.00107 0.00107
4341.982 0.00426 -0.01172 -0.00639
4341.987 -0.00959 -0.00213 -0.00639
4341.992 0.00533 -0.00852 0.00213
4341.997 0.00000 -0.00426 0.00959
4342.002 -0.00959 -0.00107 0.00000
4342.007 -0.00426 -0.00213 0.00107
4342.012 0.00107 -0.00426 0.00107
4342.017 -0.00320 -0.00320 0.00213
4342.022 0.00426 0.00213 -0.00533
4342.027 -0.01278 0.00000 0.00107
4342.032 0.00320 0.00213 -0.00852
4342.037 0.00320 0.00107 -0.00107
4342.042 -0.00533 -0.00213 -0.01065
4342.047 0.00000 0.00000 0.00000
4342.052 -0.01065 0.00639 -0.00639
4342.057 -0.00213 0.00533 -0.00320
4342.062 -0.00533 0.00533 -0.00533
4342.067 0.00107 -0.00426 0.00107
4342.073 0.00107 -0.00639 0.00000
4342.078 0.00213 0.00000 -0.01065
4342.083 -0.00107 -0.00533 -0.00320
4342.088 0.00639 0.00107 -0.00426
4342.093 0.00639 0.00320 0.00320
4342.098 0.00426 -0.00107 -0.00107
4342.103 0.00959 -0.00213 -0.00320
4342.108 0.00533 -0.00107 0.00107
4342.113 0.00000 0.00426 0.00320
4342.118 0.00320 -0.00746 0.00320
4342.123 -0.00213 -0.00426 0.00320
4342.128 -0.00320 -0.00320 0.00000
4342.133 -0.00533 -0.00426 -0.01278
4342.138 0.00000 -0.00746 -0.00320
4342.143 0.00107 0.00107 -0.00107
4342.148 -0.00746 -0.00320 -0.00107
4342.153 -0.01278 -0.00213 0.00533
4342.158 0.00000 0.00320 -0.00426
4342.163 -0.00639 -0.00533 -0.00107
4342.168 -0.00959 -0.00852 -0.01065
4342.173 0.00213 -0.00852 -0.00533
4342.178 -0.00107 -0.00426 0.00213
4342.183 -0.00213 -0.00107 -0.00107
4342.188 -0.00533 -0.00852 0.00426
4342.193 0.00107 0.00107 0.00320
4342.198 0.00107 -0.00213 0.00533
4342.203 0.00107 -0.00533 0.00000
4342.208 -0.00107 -0.00213 0.00852
4342.213 0.00533 0.00000 -0.00639
4342.218 0.00213 0.00213 0.00213
4342.224 -0.00107 -0.00639 -0.01065
4342.229 -0.00746 0.00000 -0.00213
4342.234 0.01065 0.00959 -0.00746
4342.239 -0.00107 0.00107 0.00426
4342.244 -0.00426 -0.00213 0.00320
4342.249 0.00959 0.00639 -0.00213
4342.254 0.00107 -0.00959 -0.00426
4342.259 -0.00852 -0.00639 0.00000
4342.264 -0.00320 0.00213 0.00107
4342.269 0.00107 -0.00320 0.00000
4342.274 0.00107 -0.00107 -0.00426
4342.279 0.01065 0.00959 0.00426
4342.284 0.00320 0.00426 -0.00639
4342.289 -0.00320 0.00000 -0.00107
4342.294 0.00213 -0.00320 0.00213
4342.299 0.00320 -0.00213 -0.00320
4342.304 0.00426 -0.00533 0.00107
4342.309 -0.00426 0.00107 -0.00213
4342.314 -0.00426 -0.00320 0.00107
4342.319 0.00107 0.00000 0.00320
4342.324 0.00107 -0.00107 0.00639
4342.329 0.00320 -0.00852 -0.00107
4342.334 -0.00426 0.00213 0.00000
4342.339 0.00533 0.00107 -0.00213
4342.344 -0.00639 -0.00426 0.00000
4342.349 0.00533 0.00000 0.00320
4342.354 0.00852 0.00426 0.00107
4342.359 0.00639 0.00213 -0.00426
4342.364 0.00213 0.00000 -0.00320
4342.369 -0.00746 0.00000 0.00213
4342.374 0.00213 -0.00533 -0.00213
4342.379 -0.00320 -0.01704 -0.00426
4342.384 -0.00852 -0.02131 -0.00426
4342.389 0.00746 0.00746 -0.00639
4342.395 -0.00107 0.01385 -0.00107
4342.400 0.00746 0.00107 -0.00107
4342.405 -0.00320 -0.00746 -0.00852
4342.410 0.00426 -0.00107 0.00213
4342.415 -0.00213 0.00213 -0.00107
4342.420 0.00426 0.00000 -0.00426
4342.425 -0.00426 -0.00852 0.00000
4342.430 0.00000 -0.00426 -0.00426
4342.435 -0.00320 -0.01704 -0.00639
4342.440 -0.00213 -0.01598 0.00213
4342.445 -0.00213 -0.00533 -0.00639
4342.450 -0.00639 -0.00533 0.00213
4342.455 -0.00426 -0.00107 0.00213
4342.460 0.00320 0.00320 -0.00426
4342.465 0.00320 -0.00213 -0.00639
4342.470 0.00000 -0.00533 0.00213
4342.475 -0.00533 -0.00213 -0.00213
4342.480 -0.00213 -0.00107 0.00000
4342.485 -0.00320 -0.00107 0.00426
4342.490 -0.00426 0.00320 0.00320
4342.495 -0.00107 0.00213 -0.00852
4342.500 -0.00426 0.00213 -0.00107
4342.505 0.00320 -0.00852 -0.00213
4342.510 -0.00320 -0.00426 0.00107
4342.515 -0.00639 -0.00213 -0.01278
4342.520 -0.00213 -0.00213 0.00000
4342.525 -0.00213 -0.00426 -0.00213
4342.530 -0.00746 0.00107 -0.00320
4342.536 0.00320 0.00000 0.00533
4342.541 0.00107 -0.00959 -0.00107
4342.546 0.00107 -0.00639 -0.00426
4342.551 0.00000 -0.00852 -0.00213
4342.556 0.00852 0.00000 0.00000
4342.561 -0.00639 -0.00639 0.00213
4342.566 0.00320 -0.00533 -0.00533
4342.571 -0.01065 -0.00746 -0.00426
4342.576 -0.01065 -0.00320 -0.00320
4342.581 -0.00852 -0.01385 -0.00107
4342.586 0.00000 -0.00213 -0.00639
4342.591 -0.00533 0.00000 -0.00213
4342.596 -0.00426 0.00000 0.00000
4342.601 -0.00107 0.00000 0.00426
4342.606 0.00000 0.00213 -0.01385
4342.611 0.00000 0.00213 -0.00107
4342.616 -0.00639 0.00639 0.00213
4342.621 -0.00533 0.00426 -0.00426
4342.626 0.00320 -0.00320 -0.00639
4342.631 -0.00746 -0.00426 0.00107
4342.636 0.00000 -0.00320 0.00320
4342.641 -0.00213 -0.00533 -0.00320
4342.646 0.00000 -0.00213 0.00426
4342.651 -0.00320 -0.00107 -0.00107
4342.656 0.00107 -0.00107 -0.00533
4342.661 -0.00533 0.00213 0.00320
4342.666 0.00213 -0.00852 0.00213
4342.671 -0.00107 -0.00746 -0.00852
4342.676 -0.00639 -0.00426 -0.00107
4342.681 0.00852 0.00320 0.00320
4342.686 -0.00533 0.00000 -0.00320
4342.691 -0.00852 -0.00426 0.00213
4342.696 0.00213 0.00107 -0.00639
4342.701 0.00320 0.00320 -0.00639
4342.706 -0.00213 -0.01491 -0.00107
4342.711 -0.00852 0.00426 0.00000
4342.716 -0.00746 -0.00213 -0.00320
4342.721 0.00320 0.00107 0.00426
4342.727 -0.00107 0.00426 -0.00533
4342.731 0.00426 0.00107 -0.00107
4342.737 -0.00959 0.00107 0.00107
4342.742 0.00959 0.00107 0.00533
4342.747 -0.00746 -0.00852 0.00000
4342.752 0.00852 -0.00426 0.00107
4342.757 -0.00213 -0.00213 -0.00426
4342.762 -0.00639 -0.01385 -0.00426
4342.767 -0.00639 -0.00426 -0.00746
4342.772 -0.00639 -0.00320 0.00107
4342.777 -0.00213 0.01598 0.00000
4342.782 0.00533 0.00000 0.00533
4342.787 0.00000 -0.00746 -0.00533
4342.792 0.00533 -0.00426 0.00426
4342.797 -0.00533 0.00426 -0.00426
4342.802 -0.00213 0.00426 -0.00320
4342.807 0.00320 -0.00426 -0.00213
4342.812 -0.00107 0.00426 0.00639
4342.817 -0.00107 0.00320 0.00320
4342.822 -0.00852 0.00426 -0.00533
4342.827 0.00533 -0.00426 -0.00107
4342.832 0.00000 0.00000 0.00213
4342.837 -0.00107 -0.00426 0.00639
4342.842 0.00000 -0.00213 0.00320
4342.847 0.00107 0.00000 -0.00107
4342.852 0.00000 0.00426 -0.00107
4342.857 -0.00852 -0.00746 0.00107
4342.862 -0.01065 -0.00107 -0.00320
4342.867 0.00852 0.00320 -0.00639
4342.872 0.00107 -0.00107 -0.01065
4342.877 0.01704 -0.00639 -0.00746
4342.882 0.00213 0.00639 -0.00746
4342.888 0.00000 -0.00107 -0.00320
4342.893 0.00533 0.00107 -0.00213
4342.898 0.00213 -0.00533 0.00320
4342.903 -0.00320 -0.00746 0.00639
4342.908 0.00000 -0.00107 0.00000
4342.913 -0.00746 -0.00213 -0.00426
4342.918 -0.00426 -0.00213 0.00213
4342.923 -0.00426 0.00000 -0.00639
4342.928 0.00320 -0.00213 0.00107
4342.933 -0.00213 -0.00639 -0.00107
4342.938 -0.00320 -0.00213 -0.00213
4342.943 -0.00426 0.00426 -0.00213
4342.948 0.00213 0.00639 -0.00426
4342.953 -0.00426 0.00639 -0.00533
4342.958 -0.00213 -0.00746 -0.00107
4342.963 0.00107 -0.00213 0.00107
4342.968 -0.00213 -0.00533 -0.00107
4342.973 -0.00320 0.00213 -0.00213
4342.978 -0.00746 0.00639 0.00320
4342.983 0.00213 0.00639 -0.00746
4342.988 0.00533 0.00000 -0.00107
4342.993 0.00639 -0.00426 -0.00213
4342.998 0.00000 0.00426 -0.00426
4343.003 0.00213 -0.00533 -0.00320
4343.008 0.00320 -0.00959 -0.00213
4343.013 -0.00639 0.00107 0.00213
4343.018 -0.00533 0.00213 -0.00533
4343.023 0.00213 -0.00320 -0.00852
4343.028 0.00426 0.00533 0.00000
4343.033 -0.00533 -0.00426 0.00533
4343.038 0.00533 -0.00213 0.00213
4343.043 -0.00213 -0.00426 0.00107
4343.049 0.00000 -0.01065 0.00533
4343.053 -0.00533 0.00426 -0.00426
4343.059 0.00107 -0.00426 -0.00107
4343.064 -0.00320 -0.00426 0.00426
4343.069 -0.00746 -0.00320 -0.00107
4343.074 -0.00107 0.00213 -0.00959
4343.079 0.01065 0.00746 -0.00107
4343.084 -0.00746 0.00320 0.00746
4343.089 0.00426 0.00426 0.00213
4343.094 -0.00746 -0.00320 -0.00107
4343.099 0.00320 0.00213 -0.00639
4343.104 -0.00959 0.00000 -0.00746
4343.109 0.00320 -0.00213 0.00320
4343.114 0.01598 0.01172 0.00320
4343.119 -0.01385 0.00320 0.00107
4343.124 -0.00533 -0.00213 -0.00320
4343.129 -0.00533 -0.00320 -0.01065
4343.134 -0.00533 -0.00320 -0.00213
4343.139 -0.00107 -0.00107 -0.00213
4343.144 0.00107 -0.00533 0.00426
4343.149 -0.00320 0.00000 -0.00533
4343.154 -0.00213 -0.00959 -0.00533
4343.159 0.00533 0.00320 -0.00533
4343.164 -0.01172 0.00959 -0.00852
4343.169 0.00000 -0.00426 0.00000
4343.174 -0.00107 0.00107 -0.00533
4343.179 -0.00320 -0.00320 -0.00213
4343.184 -0.00320 -0.00852 0.00213
4343.190 0.00213 0.00320 -0.00213
4343.195 0.00426 -0.00213 -0.00639
4343.200 0.00000 0.00213 0.00107
4343.205 0.00959 -0.00639 -0.00213
4343.210 0.00000 0.00107 0.00000
4343.215 0.00000 -0.00533 0.00320
4343.220 0.00320 -0.00746 -0.00426
4343.225 0.00000 0.00426 -0.00426
4343.230 -0.00107 -0.01278 -0.00320
4343.235 -0.00107 0.00533 -0.00107
4343.240 -0.00107 -0.00213 -0.01172
4343.245 0.00000 -0.00533 0.00107
4343.250 0.00533 0.00107 -0.00426
4343.255 0.00107 -0.00746 -0.00852
4343.260 0.00107 -0.00426 0.00107
4343.265 -0.00320 -0.00746 0.00000
4343.270 -0.00426 -0.00107 0.00533
4343.275 0.00639 0.00000 -0.00213
4343.280 -0.00320 0.00000 -0.00213
4343.285 -0.00213 -0.00320 0.00533
4343.290 -0.00746 -0.00852 -0.00213
4343.295 0.00533 0.00107 -0.00852
4343.300 -0.00533 -0.00213 -0.00213
4343.305 0.00107 -0.00213 -0.00213
4343.310 -0.00746 -0.00639 -0.00746
4343.315 0.00000 -0.00426 -0.00426
4343.320 0.00426 -0.00426 0.00320
4343.325 0.00213 -0.00213 0.00107
4343.330 -0.00746 -0.00533 0.00426
4343.335 -0.00107 -0.00320 -0.00213
4343.340 -0.00426 0.00000 0.00426
4343.345 0.00746 -0.01065 -0.00852
4343.350 0.00107 0.01065 -0.00213
4343.355 0.00426 0.00320 0.00107
4343.360 -0.00213 0.00639 -0.00107
4343.365 -0.00320 -0.00213 0.00213
4343.371 -0.00533 0.00000 0.00320
4343.376 0.00107 -0.00107 0.00533
4343.381 -0.01385 -0.00746 0.00213
4343.386 -0.00107 -0.00213 -0.00320
4343.391 0.00213 -0.00426 -0.00426
4343.396 0.00000 -0.00320 -0.00639
4343.401 0.00320 -0.00107 -0.00852
4343.406 -0.00320 -0.00426 -0.00107
4343.411 0.00426 -0.00639 -0.00746
4343.416 0.00533 -0.00107 0.00000
4343.421 0.00000 -0.01172 -0.00639
4343.426 -0.00533 -0.00213 -0.00213
4343.431 0.00107 -0.00320 0.00320
4343.436 -0.00213 -0.00107 0.00320
4343.441 0.00000 0.00107 0.00533
4343.446 -0.00746 -0.00639 0.00639
4343.451 0.00213 -0.00107 -0.00107
4343.456 -0.00852 0.00426 -0.00746
4343.461 0.00000 -0.00320 0.00000
4343.466 -0.00533 -0.00426 -0.01172
4343.471 -0.00320 -0.00852 -0.00533
4343.476 -0.00213 0.00639 -0.00107
4343.481 0.00213 0.00320 0.00426
4343.486 0.00320 0.00107 0.00213
4343.491 -0.00320 0.00533 0.00213
4343.496 0.00533 -0.01065 0.00213
4343.501 0.00213 0.00000 -0.00213
4343.506 -0.00213 -0.01172 -0.00639
4343.511 -0.00213 -0.00213 -0.00639
4343.516 0.00426 0.00533 0.00320
4343.521 0.00107 0.00533 0.00107
4343.526 -0.00213 -0.00213 -0.00213
4343.532 0.00426 -0.00107 0.00852
4343.537 -0.00320 0.00533 -0.00320
4343.542 0.00213 -0.00107 0.00213
4343.547 -0.00320 -0.00426 0.00213
4343.552 -0.01491 -0.00746 0.00426
4343.557 -0.00746 -0.01172 -0.00746
4343.562 -0.01278 -0.00213 -0.00533
4343.567 -0.00320 -0.00959 0.00320
4343.572 0.00107 -0.00852 -0.00320
4343.577 0.00213 0.00000 -0.00213
4343.582 -0.00746 -0.00320 -0.00533
4343.587 -0.00639 0.00000 0.00107
4343.592 -0.00533 -0.00639 0.00959
4343.597 0.01385 0.00213 -0.00107
4343.602 -0.00533 -0.00320 -0.00213
4343.607 0.00000 -0.00320 -0.00746
4343.612 -0.00320 -0.00426 -0.00426
4343.617 -0.00426 -0.00852 0.00000
4343.622 -0.00213 -0.00639 -0.00852
4343.627 0.00000 -0.00213 0.00213
4343.632 -0.00426 -0.00320 -0.00107
4343.637 0.00107 -0.00639 0.00213
4343.642 -0.00320 -0.00107 0.00426
4343.647 -0.00852 -0.01811 0.00107
4343.652 0.00107 0.00107 -0.00213
4343.657 -0.00107 0.00107 0.00000
4343.662 -0.00533 -0.01172 0.00426
4343.667 0.00000 -0.00107 0.00107
4343.672 -0.00320 -0.00213 0.00533
4343.677 0.00000 -0.00320 0.00320
4343.682 -0.00320 0.00426 -0.00426
4343.687 0.00000 -0.00533 0.00000
4343.692 -0.00426 -0.00533 0.00639
4343.697 0.00107 0.01065 -0.00107
4343.703 0.00639 -0.00426 -0.00107
4343.708 0.00426 -0.00213 0.00000
4343.713 -0.00107 -0.00852 -0.00639
4343.718 0.00533 -0.00107 0.00426
4343.723 0.00213 0.00000 -0.00320
4343.728 -0.00107 -0.00959 0.00213
4343.733 -0.00746 -0.00213 0.00533
4343.738 -0.00320 0.00000 0.00000
4343.743 0.00000 -0.00533 0.00320
4343.748 -0.00320 -0.00639 0.00213
4343.753 0.00107 0.00000 -0.00426
4343.758 -0.00639 -0.01278 0.00320
4343.763 -0.00533 0.00213 -0.00746
4343.768 -0.00320 0.00533 -0.00426
4343.773 -0.00213 0.00107 -0.00320
4343.778 -0.00213 -0.00320 -0.00107
4343.783 -0.00852 -0.00107 0.00107
4343.788 -0.00213 -0.00320 -0.00320
4343.793 -0.00852 -0.00213 0.00320
4343.798 0.00426 0.00213 0.00213
4343.803 0.00426 0.00107 -0.00426
4343.808 -0.00639 -0.00426 0.00000
4343.813 -0.00426 0.00107 -0.00213
4343.818 0.00107 -0.00320 -0.00213
4343.823 0.00213 -0.00320 0.00746
4343.828 -0.00107 -0.00213 0.00107
4343.833 -0.01811 -0.00852 0.00213
4343.838 -0.01065 0.00000 0.00107
4343.843 -0.00426 0.00213 0.00426
4343.848 -0.00213 0.00000 -0.01172
4343.853 -0.00746 0.00213 0.00000
4343.858 -0.00533 0.00107 -0.00320
4343.864 0.00107 0.00426 0.00213
4343.869 0.00107 -0.00107 -0.00213
4343.874 -0.00426 0.00107 0.00213
4343.879 0.01065 -0.00320 -0.00426
4343.884 -0.00426 0.00107 0.00213
4343.889 -0.01491 -0.00426 -0.00533
4343.894 -0.00852 0.00000 0.00320
4343.899 0.00320 0.00107 -0.00213
4343.904 0.00000 0.00533 0.01385
4343.909 0.00213 0.00852 0.00213
4343.914 -0.00426 -0.00746 0.00213
4343.919 0.00000 0.00213 -0.00107
4343.924 -0.00639 -0.00320 -0.00213
4343.929 -0.01278 -0.01065 -0.00639
4343.934 -0.00533 -0.00639 0.00000
4343.939 -0.00107 -0.00959 0.00213
4343.944 0.00639 -0.00426 0.00000
4343.949 -0.00213 0.00000 -0.00107
4343.954 -0.00746 -0.00426 0.00107
4343.959 0.00959 0.00000 -0.00320
4343.964 0.00426 -0.00746 -0.00533
4343.969 -0.00213 0.00000 0.00852
4343.974 0.00213 0.00107 0.00107
4343.979 -0.00107 0.00107 -0.01598
4343.984 0.00000 0.00213 0.00533
4343.989 -0.00320 -0.00852 0.00000
4343.994 -0.00639 -0.00746 0.00426
4343.999 -0.00213 -0.00639 -0.00107
4344.004 -0.00533 -0.00426 -0.00533
4344.009 -0.00746 -0.00426 -0.00320
4344.014 0.00213 -0.00639 -0.00639
4344.019 0.00426 -0.00320 -0.00426
4344.024 -0.00320 0.00533 0.00107
4344.029 -0.00639 0.00107 0.00107
4344.034 -0.01491 -0.00426 0.00213
4344.039 0.00213 0.00426 0.00213
4344.044 -0.00320 0.00213 0.00213
4344.049 -0.01172 -0.00426 0.00426
4344.054 -0.00213 0.00107 -0.00533
4344.059 0.00213 -0.00426 -0.00533
4344.065 -0.00746 0.00107 -0.01065
4344.070 0.00320 -0.00107 -0.00426
4344.075 -0.00320 0.00107 0.00426
4344.080 0.00107 -0.00107 0.00639
4344.085 0.00000 0.00959 0.01065
4344.090 -0.00533 -0.00959 0.00107
4344.095 0.00746 -0.00852 0.00533
4344.100 -0.00639 0.00320 0.00213
4344.105 -0.00107 -0.00852 -0.00213
4344.110 -0.00107 -0.00107 0.00107
4344.115 -0.00213 -0.00426 0.00000
4344.120 -0.01065 -0.00107 0.00000
4344.125 -0.00213 -0.00639 0.00320
4344.130 0.00320 -0.00639 -0.00533
4344.135 -0.00852 -0.00746 0.00107
4344.140 0.00533 -0.00320 0.00320
4344.145 0.00107 -0.00533 -0.00746
4344.150 -0.00426 -0.00746 -0.00426
4344.155 0.00639 -0.01065 -0.00533
4344.160 -0.00320 0.00000 -0.00852
4344.165 -0.00320 -0.00959 -0.00107
4344.170 0.00533 0.00746 0.00107
4344.176 -0.00213 -0.00320 0.00213
4344.181 -0.00107 -0.00320 0.00852
4344.186 -0.00320 0.00000 -0.00107
4344.191 0.00959 0.00000 0.00746
4344.196 -0.00533 0.00107 0.00213
4344.201 0.00320 -0.00533 -0.00426
4344.206 -0.00426 0.00320 -0.00107
4344.211 -0.01385 -0.00639 0.00320
4344.216 -0.00213 -0.00533 -0.00426
4344.221 0.00107 0.00213 -0.00533
4344.226 0.00000 -0.00320 0.00533
4344.231 -0.00426 0.00213 0.00107
4344.236 0.00107 0.00533 0.00107
4344.241 -0.00320 0.00000 -0.00746
4344.246 -0.00213 -0.00107 -0.00107
4344.251 -0.00320 -0.00746 0.00000
4344.256 -0.00746 0.00746 0.00213
4344.261 -0.00639 -0.00213 0.00426
4344.266 -0.00852 0.00533 0.00000
4344.271 -0.00426 -0.00213 -0.00320
4344.276 0.00213 0.00746 0.00000
4344.281 -0.00639 0.00000 -0.00426
4344.286 -0.00320 -0.00107 0.00107
4344.291 -0.00320 0.00107 -0.00639
4344.296 -0.00320 -0.00639 -0.00213
4344.301 -0.00426 0.00107 -0.00213
4344.306 -0.00107 -0.00320 0.00639
4344.311 0.00000 0.00107 0.00213
4344.316 -0.00533 -0.00639 0.00000
4344.321 0.00320 0.00533 0.00213
4344.326 0.00639 0.00000 0.00000
4344.331 -0.00426 -0.00533 -0.00959
4344.337 0.00213 0.00213 0.00320
4344.342 0.00426 -0.00320 -0.00213
4344.347 -0.00213 -0.00639 0.00107
4344.352 0.00213 -0.00426 0.00639
4344.357 -0.00213 0.00320 0.00000
4344.362 -0.00746 -0.00746 -0.00320
4344.367 0.00320 0.00426 0.00426
4344.372 0.00213 -0.00959 0.00320
4344.377 -0.00320 -0.00533 0.00213
4344.382 -0.00320 -0.00533 0.00000
4344.387 0.00639 0.00426 -0.00320
4344.392 0.00426 0.00959 0.00000
4344.397 -0.00533 -0.01172 -0.00107
4344.402 0.00320 -0.00320 -0.00852
4344.407 -0.00426 0.00107 0.00000
4344.412 0.00426 -0.00746 -0.01278
4344.417 0.00107 -0.00426 0.00746
4344.422 0.00426 -0.00213 0.00213
4344.427 0.00107 0.00107 -0.00213
4344.432 -0.00107 0.00107 -0.00746
4344.437 0.00426 -0.00533 0.00426
4344.442 0.00000 -0.01065 0.00107
4344.447 -0.00746 -0.00107 0.00639
4344.452 -0.00533 -0.00639 0.00107
4344.457 -0.00320 -0.00213 -0.00533
4344.462 -0.00213 -0.00533 -0.00107
4344.467 -0.00320 -0.00107 -0.00426
4344.472 0.00000 -0.00320 -0.00320
4344.477 0.00320 0.00107 -0.00213
4344.482 -0.00533 0.00320 0.00107
4344.487 -0.00639 0.00000 0.00426
4344.492 -0.00107 0.00000 -0.00426
4344.497 -0.00107 0.00426 -0.00533
4344.502 -0.00107 -0.00213 -0.00320
4344.508 -0.00213 -0.00746 0.00000
4344.513 0.00426 -0.00533 0.00639
4344.518 0.00639 0.00426 -0.00107
4344.523 -0.00533 -0.00107 0.00213
4344.528 -0.00852 -0.00746 0.00000
4344.533 -0.00426 0.00000 -0.00320
4344.538 0.00000 0.00107 -0.00320
4344.543 -0.00639 -0.00533 -0.01065
4344.548 0.00852 0.00533 -0.00107
4344.553 0.00107 0.00426 -0.00320
4344.558 -0.00320 -0.00213 0.00107
4344.563 0.00746 -0.00426 -0.00639
4344.568 -0.00107 -0.00959 -0.00107
4344.573 -0.00107 -0.00533 -0.00213
4344.578 0.00213 0.00959 -0.00320
4344.583 0.00000 0.00213 0.00000
4344.588 -0.00107 0.00533 -0.00107
4344.593 0.00320 0.00000 -0.00107
4344.598 -0.00107 -0.00959 0.00213
4344.603 0.00213 0.00213 0.00320
4344.608 -0.00746 -0.01598 0.00213
4344.613 0.00852 -0.00213 0.00000
4344.618 -0.00213 0.00107 -0.00320
4344.623 0.00533 -0.00213 -0.00533
4344.628 -0.00320 -0.00746 -0.00320
4344.633 0.00533 -0.00320 0.00426
4344.638 -0.00107 -0.00107 -0.00107
4344.643 0.00213 -0.00426 -0.00959
4344.648 -0.00107 -0.00213 -0.00213
4344.653 0.00639 -0.00213 -0.00320
4344.658 -0.00107 0.00533 -0.00107
4344.663 0.00107 0.01491 -0.00320
4344.668 0.00639 0.00107 -0.00746
4344.673 0.00639 -0.00426 -0.01491
4344.678 -0.00320 -0.00426 0.00107
4344.683 -0.00213 -0.00213 -0.00320
4344.689 0.00533 0.00320 0.00320
4344.694 0.00213 0.00959 -0.00426
4344.699 0.00639 0.00213 0.00533
4344.704 -0.00213 -0.00107 0.00320
4344.709 -0.00213 -0.00426 -0.00213
4344.714 -0.00213 -0.00107 -0.00426
4344.719 0.00107 -0.00746 -0.00320
4344.724 0.00107 0.00000 -0.00213
4344.729 0.00107 0.00107 0.00426
4344.734 0.00213 -0.00213 -0.00320
4344.739 -0.00533 0.00213 0.00639
4344.744 0.00320 -0.00213 0.00000
4344.749 0.00852 -0.00746 -0.00213
4344.754 0.00639 -0.00320 0.00000
4344.759 0.00000 0.00000 0.00852
4344.764 -0.00852 0.00320 0.00000
4344.769 0.00000 0.00213 0.00107
4344.774 -0.00320 0.00320 -0.00426
4344.779 0.00533 -0.00746 0.00746
4344.784 0.00107 -0.00213 -0.00639
4344.789 0.00320 -0.00213 0.00959
4344.794 0.00213 -0.00959 0.00000
4344.799 -0.00107 -0.00213 0.00213
4344.804 -0.00320 -0.00746 0.00213
4344.809 -0.00426 0.00852 -0.00426
4344.814 -0.00852 -0.01065 -0.00107
4344.819 0.00533 -0.00107 0.00000
4344.824 -0.01491 0.00639 -0.00852
4344.830 0.00746 -0.00639 -0.00320
4344.835 0.00320 -0.00107 0.00639
4344.840 0.00320 -0.00639 -0.00107
4344.845 0.00000 -0.00107 0.00746
4344.850 0.00320 0.00639 0.00107
4344.855 0.00213 -0.00320 0.00533
4344.860 0.00320 -0.00533 0.00107
4344.865 0.00107 -0.00107 0.00213
4344.870 -0.00533 -0.00639 -0.00746
4344.875 -0.00746 -0.00320 0.00320
4344.880 -0.00213 0.00213 -0.00107
4344.885 -0.00320 0.00320 -0.00533
4344.890 0.00320 0.00959 -0.00107
4344.895 -0.00852 0.00213 -0.00320
4344.900 0.00107 -0.00320 -0.00213
4344.905 0.00000 0.00213 -0.00107
4344.910 -0.00426 0.00107 -0.00320
4344.915 -0.00639 0.00533 -0.00107
4344.920 0.00320 0.00426 -0.01172
4344.925 0.00320 -0.00533 0.00426
4344.930 -0.00639 0.00320 -0.00107
4344.935 -0.00426 -0.00213 0.00000
4344.940 -0.00320 -0.00213 0.00107
4344.945 -0.00639 -0.00107 0.01385
4344.950 0.00320 -0.00320 0.00107
4344.955 -0.00213 -0.00639 -0.00107
4344.960 0.00000 0.01172 0.00320
4344.965 0.00533 0.00213 -0.00320
4344.970 -0.00959 0.00213 -0.01065
4344.975 -0.00107 -0.00959 -0.00213
4344.981 0.00320 -0.00959 0.00107
4344.986 0.00426 0.00213 -0.00852
4344.991 -0.00213 -0.00533 -0.00426
4344.996 0.00746 -0.00959 0.00320
4345.001 -0.00320 -0.00107 0.00000
4345.006 -0.00320 -0.00639 -0.00639
4345.011 0.00213 0.00533 -0.00320
4345.016 -0.00320 0.00213 -0.00426
4345.021 -0.00426 0.00213 -0.00213
4345.026 0.00000 0.00000 0.00107
4345.031 0.00213 0.00213 0.00107
4345.036 -0.00107 -0.00320 -0.00320
4345.041 0.00000 0.00320 -0.00639
4345.046 -0.00533 -0.00426 -0.00533
4345.051 -0.00533 0.00000 -0.00107
4345.056 -0.00213 -0.00426 0.00107
4345.061 0.00320 -0.00320 0.00000
4345.066 0.00533 0.00107 -0.00639
4345.071 -0.00320 0.00533 -0.00533
4345.076 -0.01385 -0.00639 0.00213
4345.081 -0.00320 -0.00746 -0.01065
4345.086 -0.00639 -0.00852 0.00107
4345.091 -0.00213 0.00000 0.00000
4345.096 0.00000 0.00533 0.00000
4345.101 0.00000 0.00533 -0.00213
4345.106 0.00107 -0.00426 0.00320
4345.111 0.00320 0.00000 -0.00426
4345.116 0.00533 0.00213 0.00000
4345.121 -0.00107 0.00852 -0.00320
4345.126 -0.00426 -0.00320 0.01278
4345.131 0.00320 -0.00533 -0.00213
4345.136 -0.00320 -0.00959 0.00000
4345.141 -0.00107 -0.00320 0.00533
4345.146 0.00000 -0.00426 -0.00746
4345.152 0.00639 -0.00533 -0.00213
4345.157 -0.00852 -0.00533 -0.00320
4345.162 0.00213 -0.00746 0.00000
4345.167 -0.00746 -0.00533 0.00426
4345.172 0.00426 0.00107 -0.00107
4345.177 0.00213 -0.00107 0.00000
4345.182 -0.00320 0.00000 0.00000
4345.187 -0.00213 -0.00213 -0.00213
4345.192 0.00852 -0.01065 -0.00107
4345.197 0.00000 -0.00213 0.00000
4345.202 -0.00213 -0.00107 -0.00213
4345.207 0.00533 -0.01278 0.00533
4345.212 0.00000 0.00213 -0.00852
4345.217 0.00426 0.00426 -0.00320
4345.222 0.00000 -0.00852 -0.00107
4345.227 -0.00107 -0.00213 0.00213
4345.232 -0.00107 -0.00533 0.00107
4345.237 0.00000 0.00426 -0.00320
4345.242 -0.00959 -0.00320 0.00107
4345.247 0.00533 0.00213 0.00107
4345.252 0.00639 0.00213 0.00213
4345.257 -0.00213 -0.00746 -0.00107
4345.262 -0.00852 -0.01065 -0.00852
4345.267 -0.00107 0.00107 -0.00213
4345.272 -0.00959 0.00000 0.00107
4345.277 -0.00320 -0.00320 -0.00426
4345.282 -0.00746 -0.00426 0.00107
4345.287 0.00639 -0.00533 -0.00320
4345.292 0.00320 -0.00959 0.00959
4345.297 -0.00107 0.00213 0.00107
4345.303 0.00000 -0.00320 -0.00107
4345.308 -0.00320 0.00213 0.00107
4345.313 -0.00213 -0.00533 0.00000
4345.318 -0.00320 -0.00320 -0.00959
4345.323 0.00320 -0.00533 -0.00639
4345.328 -0.00320 -0.00426 0.01065
4345.333 -0.00533 -0.00959 -0.00320
4345.338 -0.00746 -0.00959 0.00107
4345.343 -0.00746 -0.01385 -0.00639
4345.348 0.00107 -0.00213 0.00107
4345.353 -0.00426 -0.00107 0.00213
4345.358 -0.00107 0.00107 -0.00533
4345.363 0.00107 -0.00533 0.00320
4345.368 0.00320 -0.00639 -0.00426
4345.373 -0.00533 0.00959 0.00533
4345.378 0.00107 0.00000 0.00107
4345.383 -0.00533 -0.00852 0.00533
4345.388 0.00213 -0.00107 -0.00107
4345.393 0.00000 0.00000 0.00000
4345.398 0.00107 -0.00320 -0.00213
4345.403 -0.00746 -0.00320 -0.00426
4345.408 0.00213 0.00000 0.01172
4345.413 0.00107 -0.00320 0.00000
4345.418 0.00533 -0.00746 -0.00533
4345.423 0.00426 -0.00107 0.00213
4345.428 0.00000 -0.00426 0.00000
4345.433 -0.00107 0.00107 -0.00213
4345.438 -0.00426 0.00213 -0.00533
4345.443 -0.00533 -0.00639 -0.00320
4345.448 -0.00320 0.00213 -0.00852
4345.453 -0.00320 0.00213 0.00746
4345.458 -0.00533 -0.00746 0.00320
4345.464 0.00639 0.00533 -0.00746
4345.469 0.00000 0.00107 -0.00107
4345.474 -0.00426 -0.00533 -0.00533
4345.479 0.00213 -0.00426 0.00746
4345.484 -0.00426 -0.00213 0.00213
4345.489 0.00852 -0.00107 0.00213
4345.494 -0.00107 0.00746 0.00639
4345.499 -0.00213 -0.00320 -0.00320
4345.504 -0.01704 -0.00746 -0.00533
4345.509 -0.00746 0.00107 -0.00959
4345.514 0.00107 -0.00533 0.00213
4345.519 0.00746 -0.00639 0.00213
4345.524 -0.00320 0.00746 0.00213
4345.529 0.00107 -0.00426 0.00639
4345.534 0.00639 -0.00320 0.00426
4345.539 -0.00213 -0.00533 -0.00320
4345.544 0.01065 -0.00107 0.00320
4345.549 -0.00107 -0.00213 -0.00746
4345.554 0.00533 0.00213 -0.00320
4345.559 0.00107 0.00107 -0.00639
4345.564 0.00639 0.00639 0.00320
4345.569 0.00000 -0.00746 -0.00213
4345.574 0.00107 -0.00213 -0.00533
4345.579 0.00000 -0.00639 0.00639
4345.584 0.00959 -0.00320 0.00213
4345.589 0.01172 0.00320 0.00107
4345.594 -0.00213 0.00213 0.00533
4345.599 -0.00426 -0.00639 -0.00320
4345.604 0.00107 -0.00426 -0.00426
4345.609 -0.00107 -0.00533 -0.00426
4345.614 -0.00320 0.00000 -0.00746
4345.619 0.00213 -0.00320 -0.00213
4345.624 0.00320 -0.00107 -0.00426
4345.629 0.00213 -0.00213 0.00639
4345.635 0.00320 -0.00746 -0.00213
4345.640 -0.00213 -0.00426 -0.00746
4345.645 -0.00213 0.00320 -0.00107
4345.650 -0.00320 -0.00107 0.00320
4345.655 0.00213 0.00426 0.00639
4345.660 0.00000 -0.00213 -0.00639
4345.665 -0.00533 -0.00426 0.00959
4345.670 0.00213 -0.00213 0.00000
4345.675 0.00533 -0.00852 0.00639
4345.680 0.00213 -0.00426 0.00000
4345.685 0.00426 0.00320 0.00639
4345.690 -0.00320 -0.00533 0.00639
4345.700 -0.00746 0.00320 0.00000
4345.705 0.00107 -0.00639 0.00000
4345.710 0.00107 0.00213 0.00000
4345.715 -0.00639 -0.00533 -0.00639
4345.720 0.00852 0.00107 -0.00213
4345.725 -0.00320 0.00320 -0.00426
4345.730 -0.00533 0.00000 0.00000
4345.735 -0.00107 0.00107 0.00426
4345.740 -0.00426 0.00000 -0.00320
4345.745 0.00107 -0.00320 -0.00213
4345.750 -0.00107 0.00213 -0.00959
4345.755 0.01065 0.00000 -0.00107
4345.760 -0.00107 0.00533 -0.00426
4345.765 0.00746 0.00533 0.00107
4345.770 0.00959 -0.00213 0.00852
4345.775 -0.00533 0.00213 0.00320
4345.781 -0.00213 0.00213 0.00000
4345.786 0.00213 0.00107 0.00107
4345.791 -0.00533 -0.00426 0.00213
4345.796 0.00320 -0.00107 0.00000
4345.801 0.00533 0.00107 0.00746
4345.806 -0.00746 -0.00639 -0.00213
4345.811 0.00320 0.00213 -0.00107
4345.816 -0.00746 -0.00426 0.00533
4345.821 0.00000 -0.00959 0.00107
4345.826 -0.00852 0.00213 0.01172
4345.830 0.00426 0.00107 0.00107
4345.835 -0.00533 0.00320 -0.00213
4345.840 -0.00426 0.00639 -0.00639
4345.845 0.00639 -0.00107 0.00000
4345.850 -0.00320 0.00000 0.00746
4345.855 0.00000 0.00213 0.00107
4345.861 0.00000 0.00000 0.00959
4345.866 -0.00746 -0.00320 -0.00213
4345.871 -0.00320 -0.00213 -0.00426
4345.876 0.00000 0.00852 -0.00320
4345.881 -0.00639 0.00107 0.00746
4345.886 0.00320 -0.00213 -0.00213
4345.891 -0.00107 0.00213 0.00426
4345.896 -0.00639 -0.00320 0.00000
4345.901 -0.00639 -0.00107 -0.00746
4345.906 -0.01065 -0.00426 0.00639
4345.911 0.00000 0.00320 -0.00107
4345.916 0.00533 0.00320 0.00746
4345.921 0.00746 -0.00852 0.00213
4345.926 0.00107 -0.00426 0.00000
4345.930 -0.01065 -0.00320 0.00213
4345.935 -0.00107 -0.00213 -0.00426
4345.941 -0.00107 -0.00213 -0.00852
4345.946 0.00533 0.00000 0.00213
4345.951 -0.00213 -0.01172 -0.00320
4345.956 0.00426 0.00107 0.00107
4345.961 -0.00320 -0.00107 0.00000
4345.966 0.00000 -0.00533 0.00107
4345.971 0.00320 -0.00320 0.00000
4345.976 -0.01172 0.00320 -0.00426
4345.981 0.00320 0.00320 0.00320
4345.986 0.00107 -0.00213 -0.00426
4345.991 0.00107 0.01065 0.00213
4345.996 -0.00426 -0.00533 -0.00107
4346.001 0.00213 0.00000 -0.00533
4346.006 0.00533 0.00213 0.00213
4346.011 0.00320 -0.00639 0.00000
4346.016 -0.00213 -0.00320 -0.01278
4346.021 -0.00746 0.01065 0.00213
4346.026 0.00213 0.00533 -0.00533
4346.031 -0.00213 0.00320 -0.00320
4346.036 -0.00533 -0.00213 0.00320
4346.041 0.00213 0.01065 -0.00746
4346.046 0.00639 -0.00852 0.00107
4346.051 -0.00533 0.00000 -0.01172
4346.056 0.01278 0.00320 -0.00107
4346.061 -0.00852 0.00000 -0.01172
4346.066 0.00213 0.00000 0.00852
4346.071 -0.00533 0.00107 -0.00426
4346.076 -0.00639 -0.00746 0.00000
4346.081 -0.01065 0.00000 -0.00213
4346.086 -0.00320 -0.00320 -0.00213
4346.091 -0.00426 -0.00533 0.00107
4346.096 0.00107 -0.00426 0.00107
4346.101 0.00426 0.00852 -0.00639
4346.106 -0.00533 -0.00639 -0.00107
4346.111 0.00000 -0.00639 0.00320
4346.116 -0.00852 0.00639 -0.00213
4346.121 0.00000 0.00426 -0.00533
4346.126 -0.00107 -0.00320 -0.00533
4346.131 -0.00320 0.00107 -0.00213
4346.136 -0.00852 -0.00533 0.00000
4346.141 -0.00213 -0.00426 0.00213
4346.146 -0.00746 0.00107 0.00213
4346.151 0.00533 0.00213 -0.01278
4346.156 -0.01172 0.00213 -0.00746
4346.161 -0.00426 0.00107 0.00107
4346.166 -0.00320 -0.00533 0.00000
4346.171 0.00107 0.00213 -0.01172
4346.176 -0.00533 0.00213 0.00107
4346.181 0.00639 -0.00213 0.00107
4346.186 -0.00320 -0.00320 -0.00213
4346.191 -0.00852 0.00320 -0.00213
4346.196 -0.00213 -0.00426 0.00426
4346.201 -0.00107 -0.00320 -0.00852
4346.206 0.00000 -0.00213 0.00533
4346.211 -0.00639 -0.00959 -0.00426
4346.216 0.00000 -0.00213 -0.00213
4346.221 -0.01385 0.00000 0.00426
4346.226 0.00746 -0.00213 0.00000
4346.231 0.00000 0.00213 0.00426
4346.236 0.00426 -0.00426 0.00320
4346.241 -0.00213 -0.00746 0.00000
4346.246 0.00000 -0.00852 0.00426
4346.251 0.00000 0.00000 -0.00533
4346.256 -0.00746 -0.00746 -0.00746
4346.261 -0.00852 -0.00107 -0.00213
4346.266 0.00533 0.00000 0.00426
4346.271 -0.00426 -0.01278 0.00107
4346.276 -0.00533 -0.00107 -0.00107
4346.281 -0.00213 0.00107 0.00107
4346.286 -0.00852 -0.00426 -0.00107
4346.291 -0.01278 -0.00320 0.00000
4346.296 -0.00213 0.00533 0.00639
4346.301 -0.00852 -0.00213 0.00000
4346.306 0.00746 -0.00426 -0.00639
4346.311 -0.01065 -0.00320 -0.00533
4346.316 -0.00639 -0.00746 -0.00320
4346.321 0.00000 -0.00107 -0.00320
4346.326 -0.00213 0.00213 -0.00107
4346.331 0.00426 -0.00107 -0.00426
4346.336 0.00213 -0.01065 -0.00852
4346.341 -0.00533 0.00000 0.00533
4346.346 0.00107 -0.00107 0.00320
4346.351 0.00639 0.00107 0.00320
4346.356 -0.00107 0.00213 -0.00959
4346.361 -0.00533 -0.00746 0.00426
4346.366 -0.00746 -0.00107 -0.00213
4346.371 0.00852 -0.00107 0.00639
4346.376 0.00639 -0.00213 0.00213
4346.381 -0.00213 -0.00852 -0.00746
4346.386 -0.01065 -0.00213 -0.00213
4346.391 -0.01065 0.00959 0.00213
4346.396 -0.00107 0.01172 -0.00213
4346.401 0.00000 -0.00533 0.00107
4346.406 -0.00320 0.00107 0.00426
4346.411 0.00213 -0.00107 0.00000
4346.416 0.00639 -0.00533 0.00320
4346.421 -0.00107 -0.00533 -0.00107
4346.426 -0.00533 0.00107 -0.00533
4346.431 -0.00213 0.00639 -0.00213
4346.436 0.01598 0.00320 -0.00213
4346.441 0.00746 -0.00639 0.00107
4346.446 -0.00533 -0.00320 -0.00320
4346.451 -0.00426 -0.00107 0.00533
4346.456 0.00426 -0.00852 -0.00107
4346.461 0.00959 -0.00852 0.01065
4346.466 -0.00107 0.00320 0.00213
4346.471 0.00533 0.00746 0.00000
4346.476 -0.00852 -0.00107 -0.00213
4346.481 0.00959 -0.00533 -0.00107
4346.486 0.00852 -0.00107 0.01172
4346.492 0.00000 0.00107 -0.00320
4346.497 0.00320 -0.00533 -0.01065
4346.502 -0.00107 -0.00852 0.00000
4346.507 0.00533 -0.00320 -0.00426
4346.512 -0.00107 0.00000 0.00000
4346.517 0.00320 0.00639 0.00213
4346.522 0.00213 -0.00639 -0.00107
4346.527 -0.01278 0.00213 -0.00213
4346.531 -0.01065 -0.00107 -0.00320
4346.536 -0.00639 -0.00213 0.00000
4346.541 -0.00639 0.00213 0.00746
4346.546 0.00320 0.00959 -0.00107
4346.551 -0.01172 -0.00533 -0.00213
4346.556 0.00107 -0.00959 0.00107
4346.561 -0.00213 0.00000 0.00746
4346.566 0.00107 -0.01385 -0.00426
4346.571 0.01278 0.00000 -0.00213
4346.576 -0.00426 -0.00107 -0.00107
4346.582 0.00426 -0.00746 0.00533
4346.587 -0.00639 -0.00107 -0.00213
4346.592 0.00000 -0.00746 -0.00320
4346.597 0.00533 0.00213 0.00213
4346.602 0.00533 -0.00426 -0.00639
4346.607 -0.01172 0.00107 -0.00107
4346.612 -0.00426 0.00000 -0.00533
4346.617 -0.00852 -0.00639 0.00107
4346.622 -0.00107 -0.00746 0.00852
4346.627 -0.00639 -0.00959 -0.00533
4346.631 -0.00213 -0.00213 0.00320
4346.636 0.00213 0.00320 -0.00639
4346.641 0.00320 0.00320 -0.00107
4346.646 -0.00320 -0.00426 -0.00107
4346.652 -0.00320 0.00426 0.00107
4346.657 -0.00320 -0.00107 0.00533
4346.662 0.00320 -0.00959 -0.00533
4346.667 0.00320 0.00000 -0.00533
4346.672 -0.00107 -0.00213 -0.00746
4346.677 0.00852 -0.00107 0.00852
4346.682 -0.00320 -0.00320 0.00639
4346.687 0.00107 -0.00107 0.00000
4346.692 -0.00746 -0.01704 -0.00213
4346.697 -0.00533 -0.00533 0.00320
4346.702 -0.00959 0.00426 -0.00746
4346.707 -0.00213 -0.00213 -0.00533
4346.712 0.00107 -0.00746 -0.00426
4346.717 0.00213 -0.00533 0.00000
4346.722 -0.00213 -0.00533 -0.00639
4346.727 -0.00426 0.00213 0.00000
4346.732 -0.01065 -0.01172 0.00320
4346.737 -0.00533 -0.00320 0.00107
4346.742 -0.00213 -0.00639 0.00639
4346.747 -0.00320 -0.00213 -0.00533
4346.752 0.00426 0.00213 0.00746
4346.757 -0.00107 -0.00426 0.00213
4346.762 0.00000 0.00320 0.00533
4346.767 -0.00426 0.00107 -0.00533
4346.771 -0.00213 -0.00107 -0.00320
4346.776 -0.00213 -0.00852 0.00000
4346.782 -0.00107 0.00000 0.00320
4346.787 0.00107 0.00639 0.00000
4346.792 -0.00639 0.00320 -0.00213
4346.797 0.00000 0.00533 0.00533
4346.802 -0.00639 -0.00746 -0.00320
4346.807 -0.00639 -0.00213 0.00320
4346.812 -0.00533 0.00852 -0.00746
4346.817 0.00533 -0.00213 -0.00320
4346.822 -0.00107 0.00000 0.00107
4346.827 0.00426 -0.00107 0.00426
4346.832 -0.00959 0.00000 0.00000
4346.836 -0.00533 -0.00426 -0.00213
4346.842 -0.00426 0.00320 0.01065
4346.847 -0.00107 -0.00533 -0.00107
4346.852 0.00852 0.00107 0.01065
4346.857 0.00852 0.00107 0.00533
4346.862 -0.00426 -0.00320 -0.00107
4346.867 -0.00107 0.00000 0.00107
4346.872 -0.00959 -0.00320 -0.00213
4346.877 0.00000 -0.00426 -0.00107
4346.882 -0.00107 -0.00746 0.00000
4346.887 -0.00213 0.00000 -0.00107
4346.892 -0.00746 -0.00533 0.00213
4346.897 -0.00107 -0.00213 0.00000
4346.902 0.00320 -0.00213 0.00533
4346.907 -0.00320 -0.00426 -0.00213
4346.912 -0.00107 0.00107 0.00213
4346.917 -0.00107 -0.00107 -0.00107
4346.922 0.00213 -0.00533 -0.00852
4346.927 0.00746 -0.00533 -0.00320
4346.932 -0.00213 -0.00213 0.00213
4346.937 0.00213 -0.00639 0.00426
4346.942 0.00639 -0.00533 0.00320
4346.947 -0.00533 -0.00426 0.00107
4346.952 -0.00533 0.01065 0.00107
4346.957 0.00000 -0.00320 -0.00426
4346.962 0.01491 -0.00107 -0.00320
4346.967 -0.00639 0.00000 -0.00213
4346.972 -0.00426 0.00426 0.00107
4346.977 0.00107 0.00107 0.00533
4346.982 -0.00107 -0.00320 -0.00533
4346.987 0.00852 0.00213 0.00320
4346.992 0.00000 0.00426 -0.00746
4346.997 0.00426 -0.00959 0.00000
4347.002 0.00107 -0.00107 -0.01172
4347.007 -0.00107 0.00533 -0.00213
4347.012 -0.00320 -0.00107 0.00107
4347.017 -0.00213 -0.00426 -0.00320
4347.022 0.00107 -0.00320 -0.01172
4347.027 -0.00533 -0.01278 -0.00533
4347.032 -0.00213 -0.00639 -0.00852
4347.037 -0.00852 -0.00213 0.00107
4347.042 -0.00213 0.00320 0.00320
4347.047 -0.00959 -0.00320 0.00213
4347.052 -0.00107 -0.00107 0.00213
4347.057 0.00213 -0.00533 -0.00107
4347.062 0.00959 -0.00320 -0.00213
4347.067 -0.01385 0.00959 0.00746
4347.072 0.00213 0.00107 0.00426
4347.077 0.00426 0.01172 0.01385
4347.082 -0.00320 -0.00320 -0.00320
4347.087 -0.00426 -0.00426 -0.00639
4347.092 -0.00533 -0.00533 0.00213
4347.097 0.00107 -0.00213 0.00213
4347.102 0.00746 -0.00107 -0.00533
4347.107 0.00000 0.00213 -0.00320
4347.112 -0.00746 0.00426 0.00746
4347.117 0.00426 0.00426 -0.00639
4347.122 -0.00639 -0.00320 -0.00320
4347.127 -0.00320 -0.00107 0.00000
4347.132 0.00426 0.00533 0.00320
4347.137 -0.00213 0.00746 0.00000
4347.142 0.00107 0.00533 -0.00213
4347.147 -0.00320 0.00746 0.00213
4347.152 -0.00426 0.00107 -0.00639
4347.157 -0.00213 -0.00746 -0.00107
4347.162 -0.00639 -0.01385 0.00000
4347.167 0.00320 0.00213 0.01065
4347.172 -0.00320 -0.00639 -0.00533
4347.177 -0.00426 0.00213 -0.00320
4347.182 0.00852 -0.00213 -0.00320
4347.187 -0.01065 0.00107 -0.00107
4347.192 -0.00533 -0.00533 -0.00320
4347.197 -0.00426 -0.00213 -0.00533
4347.202 0.00426 -0.00107 0.00213
4347.207 -0.00213 -0.00213 -0.00213
4347.212 -0.00852 -0.00320 -0.00426
4347.217 0.00000 0.00000 0.00320
4347.222 -0.00213 0.00426 0.00639
4347.227 0.00107 0.00639 -0.00320
4347.232 -0.00533 0.00213 0.00320
4347.237 0.00852 0.00213 0.00320
4347.242 0.00000 0.00000 -0.00320
4347.247 -0.00639 -0.00852 0.00320
4347.252 0.00320 0.00107 -0.00107
4347.257 0.00000 0.00107 0.00426
4347.262 -0.00426 -0.00852 -0.00426
4347.267 -0.00426 -0.00320 0.00320
4347.272 -0.00426 0.00213 -0.00107
4347.277 0.00533 -0.00320 -0.00213
4347.282 0.00320 -0.00320 0.00000
4347.287 -0.00107 -0.00533 -0.00320
4347.292 -0.00533 0.00000 -0.00533
4347.297 -0.00107 -0.00213 -0.00533
4347.302 0.00107 0.00320 -0.00639
4347.307 0.00107 0.00533 0.00959
4347.312 0.00533 -0.00426 0.00000
4347.317 0.00639 -0.00213 0.00639
4347.322 -0.00107 -0.00639 0.00213
4347.327 -0.00533 -0.00533 0.00639
4347.335 -0.00107 -0.00320 -0.00320
4347.340 0.00000 -0.00746 0.00107
4347.345 0.00000 -0.00213 -0.00213
4347.350 0.00426 -0.00107 0.00000
4347.355 -0.01065 -0.00533 -0.00533
4347.360 0.00320 0.00213 -0.00639
4347.365 0.00959 -0.00107 -0.00852
4347.370 -0.00107 -0.00852 0.01278
4347.375 0.00639 -0.01278 -0.00426
4347.380 -0.00426 -0.00107 0.00000
4347.385 -0.00852 0.00426 -0.00320
4347.390 -0.00213 -0.00213 0.00426
4347.395 0.00000 -0.00426 -0.00639
4347.400 -0.00746 0.00107 -0.00533
4347.405 0.00107 0.00320 -0.00426
4347.410 0.00213 0.00320 0.00320
4347.415 0.00426 0.00320 0.00000
4347.420 -0.00426 -0.00320 -0.00320
4347.425 -0.00639 0.00426 -0.01065
4347.430 -0.00213 -0.00426 0.00107
4347.436 0.00959 0.00320 -0.00639
4347.441 -0.00533 0.00426 0.00000
4347.446 -0.00320 -0.00213 0.00107
4347.451 -0.00107 -0.00426 -0.00533
4347.456 -0.00533 0.00426 -0.00320
4347.461 0.00320 0.00107 -0.01065
4347.466 0.00107 -0.00213 -0.00107
4347.471 0.00107 -0.00639 -0.01172
4347.476 0.01065 -0.00746 -0.00320
4347.481 -0.00107 -0.00426 0.00852
4347.486 -0.00426 -0.00426 0.00000
4347.491 -0.00639 -0.00107 -0.00320
4347.496 0.00213 -0.00213 0.00639
4347.501 -0.00107 -0.00426 0.00746
4347.506 0.00107 -0.00320 0.00107
4347.511 0.00213 -0.00320 -0.00107
4347.516 -0.00213 -0.00639 -0.00320
4347.521 0.00320 0.00213 0.00000
4347.526 -0.00213 -0.00639 0.00426
4347.531 0.00320 -0.00320 -0.00639
4347.536 0.00000 0.00000 0.00213
4347.541 0.00000 -0.00533 -0.00213
4347.546 -0.00639 0.00213 0.00000
4347.551 -0.00107 -0.00746 0.00213
4347.556 -0.00320 0.00852 -0.00533
4347.561 -0.00639 0.00000 0.00000
4347.567 0.00426 -0.00639 -0.00639
4347.572 -0.00107 -0.00107 0.00000
4347.577 -0.00213 -0.00213 -0.00746
4347.582 -0.00426 -0.00426 -0.01065
4347.587 0.00426 -0.00426 0.00533
4347.592 0.00533 0.00213 -0.00426
4347.597 0.00426 0.00000 0.00000
4347.602 -0.00213 -0.00852 0.00320
4347.607 -0.01278 -0.00320 0.00852
4347.612 -0.00426 -0.00213 0.00000
4347.617 -0.00107 -0.00533 -0.00533
4347.622 -0.00639 -0.00533 0.00213
4347.627 0.00533 0.00320 -0.00320
4347.632 0.00000 -0.00533 -0.00533
4347.637 -0.00107 -0.00213 -0.00213
4347.642 -0.00426 -0.00533 -0.00107
4347.647 0.00107 0.01172 -0.00639
4347.652 0.00107 -0.00107 -0.00959
4347.657 -0.01172 -0.00426 0.00213
4347.662 0.00000 -0.01065 0.00639
4347.667 0.00320 -0.00320 -0.00426
4347.672 0.00320 -0.00533 0.00426
4347.677 -0.00959 -0.00639 0.00639
4347.682 -0.00533 -0.00213 0.00320
4347.687 0.00213 -0.00213 0.00000
4347.692 -0.00639 0.00000 -0.00107
4347.697 -0.00320 -0.00213 -0.00213
4347.702 -0.00320 -0.00320 -0.00107
4347.707 0.00107 -0.00213 -0.00320
4347.712 -0.00746 0.00639 -0.00320
4347.717 -0.00959 -0.00746 0.00213
4347.722 0.00000 0.00107 -0.00107
4347.727 -0.00746 -0.00533 0.00426
4347.732 -0.00107 -0.01065 -0.00213
4347.738 -0.00639 -0.00426 -0.00107
4347.743 0.00000 -0.00426 0.00000
4347.748 -0.00320 0.00639 -0.00639
4347.753 0.00213 0.00107 0.00000
4347.758 0.00533 -0.00959 0.00000
4347.763 0.00426 -0.00213 0.00320
4347.768 -0.00213 0.00426 0.00426
4347.773 0.00426 -0.00426 0.00426
4347.778 0.00426 0.00000 -0.00213
4347.783 0.01065 0.00000 0.00107
4347.788 -0.01491 -0.00746 0.00213
4347.793 0.00107 -0.00639 -0.00107
4347.798 0.00000 0.00533 -0.00107
4347.803 0.00959 -0.00213 -0.00320
4347.808 -0.00426 0.00213 0.00852
4347.813 0.00639 0.00213 -0.00533
4347.818 0.01065 -0.00107 -0.01065
4347.823 -0.00533 -0.00959 -0.00213
4347.828 -0.00426 0.00107 0.00107
4347.833 -0.00426 0.00000 -0.00320
4347.838 0.00426 0.00320 -0.00213
4347.843 0.00533 -0.00746 0.00000
4347.848 0.00533 0.00213 -0.00533
4347.853 0.00320 -0.00320 0.01065
4347.858 -0.00213 0.00000 -0.00107
4347.863 -0.00959 0.00639 -0.00213
4347.868 0.00639 -0.00213 -0.00426
4347.873 -0.00107 -0.00107 -0.00107
4347.878 -0.00107 0.00107 0.00213
4347.883 0.00320 0.00000 0.00107
4347.888 -0.00213 -0.00426 0.00107
4347.893 0.00959 0.01278 0.00320
4347.898 -0.00746 -0.00959 0.00320
4347.903 -0.00852 -0.00320 0.00000
4347.909 -0.00213 0.00000 -0.00852
4347.914 -0.01172 -0.00426 0.00107
4347.919 0.00107 0.00107 0.00320
4347.924 -0.00320 0.00320 0.00213
4347.929 0.00107 -0.00533 -0.00107
4347.934 -0.00639 0.00000 -0.00426
4347.939 0.00107 0.00000 0.00426
4347.944 0.00213 -0.00107 -0.00320
4347.949 0.00107 -0.00533 -0.00107
4347.954 -0.00426 0.00000 0.00107
4347.959 -0.00639 0.00107 -0.00107
4347.964 0.00107 0.00639 0.00852
4347.969 -0.00533 0.01385 0.00746
4347.974 -0.00533 -0.00107 0.00000
4347.979 0.00000 -0.00746 -0.00533
4347.984 0.00746 0.00426 -0.00852
4347.989 -0.00852 -0.00107 0.00107
4347.994 0.00426 -0.00107 0.00320
4347.999 0.00320 0.00107 -0.00107
4348.004 0.00959 0.00000 -0.00107
4348.009 0.00213 0.00426 -0.00533
4348.014 0.00107 0.00426 -0.00426
4348.019 -0.00426 0.00000 -0.00426
4348.024 -0.00639 0.00426 -0.00213
4348.029 0.00213 -0.00426 -0.00639
4348.034 -0.00107 -0.00107 0.00746
4348.039 -0.00959 0.00213 -0.01065
4348.044 -0.00213 0.00533 0.00107
4348.049 0.00213 0.00213 -0.00213
4348.054 0.00000 -0.00213 -0.00107
4348.059 -0.00426 -0.00746 -0.00746
4348.064 -0.00533 -0.00746 -0.00426
4348.069 0.00320 -0.00320 0.00107
4348.074 -0.00320 -0.00213 0.00213
4348.079 -0.00639 -0.00639 -0.00639
4348.084 -0.00107 -0.00426 -0.00746
4348.089 -0.00107 -0.00320 -0.00852
4348.094 -0.00426 0.00000 0.00000
4348.099 -0.00426 -0.00746 -0.00107
4348.104 0.00426 0.00000 -0.00959
4348.109 0.00959 0.00533 0.00533
4348.114 0.00426 -0.00746 0.00213
4348.120 -0.00639 -0.01065 0.00000
4348.125 -0.00107 -0.00213 -0.00213
4348.130 0.00639 0.00107 -0.00320
4348.135 0.00107 0.00320 0.01065
4348.140 0.00000 -0.00852 0.00000
4348.145 -0.00320 -0.00639 -0.00746
4348.150 0.00213 -0.00213 0.00426
4348.155 0.00213 -0.00107 0.00959
4348.160 0.00533 0.00000 0.00213
4348.165 -0.00213 -0.00213 0.00426
4348.170 0.00213 0.00000 0.00426
4348.175 0.00320 -0.00426 -0.00852
4348.180 0.00533 -0.00107 -0.00426
4348.185 -0.00959 0.00107 0.00320
4348.190 0.00426 -0.00426 0.00533
4348.195 0.01172 0.00746 0.00107
4348.200 -0.00852 -0.00426 0.00213
4348.205 0.00320 -0.00320 0.00533
4348.210 -0.00639 -0.00213 -0.00426
4348.215 0.00533 0.00426 -0.00107
4348.221 -0.00746 0.00426 0.00213
4348.226 -0.00107 -0.00213 0.00639
4348.231 -0.00852 0.00959 -0.00107
4348.236 -0.00426 -0.00639 0.00639
4348.241 -0.00639 0.00320 0.00213
4348.246 -0.00213 -0.00320 0.01172
4348.251 0.00213 0.00746 0.00107
4348.256 -0.00533 -0.00213 0.00000
4348.261 -0.00107 0.00213 -0.00426
4348.266 -0.00107 -0.00107 0.00107
4348.271 0.00533 -0.00426 0.00000
4348.276 0.00426 0.00320 -0.00107
4348.281 -0.00320 0.00852 0.00000
4348.286 0.00107 -0.00533 0.00639
4348.291 -0.00639 0.00107 -0.01172
4348.296 -0.00320 0.00320 0.00639
4348.301 -0.00320 -0.00107 -0.00426
4348.306 0.00320 0.00000 -0.00746
4348.311 -0.01172 -0.00213 -0.00426
4348.316 0.00000 -0.00320 0.00426
4348.321 -0.00533 0.00639 -0.00533
4348.326 -0.00639 -0.00213 -0.00213
4348.331 0.00639 -0.00213 0.00320
4348.336 -0.00639 -0.01598 -0.00107
4348.341 0.00000 -0.00959 -0.00213
4348.346 0.00639 -0.00533 0.00320
4348.351 0.00000 -0.00213 -0.01172
4348.356 -0.00320 -0.00213 -0.00320
4348.361 0.00107 0.00107 -0.00746
4348.366 0.00213 0.00639 0.00000
4348.371 -0.00426 0.00320 -0.00639
4348.376 0.00107 -0.00959 -0.00107
4348.381 -0.00213 0.00000 -0.00426
4348.386 -0.00320 0.00426 0.00107
4348.392 0.00213 -0.00533 -0.00959
4348.397 0.01172 0.00107 -0.00107
4348.402 0.00107 -0.00107 0.00639
4348.407 -0.00107 -0.00320 -0.00320
4348.412 -0.00107 0.00000 -0.00107
4348.417 -0.00107 0.00213 0.00107
4348.422 -0.00107 0.00000 0.00426
4348.427 -0.00533 -0.00320 0.00426
4348.432 0.00426 0.00746 0.00320
4348.437 0.00107 -0.00746 -0.00959
4348.442 0.00426 -0.00107 0.00320
4348.447 0.00320 -0.00213 0.00213
4348.452 -0.00320 -0.00107 0.00213
4348.457 -0.00533 -0.00533 0.00000
4348.462 -0.01065 -0.00639 0.00000
4348.467 -0.00213 -0.00107 -0.00426
4348.472 0.00213 -0.00852 0.00426
4348.477 -0.00107 -0.00213 0.00213
4348.482 0.00426 -0.00320 -0.00533
4348.487 -0.00320 0.00000 0.00533
4348.492 -0.00320 -0.01065 -0.00533
4348.497 -0.00320 -0.00746 -0.00426
4348.502 -0.00426 0.00320 -0.00533
4348.507 0.00000 -0.00533 0.00107
4348.512 0.00000 -0.01065 0.00213
4348.517 0.00213 -0.00320 -0.00213
4348.522 -0.00213 0.00320 -0.00426
4348.527 0.00107 -0.00107 0.00639
4348.532 -0.00639 0.00639 0.00213
4348.537 -0.01065 -0.01065 -0.00213
4348.542 -0.00320 0.00000 0.00213
4348.547 -0.00426 0.00000 -0.00533
4348.553 0.00533 0.00320 -0.00959
4348.558 0.00107 0.00213 -0.00533
4348.563 0.00639 0.00000 -0.00107
4348.568 -0.00426 -0.00213 -0.00107
4348.573 -0.00107 0.00320 -0.00746
4348.578 0.01278 0.00533 0.00107
4348.583 -0.00213 -0.00213 -0.00426
4348.588 -0.00533 0.00000 -0.00213
4348.593 0.00426 -0.00107 0.00000
4348.598 0.00959 -0.00533 -0.00107
4348.603 -0.00533 -0.00746 0.00746
4348.608 0.00213 -0.00746 0.00213
4348.613 -0.00426 -0.00213 -0.00320
4348.618 -0.00852 -0.00533 -0.00107
4348.623 0.00213 -0.00533 0.00107
4348.628 0.00746 -0.00213 0.00852
4348.633 0.00320 -0.00213 0.00533
4348.638 0.00000 -0.00320 -0.00107
4348.643 0.00107 -0.00320 -0.00107
4348.648 -0.00746 -0.00426 -0.00426
4348.653 -0.00533 -0.00320 -0.00107
4348.658 0.00320 -0.00426 0.00107
4348.663 -0.00107 -0.00852 -0.00107
4348.668 -0.00320 -0.00107 0.00533
4348.673 0.00000 0.00852 0.00107
4348.678 0.00533 -0.00533 -0.00533
4348.683 -0.00746 0.00426 -0.00426
4348.688 0.00426 -0.00533 -0.00746
4348.693 -0.00213 0.00107 -0.00852
4348.698 -0.00533 0.00213 -0.00213
4348.703 0.00426 -0.00213 0.00213
4348.708 0.00639 -0.00107 0.00320
4348.713 0.00426 -0.00107 -0.00426
4348.718 -0.00320 -0.00213 -0.00533
4348.724 -0.00533 -0.00746 -0.00320
4348.729 -0.00533 0.00213 -0.00852
4348.734 -0.00213 0.00213 -0.00213
4348.739 0.00107 0.00107 -0.00426
4348.744 0.00320 -0.00213 -0.00213
4348.749 -0.00213 -0.00426 -0.00533
4348.754 -0.00639 -0.00746 0.00320
4348.759 -0.00213 0.00639 0.00000
4348.764 0.00213 -0.00320 0.00533
4348.769 0.00107 -0.00107 -0.00107
4348.774 0.00000 0.00213 -0.00320
4348.779 0.00000 0.00107 0.00107
4348.784 0.00533 -0.00213 0.00852
4348.789 0.00320 -0.00320 -0.00320
4348.794 0.00107 -0.00107 0.00639
4348.799 -0.00213 -0.00959 0.00426
4348.804 -0.00959 -0.00852 0.00000
4348.809 -0.00107 0.00320 0.00000
4348.814 -0.00107 -0.00852 0.00000
4348.819 -0.00639 -0.00320 0.00320
4348.824 -0.00213 -0.00639 0.00533
4348.829 0.01172 -0.00959 0.00533
4348.834 -0.00107 0.00746 -0.00533
4348.839 -0.00320 0.00533 -0.00320
4348.844 -0.00533 -0.00320 -0.00639
4348.849 -0.00320 0.00000 -0.00533
4348.854 -0.00746 -0.00213 0.00426
4348.859 0.00426 0.00320 0.00533
4348.864 0.00000 0.00107 -0.00320
4348.869 -0.01598 -0.00533 -0.00213
4348.874 -0.01172 -0.00639 0.00000
4348.879 -0.00213 -0.00746 -0.00533
4348.884 -0.00746 0.00213 0.00213
4348.890 0.00107 -0.00426 -0.00107
4348.895 -0.00639 -0.00107 0.00852
4348.905 -0.00107 0.00107 -0.00426
4348.910 0.00320 -0.00107 -0.00213
4348.915 0.00000 0.00426 -0.01278
4348.920 0.00959 -0.00533 -0.00426
4348.925 -0.00533 -0.00107 -0.00639
4348.930 -0.00639 0.00107 -0.00533
4348.935 0.00533 -0.00533 -0.00852
4348.940 -0.01491 -0.00320 0.00000
4348.945 0.00533 0.00639 0.00639
4348.950 0.00746 -0.00426 0.00107
4348.955 -0.00320 -0.00746 -0.00107
4348.960 -0.01065 -0.00533 0.00000
4348.965 0.00000 -0.00320 -0.00320
4348.970 -0.01278 0.00000 -0.00533
4348.975 0.00213 -0.00320 0.00213
4348.980 -0.00746 -0.00639 -0.00639
4348.985 -0.00426 -0.00107 0.00213
4348.990 0.01065 0.00533 -0.00213
4348.996 -0.00639 0.00746 -0.00107
4349.001 -0.00213 0.00213 0.00320
4349.006 -0.00213 -0.00320 -0.00426
4349.011 -0.00107 0.00000 0.00320
4349.016 0.00746 -0.00746 0.00320
4349.021 -0.00320 0.00533 -0.00320
4349.025 -0.00426 -0.00533 -0.00852
4349.030 0.00000 0.00746 -0.01172
4349.035 0.00107 0.00320 -0.00533
4349.040 -0.00107 -0.00533 -0.00107
4349.045 -0.00426 -0.00320 0.00533
4349.050 0.00533 0.00213 0.00107
4349.055 -0.00639 -0.00852 0.00107
4349.060 -0.00426 -0.00639 -0.00959
4349.065 -0.00533 -0.00426 -0.00426
4349.070 0.00000 -0.01065 -0.00533
4349.075 -0.00320 -0.00320 -0.01065
4349.080 -0.00746 -0.00746 -0.00107
4349.086 -0.00852 -0.00320 -0.00320
4349.091 0.00639 0.00000 0.00639
4349.096 -0.01172 0.00000 -0.00426
4349.101 0.00320 -0.00213 -0.00320
4349.106 -0.00213 0.00426 0.00533
4349.111 -0.00639 0.00000 0.00320
4349.116 0.00000 0.00107 0.00852
4349.121 0.00000 -0.00320 -0.00533
4349.125 -0.00852 -0.00533 0.00213
4349.130 -0.00107 -0.00852 -0.00107
4349.135 0.00639 -0.00533 0.00320
4349.140 -0.00639 -0.00320 -0.00107
4349.145 0.00107 -0.00107 0.00639
4349.150 -0.00213 -0.00213 -0.00426
4349.155 -0.00320 -0.00746 -0.00107
4349.160 -0.00107 -0.00426 0.00426
4349.165 -0.00533 -0.00213 0.00639
4349.170 -0.00426 0.00000 -0.00852
4349.175 0.00000 0.00533 0.00533
4349.180 -0.01065 -0.00320 0.00639
4349.185 -0.01172 -0.00533 -0.00107
4349.190 -0.00639 -0.00320 0.00426
4349.195 -0.00533 0.00213 0.00213
4349.200 0.00320 0.00320 0.00320
4349.206 0.00426 -0.00639 0.00107
4349.210 -0.00320 -0.00107 0.00107
4349.216 -0.00852 -0.00426 -0.00213
4349.221 -0.00959 -0.00533 -0.00213
4349.225 0.00533 0.00639 -0.00426
4349.230 -0.00107 0.00426 0.00000
4349.235 -0.00213 -0.00533 0.00426
4349.240 -0.00959 0.00533 -0.00107
4349.245 -0.00533 -0.00320 -0.00213
4349.250 0.00426 -0.00320 -0.00107
4349.255 -0.00746 0.00959 -0.00852
4349.260 0.00533 -0.00426 0.00000
4349.265 -0.00320 0.00107 -0.00426
4349.270 -0.00639 -0.00320 -0.00533
4349.275 0.00426 -0.00426 -0.00107
4349.280 0.00320 -0.00213 0.00533
4349.286 0.00000 0.00213 0.00320
4349.291 0.00000 -0.00959 0.00107
4349.296 0.00107 -0.00213 0.00426
4349.301 0.00107 0.00000 -0.00320
4349.306 0.00320 0.00320 0.01172
4349.311 -0.00746 -0.00426 -0.00107
4349.316 -0.00107 -0.00107 -0.00213
4349.321 -0.01065 -0.00639 0.00213
4349.325 -0.00533 -0.00533 -0.01065
4349.330 -0.00639 0.00320 0.00320
4349.335 -0.00533 -0.00639 -0.00852
4349.340 0.00639 -0.00107 -0.00852
4349.345 -0.00852 0.00639 0.00320
4349.350 0.01278 0.00320 0.00426
4349.355 0.00213 0.00107 -0.00213
4349.360 -0.00320 0.00213 -0.01172
4349.365 0.00107 0.00533 -0.00213
4349.370 -0.00639 0.00000 -0.00107
4349.376 -0.00533 0.00426 -0.00213
4349.381 -0.00107 -0.00320 -0.00320
4349.386 -0.00426 0.00639 -0.00746
4349.391 0.00213 -0.00213 0.00746
4349.396 -0.00320 0.00746 0.00213
4349.401 0.00213 0.01172 0.00107
4349.406 0.00107 0.00107 -0.00533
4349.411 -0.01065 -0.00746 0.00320
4349.416 0.00320 0.00000 0.01065
4349.421 -0.00639 0.00000 -0.00426
4349.425 -0.00746 -0.00320 -0.00213
4349.430 0.00639 0.00852 -0.00639
4349.435 -0.00852 0.00213 -0.00746
4349.440 -0.00746 0.00426 0.00426
4349.445 0.01065 -0.00107 0.00320
4349.450 -0.00320 -0.00107 0.00213
4349.455 -0.00213 -0.00639 -0.00107
4349.460 0.00213 -0.00746 -0.00213
4349.466 0.00107 0.00000 -0.00533
4349.470 -0.00107 -0.01172 0.00852
4349.476 0.01065 -0.00107 0.00213
4349.481 0.00426 -0.01172 -0.00107
4349.486 -0.00639 0.00000 0.00107
4349.491 -0.00533 0.00639 0.00426
4349.496 -0.00533 -0.00746 0.00959
4349.501 0.00213 -0.00213 -0.00639
4349.506 -0.00213 -0.00533 0.00533
4349.511 0.00000 0.00000 -0.00107
4349.516 -0.00213 0.00000 -0.00639
4349.521 0.00533 -0.00533 -0.00213
4349.525 -0.00852 0.00213 0.00213
4349.530 -0.00213 -0.00320 0.00213
4349.536 -0.00426 -0.00320 -0.00320
4349.540 0.00107 -0.00320 -0.00107
4349.546 -0.00426 0.00639 0.00639
4349.551 -0.00107 0.00533 -0.00213
4349.556 0.00533 0.00107 0.00320
4349.561 -0.00852 -0.00320 0.00320
4349.566 0.00426 0.00213 -0.00426
4349.571 -0.00213 -0.00426 0.00426
4349.576 0.00107 -0.00320 -0.00107
4349.581 0.00426 -0.00426 0.00533
4349.586 0.00213 0.01278 0.00213
4349.591 -0.00320 0.00107 -0.00107
4349.596 -0.00639 -0.00320 -0.00213
4349.601 -0.00213 0.00107 0.00320
4349.606 -0.00107 -0.00639 0.00107
4349.611 -0.00213 0.00107 -0.00320
4349.616 0.00426 -0.00107 0.00426
4349.621 0.00320 -0.00852 0.00000
4349.626 0.00746 -0.00852 0.00426
4349.631 0.00107 0.00426 0.00213
4349.636 -0.00639 0.00107 0.00320
4349.641 -0.00107 0.00000 -0.00852
4349.646 -0.00959 -0.00852 -0.00639
4349.651 -0.00639 -0.00107 0.00320
4349.656 -0.00320 -0.00320 -0.00533
4349.661 -0.00213 -0.01491 0.00000
4349.666 -0.00426 -0.01491 0.00213
4349.671 0.00000 0.00639 -0.00639
4349.676 0.00213 0.00213 -0.00213
4349.681 -0.00107 0.00000 -0.00746
4349.686 -0.00426 -0.00107 0.00213
4349.691 0.00746 -0.00426 -0.00426
4349.696 -0.01065 0.00213 -0.00959
4349.701 0.00746 0.00320 -0.00533
4349.706 -0.00746 -0.00107 -0.00639
4349.711 0.00852 -0.00107 0.00000
4349.716 0.01385 -0.00213 -0.00746
4349.721 0.00320 0.00000 0.00213
4349.726 0.00959 -0.00107 -0.00107
4349.731 -0.00320 -0.00533 0.00000
4349.736 -0.00107 -0.00107 -0.00107
4349.741 -0.00107 0.00000 -0.00639
4349.746 0.00107 0.00000 0.00000
4349.751 -0.00213 -0.00746 0.00213
4349.756 -0.00426 -0.00426 0.00426
4349.761 0.00000 0.00000 -0.00107
4349.766 0.00746 0.00107 0.00213
4349.771 0.00639 0.00959 0.00000
4349.776 0.00426 -0.00107 0.00426
4349.781 -0.00426 -0.00213 -0.00533
4349.786 -0.00320 0.00213 0.00320
4349.791 -0.00533 -0.00852 0.00213
4349.796 -0.00852 -0.00426 -0.00426
4349.801 0.00000 -0.01172 -0.00213
4349.807 0.00107 -0.00746 -0.00639
4349.812 0.00000 -0.01491 -0.00639
4349.817 -0.00320 0.00000 -0.00533
4349.822 0.00426 -0.00533 0.00213
4349.826 0.01172 -0.00959 0.00213
4349.831 -0.00213 -0.00320 -0.00639
4349.836 -0.01172 -0.00533 -0.00107
4349.841 0.00426 0.00000 0.00213
4349.846 -0.00533 -0.01065 -0.00426
4349.851 -0.01065 -0.00533 -0.00107
4349.856 0.00213 -0.00533 0.00107
4349.861 0.00959 0.00533 0.00533
4349.866 -0.00107 0.00639 -0.00107
4349.871 0.00107 -0.00107 -0.00746
4349.876 -0.00213 0.00426 0.00000
4349.881 0.00320 -0.00533 -0.00426
4349.887 -0.00746 -0.00320 -0.00107
4349.892 0.00000 0.00213 0.00000
4349.897 -0.00213 0.00000 0.00959
4349.902 -0.00746 0.00107 0.00426
4349.907 0.00320 -0.00320 -0.00852
4349.912 -0.00107 0.00107 -0.00426
4349.917 0.00107 -0.00533 0.00320
4349.922 0.00213 0.00213 0.00000
4349.926 -0.00533 -0.01065 0.00426
4349.931 -0.00213 0.00320 -0.00426
4349.936 -0.00213 -0.00213 0.00000
4349.941 -0.01491 0.00107 0.00213
4349.946 -0.00320 0.00213 -0.00213
4349.951 0.00320 -0.00533 -0.00213
4349.956 -0.01065 -0.00426 -0.00426
4349.961 0.00213 -0.00426 -0.00639
4349.966 -0.00426 -0.00426 0.00320
4349.971 0.00213 0.00107 -0.00426
4349.976 0.00426 -0.00213 -0.00213
4349.981 -0.01172 -0.00746 -0.00320
4349.986 -0.00639 -0.00959 0.00320
4349.991 -0.00639 -0.00107 -0.00639
4349.997 -0.00426 -0.00320 -0.00213
4350.002 0.00000 0.00000 0.00213
4350.007 -0.00533 0.00213 -0.00639
4350.012 0.00107 0.00000 0.00533
4350.017 -0.00107 -0.00426 -0.00426
4350.022 0.00107 0.00107 -0.00107
4350.027 0.00639 -0.00107 0.00000
4350.031 0.00107 0.00107 -0.01278
4350.037 -0.00213 0.00426 0.00426
4350.042 -0.00213 -0.00213 0.00639
4350.047 -0.00107 0.00426 0.00000
4350.052 0.00213 -0.00426 -0.00213
4350.057 -0.00107 -0.00320 0.00213
4350.062 -0.00107 -0.00533 -0.00426
4350.067 0.00426 0.00639 -0.00426
4350.072 0.00213 0.00213 -0.00107
4350.077 0.00320 -0.00426 -0.00852
4350.082 0.00107 -0.00426 0.00320
4350.087 -0.00639 0.01065 -0.00213
4350.092 -0.00320 -0.00426 -0.00213
4350.097 0.00000 0.00213 0.00000
4350.102 0.00639 -0.00426 -0.00852
4350.107 0.00213 -0.01491 -0.00746
4350.112 -0.00107 -0.01704 -0.00107
4350.117 -0.00639 -0.00746 0.00213
4350.122 -0.01065 -0.00213 -0.00426
4350.127 -0.00426 -0.00746 -0.00959
4350.132 -0.00213 -0.00107 0.00320
4350.137 -0.00639 0.00000 -0.00533
4350.142 0.00426 -0.00213 0.00213
4350.147 -0.00426 -0.00213 -0.00107
4350.152 0.00639 0.00426 0.01065
4350.157 0.00213 -0.00746 0.00320
4350.162 0.01385 0.00213 -0.00426
4350.167 -0.00320 0.00746 0.00213
4350.172 -0.00426 -0.00107 0.00213
4350.177 -0.00213 -0.00426 0.00107
4350.182 -0.00639 -0.00320 -0.00320
4350.187 -0.00746 0.00213 -0.00746
4350.192 0.00107 -0.00426 -0.00426
4350.197 0.01172 0.00533 0.00533
4350.202 -0.00533 0.00000 0.00107
4350.207 -0.00107 0.00000 -0.00639
4350.212 -0.00746 -0.00320 -0.00107
4350.217 0.00000 -0.00320 0.00000
4350.222 -0.00320 0.00107 0.00213
4350.227 -0.00426 -0.00107 0.00320
4350.232 0.00426 -0.00213 -0.00107
4350.237 0.00213 0.00426 -0.00746
4350.242 0.00852 0.00426 0.00746
4350.247 -0.00213 0.00852 -0.00320
4350.252 0.00213 0.00320 -0.00533
4350.257 -0.00107 0.00000 -0.00213
4350.262 -0.00213 0.01278 0.00107
4350.267 -0.00426 -0.00213 -0.00426
4350.272 0.00107 0.00107 0.00320
4350.277 0.00213 -0.00213 0.00320
4350.282 0.00213 0.00426 0.00426
4350.287 0.00107 0.00107 -0.00107
4350.292 -0.00107 0.00533 0.00426
4350.297 0.00533 -0.00213 0.00426
4350.302 0.00639 -0.00320 0.00639
4350.307 0.00533 0.00107 -0.00639
4350.312 -0.00320 0.00213 0.00320
4350.317 0.00107 -0.00320 -0.00959
4350.322 0.00746 0.00213 -0.00320
4350.327 -0.01065 -0.00746 -0.00746
4350.332 0.00533 -0.00213 -0.01385
4350.337 -0.00107 0.00639 0.00107
4350.342 -0.00213 0.00533 -0.00213
4350.347 -0.00639 0.00533 0.00213
4350.352 -0.00107 -0.00107 0.00320
4350.357 -0.00426 -0.00426 0.00000
4350.362 0.00213 0.00107 -0.00213
4350.367 -0.01172 -0.00320 -0.00533
4350.372 0.00852 0.00000 0.00639
4350.377 -0.00639 -0.00320 -0.00533
4350.382 0.00000 -0.01704 -0.00533
4350.387 0.00320 -0.00533 -0.00107
4350.392 -0.00320 0.00107 0.00533
4350.397 0.00533 0.00533 -0.00107
4350.402 -0.01278 -0.00426 0.00000
4350.407 0.00426 -0.00320 0.00639
4350.412 -0.00320 -0.00533 -0.00320
4350.417 0.00000 0.00213 -0.00426
4350.422 -0.00213 -0.00213 -0.00533
4350.427 0.00213 -0.00213 0.00107
4350.432 -0.00533 0.00000 0.00426
4350.437 -0.00213 -0.00426 -0.00107
4350.442 0.00639 0.00533 -0.00320
4350.447 0.00852 0.00107 0.00213
4350.452 0.00107 -0.00213 0.00213
4350.457 0.00426 0.00426 -0.00746
4350.462 0.00213 0.00213 0.00107
4350.467 -0.00107 -0.00746 -0.00107
4350.472 -0.00426 -0.00107 0.00107
4350.477 0.00107 0.00107 0.00426
4350.482 0.00107 -0.00959 -0.00213
4350.487 0.00213 0.00000 -0.00320
4350.492 -0.00107 0.00213 -0.00320
4350.497 -0.00426 -0.00320 0.00213
4350.502 0.00426 0.00213 -0.00533
4350.507 -0.00213 -0.00533 0.00213
4350.512 0.00746 -0.00959 -0.00107
4350.517 -0.00107 -0.00533 0.00213
4350.522 -0.00320 -0.01278 -0.00533
4350.530 -0.00213 0.00000 0.00426
4350.535 -0.00107 -0.00213 0.00000
4350.540 -0.00426 -0.00426 -0.00852
4350.545 0.00959 -0.00426 0.00213
4350.550 -0.00107 -0.00639 0.00107
4350.555 0.00639 0.00746 -0.00533
4350.560 0.00320 0.00107 0.00320
4350.565 0.00426 0.00107 -0.00426
4350.570 0.00107 0.00107 0.00746
4350.575 -0.00852 -0.00107 0.00639
4350.580 -0.00639 -0.00639 0.00852
4350.585 -0.00213 0.00000 -0.00320
4350.590 0.00426 0.00000 0.00852
4350.595 -0.00213 0.01065 -0.00639
4350.600 0.00426 -0.00426 -0.00639
4350.605 -0.00852 -0.00852 -0.00107
4350.610 -0.00320 -0.00107 0.00000
4350.615 -0.00107 -0.00107 0.00107
4350.620 0.00107 -0.00213 -0.00107
4350.625 -0.00320 -0.00533 0.00107
4350.631 -0.00639 0.00000 0.00426
4350.636 -0.00213 0.00639 0.00107
4350.641 0.00107 -0.00533 0.00107
4350.646 -0.00213 -0.00426 -0.00639
4350.651 -0.00533 0.00533 0.00213
4350.656 -0.00959 -0.01065 -0.00213
4350.661 -0.00959 0.00320 0.00320
4350.666 -0.00852 -0.00639 -0.00426
4350.671 -0.00533 -0.01065 0.00426
4350.676 0.00320 0.00000 -0.00213
4350.681 -0.00426 0.00000 0.00320
4350.686 -0.00107 0.00320 0.00320
4350.691 -0.00107 -0.00320 0.00533
4350.696 0.00426 -0.00320 0.00000
4350.701 0.00320 -0.00213 -0.00213
4350.706 0.00533 -0.00959 -0.00426
4350.711 -0.00320 -0.00746 0.00000
4350.716 0.00000 -0.00746 -0.00320
4350.721 0.00107 -0.00533 -0.00213
4350.726 0.00213 0.00639 -0.01065
4350.731 -0.00107 -0.00320 0.00213
4350.736 0.00000 -0.00533 0.00107
4350.741 -0.00320 0.00426 0.00426
4350.746 0.00959 -0.00320 0.00533
4350.751 0.01278 0.00213 0.00000
4350.756 0.00533 0.00426 0.00639
4350.761 0.00639 0.00320 -0.00533
4350.766 0.00213 -0.00533 0.00213
4350.771 -0.00746 -0.00320 -0.00639
4350.776 -0.00426 -0.01385 0.00533
4350.781 -0.00533 0.00107 0.00639
4350.786 -0.00320 0.00107 -0.00107
4350.791 0.00746 -0.00320 0.00213
4350.796 0.00426 -0.00107 0.00000
4350.801 -0.00320 -0.00746 0.00426
4350.806 -0.01065 0.00852 -0.00426
4350.812 -0.00639 -0.00533 0.00000
4350.817 -0.00639 -0.00639 -0.00107
4350.822 0.00000 -0.00107 0.00639
4350.827 0.00000 0.00107 -0.00639
4350.832 0.00533 0.00426 -0.00426
4350.837 -0.01065 0.00107 -0.00746
4350.842 0.00000 0.00213 -0.00213
4350.847 0.00320 -0.00107 -0.00320
4350.852 -0.00639 -0.00426 0.00320
4350.857 -0.00533 0.00000 -0.00213
4350.862 0.00000 -0.00639 -0.00639
4350.867 0.00746 -0.00320 -0.00213
4350.872 -0.00639 -0.00107 -0.00639
4350.877 0.00107 0.00213 -0.00959
4350.882 0.00852 0.00426 -0.00320
4350.887 -0.00426 -0.00959 -0.00426
4350.892 -0.00107 0.00107 0.00320
4350.897 0.00533 -0.00320 0.00107
4350.902 0.00000 -0.01065 0.00000
4350.907 -0.00533 0.00000 0.00107
4350.912 -0.00852 0.00533 -0.00320
4350.917 0.00107 -0.01065 -0.00852
4350.922 -0.00533 0.00746 0.00000
4350.927 0.00746 -0.00107 -0.00426
4350.932 -0.00533 -0.00852 0.00213
4350.937 0.00213 0.00000 0.00320
4350.942 0.00320 -0.00107 0.00213
4350.947 0.00000 0.00213 -0.00426
4350.952 -0.00320 -0.00533 -0.00213
4350.957 0.00107 -0.00959 -0.00746
4350.962 0.00426 -0.00426 0.00000
4350.967 -0.00426 -0.00746 0.00426
4350.972 -0.00320 0.00426 -0.00213
4350.977 -0.00533 -0.00426 0.00213
4350.982 0.00107 -0.00746 0.01278
4350.987 0.00000 -0.01491 -0.00320
4350.993 0.00000 -0.00426 -0.00107
4350.998 -0.00533 -0.00213 0.00000
4351.003 -0.01385 -0.00107 0.00107
4351.008 0.00533 -0.01065 0.00746
4351.013 -0.00107 -0.01278 0.00426
4351.018 0.00107 0.00000 0.01172
4351.023 0.00320 -0.00426 -0.00746
4351.028 0.00746 0.00213 0.00746
4351.033 -0.00852 -0.00426 -0.00639
4351.038 -0.00213 -0.00639 0.00000
4351.043 0.00426 0.00320 -0.01065
4351.048 -0.00639 0.00107 -0.00959
4351.053 0.00213 0.00533 -0.00107
4351.058 0.00107 0.00000 -0.00426
4351.063 0.00533 -0.00426 0.01491
4351.068 -0.00320 0.00320 -0.00213
4351.073 -0.00320 -0.00213 -0.01172
4351.078 -0.00107 -0.00852 -0.00107
4351.083 -0.00639 -0.00320 0.00000
4351.088 -0.01172 -0.00426 0.00533
4351.093 0.00426 -0.00213 -0.00746
4351.098 0.00107 0.00107 -0.00213
4351.103 0.00107 0.00000 0.00000
4351.108 0.00639 0.00213 -0.00639
4351.113 -0.00533 -0.00639 -0.01278
4351.118 0.00000 -0.00107 0.00533
4351.123 -0.00107 0.00426 -0.00639
4351.128 0.00320 0.00320 -0.00107
4351.133 0.00000 -0.01172 0.00746
4351.138 0.00426 0.00107 0.00000
4351.144 0.00320 -0.00959 0.00639
4351.149 -0.00426 -0.00639 -0.00213
4351.154 0.00213 0.00426 -0.00320
4351.159 -0.00533 0.00000 -0.00320
4351.164 0.00426 -0.00320 -0.00639
4351.169 -0.00107 -0.00639 -0.00533
4351.174 -0.00107 0.00213 0.00000
4351.179 -0.00852 0.00426 0.00000
4351.184 -0.00320 0.00426 -0.00107
4351.189 -0.00213 0.00000 -0.00213
4351.194 -0.00213 -0.00320 0.00426
4351.199 -0.00107 -0.00426 0.00000
4351.204 0.00959 0.00852 0.00107
4351.209 -0.00533 -0.00320 -0.00959
4351.214 0.00639 -0.00320 0.00320
4351.219 -0.00852 -0.00533 0.00000
4351.224 -0.00107 -0.00426 -0.00426
4351.229 0.00213 -0.00533 0.00000
4351.234 -0.00639 0.00213 -0.00107
4351.239 -0.00426 -0.00213 -0.00213
4351.244 -0.00107 0.00000 -0.00426
4351.249 -0.00746 0.00426 -0.00426
4351.254 -0.00320 0.00852 0.00000
4351.259 0.00213 -0.00639 -0.00213
4351.264 -0.00533 -0.00213 -0.00639
4351.269 -0.00959 -0.00959 -0.00533
4351.274 0.00213 -0.00639 0.00320
4351.279 -0.00320 -0.00107 0.00000
4351.284 -0.01491 0.00000 -0.00107
4351.289 0.00426 0.00746 -0.00320
4351.294 -0.00320 0.00000 0.00213
4351.299 0.00107 -0.00213 0.00213
4351.305 -0.00107 -0.00320 0.00426
4351.310 0.00852 0.00213 0.00000
4351.315 -0.00213 -0.00213 0.00107
4351.320 -0.00320 -0.00213 -0.00426
4351.325 0.00320 -0.00533 -0.00107
4351.330 0.00000 -0.00533 -0.00213
4351.335 0.00000 -0.00320 0.00107
4351.340 -0.00852 0.00426 0.00000
4351.345 0.01065 -0.00639 -0.00746
4351.350 -0.00959 -0.00533 0.00320
4351.355 0.00000 -0.00107 -0.00107
4351.360 -0.00213 -0.00639 0.00639
4351.365 -0.00320 -0.00320 -0.00320
4351.370 -0.00852 0.00107 -0.00107
4351.375 0.00213 0.00107 -0.00320
4351.380 0.00320 0.01278 -0.00426
4351.385 -0.00426 -0.00959 -0.00426
4351.390 -0.00533 -0.00107 -0.00320
4351.395 0.00746 0.00426 0.00426
4351.400 -0.00320 -0.00107 -0.00639
4351.405 -0.00426 -0.00533 -0.00107
4351.410 0.00000 0.00107 -0.01065
4351.415 -0.00320 -0.00533 0.00000
4351.420 0.00213 -0.00107 0.00000
4351.425 0.00320 0.00213 -0.00426
4351.430 0.00746 0.00107 -0.00213
4351.435 0.00426 -0.00107 0.00000
4351.440 0.00213 0.00426 0.00107
4351.445 -0.00320 -0.00107 -0.01598
4351.450 -0.00426 -0.01172 0.00107
4351.455 -0.00639 0.00213 -0.00639
4351.460 0.00107 0.00746 0.00213
4351.465 0.00320 0.00107 -0.00107
4351.470 0.00000 -0.00426 -0.00959
4351.475 0.00107 -0.00107 -0.00213
4351.480 -0.00426 -0.00426 -0.00639
4351.485 -0.00426 -0.00746 0.00639
4351.490 -0.00107 -0.00107 0.00213
4351.496 -0.00639 -0.00639 -0.00852
4351.501 -0.00746 -0.00107 -0.00959
4351.506 0.00107 -0.00533 0.00000
4351.511 -0.00426 0.00533 0.00320
4351.516 -0.00107 0.00213 0.00107
4351.521 -0.00852 -0.00213 -0.00320
4351.526 -0.00426 0.00213 0.00320
4351.531 -0.00746 -0.00533 0.00107
4351.536 0.00107 -0.00533 0.00320
4351.541 -0.00746 -0.00213 0.00320
4351.546 -0.00746 -0.00213 0.00213
4351.551 -0.00107 -0.00320 -0.00107
4351.556 0.00107 -0.00320 0.00852
4351.561 -0.01385 -0.00213 -0.00107
4351.566 -0.00320 0.00746 0.00000
4351.571 -0.00213 0.00000 -0.00320
4351.576 -0.00107 -0.00213 -0.00320
4351.581 -0.00320 -0.00426 0.00000
4351.586 0.00000 -0.00852 -0.00639
4351.591 0.00000 0.00000 -0.00213
4351.596 -0.01278 -0.00213 0.00320
4351.601 -0.01385 -0.00426 0.00000
4351.606 -0.00320 -0.00639 0.00213
4351.611 -0.00213 -0.00107 -0.00213
4351.616 0.00107 -0.00639 0.00107
4351.621 -0.01065 0.00107 0.00320
4351.627 0.00426 0.00107 0.00000
4351.632 0.00320 -0.00852 -0.00533
4351.637 0.00213 -0.00639 -0.00746
4351.642 -0.00533 0.00213 0.00000
4351.647 0.00000 -0.00426 0.00107
4351.652 0.00000 -0.01065 -0.00426
4351.657 0.01065 0.00320 -0.00533
4351.662 -0.00213 0.00107 0.00213
4351.667 -0.01065 -0.00533 -0.00746
4351.672 0.00852 0.00639 -0.00320
4351.677 0.00639 -0.00213 -0.00533
4351.682 0.00746 0.00107 0.00213
4351.687 0.00107 -0.01278 -0.00746
4351.692 0.00000 -0.00426 0.00107
4351.697 0.00426 0.00107 0.00320
4351.702 -0.00213 -0.00213 -0.00107
4351.707 -0.00533 -0.00320 0.00213
4351.712 0.00852 -0.00213 -0.00107
4351.717 -0.00320 -0.00213 0.00320
4351.722 0.00639 0.00107 0.00533
4351.727 0.00000 -0.00320 0.00000
4351.732 -0.00533 0.00000 -0.00213
4351.737 -0.00639 -0.00426 -0.01385
4351.742 0.00746 0.00320 -0.00107
4351.747 0.00213 0.00213 0.00426
4351.752 -0.00107 -0.00107 -0.00213
4351.757 0.00426 0.00746 -0.00107
4351.762 0.00639 0.00213 0.00533
4351.767 -0.00852 -0.00107 -0.00426
4351.772 -0.00213 0.00426 0.00000
4351.777 -0.00959 -0.00320 0.00746
4351.782 -0.00320 -0.00213 0.00213
4351.788 0.00107 0.00213 -0.00107
4351.793 -0.00213 -0.00426 -0.00107
4351.798 -0.00533 0.00320 -0.00639
4351.803 0.00639 -0.00533 0.00213
4351.808 0.00533 -0.00107 0.00107
4351.813 0.00320 -0.00107 -0.00426
4351.818 -0.00426 -0.00320 0.00320
4351.823 0.00107 -0.00213 0.00320
4351.828 -0.00213 -0.00213 -0.00533
4351.833 0.00213 -0.00852 0.00213
4351.838 0.00320 0.00639 0.00320
4351.843 -0.00426 -0.00320 0.00320
4351.848 0.00639 0.00000 -0.00107
4351.853 -0.00852 -0.00639 -0.00959
4351.858 -0.01172 -0.00107 -0.00107
4351.863 0.00639 0.00000 0.00426
4351.868 -0.00639 0.00533 -0.00107
4351.873 0.00639 -0.00852 0.00320
4351.878 0.00000 -0.00746 -0.00533
4351.883 -0.00320 -0.00107 0.00320
4351.888 0.00426 -0.00320 -0.00107
4351.893 0.00107 -0.00107 -0.00107
4351.898 0.00533 0.00320 0.00639
4351.903 -0.00533 -0.00213 -0.00426
4351.908 -0.00852 -0.00107 0.00000
4351.913 -0.00107 0.00320 -0.01172
4351.918 -0.00533 -0.01065 -0.00426
4351.923 -0.00320 -0.00320 0.00533
4351.928 -0.00533 0.00107 0.00213
4351.933 0.00852 -0.00320 -0.00426
4351.938 -0.00533 -0.00426 -0.00320
4351.943 -0.00213 0.00426 0.00320
4351.948 0.00000 0.00320 -0.00533
4351.953 0.00426 -0.00426 0.00213
4351.959 -0.00426 0.00639 -0.00213
4351.964 -0.00213 0.00107 -0.00426
4351.969 -0.00107 -0.00639 0.00213
4351.974 0.00426 -0.00639 -0.00746
4351.979 -0.00639 -0.00426 -0.00320
4351.984 -0.00320 -0.00426 0.00320
4351.989 0.00852 -0.00533 -0.00426
4351.994 0.00213 0.00213 -0.00107
4351.999 0.00213 0.00107 0.00213
4352.004 -0.00107 -0.00213 0.00533
4352.009 0.00213 -0.00107 0.00746
4352.014 0.00000 -0.00426 -0.00533
4352.019 -0.00213 0.00107 -0.00746
4352.024 -0.00533 0.00959 -0.00107
4352.029 -0.00320 -0.00639 -0.00213
4352.034 -0.00213 0.00320 -0.00107
4352.039 0.00213 0.00213 -0.00852
4352.044 0.00000 -0.00320 -0.00426
4352.049 -0.00639 0.00213 -0.00320
4352.054 0.00533 0.00746 0.00000
4352.059 -0.00746 0.00107 -0.00533
4352.064 0.00852 0.00320 -0.00320
4352.069 0.00000 -0.00533 -0.00320
4352.074 -0.00320 0.00746 -0.00746
4352.079 -0.00213 0.00320 -0.00639
4352.084 0.00320 -0.00320 0.00639
4352.089 0.00107 0.00213 0.00533
4352.094 -0.00852 -0.00639 0.00426
4352.104 0.00107 0.00320 0.00320
4352.109 0.00000 -0.00107 0.00000
4352.114 0.00000 -0.00320 0.00320
4352.119 0.01065 -0.00746 -0.00320
4352.124 0.00320 0.00213 0.00320
4352.130 -0.00107 0.00533 0.00107
4352.135 -0.00320 -0.00852 0.00320
4352.140 0.00426 -0.00213 -0.00107
4352.145 0.00320 -0.00639 -0.00107
4352.150 0.00213 -0.00213 -0.00533
4352.155 -0.00426 -0.00107 0.01065
4352.160 -0.01172 -0.00852 0.00000
4352.165 -0.00426 0.00426 0.00107
4352.170 -0.00639 -0.00852 -0.01065
4352.175 0.00533 -0.00320 -0.00213
4352.180 -0.00959 -0.00426 -0.00320
4352.185 -0.00320 -0.00959 0.00107
4352.190 -0.00213 -0.00320 0.00320
4352.195 0.00213 -0.00959 -0.00533
4352.200 -0.00533 -0.00107 -0.00107
4352.205 -0.00959 0.00213 0.00213
4352.211 -0.00426 0.00426 -0.00320
4352.216 0.00426 0.00107 0.00213
4352.221 -0.00320 0.00000 0.00533
4352.226 -0.00213 -0.00426 -0.01278
4352.230 0.00000 -0.00533 0.00213
4352.235 0.00533 0.00426 0.00426
4352.240 -0.01278 -0.00533 0.00320
4352.245 -0.00959 -0.00746 -0.00213
4352.250 -0.00320 -0.00320 -0.00107
4352.255 0.00426 -0.00746 0.00426
4352.260 -0.00107 -0.00320 0.00959
4352.265 -0.00533 -0.00320 0.00746
4352.270 -0.00959 -0.00320 0.00213
4352.275 0.00320 0.00107 0.00000
4352.280 0.00426 -0.00213 -0.00746
4352.285 0.00107 -0.00852 0.00959
4352.290 -0.00107 -0.00533 0.00000
4352.295 -0.00320 -0.00213 0.00426
4352.300 0.00426 -0.00107 0.00000
4352.305 -0.00639 0.00000 0.00533
4352.311 0.00000 0.00426 -0.00639
4352.316 0.00107 -0.00320 0.00959
4352.321 0.00107 -0.00213 0.00959
4352.326 -0.00426 -0.00320 -0.00213
4352.330 0.00959 -0.00426 0.00000
4352.335 -0.00426 0.00852 -0.00746
4352.340 0.00320 -0.01065 -0.00107
4352.345 -0.00107 0.00213 -0.00213
4352.350 -0.00426 -0.00639 0.00213
4352.355 0.00959 -0.00533 -0.00213
4352.360 0.00320 -0.00426 0.00107
4352.365 -0.00533 -0.00533 0.00852
4352.370 0.00000 0.00213 0.00107
4352.375 -0.00426 0.00959 -0.00213
4352.380 -0.00426 0.00107 0.00320
4352.385 0.00213 -0.00107 -0.00213
4352.390 0.00107 -0.00533 -0.00959
4352.395 -0.01385 -0.00533 -0.00213
4352.400 0.00533 -0.00213 -0.00426
4352.405 0.00107 -0.00639 -0.00107
4352.410 -0.00533 -0.00639 0.00213
4352.415 0.00107 -0.00533 -0.00533
4352.421 -0.00213 0.00639 -0.00852
4352.426 0.00426 0.00852 0.00320
4352.430 -0.00320 -0.00107 0.00107
4352.435 -0.00213 -0.00639 0.00639
4352.440 -0.00107 -0.00959 -0.00533
4352.445 -0.00426 0.01491 -0.00533
4352.450 -0.00107 -0.00426 0.00107
4352.455 -0.00213 -0.00320 -0.00639
4352.460 0.01598 0.00639 0.00000
4352.465 0.00426 -0.00107 0.00639
4352.470 -0.00533 -0.00426 -0.00107
4352.475 0.00426 -0.00213 0.00107
4352.480 0.00533 -0.00320 0.00746
4352.485 -0.00639 -0.00107 -0.00213
4352.490 0.00426 0.00213 -0.00320
4352.495 -0.00107 -0.00852 -0.00320
4352.501 -0.00426 0.00426 -0.00320
4352.506 0.00320 -0.00320 -0.00213
4352.511 0.00426 0.00213 0.00000
4352.516 -0.00746 0.01065 -0.00107
4352.521 -0.00320 -0.00746 -0.00107
4352.526 -0.00107 0.00639 -0.00639
4352.530 -0.00107 -0.00213 -0.00320
4352.535 0.00000 -0.00959 -0.00320
4352.540 -0.00426 -0.00107 -0.00426
4352.545 0.00320 0.00320 0.00533
4352.550 -0.00107 -0.00746 -0.00852
4352.555 -0.00533 0.00533 -0.00320
4352.560 -0.00746 -0.00107 0.00107
4352.565 0.00000 -0.00107 -0.00213
4352.570 0.00320 -0.00639 -0.00426
4352.575 0.01172 -0.00213 0.00000
4352.580 -0.00959 -0.00533 0.00107
4352.585 0.01065 -0.00320 0.00213
4352.590 0.00533 -0.00746 0.00107
4352.595 -0.00320 0.00107 0.00426
4352.600 0.00107 -0.00746 0.00107
4352.605 0.00639 -0.00107 0.00000
4352.611 0.00000 0.00320 -0.00107
4352.616 -0.00320 -0.00746 -0.00533
4352.621 0.00000 -0.00213 -0.00320
4352.626 -0.00852 0.00533 -0.00852
4352.630 -0.00533 -0.00639 0.00213
4352.635 -0.00213 -0.00852 0.01065
4352.640 -0.00426 -0.00213 0.00320
4352.645 -0.00320 0.00426 0.00213
4352.650 0.00852 0.00107 0.00213
4352.655 0.00213 -0.01065 0.00533
4352.660 -0.00320 0.00107 0.00533
4352.665 -0.00320 -0.00426 0.00320
4352.670 -0.00320 -0.00746 0.00533
4352.675 0.00213 -0.00426 -0.00320
4352.680 0.00213 -0.00107 -0.00639
4352.685 -0.00213 -0.00107 0.00213
4352.690 -0.00426 -0.00852 -0.01172
4352.695 -0.00213 -0.00107 -0.00320
4352.701 0.00426 -0.00320 -0.00320
4352.706 0.01065 0.00639 0.00107
4352.711 0.00746 0.00320 -0.00107
4352.716 0.00213 -0.00426 0.00320
4352.721 -0.00213 0.00639 0.00107
4352.726 -0.00746 -0.00639 -0.00426
4352.730 -0.01065 -0.00426 -0.00320
4352.735 0.00320 0.00533 0.00107
4352.740 -0.00746 -0.00746 0.00000
4352.745 0.00000 -0.00852 -0.00320
4352.750 -0.00852 -0.00213 0.00213
4352.755 -0.00533 -0.00959 -0.00213
4352.760 0.00000 0.00426 0.00746
4352.765 -0.00213 -0.00639 -0.00107
4352.770 -0.01172 -0.00746 -0.00320
4352.775 0.00107 -0.01065 0.00639
4352.781 0.00107 -0.00213 -0.00213
4352.786 -0.00213 0.00320 -0.00533
4352.791 0.00426 0.00107 0.00533
4352.796 0.01065 0.00107 -0.01172
4352.801 -0.00533 0.00107 -0.00213
4352.806 -0.00639 0.00000 0.00533
4352.811 0.00213 -0.00320 0.00320
4352.816 -0.00213 0.00533 -0.00320
4352.821 0.00533 0.00533 -0.00213
4352.826 0.00426 -0.00533 0.00426
4352.831 -0.00746 -0.00213 0.00000
4352.836 -0.00426 -0.00107 -0.00533
4352.841 -0.00852 -0.00533 -0.00107
4352.846 -0.00426 0.00213 -0.00213
4352.851 -0.00533 -0.00320 -0.00107
4352.856 0.00000 0.00533 0.00000
4352.861 -0.00959 -0.00213 0.01278
4352.866 0.00000 -0.00426 0.00213
4352.871 0.00000 -0.00213 -0.00320
4352.876 0.00107 0.00852 0.00000
4352.881 -0.00959 0.00107 0.00000
4352.886 0.00320 0.01172 0.00320
4352.891 -0.00426 -0.00426 0.00107
4352.896 0.00320 0.00213 -0.00107
4352.901 -0.00959 -0.00320 0.00426
4352.906 -0.00426 -0.00107 0.00320
4352.911 0.00533 0.00320 0.00107
4352.916 0.01065 -0.00639 0.00533
4352.921 -0.00533 -0.00959 -0.00213
4352.926 0.00213 -0.01172 -0.01065
4352.931 0.01065 0.00320 0.00000
4352.936 0.00533 -0.00213 0.00213
4352.941 0.00639 0.00320 -0.00426
4352.946 0.00426 -0.00852 0.00000
4352.951 0.00107 0.00000 -0.00533
4352.956 0.00000 -0.00426 -0.01065
4352.961 -0.00213 0.00746 0.00213
4352.966 0.00320 -0.00533 -0.00107
4352.971 0.01065 -0.00320 -0.00107
4352.976 -0.00320 -0.00426 0.00107
4352.981 0.00107 -0.00533 0.00213
4352.986 0.00107 0.00533 0.00000
4352.991 -0.00320 0.00320 -0.00213
4352.996 0.01172 0.00426 -0.00107
4353.001 0.00426 0.00426 -0.00959
4353.006 0.00000 0.00107 0.00533
4353.011 0.00107 -0.00426 0.00213
4353.016 -0.00639 -0.00426 -0.00959
4353.021 0.00426 -0.00533 0.00426
4353.026 -0.00213 -0.01278 0.00959
4353.031 -0.00320 -0.00107 -0.00107
4353.036 0.00213 -0.00959 0.00639
4353.041 0.00746 -0.00320 0.00107
4353.046 -0.00959 -0.00639 -0.00320
4353.051 0.00000 -0.00320 0.00213
4353.056 -0.00746 -0.00107 -0.00213
4353.061 0.00852 0.00426 0.00320
4353.066 -0.00426 0.00000 0.00000
4353.071 -0.00213 0.00426 0.00426
4353.076 -0.00639 -0.00320 -0.00213
4353.081 0.01172 0.00213 0.00320
4353.086 0.00213 -0.00320 -0.00426
4353.091 0.00107 0.00639 -0.00213
4353.096 -0.00213 0.00639 -0.00107
4353.101 0.00533 0.00107 -0.00213
4353.106 0.00533 -0.00746 0.00107
4353.111 -0.00213 -0.01065 -0.00426
4353.116 0.00320 0.00426 -0.00107
4353.121 -0.00107 0.00320 -0.00320
4353.126 -0.00746 0.00000 0.00000
4353.131 -0.00107 -0.00107 0.00107
4353.136 -0.00107 0.00000 -0.00533
4353.141 -0.00533 0.00320 -0.00746
4353.146 0.00107 -0.01065 0.00533
4353.151 0.00000 -0.00107 -0.00213
4353.156 0.00639 0.00107 0.00107
4353.161 0.00639 0.00213 -0.00533
4353.166 -0.00320 -0.00533 -0.00107
4353.171 0.00852 -0.00107 0.00000
4353.176 0.00000 -0.00852 -0.00213
4353.181 -0.00213 -0.00533 0.00533
4353.186 0.00426 -0.00107 -0.00213
4353.191 -0.01065 0.00000 -0.00107
4353.196 0.00213 0.00107 -0.00320
4353.201 0.01172 -0.00107 0.00107
4353.206 -0.00320 0.00000 -0.00320
4353.211 0.00000 -0.00426 0.00107
4353.216 -0.00107 -0.00213 -0.00320
4353.221 0.00000 -0.01065 -0.00533
4353.226 -0.00320 -0.01278 0.00959
4353.231 -0.00213 -0.01278 -0.00107
4353.236 -0.00320 -0.00107 -0.00107
4353.241 0.00107 0.00107 0.00107
4353.246 0.00000 -0.00426 -0.00213
4353.251 -0.00213 0.00533 0.00213
4353.256 0.00000 0.00533 0.00320
4353.261 0.00320 0.00107 -0.00746
4353.266 -0.00746 -0.00107 -0.00213
4353.271 -0.00426 -0.00107 -0.00107
4353.276 0.01598 0.00426 0.00107
4353.282 0.00639 0.00107 -0.00746
4353.286 -0.00426 -0.00320 -0.00639
4353.291 0.00107 -0.00213 0.00213
4353.296 -0.00852 0.00000 -0.00639
4353.302 0.00533 -0.00320 0.00426
4353.306 0.00107 0.00320 -0.00107
4353.312 0.00107 -0.00852 0.00107
4353.317 0.00320 -0.00533 0.00000
4353.322 -0.00107 -0.00852 0.00000
4353.327 0.00533 -0.00320 0.00746
4353.331 -0.01704 0.00000 -0.00533
4353.336 0.00533 0.00746 -0.00107
4353.341 0.00000 -0.00320 0.00533
4353.346 -0.00746 0.00000 -0.00746
4353.351 -0.00533 -0.00533 -0.00213
4353.356 0.00213 0.00107 0.00107
4353.362 0.00426 0.00000 0.00639
4353.366 -0.00213 -0.00533 -0.00533
4353.372 -0.00746 -0.00320 0.00107
4353.377 -0.00533 0.00639 -0.00533
4353.382 0.00213 0.00320 -0.00107
4353.387 0.00107 -0.00959 0.00107
4353.392 0.00000 0.00320 -0.00107
4353.397 -0.00213 -0.00639 0.00107
4353.402 0.00320 -0.00959 0.00107
4353.407 0.00320 -0.00320 -0.00426
4353.412 -0.00107 0.00320 -0.00533
4353.417 0.00746 -0.01172 -0.01385
4353.422 -0.00320 -0.00639 0.00107
4353.427 0.00000 -0.00746 -0.00107
4353.432 -0.00533 0.00320 0.00000
4353.437 -0.01385 0.00320 0.00533
4353.442 0.00426 0.00000 0.00639
4353.447 0.00213 -0.00852 -0.00107
4353.452 0.00320 -0.00959 -0.00213
4353.457 0.00533 0.00107 0.00000
4353.462 -0.00533 0.00746 -0.01172
4353.467 0.00107 0.00320 0.00000
4353.472 -0.00213 -0.00959 -0.00213
4353.477 -0.00320 -0.00107 -0.00107
4353.482 -0.01065 -0.00426 -0.00320
4353.487 -0.00426 -0.00852 -0.01172
4353.492 0.00426 -0.00746 0.00533
4353.497 -0.00426 -0.00107 -0.00320
4353.502 0.00107 -0.00746 -0.00107
4353.507 -0.00213 0.00000 0.00959
4353.512 -0.00107 -0.00426 0.00000
4353.517 -0.00639 0.00213 -0.00107
4353.522 -0.00107 -0.00320 -0.00639
4353.527 -0.00852 0.00213 0.00000
4353.532 0.00320 0.00320 0.00320
4353.537 0.00852 0.00213 0.00107
4353.542 -0.00107 0.00000 -0.00320
4353.547 0.00320 0.00746 0.00320
4353.552 0.00320 0.00746 0.00426
4353.557 -0.00746 -0.00746 0.00000
4353.562 0.00213 -0.01385 0.01385
4353.567 -0.00107 -0.00533 0.00426
4353.572 0.00320 -0.00107 -0.00426
4353.577 0.00533 0.00000 0.00213
4353.582 -0.00107 0.00213 0.00639
4353.587 0.00533 0.00320 -0.00426
4353.592 -0.00426 0.00107 0.00426
4353.597 -0.00107 -0.00533 -0.00426
