4300.697 -0.00213 0.00000 -0.00426
4300.702 -0.00107 0.00107 -0.00213
4300.707 0.00320 0.00000 0.00426
4300.712 0.00639 -0.00213 -0.00426
4300.717 0.00107 0.00213 -0.00320
4300.722 0.00000 -0.00213 0.00320
4300.727 -0.00533 0.00426 -0.00746
4300.732 0.00107 0.00107 -0.00533
4300.737 -0.00426 0.00107 0.00533
4300.742 0.00000 -0.00213 0.00000
4300.747 0.01278 0.00320 -0.00639
4300.752 0.00000 -0.00746 0.00000
4300.757 -0.00320 0.00213 -0.00107
4300.762 0.00320 -0.00213 0.00320
4300.767 0.00426 -0.01065 0.00426
4300.772 -0.00426 -0.00639 0.01278
4300.778 0.00533 0.00213 0.00107
4300.783 0.00639 0.00213 0.00639
4300.788 -0.00320 -0.00320 -0.00639
4300.793 -0.00426 -0.00639 0.00639
4300.798 0.00000 -0.00746 0.00107
4300.803 -0.00533 0.00107 -0.00639
4300.808 0.00107 -0.00213 -0.00746
4300.813 -0.00852 0.00746 -0.01172
4300.818 0.00533 0.00213 0.00320
4300.823 -0.01278 -0.01385 0.00320
4300.828 0.00746 0.00213 -0.01172
4300.833 0.00533 -0.00107 0.00107
4300.838 0.00320 -0.00213 0.00107
4300.843 -0.01065 -0.00746 -0.00852
4300.848 -0.00320 -0.00320 0.00213
4300.853 -0.00107 -0.00639 0.00000
4300.858 0.00000 -0.00533 -0.00213
4300.863 -0.00107 0.00000 0.00320
4300.868 -0.00213 -0.00533 -0.00746
4300.873 0.00000 0.00213 -0.00320
4300.878 0.01065 -0.00852 -0.00533
4300.883 0.00107 -0.00746 -0.00107
4300.888 -0.00959 -0.00213 0.00426
4300.893 -0.00213 -0.00107 0.00107
4300.898 -0.00320 0.00426 0.00426
4300.903 -0.00746 -0.00426 0.00426
4300.908 0.00107 0.00000 0.00107
4300.913 0.00000 0.00852 -0.00107
4300.918 0.00959 0.00320 0.00533
4300.923 -0.00320 0.00320 -0.00213
4300.928 -0.00320 0.00107 0.00320
4300.933 0.00213 0.00426 -0.00746
4300.938 0.00533 0.01065 -0.00533
4300.943 0.00000 -0.01704 0.00426
4300.949 -0.01278 -0.00107 -0.01385
4300.954 0.00746 -0.00213 -0.00426
4300.959 -0.00320 -0.00426 -0.00213
4300.964 0.00426 -0.00213 -0.00320
4300.969 -0.00746 -0.00213 0.00213
4300.974 -0.00533 -0.00320 -0.00426
4300.979 0.00107 -0.00320 0.00320
4300.984 0.00426 -0.00959 0.00533
4300.989 -0.01172 -0.00107 0.00426
4300.994 0.00320 -0.00213 0.00213
4300.999 -0.00426 -0.00533 -0.00107
4301.004 -0.00107 -0.00533 -0.00426
4301.009 -0.00213 -0.00213 -0.00533
4301.014 -0.00213 0.00000 -0.00320
4301.019 0.00000 -0.00852 -0.00533
4301.024 0.00000 -0.00639 0.00320
4301.029 -0.00107 -0.00107 -0.00639
4301.034 0.00213 0.00213 -0.00107
4301.039 0.01065 0.00000 -0.00426
4301.044 -0.00320 -0.00959 -0.00213
4301.049 0.00426 -0.00320 -0.00320
4301.054 -0.00533 -0.00213 -0.00320
4301.059 0.00746 0.00639 0.00426
4301.064 -0.00533 -0.00320 -0.00426
4301.069 -0.00426 -0.00746 0.00213
4301.074 -0.00426 0.00213 -0.00213
4301.079 -0.01172 0.00426 0.00426
4301.084 0.00320 -0.00639 0.00000
4301.089 -0.00746 0.00213 -0.00320
4301.094 0.00320 -0.00426 -0.00107
4301.099 0.00746 -0.00213 -0.01172
4301.104 -0.00426 0.00000 0.00000
4301.110 -0.00320 -0.00639 -0.00213
4301.115 0.00320 0.00107 -0.00213
4301.120 0.00426 0.00000 -0.00107
4301.125 0.00746 0.00320 0.00213
4301.130 -0.00107 -0.00746 0.00320
4301.135 0.00746 0.00426 0.00320
4301.140 -0.00533 0.00000 -0.00320
4301.145 -0.00426 -0.00213 0.00213
4301.150 0.00426 -0.00426 0.00000
4301.155 -0.00746 0.00000 -0.00213
4301.160 -0.00426 -0.00746 0.00533
4301.165 -0.00426 0.00000 -0.00213
4301.170 -0.00213 0.00213 -0.01278
4301.175 0.00426 -0.00213 0.00320
4301.180 0.00320 0.00426 -0.00213
4301.185 -0.00213 -0.00639 -0.00107
4301.190 0.00533 0.00426 0.00213
4301.195 0.00000 -0.00426 -0.00320
4301.200 0.00107 0.00213 0.00107
4301.205 -0.00959 -0.00746 0.00000
4301.210 -0.00320 0.00107 -0.00107
4301.215 0.01172 -0.00213 -0.00107
4301.220 -0.00213 0.00320 -0.00639
4301.225 -0.00426 0.00107 -0.00213
4301.230 0.00533 0.00213 0.00426
4301.235 -0.00107 0.00533 -0.00320
4301.240 -0.00533 0.00213 0.00426
4301.245 0.00852 -0.00533 0.00213
4301.250 -0.00852 0.01065 0.00107
4301.255 0.00107 0.00320 -0.00320
4301.260 -0.00639 -0.00533 0.00320
4301.265 0.00213 -0.00639 0.00426
4301.270 -0.00320 0.00000 -0.00107
4301.275 -0.00213 -0.00213 0.00746
4301.281 0.00107 0.00000 0.00533
4301.286 0.00639 -0.01172 -0.00533
4301.291 0.00533 -0.00959 -0.00426
4301.296 0.00639 0.00320 -0.00426
4301.301 -0.00213 0.00107 -0.00426
4301.306 -0.00213 -0.00320 -0.00107
4301.311 0.00213 -0.00213 -0.00426
4301.316 0.01065 0.00320 0.00746
4301.321 0.00426 -0.00746 0.00213
4301.326 0.00639 0.00213 -0.00320
4301.331 -0.00107 -0.00533 0.00107
4301.336 -0.00639 0.00000 -0.00213
4301.341 -0.00107 -0.00533 -0.00320
4301.346 0.00533 -0.00639 -0.00213
4301.351 -0.00213 -0.00213 -0.00213
4301.356 -0.00533 -0.00533 0.00107
4301.361 0.00320 0.00533 -0.00107
4301.366 0.00533 -0.00213 -0.00426
4301.371 -0.00852 -0.00426 -0.00320
4301.376 -0.00213 -0.00746 -0.00213
4301.381 -0.00107 0.00320 0.00213
4301.386 0.00107 -0.00107 0.00000
4301.391 -0.00746 -0.00107 0.00107
4301.396 0.00107 -0.00852 0.00000
4301.401 -0.00107 -0.01385 0.00533
4301.406 -0.00213 -0.00746 0.00000
4301.411 0.00426 -0.01385 -0.00639
4301.416 0.00320 -0.00533 -0.00533
4301.421 -0.00426 -0.00639 0.00107
4301.426 0.00852 -0.00533 0.00000
4301.431 -0.00320 0.00107 0.00639
4301.436 0.00000 0.00213 -0.00320
4301.442 0.00320 -0.00852 -0.00639
4301.446 0.00426 -0.00852 0.00107
4301.452 -0.01172 0.00107 -0.00746
4301.457 -0.00533 -0.00852 -0.00213
4301.462 -0.00107 -0.00533 0.00000
4301.467 -0.00533 -0.00320 -0.00213
4301.472 -0.00426 -0.00213 0.00320
4301.477 -0.00639 -0.00959 -0.00639
4301.482 0.00426 -0.00533 0.00426
4301.487 -0.00533 -0.00107 -0.00639
4301.492 0.00639 0.00639 0.00213
4301.497 -0.00320 -0.00107 0.00213
4301.502 -0.00426 -0.00107 0.00320
4301.507 -0.00426 -0.00320 0.00107
4301.512 0.00213 0.00639 -0.00426
4301.517 0.00107 0.00107 -0.00320
4301.522 -0.00213 0.00533 0.00213
4301.527 -0.00852 -0.00426 0.00107
4301.532 -0.00959 -0.00107 0.00107
4301.537 -0.00959 -0.00107 -0.00320
4301.542 0.00000 -0.00639 -0.00213
4301.547 0.00107 0.00959 -0.00320
4301.552 0.00746 -0.00533 -0.00213
4301.557 0.00000 0.00852 0.00639
4301.562 0.00213 0.00213 -0.00107
4301.567 -0.00213 -0.00746 -0.00213
4301.572 -0.00426 0.00000 -0.00320
4301.577 0.00639 0.00107 0.00533
4301.583 -0.00426 0.00000 -0.00107
4301.588 -0.00213 0.00959 -0.00533
4301.593 -0.00746 -0.00533 -0.00107
4301.598 0.00533 -0.00426 -0.00746
4301.603 -0.00213 -0.00107 -0.00107
4301.608 -0.00213 -0.00426 0.00000
4301.613 0.00533 0.00107 0.00426
4301.618 0.00639 0.00213 -0.00533
4301.623 -0.00107 -0.00320 0.00639
4301.628 0.00959 0.00639 0.00107
4301.633 -0.00320 -0.00533 0.00107
4301.638 -0.00213 -0.00107 -0.00639
4301.643 -0.00213 0.00000 0.01278
4301.648 0.00426 -0.00746 0.00107
4301.653 -0.00107 -0.00533 0.00000
4301.658 -0.00107 0.00213 0.00320
4301.663 -0.00213 -0.00320 0.00639
4301.668 -0.00213 -0.00107 -0.00107
4301.673 -0.00639 -0.00107 -0.00746
4301.678 -0.00107 0.00426 0.00107
4301.683 0.00320 -0.00107 -0.00426
4301.688 -0.00746 0.00107 -0.00426
4301.693 0.00746 -0.00320 0.00107
4301.698 -0.00746 -0.00426 0.00213
4301.703 -0.00213 0.00320 0.00213
4301.708 0.00746 -0.00533 -0.00320
4301.713 0.00000 0.00533 -0.00639
4301.718 -0.00426 0.00000 -0.00107
4301.723 -0.00107 -0.00426 0.00107
4301.728 0.00533 0.00213 -0.00533
4301.733 -0.00639 -0.00639 0.00213
4301.738 -0.00320 -0.00107 -0.00533
4301.743 0.00000 0.00000 -0.00107
4301.748 -0.00107 0.00320 0.00213
4301.753 0.01065 0.00213 -0.00426
4301.758 -0.00959 0.00213 -0.00426
4301.763 -0.01065 -0.00320 0.00213
4301.769 -0.00746 0.00000 0.00213
4301.778 -0.01172 -0.00107 0.00320
4301.783 -0.00107 -0.00959 0.00746
4301.788 -0.00533 -0.00213 -0.00426
4301.793 -0.00213 -0.00426 0.00000
4301.799 -0.00426 0.00213 -0.00320
4301.804 -0.00959 -0.00213 -0.00533
4301.809 -0.01491 -0.00107 0.00639
4301.814 -0.00320 -0.00320 -0.01065
4301.819 0.00746 -0.00639 0.00213
4301.824 0.00426 -0.00426 -0.00426
4301.829 -0.00107 -0.00213 0.00746
4301.834 -0.00213 0.00426 -0.00320
4301.839 -0.00107 -0.00213 -0.00852
4301.844 0.00000 0.00320 -0.00213
4301.849 -0.01172 -0.00852 -0.00107
4301.854 0.00107 -0.00533 -0.00639
4301.860 -0.00107 -0.00639 0.00533
4301.865 0.00000 0.00000 -0.00746
4301.870 -0.00107 0.00320 0.00107
4301.875 -0.00213 0.00852 0.00320
4301.880 -0.00213 -0.00533 -0.00639
4301.885 -0.00426 -0.00320 0.00213
4301.890 -0.01811 -0.01065 -0.00107
4301.895 -0.00426 0.00320 0.00107
4301.899 -0.00426 0.00213 -0.00533
4301.904 -0.00107 -0.00426 0.00213
4301.909 0.00213 -0.00426 -0.00320
4301.914 0.00213 0.00213 0.00000
4301.919 -0.01278 -0.00639 -0.00107
4301.924 0.00852 0.00320 0.00852
4301.929 -0.00213 -0.00639 -0.01491
4301.934 -0.00320 -0.00639 0.00320
4301.939 -0.00426 0.00426 0.00213
4301.944 -0.00533 0.00107 0.00000
4301.949 -0.00426 -0.00213 -0.00213
4301.954 0.00213 -0.00107 0.00533
4301.959 0.00533 0.00000 -0.00213
4301.964 -0.00533 -0.00107 -0.00426
4301.970 -0.00639 -0.00959 -0.00320
4301.975 -0.00213 -0.00746 0.00000
4301.980 0.00320 -0.00320 0.00426
4301.985 -0.00533 0.00213 -0.01065
4301.990 -0.00426 0.00107 0.00000
4301.995 -0.00320 -0.00107 -0.00639
4301.999 0.00000 0.00107 0.00000
4302.004 0.00746 0.00533 -0.00213
4302.009 0.00426 -0.01172 0.00533
4302.014 -0.00107 0.00107 -0.00533
4302.019 0.00213 -0.00852 -0.00533
4302.024 0.00107 -0.00639 0.00426
4302.029 0.00107 0.00320 0.00320
4302.034 0.00000 0.00426 -0.00107
4302.039 0.00107 0.00320 0.00639
4302.044 -0.00213 -0.00959 -0.00320
4302.049 0.00852 -0.00320 -0.01491
4302.054 -0.00639 0.00107 0.00320
4302.060 -0.00107 -0.00213 0.00000
4302.065 -0.00746 0.00426 -0.00213
4302.070 -0.00533 -0.00320 -0.00533
4302.075 -0.00746 -0.00320 -0.00959
4302.080 0.00320 -0.00213 0.00533
4302.085 0.00000 0.01278 -0.00320
4302.090 -0.00107 -0.00639 -0.00107
4302.095 -0.00639 -0.00320 -0.00320
4302.099 -0.00746 -0.00320 -0.00107
4302.104 0.00746 0.00000 0.00107
4302.109 0.00000 -0.00320 -0.00533
4302.114 -0.00639 -0.00320 -0.00213
4302.119 -0.00107 -0.00320 -0.00639
4302.124 -0.00107 -0.01385 -0.00746
4302.129 -0.00213 -0.00107 -0.00426
4302.134 -0.00107 -0.00107 -0.00107
4302.139 -0.00213 -0.00107 0.00320
4302.144 -0.00639 0.00107 0.00320
4302.150 -0.00320 -0.00746 -0.00533
4302.155 0.00000 0.00320 -0.00639
4302.160 -0.00213 -0.00320 0.00000
4302.165 0.00639 0.00426 -0.00213
4302.170 -0.00746 -0.01172 0.00107
4302.175 -0.00533 0.00213 -0.00639
4302.180 -0.00213 0.00213 -0.00213
4302.185 0.00852 0.00107 -0.00426
4302.190 0.00213 0.00852 -0.00107
4302.195 -0.00533 0.00852 -0.00320
4302.199 -0.00426 -0.00746 0.00426
4302.204 -0.00213 0.00000 -0.00213
4302.209 -0.00639 0.00213 -0.00533
4302.214 0.00107 0.00213 0.00320
4302.219 -0.00107 -0.00107 -0.00107
4302.224 0.00107 -0.00107 -0.00107
4302.230 0.00000 0.00320 -0.00533
4302.235 -0.00107 0.01172 0.00107
4302.240 -0.00426 -0.00959 -0.00533
4302.245 0.00320 -0.00959 -0.00213
4302.250 0.00426 0.00959 0.00213
4302.255 -0.01172 0.00107 -0.00320
4302.260 -0.00107 -0.01065 0.00213
4302.265 -0.00746 0.00533 0.00107
4302.270 -0.00852 -0.00639 -0.00533
4302.275 -0.00213 -0.00639 0.00107
4302.280 -0.00213 0.00000 0.00000
4302.285 -0.00320 0.00320 -0.00320
4302.290 -0.00746 0.00213 0.00000
4302.295 0.00000 0.00000 0.00746
4302.299 -0.00426 -0.00746 -0.00639
4302.304 -0.00213 0.00320 0.00213
4302.309 0.00107 0.00852 -0.00746
4302.314 -0.00426 0.00213 -0.00533
4302.319 -0.00533 -0.00213 0.00533
4302.324 -0.00426 -0.00107 0.00213
4302.330 0.00107 0.00320 -0.00639
4302.335 0.00320 -0.00639 0.00746
4302.340 0.00213 -0.00959 -0.00107
4302.345 0.00746 0.00426 0.00107
4302.350 0.00320 -0.00533 -0.00746
4302.355 -0.01811 -0.00213 0.00533
4302.360 -0.00426 -0.00320 -0.00426
4302.365 0.00000 -0.01065 -0.00320
4302.370 -0.00533 -0.00639 -0.00213
4302.375 -0.00320 -0.00107 -0.00746
4302.380 -0.00959 -0.00426 -0.00213
4302.385 -0.00213 -0.01704 0.00107
4302.390 0.00320 -0.00320 0.00107
4302.395 -0.00107 -0.00639 -0.00213
4302.400 -0.00639 -0.00533 0.00107
4302.405 -0.00213 -0.00320 0.00213
4302.410 -0.00746 -0.00426 0.00107
4302.415 0.00213 0.00639 0.00213
4302.420 0.00213 -0.00107 0.00320
4302.425 -0.00107 -0.00639 0.00213
4302.430 0.00320 -0.00107 -0.00107
4302.435 -0.01172 0.00000 0.00213
4302.440 -0.00107 0.00426 0.00107
4302.445 -0.00426 0.00000 0.00426
4302.450 -0.00320 -0.00533 -0.00533
4302.455 0.00426 -0.00426 -0.00213
4302.460 -0.00426 -0.00107 -0.00426
4302.465 -0.00107 0.00000 -0.00959
4302.470 0.00533 0.00533 0.00639
4302.475 -0.00213 -0.00533 0.00213
4302.480 -0.00213 -0.00746 -0.00426
4302.485 -0.00533 -0.00746 -0.00107
4302.490 0.00107 0.00959 0.00533
4302.495 0.00639 0.00746 0.00320
4302.500 -0.00533 0.00213 -0.00320
4302.505 0.00213 0.00639 0.00107
4302.510 -0.00107 0.00533 -0.00107
4302.515 0.00533 0.00107 -0.00746
4302.520 -0.00426 -0.00107 0.00107
4302.525 0.00426 -0.00107 0.00426
4302.530 0.00107 -0.00213 -0.00213
4302.535 0.00000 -0.00107 0.00426
4302.540 -0.00107 0.00213 -0.00533
4302.545 -0.00320 -0.01065 -0.00639
4302.550 -0.00639 0.00320 -0.00533
4302.555 0.00639 0.00320 0.00320
4302.560 0.00213 0.00426 0.00426
4302.565 -0.01065 0.00320 0.00107
4302.570 0.00213 0.00426 -0.00320
4302.575 0.00000 0.00213 0.00000
4302.580 0.00000 0.00639 -0.00639
4302.585 0.00213 0.00320 -0.00639
4302.590 0.00533 0.00746 0.00213
4302.595 0.00639 -0.00320 -0.00107
4302.600 0.00533 -0.00107 -0.00746
4302.605 0.00107 -0.00213 0.00320
4302.610 0.00959 0.00213 -0.00639
4302.615 -0.00107 0.00000 0.00320
4302.620 -0.00320 -0.00959 -0.00852
4302.625 -0.00320 0.00213 -0.00213
4302.630 -0.00959 -0.00107 0.00320
4302.635 -0.00320 -0.01065 -0.00426
4302.640 0.00746 0.00533 0.00320
4302.645 0.00213 -0.00213 -0.00426
4302.650 -0.00320 0.00000 0.00000
4302.655 -0.00213 -0.00213 -0.01278
4302.660 -0.00320 -0.00107 0.00107
4302.665 -0.00320 -0.00320 -0.00320
4302.670 -0.00107 -0.00107 -0.00320
4302.675 0.00107 -0.00533 0.00320
4302.681 0.00107 -0.00639 0.00107
4302.686 0.00107 0.00426 -0.00639
4302.691 0.00320 0.00746 -0.00426
4302.696 0.00213 -0.00107 -0.00213
4302.700 -0.00107 -0.00107 0.00000
4302.705 -0.00107 0.00320 -0.00213
4302.710 0.00107 -0.00213 0.00107
4302.715 -0.00426 -0.00426 -0.00107
4302.720 0.00533 -0.00320 0.00533
4302.725 0.00533 -0.00746 -0.00213
4302.730 -0.00213 -0.00426 -0.00959
4302.735 -0.00746 -0.01065 0.00213
4302.740 0.00426 -0.00852 0.00107
4302.745 0.00639 -0.00746 -0.00107
4302.750 0.00000 -0.00639 -0.00107
4302.755 -0.00320 0.00000 -0.00107
4302.760 -0.00533 -0.00426 0.00213
4302.765 0.00426 -0.00107 0.00213
4302.771 -0.00213 -0.00213 0.00213
4302.776 -0.00107 0.00000 -0.00213
4302.781 -0.00213 -0.00107 0.00320
4302.786 0.00000 0.00426 0.00000
4302.791 0.00107 0.00107 0.00533
4302.796 -0.00746 -0.00533 -0.00213
4302.800 -0.00746 -0.01065 -0.00746
4302.805 0.00533 -0.00320 0.00107
4302.811 0.00107 0.00320 0.00213
4302.816 0.00852 0.00533 0.00852
4302.821 0.00107 0.00533 0.00107
4302.826 0.00107 -0.00107 -0.00213
4302.831 -0.00852 0.00533 0.00213
4302.836 -0.00213 -0.00533 0.00213
4302.841 0.00000 -0.00107 -0.00639
4302.846 0.00320 0.00320 0.00852
4302.851 0.00107 -0.00213 0.00320
4302.856 0.00000 -0.00533 0.00852
4302.861 0.00213 0.00320 -0.00213
4302.866 -0.00213 0.00107 -0.00320
4302.871 0.00320 -0.00639 0.00213
4302.876 -0.00320 -0.00533 -0.00746
4302.881 -0.01065 -0.00213 -0.00426
4302.886 0.00533 -0.00533 0.00107
4302.891 -0.00107 0.00533 0.00213
4302.896 0.00213 0.00533 0.00213
4302.901 -0.00107 -0.00639 0.00533
4302.906 0.00852 0.00639 -0.00107
4302.911 0.00320 -0.00320 -0.00320
4302.916 0.01065 0.00320 0.00107
4302.921 0.00213 -0.00426 -0.00533
4302.926 0.00000 0.00320 0.00533
4302.931 -0.00533 0.00000 -0.00320
4302.936 0.00000 0.00426 -0.00107
4302.941 -0.00959 -0.00533 0.00533
4302.946 -0.00639 0.00213 0.00533
4302.951 -0.00107 -0.00213 -0.00107
4302.956 0.01065 0.00320 -0.00959
4302.961 -0.00426 0.00320 -0.00213
4302.966 -0.00213 -0.01065 -0.00107
4302.971 -0.00320 0.00639 0.00320
4302.976 -0.00639 -0.00320 -0.00107
4302.981 0.00959 0.00107 0.00107
4302.986 0.00213 -0.01278 0.00639
4302.991 -0.00533 0.00213 0.01172
4302.996 -0.01491 -0.00213 -0.00107
4303.001 -0.01278 -0.00213 0.00107
4303.006 0.00426 -0.00320 0.00746
4303.011 0.00320 0.00746 0.00000
4303.016 -0.00852 -0.00426 0.00639
4303.021 -0.00426 -0.00426 -0.00107
4303.026 0.00107 -0.00213 0.00533
4303.031 -0.00320 -0.00320 0.00000
4303.036 0.00320 -0.00107 0.00107
4303.041 -0.00213 -0.00959 0.00213
4303.046 0.00107 -0.00213 0.00000
4303.051 -0.00639 0.00000 -0.00533
4303.056 -0.00639 -0.00533 0.00320
4303.061 0.00107 -0.00426 0.00320
4303.066 0.00746 0.00320 -0.00213
4303.071 -0.00533 0.00426 0.00000
4303.076 -0.00213 -0.01065 0.00213
4303.081 -0.00213 0.00852 -0.00107
4303.086 0.00639 0.00639 -0.00213
4303.091 -0.00107 -0.00426 0.00426
4303.096 0.00533 -0.00533 0.00320
4303.101 -0.00533 -0.00320 -0.00107
4303.106 0.00320 0.00533 0.00000
4303.111 0.00320 0.00213 -0.00213
4303.116 -0.00746 -0.00533 -0.00107
4303.121 0.00213 -0.00426 0.00213
4303.126 0.00639 0.00000 0.00000
4303.131 0.00426 0.00320 0.00213
4303.136 0.00213 -0.00852 -0.00533
4303.141 -0.00746 0.00107 0.00107
4303.146 -0.00426 0.00639 -0.00639
4303.151 0.00852 0.00639 -0.00213
4303.156 -0.00213 -0.00426 0.00000
4303.161 -0.00107 -0.00107 0.00320
4303.166 -0.00533 -0.00320 0.00000
4303.171 0.00000 -0.00107 -0.00320
4303.176 0.00426 -0.00107 0.00746
4303.181 0.00107 -0.01172 0.00533
4303.186 0.00213 0.00000 -0.00107
4303.191 -0.00107 0.00000 -0.00320
4303.196 0.00320 -0.01385 -0.00107
4303.201 -0.00746 0.00320 -0.00320
4303.206 0.00107 -0.00852 -0.00426
4303.211 0.00213 0.00746 0.00533
4303.216 -0.00320 0.00852 -0.00320
4303.221 -0.00426 0.00852 -0.00320
4303.226 0.00639 -0.00746 0.00213
4303.231 0.00107 0.00533 -0.00959
4303.236 0.00639 -0.00320 -0.00426
4303.241 0.00107 -0.00533 -0.00107
4303.246 -0.00639 0.00107 -0.00533
4303.251 0.00000 -0.00213 0.00000
4303.256 0.00320 -0.00426 -0.00213
4303.261 -0.00533 -0.00213 0.00107
4303.266 -0.00107 -0.00320 0.00426
4303.271 0.00639 0.01278 0.01065
4303.276 -0.00320 0.00213 -0.00426
4303.281 -0.00959 0.00533 -0.00533
4303.286 -0.00533 -0.00107 -0.00533
4303.291 0.00000 0.00213 0.00746
4303.296 -0.00213 0.00426 -0.00320
4303.301 -0.00213 0.00213 0.00746
4303.306 -0.00533 0.00320 -0.00320
4303.311 -0.00320 0.00213 -0.00213
4303.316 -0.00213 0.00000 -0.00533
4303.321 0.00426 -0.00639 0.00426
4303.326 -0.00426 0.00213 -0.00746
4303.331 -0.00320 0.00000 -0.00213
4303.336 0.01065 0.00213 0.00533
4303.341 0.00533 -0.00320 0.00533
4303.346 0.00320 0.00107 0.00426
4303.351 -0.00746 -0.00746 0.00426
4303.356 -0.01385 -0.00320 0.00107
4303.361 0.00107 -0.00533 0.00639
4303.366 0.00746 -0.00213 -0.00746
4303.371 -0.01065 -0.00426 0.00107
4303.376 0.00000 0.00107 0.00320
4303.381 -0.00107 0.00533 -0.00213
4303.386 0.00107 -0.00320 -0.00320
4303.391 -0.00426 0.00426 -0.00213
4303.396 -0.00426 -0.00533 -0.01172
4303.404 -0.00852 -0.00213 0.00107
4303.409 -0.00426 -0.00107 -0.00639
4303.414 -0.00426 -0.00107 -0.00533
4303.419 0.00213 -0.01278 -0.00320
4303.424 -0.00107 0.00852 -0.00533
4303.429 0.00746 0.00107 0.00852
4303.434 -0.00639 -0.00533 0.00213
4303.439 -0.00852 0.00213 0.00213
4303.444 0.00107 0.00320 0.00213
4303.449 -0.00320 0.00426 0.00213
4303.454 0.00533 -0.00746 -0.00533
4303.459 -0.00107 -0.00213 0.00107
4303.464 -0.00639 -0.00533 -0.00213
4303.469 -0.00533 -0.00852 0.00107
4303.474 -0.00107 0.00320 -0.00533
4303.479 0.00000 0.00320 -0.00213
4303.484 -0.00746 -0.00107 -0.00213
4303.489 0.00320 -0.00320 0.00426
4303.494 0.00639 -0.00533 0.01065
4303.499 -0.00746 -0.00533 -0.00426
4303.504 0.00533 -0.00213 -0.00426
4303.509 0.00107 -0.00320 0.00213
4303.514 -0.00426 0.00213 -0.00533
4303.519 -0.00746 -0.00852 -0.00320
4303.524 0.00107 0.00320 -0.00107
4303.529 -0.00107 -0.00426 -0.00320
4303.535 -0.00533 -0.00213 0.00320
4303.540 -0.00533 0.00107 0.00320
4303.545 -0.00533 0.00107 0.00000
4303.550 -0.00533 0.00426 -0.01172
4303.555 -0.00107 0.00426 -0.00320
4303.560 0.00320 -0.00107 -0.00213
4303.565 0.00639 -0.00639 -0.00852
4303.570 -0.00107 0.00213 0.00000
4303.575 0.00000 0.00639 0.00213
4303.580 -0.00852 0.00000 0.00213
4303.585 0.00426 -0.00533 -0.01065
4303.590 -0.00213 -0.00639 -0.00639
4303.595 -0.00320 0.00746 -0.00107
4303.600 0.00107 -0.00533 0.00000
4303.605 -0.00213 0.00000 -0.00320
4303.610 0.00000 -0.01811 0.00533
4303.615 -0.00426 0.00320 -0.00213
4303.620 -0.01065 -0.00746 -0.00320
4303.625 0.00000 0.00107 -0.00107
4303.630 0.00213 -0.00852 -0.00320
4303.635 -0.01172 -0.00107 0.00000
4303.640 0.00000 -0.00533 0.00000
4303.645 0.00320 -0.00213 0.00426
4303.650 0.00320 -0.00426 0.00426
4303.655 0.00533 0.00107 0.00107
4303.660 0.00107 0.00533 0.00000
4303.665 0.00107 -0.00426 -0.00746
4303.670 -0.01172 -0.00107 0.00533
4303.676 0.00426 -0.00426 -0.00426
4303.681 -0.00533 0.00639 0.00320
4303.686 -0.00213 -0.00107 0.00320
4303.691 -0.00426 -0.00852 -0.00107
4303.696 0.00000 0.00426 0.00746
4303.701 -0.00320 0.00107 -0.00213
4303.706 0.00639 0.00639 -0.00852
4303.711 -0.00320 -0.00533 0.00000
4303.716 -0.01065 -0.00639 0.00107
4303.721 -0.00320 0.00533 0.00426
4303.726 0.00426 0.00107 -0.00320
4303.731 0.00213 -0.00320 0.00107
4303.736 0.00107 -0.00533 -0.00320
4303.741 -0.00107 -0.00426 -0.00746
4303.746 -0.00213 0.00320 0.00213
4303.751 -0.00213 -0.01172 0.00107
4303.756 0.00107 0.00852 -0.00213
4303.761 -0.00533 0.00533 0.00213
4303.766 -0.00107 -0.00107 -0.00213
4303.771 0.00000 -0.00320 -0.00107
4303.776 0.00000 0.00213 0.00107
4303.781 -0.00320 -0.00426 0.00107
4303.786 0.00107 -0.00426 0.00000
4303.791 -0.00213 0.00000 -0.00213
4303.796 -0.00213 -0.00852 0.00000
4303.801 -0.00746 0.00852 -0.00213
4303.806 -0.00959 0.00320 0.00107
4303.811 0.00000 0.00213 -0.00426
4303.816 0.00213 -0.00320 -0.00213
4303.821 0.00426 -0.00639 0.00959
4303.826 -0.00320 -0.00107 -0.00533
4303.831 -0.00320 0.01065 0.00000
4303.836 -0.00107 0.00426 0.00000
4303.841 0.00639 -0.00107 -0.00213
4303.847 -0.00213 0.00000 0.00320
4303.852 0.00000 0.00000 -0.00213
4303.857 -0.00320 -0.00320 0.00000
4303.862 -0.00320 -0.00107 -0.00426
4303.867 -0.00639 0.00746 -0.00213
4303.872 -0.00107 0.01172 0.00320
4303.877 -0.00213 -0.00533 0.00213
4303.882 -0.00639 -0.00213 -0.00107
4303.887 -0.00107 0.00213 -0.01278
4303.892 -0.00320 0.00213 0.00107
4303.897 -0.00213 0.00746 0.00320
4303.902 0.00107 -0.00320 0.00533
4303.907 -0.00959 -0.00320 0.00320
4303.912 0.00000 -0.00320 0.00213
4303.917 0.00107 0.00107 -0.00320
4303.922 -0.00852 -0.00107 0.00213
4303.927 -0.00107 -0.00533 -0.00107
4303.932 -0.00107 0.00000 0.00746
4303.937 -0.00213 0.00320 0.00639
4303.942 -0.00533 0.00213 -0.00213
4303.947 -0.00426 0.00000 -0.00213
4303.952 0.01065 -0.00426 0.00533
4303.957 0.00213 0.00107 0.00107
4303.962 -0.01065 -0.00639 -0.00213
4303.967 -0.00320 0.00320 -0.00107
4303.972 -0.00213 0.00533 0.00107
4303.977 0.00320 0.00213 0.00533
4303.982 0.00852 0.00533 -0.00852
4303.987 0.01598 0.00213 -0.00107
4303.992 0.00320 -0.00533 -0.00639
4303.997 0.00320 -0.00107 0.00426
4304.002 -0.00107 0.00426 -0.00426
4304.007 0.00746 -0.00320 0.00320
4304.012 -0.00639 0.00959 -0.00107
4304.017 0.00107 -0.00533 0.00320
4304.022 0.00213 -0.00426 0.01598
4304.028 -0.00320 0.00213 -0.00107
4304.033 -0.00213 0.00213 -0.00746
4304.038 0.00320 -0.00213 0.00213
4304.043 0.00000 -0.00959 -0.00213
4304.048 0.00000 0.00213 0.00000
4304.053 0.00426 0.00000 -0.00533
4304.058 0.00320 -0.00533 0.00320
4304.063 -0.00107 -0.00639 -0.00213
4304.068 0.00213 -0.01065 -0.00213
4304.073 -0.00320 0.00426 -0.00320
4304.078 -0.00107 -0.00959 -0.00426
4304.083 -0.00107 0.00000 -0.00533
4304.088 -0.00213 0.00852 -0.00107
4304.093 -0.00533 -0.00533 0.00107
4304.098 -0.00426 -0.00426 0.00320
4304.103 0.00320 0.00320 -0.00213
4304.108 0.00000 0.00320 0.00213
4304.113 -0.00107 0.00320 0.00852
4304.118 -0.00639 -0.00533 -0.00320
4304.123 -0.00959 0.00533 0.00107
4304.128 -0.00107 -0.00107 0.00000
4304.133 0.00000 0.00213 -0.00320
4304.138 0.00000 0.00107 -0.00213
4304.143 -0.00107 0.00320 -0.00533
4304.148 -0.00107 -0.00320 0.00213
4304.153 0.00320 -0.00107 0.00213
4304.158 0.00213 -0.00639 0.00000
4304.163 0.00107 0.00426 0.00426
4304.168 0.00426 0.01278 0.00426
4304.173 -0.00746 -0.00213 0.00000
4304.179 0.00639 0.00639 0.00746
4304.184 0.00107 -0.00320 -0.00746
4304.189 -0.00426 0.00426 -0.00320
4304.194 -0.00320 0.00213 -0.01065
4304.199 -0.00746 0.00107 -0.01278
4304.204 0.00746 0.00000 -0.00213
4304.209 0.00213 -0.00533 -0.00107
4304.214 0.00852 0.00639 -0.00213
4304.219 -0.00959 -0.01491 0.00000
4304.224 -0.01065 -0.00533 -0.00852
4304.229 -0.00107 0.00533 0.00107
4304.234 0.00533 0.00533 0.01172
4304.239 0.00000 -0.00426 -0.00426
4304.244 -0.00639 -0.00746 0.00426
4304.249 -0.00639 0.00000 -0.00746
4304.254 -0.00426 -0.00426 0.00213
4304.259 -0.00320 0.00107 0.00107
4304.264 0.00426 -0.00107 -0.00639
4304.269 -0.00746 -0.00533 0.00320
4304.274 -0.00533 0.00533 0.00213
4304.279 -0.00533 -0.00213 0.00213
4304.284 -0.00107 -0.00213 0.00000
4304.289 -0.00426 0.00320 -0.00320
4304.294 0.00852 0.00000 -0.00320
4304.299 0.00533 -0.00639 -0.00213
4304.304 -0.00320 -0.00107 0.00213
4304.309 -0.00107 -0.00959 0.00426
4304.314 -0.00959 0.00639 -0.00533
4304.319 0.00000 0.00746 -0.00213
4304.324 -0.00107 0.00000 0.00000
4304.329 -0.00320 -0.00320 0.00213
4304.334 -0.00320 -0.00213 0.00639
4304.340 -0.00320 -0.00107 0.00639
4304.344 -0.00320 -0.00107 0.00213
4304.350 0.00213 -0.00533 -0.00107
4304.355 0.00533 -0.01065 0.00107
4304.360 -0.00426 -0.00639 -0.01278
4304.365 0.00320 0.00213 -0.00107
4304.370 0.00852 -0.00107 -0.00320
4304.375 0.00000 -0.00213 -0.00107
4304.380 -0.00533 -0.01065 -0.00639
4304.385 -0.00213 -0.00320 -0.00533
4304.390 -0.00959 -0.00320 -0.00746
4304.395 -0.00107 0.00320 -0.00213
4304.400 -0.00426 0.00639 -0.00746
4304.405 -0.00426 0.00107 -0.00213
4304.410 -0.00107 0.00533 -0.00107
4304.415 0.00533 -0.00107 -0.00639
4304.420 -0.00533 0.00213 -0.00426
4304.425 -0.00107 -0.00107 0.00000
4304.430 -0.00213 -0.00213 -0.00213
4304.435 -0.00426 0.00426 -0.00533
4304.440 0.00107 -0.00852 -0.00107
4304.445 -0.00426 0.00639 -0.00852
4304.450 0.00426 -0.00320 0.00107
4304.455 -0.00213 -0.00639 0.00639
4304.460 -0.00533 0.00107 -0.00107
4304.465 -0.00426 -0.00213 0.00959
4304.470 -0.00959 -0.00320 -0.00320
4304.475 0.00000 0.00639 -0.00639
4304.480 0.00213 0.00107 -0.00213
4304.485 -0.00639 -0.00320 0.00107
4304.490 -0.00213 -0.00533 -0.00426
4304.495 0.00852 -0.00852 0.01704
4304.500 0.00107 0.00959 -0.00213
4304.505 0.00213 -0.00213 -0.00107
4304.511 -0.00107 -0.00213 -0.00426
4304.516 -0.00107 -0.00426 -0.00213
4304.521 -0.00213 -0.00213 -0.00320
4304.526 -0.00213 0.00000 0.00000
4304.531 -0.00533 0.00320 -0.00959
4304.536 -0.00426 -0.00533 -0.00320
4304.541 0.01065 0.00746 -0.01172
4304.546 -0.00852 -0.00533 0.00213
4304.551 0.00000 -0.00639 0.00852
4304.556 -0.00107 0.00107 -0.00426
4304.561 -0.00213 -0.00213 -0.00213
4304.566 0.00213 0.00533 0.00107
4304.571 -0.00426 -0.00533 0.00107
4304.576 -0.00639 -0.00320 -0.00213
4304.581 -0.00639 -0.00852 -0.00746
4304.586 0.00533 -0.01065 0.00426
4304.591 -0.00107 -0.00426 -0.00213
4304.596 -0.00426 0.00426 0.00639
4304.601 -0.00426 0.00533 0.00000
4304.606 -0.01385 0.00107 0.00107
4304.611 -0.00639 -0.00426 0.00000
4304.616 0.00959 0.01172 -0.00107
4304.621 -0.00107 -0.00320 -0.01172
4304.626 -0.00639 -0.00533 -0.00426
4304.631 0.00107 -0.00320 0.00213
4304.636 -0.00107 -0.00959 0.00000
4304.641 -0.00107 0.00107 0.00533
4304.646 -0.00426 -0.00213 0.00107
4304.651 0.00533 0.00000 -0.00426
4304.656 -0.00320 -0.00426 -0.00533
4304.662 -0.00533 -0.00320 0.00639
4304.667 -0.00426 -0.00426 -0.00213
4304.672 -0.00533 -0.00639 -0.00213
4304.677 -0.00533 -0.00533 0.00107
4304.682 0.00213 -0.00107 -0.00213
4304.687 -0.00213 -0.00320 0.00852
4304.692 -0.00107 0.00533 -0.00213
4304.697 0.00213 -0.00852 -0.00533
4304.702 0.00320 -0.00107 -0.00533
4304.707 -0.01172 -0.00107 -0.00959
4304.712 -0.00639 -0.00107 -0.00639
4304.717 -0.00426 0.00107 0.00426
4304.722 0.00533 -0.00533 -0.00107
4304.727 0.00107 -0.00213 0.00213
4304.732 0.00426 0.00533 -0.00639
4304.737 0.00000 -0.01065 -0.00852
4304.742 -0.00426 0.00213 -0.00107
4304.747 -0.00107 -0.00107 -0.00213
4304.752 -0.00533 -0.00852 0.00746
4304.757 0.00213 -0.00533 0.00107
4304.762 0.00426 -0.00213 -0.00107
4304.767 0.01065 0.00000 0.00320
4304.772 0.00426 -0.00426 0.00107
4304.777 0.01065 0.00000 -0.00213
4304.782 0.00107 0.00000 0.00000
4304.787 -0.00852 -0.00107 -0.00959
4304.792 -0.00426 -0.00852 -0.00213
4304.797 0.00000 0.00426 -0.00533
4304.802 -0.00213 -0.00533 0.00426
4304.807 0.00213 0.00320 -0.00320
4304.812 0.00639 0.00000 -0.00213
4304.817 0.00000 -0.00320 -0.00107
4304.822 -0.00320 0.00000 -0.00639
4304.827 0.00107 0.00426 -0.00639
4304.832 0.00000 0.00000 0.00213
4304.837 -0.00107 -0.00639 0.00213
4304.843 -0.00639 0.00213 -0.00320
4304.848 0.00107 -0.00426 -0.00213
4304.853 -0.00852 -0.00320 -0.00533
4304.858 -0.01065 -0.00959 -0.00107
4304.863 0.00000 0.00639 0.00107
4304.868 -0.00107 -0.00213 0.00000
4304.873 0.00000 -0.00320 -0.00213
4304.878 0.00213 -0.00746 0.00107
4304.883 0.00000 -0.00320 -0.00213
4304.888 0.00000 -0.00426 0.00213
4304.893 -0.00533 -0.00213 0.00533
4304.898 0.00426 0.00213 0.00426
4304.903 -0.00426 0.00213 -0.00213
4304.908 -0.00533 0.00426 0.00320
4304.913 -0.00533 -0.00533 0.00107
4304.918 -0.00213 0.00852 -0.00213
4304.923 -0.00107 -0.00639 0.00000
4304.928 0.00639 -0.00533 -0.00533
4304.933 -0.00426 -0.00639 0.00320
4304.938 -0.00533 0.00213 0.00533
4304.943 -0.00533 0.00000 0.00639
4304.948 -0.00320 -0.01065 -0.00320
4304.953 -0.00213 0.00852 0.00746
4304.958 0.00746 0.00320 -0.00639
4304.963 0.00000 -0.00533 -0.00639
4304.968 -0.00746 -0.00107 -0.00320
4304.974 -0.00959 0.00320 0.00213
4304.979 0.00000 -0.00213 -0.00959
4304.984 0.00107 -0.00107 -0.00639
4304.989 0.00107 -0.00213 0.01278
4304.994 -0.00533 -0.00426 0.00107
4304.999 -0.00533 0.00320 -0.01065
4305.004 0.00213 -0.00959 0.00107
4305.009 -0.00852 -0.00746 0.00426
4305.014 0.01491 0.00000 -0.00533
4305.019 0.00000 0.00107 -0.00213
4305.024 0.00320 -0.00213 -0.00320
4305.029 -0.00320 0.00213 -0.00533
4305.034 -0.00533 0.00213 -0.00746
4305.039 0.00213 -0.00533 0.00213
4305.044 0.00000 -0.00320 0.00426
4305.049 -0.00746 -0.00107 -0.00746
4305.054 -0.00426 -0.00320 0.00000
4305.059 0.00639 0.00000 -0.00107
4305.064 0.00000 0.00639 -0.00426
4305.069 -0.00213 -0.00107 -0.00107
4305.074 0.00639 0.00426 -0.00426
4305.079 -0.00639 0.00639 -0.00107
4305.084 -0.00213 -0.00107 0.00639
4305.089 -0.00213 -0.00852 -0.00746
4305.094 -0.00213 -0.00533 -0.00959
4305.099 -0.00426 0.00000 -0.00639
4305.104 -0.00213 -0.00746 0.00426
4305.109 0.00213 -0.00746 0.00107
4305.114 -0.00426 0.00320 0.00426
4305.119 -0.00213 -0.00533 0.00426
4305.124 0.00320 -0.00107 0.00213
4305.129 0.01065 0.00533 0.00533
4305.134 0.00107 0.00000 0.00000
4305.139 0.00320 -0.00213 0.00000
4305.144 -0.00959 0.00000 -0.01065
4305.149 -0.00426 -0.00639 -0.00320
4305.155 0.00639 0.01065 0.00426
4305.160 0.00107 -0.00213 0.00533
4305.165 -0.00107 0.00746 -0.00107
4305.170 -0.00533 -0.01065 0.00426
4305.175 0.00426 -0.00107 -0.00213
4305.180 -0.00426 -0.00746 0.00213
4305.185 -0.00533 0.00959 -0.00320
4305.190 0.01172 0.00107 -0.00107
4305.195 0.00320 -0.00213 0.00000
4305.200 -0.00213 -0.00852 0.00639
4305.205 0.00320 0.00320 0.00426
4305.210 0.00213 -0.00426 -0.00213
4305.215 -0.01172 -0.00533 0.00000
4305.220 -0.01172 -0.00213 -0.00426
4305.225 -0.00639 -0.01491 -0.00320
4305.230 -0.01491 -0.00320 -0.00533
4305.235 -0.00213 0.00639 -0.00213
4305.240 -0.00639 -0.00107 0.00000
4305.245 0.00107 -0.00426 0.00107
4305.250 0.00000 -0.00746 0.00320
4305.255 0.00426 0.00746 -0.00107
4305.260 -0.00746 0.00533 0.00852
4305.265 0.00533 -0.00213 -0.00213
4305.270 0.00000 -0.00426 0.00746
4305.275 -0.00107 -0.01278 0.00533
4305.280 -0.00213 0.00000 -0.00107
4305.285 -0.00213 0.00533 -0.00320
4305.290 0.00107 0.00000 -0.00959
4305.295 0.00213 0.00107 0.00320
4305.300 0.00533 0.00533 0.00426
4305.305 -0.00426 0.00746 0.00213
4305.310 -0.00107 -0.00426 -0.00320
4305.316 -0.00639 -0.00107 -0.00107
4305.321 0.00213 -0.00107 0.00959
4305.326 0.00320 -0.00746 0.01065
4305.331 0.00746 -0.00320 0.00000
4305.336 0.00320 0.00213 0.00533
4305.341 -0.00320 -0.00320 -0.00426
4305.346 -0.00746 0.00000 0.00320
4305.351 0.00959 -0.00426 -0.00533
4305.356 0.00320 -0.00320 0.00000
4305.361 0.00533 0.00852 0.00107
4305.366 -0.00107 -0.00639 0.00107
4305.371 0.00000 0.00426 -0.01278
4305.376 -0.00213 -0.00213 -0.00533
4305.381 0.00000 0.00426 -0.00213
4305.386 -0.00746 -0.01278 -0.00320
4305.391 -0.01172 0.00000 -0.00107
4305.396 0.00320 0.00000 0.00426
4305.401 -0.00213 0.00320 0.00959
4305.406 0.00213 -0.00639 0.00426
4305.411 0.00000 -0.00852 0.00426
4305.416 0.00746 0.00426 -0.00320
4305.421 -0.01065 -0.01172 -0.01172
4305.426 0.00426 0.00107 -0.00852
4305.431 0.00959 0.00107 -0.00320
4305.436 -0.00533 -0.00533 0.00639
4305.441 -0.00320 0.00426 0.00213
4305.446 -0.00426 0.00000 0.00213
4305.451 -0.00533 -0.00533 0.00426
4305.456 0.00320 -0.00852 0.00000
4305.461 -0.00426 -0.00320 0.00000
4305.467 -0.00107 0.00000 0.00000
4305.472 0.00213 -0.00746 -0.00746
4305.477 -0.00852 0.00426 -0.00959
4305.482 -0.01172 -0.00107 0.00426
4305.487 -0.00426 -0.00213 -0.00320
4305.492 0.00107 0.00852 0.00639
4305.497 -0.00426 -0.00959 0.00426
4305.502 -0.00213 0.00000 0.00000
4305.507 -0.00213 -0.00213 -0.00107
4305.512 0.00213 0.00426 -0.00107
4305.517 0.00959 -0.00533 -0.00213
4305.522 0.00000 0.00320 -0.00852
4305.527 0.00213 0.00533 -0.00746
4305.532 0.00000 0.00320 -0.01278
4305.537 0.00639 -0.00107 -0.00320
4305.542 -0.00639 -0.00533 0.00746
4305.547 -0.00639 0.00107 -0.00107
4305.552 -0.00107 -0.00746 0.00426
4305.557 0.00107 0.00107 0.00000
4305.562 0.00320 -0.00852 0.00107
4305.567 -0.01278 0.00000 0.00107
4305.572 0.00000 0.01065 0.00213
4305.577 -0.00107 -0.00533 0.00320
4305.582 -0.00107 0.00107 0.00426
4305.587 -0.00426 -0.00320 0.00533
4305.592 -0.00426 -0.01065 -0.00639
4305.597 -0.00639 0.00000 -0.00320
4305.602 0.00533 0.00320 -0.00213
4305.607 -0.00107 0.00639 0.00107
4305.612 -0.00320 -0.00107 0.00000
4305.617 -0.00320 0.00320 -0.00107
4305.622 -0.00320 -0.00533 0.00213
4305.627 0.00320 -0.00746 0.00320
4305.632 0.00320 -0.00320 -0.00213
4305.637 0.00107 0.00426 0.00320
4305.642 0.00213 0.00213 0.00107
4305.648 0.00213 -0.01065 -0.00533
4305.652 0.00320 -0.00213 0.00000
4305.658 0.00320 -0.00639 -0.00746
4305.663 -0.00426 -0.00746 0.00000
4305.668 0.00000 -0.00746 0.00107
4305.673 -0.00320 -0.00746 0.00426
4305.678 0.00746 0.00746 -0.00533
4305.683 -0.00107 0.00213 -0.01065
4305.688 -0.00320 -0.00213 -0.00107
4305.693 0.00213 0.00959 -0.00426
4305.698 -0.00213 0.00746 0.00107
4305.703 -0.00213 0.00746 -0.00320
4305.708 -0.00320 -0.00213 0.00639
4305.713 -0.00959 0.00852 0.00107
4305.718 0.00213 0.00533 0.00533
4305.723 0.00320 0.00426 0.00107
4305.728 -0.00639 -0.00213 -0.01278
4305.733 -0.00746 -0.00107 -0.00213
4305.738 0.00426 0.00213 -0.01385
4305.743 -0.00320 0.00320 0.00533
4305.748 -0.00426 -0.00852 -0.00213
4305.753 0.00107 -0.00533 -0.00107
4305.758 0.00639 -0.00320 -0.00320
4305.763 -0.00107 0.00107 0.00533
4305.768 0.00852 0.00533 -0.00107
4305.773 -0.00746 0.00320 0.00426
4305.778 -0.00746 -0.00213 0.00426
4305.783 -0.00533 -0.00533 0.00000
4305.788 -0.00426 -0.00426 -0.00107
4305.793 0.00426 -0.00320 -0.00426
4305.799 -0.00107 -0.00213 -0.00213
4305.804 0.00533 0.00213 -0.00639
4305.809 0.00746 0.00000 0.00213
4305.814 -0.00426 -0.00639 -0.00107
4305.819 0.00852 -0.00320 0.00213
4305.824 0.00959 0.00213 0.00000
4305.829 -0.00639 -0.00320 -0.01065
4305.834 -0.00107 -0.00852 0.00107
4305.839 0.00320 0.00213 -0.00320
4305.844 -0.00213 0.00000 -0.00639
4305.849 0.00959 -0.00107 -0.00320
4305.854 -0.00107 0.00000 0.00000
4305.859 0.00107 0.00320 0.00852
4305.864 -0.01172 0.00213 0.00746
4305.869 -0.00107 -0.00107 0.00000
4305.874 -0.00533 0.00320 0.00959
4305.879 0.00533 -0.00213 0.00320
4305.884 -0.00852 -0.00213 -0.00746
4305.889 0.00000 -0.00320 -0.00213
4305.894 0.00533 -0.00426 -0.00107
4305.899 0.01491 -0.00320 0.00426
4305.904 -0.00426 0.00213 0.00213
4305.909 -0.00426 0.00320 0.00107
4305.914 0.00107 -0.00426 0.00426
4305.919 -0.00320 -0.00533 -0.00107
4305.924 -0.00107 0.00639 -0.00107
4305.929 -0.00213 -0.00213 0.00533
4305.934 0.00107 0.00000 -0.00639
4305.939 0.00107 0.00107 0.00533
4305.944 -0.00533 -0.00213 0.00639
4305.950 -0.00320 0.00426 -0.00746
4305.955 -0.00533 -0.00107 0.00213
4305.960 -0.00639 -0.00533 -0.00213
4305.965 -0.00213 0.00426 -0.00107
4305.970 -0.00213 -0.00213 0.00213
4305.975 0.00639 0.00213 -0.00426
4305.980 0.00213 0.00852 0.00000
4305.985 0.00426 -0.00533 -0.00107
4305.990 0.00426 -0.00639 -0.00426
4305.995 0.00852 0.00213 0.00107
4306.000 0.00320 0.00107 -0.00107
4306.005 0.00107 -0.00426 0.00107
4306.010 0.00213 -0.00107 0.00426
4306.015 0.00320 -0.00959 0.00000
4306.020 -0.00533 0.00320 0.00107
4306.025 -0.00639 0.00320 0.00107
4306.030 0.01065 0.00107 0.00959
4306.035 -0.00320 -0.00213 -0.00533
4306.040 -0.00959 -0.01172 -0.00107
4306.045 0.00107 -0.00213 -0.00213
4306.050 -0.00107 -0.00959 -0.00213
4306.055 -0.00852 -0.01065 -0.00213
4306.060 -0.00107 -0.00320 -0.00320
4306.065 -0.01172 -0.00320 -0.00533
4306.070 -0.01065 -0.00107 -0.00426
4306.075 0.00426 0.00107 0.00000
4306.080 -0.00639 0.00426 -0.00213
4306.085 -0.00320 -0.00533 -0.00533
4306.090 -0.00320 0.00213 -0.00213
4306.095 0.00107 0.00107 -0.00639
4306.100 0.00000 0.00000 0.00213
4306.105 -0.00746 -0.00533 -0.00107
4306.110 -0.00533 0.00320 -0.01172
4306.115 0.00959 -0.00852 0.00000
4306.121 0.00000 -0.00107 0.00213
4306.126 0.01065 0.00426 -0.00533
4306.131 -0.00213 -0.00959 0.00000
4306.136 -0.00107 -0.01065 -0.00213
4306.141 0.00000 -0.00639 -0.00533
4306.146 0.00852 -0.00107 -0.01172
4306.151 0.00533 -0.00320 -0.00107
4306.156 0.00320 -0.00533 -0.00213
4306.161 -0.00107 -0.00533 0.00852
4306.166 -0.00426 0.00639 0.00533
4306.171 0.00213 -0.00213 0.00426
4306.176 -0.00533 0.00107 0.00426
4306.181 -0.00533 -0.00213 -0.00213
4306.186 -0.00533 -0.00320 0.00426
4306.191 0.00000 0.00000 -0.00426
4306.196 -0.01278 -0.00852 -0.00959
4306.201 0.00639 -0.00959 0.00533
4306.206 -0.00107 -0.00107 -0.00533
4306.211 -0.00107 0.00213 0.00000
4306.216 0.00000 -0.00746 0.00107
4306.221 -0.00426 -0.00213 0.00000
4306.226 0.00746 -0.01491 -0.00320
4306.231 0.00000 0.00107 -0.00533
4306.236 -0.00213 0.00426 0.01278
4306.241 -0.00426 -0.00320 -0.00320
4306.246 -0.00959 -0.00639 0.00639
4306.251 -0.00107 0.00107 -0.00107
4306.256 0.00320 0.00639 -0.01172
4306.261 0.00213 0.00000 -0.00213
4306.266 -0.00426 -0.00852 0.00533
4306.272 -0.00320 0.00107 -0.00107
4306.277 0.00213 -0.00320 -0.00320
4306.281 -0.00107 0.00533 0.00426
4306.286 -0.00426 0.00320 -0.00320
4306.291 -0.00107 0.00107 0.00426
4306.296 -0.00213 0.00213 -0.00426
4306.302 -0.00533 0.00320 -0.01172
4306.307 0.00213 0.00533 -0.00533
4306.312 -0.00533 0.00000 0.00000
4306.317 0.00107 -0.00852 0.00320
4306.322 -0.00426 0.00852 0.00000
4306.327 0.00000 0.00000 -0.00533
4306.332 -0.00426 0.00000 -0.01278
4306.337 -0.00107 -0.00320 0.00107
4306.342 0.00000 0.00000 -0.00213
4306.347 0.00426 -0.00213 -0.01065
4306.352 0.00426 -0.00107 -0.00426
4306.357 -0.01278 0.00320 0.00426
4306.362 0.00959 0.00320 -0.00533
4306.367 -0.00107 -0.00959 -0.00107
4306.372 -0.00426 -0.00320 0.00107
4306.377 -0.00213 -0.00320 -0.00213
4306.382 -0.00213 0.00320 0.00213
4306.387 -0.00639 0.00107 -0.00213
4306.392 -0.00320 0.00320 0.00107
4306.397 -0.00213 -0.01172 0.00107
4306.402 -0.00213 -0.00852 -0.00320
4306.407 -0.00213 0.00107 -0.00639
4306.412 0.00000 -0.00533 0.00000
4306.417 -0.00107 -0.00320 -0.00426
4306.422 -0.00533 -0.00959 0.00000
4306.427 -0.00107 0.00320 -0.00213
4306.432 -0.00320 0.00959 -0.00320
4306.437 0.00320 0.00213 -0.00213
4306.442 0.00426 -0.00639 0.00746
4306.447 0.01172 -0.00320 0.00746
4306.453 -0.00746 0.00320 0.00320
4306.458 0.00533 -0.00213 -0.00107
4306.463 0.00320 -0.00959 -0.00320
4306.468 -0.00107 -0.00639 -0.00426
4306.473 -0.00426 0.00213 -0.00533
4306.478 -0.00107 -0.00320 -0.00426
4306.483 0.00000 -0.00213 0.00533
4306.488 -0.01811 0.00213 -0.00426
4306.493 -0.00746 0.00426 -0.00852
4306.498 -0.00533 -0.00213 -0.00213
4306.503 -0.00107 -0.00213 -0.00213
4306.508 0.00213 -0.00746 -0.00746
4306.513 0.00000 -0.00959 -0.00533
4306.518 -0.00426 0.00000 -0.00107
4306.523 -0.00107 0.00107 0.00107
4306.528 0.00639 -0.00426 -0.00746
4306.533 0.00213 -0.00426 -0.00320
4306.538 0.00852 -0.00107 0.00213
4306.543 0.00320 0.00533 0.00213
4306.548 0.00107 -0.00639 0.00000
4306.553 -0.01172 -0.00107 -0.00852
4306.558 0.00213 -0.00746 -0.00639
4306.563 -0.00107 0.00000 -0.00320
4306.568 -0.01491 0.00107 -0.00533
4306.573 0.00320 0.00533 -0.00107
4306.578 0.00107 -0.00533 -0.00107
4306.584 0.00107 -0.00426 -0.00213
4306.588 -0.00213 -0.00107 -0.00213
4306.594 -0.00426 -0.00746 -0.00320
4306.598 -0.00852 -0.00533 -0.00533
4306.604 -0.00533 -0.00213 0.00426
4306.609 0.00533 0.00000 -0.00107
4306.614 0.01385 0.00426 -0.00320
4306.619 0.00107 -0.00107 0.00533
4306.624 -0.00852 0.00000 -0.00639
4306.629 -0.00959 0.00107 -0.00639
4306.634 -0.00107 -0.00320 0.00107
4306.639 -0.00426 -0.00213 0.00426
4306.644 -0.00320 -0.00746 0.00000
4306.649 -0.00533 -0.00426 0.00746
4306.654 0.00533 -0.00426 -0.00107
4306.659 0.01065 -0.00426 -0.00320
4306.664 -0.00320 0.00000 -0.00533
4306.669 -0.00213 0.00000 0.00000
4306.674 -0.00959 -0.00213 0.00852
4306.679 -0.00533 -0.00639 -0.00426
4306.684 0.00213 0.00320 -0.00959
4306.689 0.00320 0.00852 -0.00213
4306.694 0.00107 -0.00320 -0.00107
4306.699 -0.00320 0.00000 0.00107
4306.704 -0.00533 -0.00320 0.00107
4306.709 -0.00533 0.00213 0.00213
4306.714 -0.00107 -0.00959 -0.00533
4306.719 -0.00107 -0.00426 0.00959
4306.724 -0.00746 -0.00426 -0.00426
4306.729 -0.00320 -0.01065 -0.00426
4306.734 0.00320 -0.00320 0.00107
4306.739 -0.00746 -0.00426 -0.00746
4306.744 -0.01385 -0.00746 0.00107
4306.749 -0.00746 -0.00746 0.00000
4306.754 0.00533 -0.00426 0.00320
4306.759 -0.00213 0.00000 -0.00213
4306.764 0.00213 -0.00426 0.00000
4306.769 0.00426 -0.00213 -0.00426
4306.774 -0.00320 -0.00213 -0.00746
4306.779 -0.01704 -0.00746 0.00320
4306.785 -0.00426 -0.00533 0.00320
4306.790 0.01065 -0.00107 -0.00213
4306.795 -0.00107 0.00000 0.00000
4306.800 0.00320 0.00107 -0.00426
4306.805 -0.00320 0.00107 0.00213
4306.810 -0.00426 0.00426 -0.00107
4306.815 -0.00213 -0.00107 -0.00320
4306.820 -0.00533 0.00107 0.00000
4306.825 0.00213 0.00320 0.00213
4306.830 0.00320 0.00107 0.00000
4306.835 0.00107 -0.00426 0.00320
4306.840 -0.00852 -0.00533 -0.00639
4306.845 0.00000 0.00107 0.00213
4306.850 0.00000 0.00639 -0.00426
4306.855 -0.00426 0.00320 -0.00426
4306.860 -0.00320 0.00320 0.00533
4306.865 -0.00320 0.00000 0.00000
4306.870 0.00000 0.00320 -0.00107
4306.875 -0.01385 0.00000 0.00320
4306.880 0.00639 0.00107 0.00000
4306.885 -0.00213 -0.00533 0.00213
4306.890 0.00000 -0.00852 0.00426
4306.895 0.00213 -0.00959 -0.00213
4306.900 -0.00213 0.00320 -0.00426
4306.905 -0.01278 -0.00959 -0.00426
4306.910 0.00426 0.00107 -0.00426
4306.915 0.00959 -0.00533 -0.00213
4306.920 0.00533 -0.00320 -0.01172
4306.926 -0.00107 0.00000 0.00000
4306.931 -0.00746 0.00107 0.00320
4306.936 -0.00533 0.00000 -0.00107
4306.941 0.00320 0.00000 0.00320
4306.946 -0.00533 -0.00746 -0.01278
4306.951 -0.00107 -0.00107 0.00107
4306.956 -0.00852 -0.00533 0.00426
4306.961 -0.01278 -0.00107 -0.00107
4306.966 -0.00746 0.00426 -0.01065
4306.971 0.00320 -0.00213 -0.00320
4306.976 -0.00213 0.00320 0.00426
4306.981 0.00000 -0.00746 0.00107
4306.986 -0.00320 -0.00533 -0.00959
4306.991 0.00000 0.00426 -0.00639
4306.996 -0.00107 0.00533 0.00000
4307.001 0.00107 -0.00107 -0.00426
4307.006 0.00000 -0.00426 0.00320
4307.011 -0.01278 -0.01172 -0.00426
4307.016 0.00000 -0.00426 0.00426
4307.021 -0.00213 -0.00426 0.00000
4307.026 -0.00746 -0.00320 0.00852
4307.031 -0.00320 0.00000 -0.00213
4307.036 -0.01278 -0.00213 -0.00213
4307.041 0.00213 0.00000 0.00746
4307.046 -0.00533 -0.00320 -0.00746
4307.051 0.00746 -0.00107 0.00426
4307.056 0.00000 -0.00639 -0.01598
4307.061 -0.00959 0.00000 0.00213
4307.066 -0.00426 -0.00107 -0.00533
4307.071 -0.00639 0.00639 -0.00639
4307.077 -0.00213 0.00000 -0.00852
4307.082 -0.00213 0.00320 -0.00426
4307.087 0.00107 0.00320 0.00533
4307.092 0.00746 -0.00213 0.00959
4307.097 0.00320 0.00746 0.00000
4307.102 -0.00426 -0.00426 0.00000
4307.107 0.00107 -0.01065 -0.00107
4307.112 0.00107 -0.00426 -0.00533
4307.117 0.00213 0.00320 -0.00639
4307.122 0.00107 0.00107 0.00000
4307.127 -0.01278 0.00000 -0.00639
4307.132 -0.01278 -0.00639 0.00426
4307.137 -0.00320 0.00000 -0.00107
4307.142 0.00107 -0.01172 -0.00426
4307.147 -0.00213 -0.00107 -0.00213
4307.152 0.00107 -0.00639 -0.00320
4307.157 -0.00213 -0.01278 -0.00852
4307.162 0.00213 -0.00213 0.00000
4307.167 0.00746 0.00000 0.00000
4307.172 0.00426 -0.00533 -0.00213
4307.177 0.00107 -0.00426 0.00639
4307.182 -0.00426 0.00320 0.00639
4307.187 -0.00107 -0.00320 0.00746
4307.192 -0.00320 -0.00852 -0.00959
4307.197 -0.00533 -0.00107 -0.00107
4307.202 0.00107 -0.00959 0.00426
4307.207 -0.00426 0.00320 -0.00533
4307.212 0.00533 0.00107 0.00320
4307.217 -0.00746 0.00426 -0.00213
4307.222 -0.00320 -0.01598 -0.00320
4307.227 -0.00107 0.00107 -0.00959
4307.232 0.00426 0.00746 -0.00107
4307.237 0.00320 -0.00426 0.01065
4307.242 0.00213 -0.00426 0.00213
4307.248 -0.00746 0.00213 0.00000
4307.253 -0.00107 -0.00320 -0.00320
4307.258 -0.00959 0.00533 0.00320
4307.263 -0.00746 -0.00852 0.00213
4307.268 0.00426 -0.01385 -0.00426
4307.273 -0.00320 -0.00107 0.00320
4307.278 0.00107 0.00959 0.00213
4307.283 -0.00107 0.00107 0.00639
4307.288 0.01065 -0.00213 -0.00107
4307.293 0.00320 -0.00533 0.00639
4307.298 -0.01065 -0.00213 -0.00533
4307.303 -0.00533 -0.01278 0.00213
4307.308 0.00426 -0.00107 0.00000
4307.313 -0.00107 0.00000 -0.00320
4307.318 -0.00533 0.00107 -0.00426
4307.323 -0.00320 -0.00533 -0.00107
4307.328 0.00426 0.00000 -0.01385
4307.333 -0.01491 -0.00107 0.00000
4307.338 0.00639 0.00533 -0.00213
4307.343 -0.00320 0.00320 0.00107
4307.348 -0.01172 -0.00320 -0.00746
4307.353 -0.00107 0.00959 -0.00213
4307.358 0.00320 0.00107 0.00533
4307.363 0.00000 0.00320 -0.00426
4307.368 0.00746 0.00000 -0.00213
4307.373 0.00000 -0.00107 0.00533
4307.378 0.00746 -0.00213 -0.00107
4307.383 -0.00320 0.00426 0.00639
4307.388 0.00746 -0.00426 -0.00426
4307.393 0.01065 -0.00639 0.00107
4307.398 -0.00107 -0.00639 -0.00107
4307.403 0.00000 0.00426 0.00107
4307.408 0.00000 0.00107 0.00000
4307.413 -0.00639 -0.00426 0.00107
4307.419 -0.00426 -0.00746 -0.00213
4307.424 0.00426 -0.00746 -0.00533
4307.429 -0.00533 0.00107 -0.00639
4307.434 0.00320 -0.00213 -0.00639
4307.439 0.00533 -0.01278 0.00426
4307.444 0.00533 -0.00107 0.00426
4307.449 -0.00533 -0.00320 0.00107
4307.454 -0.00213 -0.00426 -0.00426
4307.459 -0.00320 -0.00107 0.00852
4307.464 -0.00426 -0.00213 -0.00426
4307.469 -0.00533 -0.00746 0.00107
4307.474 -0.00320 0.00426 -0.00213
4307.479 -0.00533 -0.00639 -0.01172
4307.484 -0.00320 -0.00107 -0.00107
4307.489 0.00000 -0.00320 -0.00107
4307.494 0.00107 0.00213 0.00000
4307.499 -0.00213 -0.00426 -0.00533
4307.504 0.00213 -0.00320 0.00000
4307.509 0.00746 0.00533 0.00213
4307.514 0.00107 -0.00639 -0.00107
4307.519 0.00959 0.00320 -0.00213
4307.524 -0.00426 -0.00213 0.00320
4307.529 -0.00213 -0.01172 -0.00213
4307.534 -0.00426 0.00213 -0.00213
4307.539 -0.00320 -0.00213 -0.01065
4307.544 0.00213 0.00000 0.00213
4307.549 0.00320 0.00107 0.00320
4307.554 0.01065 0.00213 0.00000
4307.559 0.00852 -0.01065 -0.00107
4307.564 0.00213 -0.00320 0.00000
4307.570 -0.00746 -0.00746 -0.00533
4307.575 -0.00426 -0.01065 -0.00213
4307.580 -0.00746 -0.00213 0.00320
4307.585 -0.00533 0.00107 0.00000
4307.590 0.00000 -0.00746 0.00320
4307.595 0.00533 0.00000 -0.00533
4307.600 -0.01704 -0.00746 0.00213
4307.605 0.00639 -0.01065 0.00213
4307.610 0.00959 0.00533 -0.00746
4307.615 -0.01385 0.00639 0.00320
4307.620 -0.00107 0.00107 -0.00852
4307.625 -0.00213 -0.00107 0.00213
4307.630 0.00533 0.00320 -0.00426
4307.635 0.00639 -0.00639 -0.00852
4307.640 0.00000 -0.00213 0.00107
4307.645 0.00320 0.00107 0.00426
4307.650 0.00107 0.00107 -0.00426
4307.655 -0.00213 -0.00107 0.00000
4307.660 0.00746 0.00000 0.00000
4307.665 -0.00320 -0.00533 0.00213
4307.670 -0.00852 -0.00213 0.00320
4307.675 0.00213 -0.01065 -0.00639
4307.680 -0.00533 0.00426 -0.00213
4307.685 0.00426 0.00213 -0.00213
4307.690 0.00426 -0.00107 0.00000
4307.695 0.00533 0.00746 -0.00213
4307.700 -0.00746 -0.00213 0.00426
4307.705 -0.00213 0.00533 -0.00426
4307.710 -0.00320 0.00000 -0.00533
4307.715 -0.00426 -0.00107 -0.00852
4307.720 -0.00320 -0.00426 0.00213
4307.725 -0.01065 -0.00213 0.00639
4307.730 -0.00107 0.00639 -0.00213
4307.735 -0.00426 0.00107 0.00107
4307.740 0.00000 0.00959 0.00000
4307.745 -0.01065 0.00959 -0.00639
4307.750 0.00320 -0.00426 0.00426
4307.755 -0.00426 0.00213 -0.00426
4307.761 -0.00213 0.00426 0.00000
4307.766 0.01065 0.00000 0.00746
4307.771 0.00639 -0.00213 -0.00533
4307.776 -0.00639 -0.00213 0.00000
4307.781 0.00000 0.00213 0.00533
4307.786 -0.00639 0.00213 0.00213
4307.791 0.00533 0.00213 0.00320
4307.796 -0.00746 -0.00852 -0.00533
4307.801 0.00000 0.00107 -0.00213
4307.806 -0.00533 0.00746 0.00426
4307.811 -0.00107 -0.00533 0.00000
4307.816 0.00000 -0.00107 0.00000
4307.821 -0.00107 -0.00746 -0.00533
4307.826 -0.00639 0.00320 0.00213
4307.831 -0.00107 -0.00533 0.00107
4307.836 -0.00213 0.00426 0.00320
4307.841 -0.00533 -0.00213 -0.00107
4307.846 0.00639 -0.00533 0.00213
4307.851 -0.00426 0.00213 0.00639
4307.856 -0.01811 -0.00639 -0.00959
4307.861 -0.00213 0.00107 0.00320
4307.866 -0.00320 0.00107 0.00000
4307.871 -0.00320 0.00639 0.00213
4307.876 0.00213 0.00320 0.00639
4307.881 -0.00533 -0.00320 -0.00107
4307.886 0.00426 -0.00107 0.00320
4307.892 0.00639 -0.00213 0.00000
4307.896 0.00213 -0.00959 -0.00426
4307.902 -0.00107 -0.00639 -0.00533
4307.907 -0.00533 -0.00639 -0.00320
4307.912 0.00107 -0.00533 0.00533
4307.917 0.00426 -0.00107 0.00107
4307.922 -0.00213 -0.00320 -0.00426
4307.927 0.00426 0.00000 0.00533
4307.932 0.00000 -0.00639 0.00107
4307.937 0.00107 0.00320 -0.00639
4307.942 0.00107 -0.00746 0.00213
4307.947 0.00107 -0.00639 -0.00639
4307.952 -0.00213 0.00426 0.00107
4307.957 0.00320 0.00533 0.00320
4307.962 -0.00639 0.00213 -0.00213
4307.967 0.00320 -0.00213 0.00426
4307.972 0.00320 -0.00320 0.00639
4307.977 -0.00639 0.00639 -0.00107
4307.982 0.00533 0.00426 0.00107
4307.987 -0.00213 -0.00639 -0.01065
4307.992 -0.00426 -0.00639 0.00107
4307.997 0.00426 -0.00213 0.01065
4308.002 -0.00852 -0.00213 0.00533
4308.007 0.00000 0.00959 0.00213
4308.012 -0.00426 -0.00107 -0.00107
4308.017 0.00213 0.00746 0.00000
4308.022 -0.00959 -0.00852 0.00639
4308.027 0.00533 -0.01065 -0.00426
4308.032 0.00852 0.00213 0.00213
4308.037 -0.00426 -0.00426 0.00533
4308.042 0.00107 0.00000 0.00639
4308.047 -0.00533 -0.01065 0.00107
4308.052 -0.00107 -0.00533 -0.01172
4308.057 0.00320 0.00533 0.01065
4308.063 -0.00426 -0.00320 0.00107
4308.068 -0.00746 -0.01065 0.00000
4308.073 0.00746 -0.00107 -0.00213
4308.078 0.00213 0.00000 -0.00426
4308.083 -0.00426 -0.00426 0.00107
4308.088 0.00639 0.00000 -0.00746
4308.093 -0.00639 -0.00746 0.00107
4308.098 0.00000 0.00213 0.00746
4308.103 -0.01065 0.00107 0.00000
4308.108 0.00320 -0.00639 -0.00320
4308.113 0.00000 0.00000 0.00639
4308.118 0.00213 -0.00213 0.00320
4308.123 0.00320 0.00746 -0.00107
4308.128 0.00107 -0.00639 0.00213
4308.133 0.00000 0.00426 -0.00533
4308.138 0.00746 -0.00426 0.00000
4308.143 0.00426 -0.00320 -0.00320
4308.148 0.00000 0.00639 0.00320
4308.153 -0.00426 0.00852 -0.00746
4308.158 0.00639 0.00000 -0.00533
4308.163 0.01065 0.00746 -0.00639
4308.168 -0.00213 -0.01811 -0.00213
4308.173 0.00107 0.00107 -0.00213
4308.178 0.00639 -0.00213 0.00000
4308.183 -0.00320 0.00107 -0.00320
4308.188 -0.00107 0.00320 -0.00533
4308.193 -0.00852 0.00000 -0.00107
4308.198 -0.00426 0.00213 0.00000
4308.203 -0.00533 0.00320 -0.00320
4308.208 0.00000 0.00107 -0.00639
4308.214 -0.00107 -0.00533 -0.00959
4308.219 0.00000 0.00426 -0.00213
4308.224 -0.00107 -0.00746 -0.00533
4308.229 0.01172 -0.00213 -0.00426
4308.234 0.00959 0.00320 -0.00426
4308.239 -0.01385 -0.00533 0.00000
4308.244 -0.00213 -0.01278 -0.00107
4308.249 -0.00426 0.01172 -0.00107
4308.254 -0.00639 -0.00320 -0.00746
4308.259 -0.00213 0.00000 -0.00107
4308.264 -0.00639 -0.00639 -0.00320
4308.269 -0.00320 0.00000 -0.00639
4308.274 0.00000 0.00213 -0.00426
4308.279 0.00746 -0.01172 0.00107
4308.284 0.00000 0.00107 0.00213
4308.289 -0.00426 -0.00533 0.00213
4308.294 0.00426 0.00107 0.00320
4308.299 0.00000 0.00320 0.00107
4308.304 0.00533 0.00000 -0.00746
4308.309 0.00320 0.00000 0.00000
4308.314 -0.00639 -0.00213 0.00213
4308.319 0.00000 -0.00426 -0.00320
4308.324 0.00746 -0.00107 0.00213
4308.329 0.00320 -0.00213 -0.00107
4308.334 0.00533 -0.00107 -0.00426
4308.339 -0.00746 0.00107 0.00320
4308.344 0.00426 -0.00213 0.00107
4308.349 -0.00107 0.00320 -0.00213
4308.354 -0.00107 -0.00533 -0.01278
4308.359 0.00746 -0.00746 0.00213
4308.364 -0.01385 -0.00213 -0.00746
4308.369 0.00000 0.00426 0.00107
4308.374 -0.00746 -0.00533 -0.00213
4308.379 -0.00639 0.00320 -0.00107
4308.384 0.00107 -0.00213 0.00000
4308.389 -0.00426 -0.00746 0.00213
4308.395 0.00533 0.00746 0.00320
4308.400 0.00107 0.00213 0.00426
4308.405 0.00213 0.00639 0.01917
4308.410 -0.01491 -0.00852 -0.00320
4308.415 -0.00746 0.00320 -0.00426
4308.420 -0.00213 0.00107 -0.00746
4308.425 -0.00533 -0.01065 0.00320
4308.430 0.00639 -0.00639 -0.00213
4308.435 0.00746 0.00213 0.00639
4308.440 -0.00107 0.00000 0.00107
4308.445 0.00320 -0.00320 -0.00107
4308.450 0.00213 -0.01172 0.00107
4308.455 0.00000 0.00000 0.00107
4308.460 -0.00107 -0.00107 0.00320
4308.465 0.00107 -0.00107 0.00000
4308.470 0.00639 -0.00213 0.00000
4308.475 -0.00746 -0.00107 -0.00213
4308.480 -0.00107 -0.00107 0.00213
4308.485 0.00213 0.00213 -0.00320
4308.490 0.00959 0.00533 0.00213
4308.495 -0.00426 0.00959 0.00426
4308.500 0.00426 -0.00320 -0.00320
4308.505 0.00000 -0.00639 0.00213
4308.510 0.00000 0.00000 0.00213
4308.515 0.00426 0.00426 0.00320
4308.520 -0.00426 -0.00852 -0.00320
4308.525 0.00000 0.00320 0.00426
4308.530 -0.00320 -0.00426 -0.00852
4308.535 0.00852 -0.00107 -0.00426
4308.540 -0.00213 0.00107 0.00000
4308.545 0.00213 0.00959 -0.00213
4308.550 0.00107 0.00213 0.00213
4308.555 0.00213 0.00107 0.00213
4308.560 -0.00213 -0.00746 -0.00746
4308.565 -0.00746 -0.00107 0.00000
4308.570 0.00533 -0.01172 0.00000
4308.575 -0.01065 -0.00213 -0.00213
4308.580 -0.00107 -0.00639 -0.00320
4308.586 0.00852 0.00639 -0.00426
4308.591 0.01065 0.00000 -0.00320
4308.596 0.00107 -0.00213 0.00213
4308.601 -0.00107 -0.00213 0.00000
4308.606 0.00000 -0.00320 0.00213
4308.611 0.00000 -0.00320 0.00533
4308.616 -0.00213 -0.00639 -0.00213
4308.621 0.00000 0.01065 0.00213
4308.626 0.00213 0.00213 0.00533
4308.631 -0.00107 -0.00107 -0.00852
4308.636 -0.00426 -0.00320 0.00213
4308.641 0.00000 0.00426 0.00426
4308.646 -0.00107 0.00000 0.00320
4308.651 0.00107 0.00533 0.00107
4308.656 0.00213 0.00320 0.00000
4308.661 -0.00213 -0.00639 0.00000
4308.666 0.00320 -0.00107 -0.00320
4308.671 -0.00213 0.00639 -0.00959
4308.676 0.00639 -0.00107 -0.00107
4308.681 -0.00320 0.00426 -0.00213
4308.686 -0.00320 -0.00213 -0.01172
4308.691 0.00107 -0.00213 -0.00426
4308.696 -0.00107 -0.01385 -0.00746
4308.701 0.00320 -0.00426 0.00000
4308.707 0.00320 -0.00533 -0.00746
4308.712 -0.00107 -0.00533 0.00320
4308.717 0.00320 -0.00533 0.00213
4308.722 0.00213 0.00000 -0.00426
4308.727 0.00426 0.00000 0.00533
4308.732 -0.00213 0.00320 0.00213
4308.737 -0.00533 0.00000 0.00320
4308.742 -0.00213 -0.00426 0.01491
4308.747 0.00107 -0.00107 0.00213
4308.752 0.00107 0.02131 -0.00320
4308.757 -0.00852 -0.00533 -0.00213
4308.762 -0.00639 -0.01491 -0.03302
4308.767 -0.00639 -0.00852 -0.02557
4308.772 0.00213 -0.01811 -0.00213
4308.777 0.00107 -0.00320 -0.00533
4308.782 0.00213 0.00320 0.00320
4308.787 0.00746 -0.01172 0.00000
4308.792 0.00533 -0.00107 -0.00533
