4310.417 0.00426 -0.00213 -0.00213
4310.422 -0.00213 -0.00213 -0.00426
4310.427 -0.00746 0.00639 0.00320
4310.432 -0.00213 0.00320 0.00000
4310.437 -0.01704 -0.00746 -0.00107
4310.442 -0.00320 0.00107 -0.00426
4310.447 -0.00213 0.00746 0.00107
4310.452 0.00000 -0.00213 0.00107
4310.457 -0.00107 -0.00426 -0.01065
4310.462 0.00639 -0.00959 0.00213
4310.467 -0.00213 0.00107 -0.00426
4310.472 0.00213 0.00746 -0.00959
4310.477 0.00107 -0.00320 -0.00639
4310.482 0.01278 -0.00107 0.00320
4310.487 -0.00533 -0.01065 -0.00746
4310.492 -0.00426 0.00000 -0.00426
4310.497 -0.00426 -0.00107 -0.00320
4310.502 -0.00320 0.00000 0.00000
4310.508 -0.00107 0.00000 0.00107
4310.512 -0.01278 -0.00426 -0.00320
4310.518 0.00320 -0.00320 0.00107
4310.523 0.00107 -0.00533 0.00000
4310.528 0.00107 0.00639 0.00320
4310.533 -0.00320 0.00426 0.00000
4310.538 0.00426 0.00959 0.00320
4310.543 -0.00107 -0.00639 0.00107
4310.548 0.00213 -0.00213 0.00000
4310.553 0.00107 0.00320 -0.00320
4310.558 0.00000 0.00426 -0.00639
4310.563 0.00639 -0.00959 0.00213
4310.568 0.00000 0.00320 0.00000
4310.573 -0.00107 0.00426 -0.00320
4310.578 0.00426 0.00639 -0.00107
4310.583 -0.00639 -0.00320 0.00213
4310.588 -0.00533 -0.00320 -0.01598
4310.593 0.00213 0.00000 -0.00426
4310.598 -0.00639 -0.00639 0.00533
4310.603 -0.00213 0.00000 0.00107
4310.608 -0.00426 -0.00320 -0.00213
4310.613 -0.00426 0.00426 0.00107
4310.618 -0.00213 -0.01491 -0.00213
4310.623 -0.00320 0.00000 -0.00426
4310.628 -0.00852 -0.00426 -0.00959
4310.633 0.00426 -0.01065 0.00000
4310.638 0.00320 0.00533 -0.00746
4310.643 -0.00426 0.00213 0.00000
4310.648 0.00107 -0.00213 -0.00533
4310.653 -0.00533 -0.01172 -0.00639
4310.658 0.00213 0.00213 -0.00320
4310.663 0.00213 -0.00533 -0.00107
4310.668 -0.00639 0.00107 -0.01172
4310.673 -0.00320 -0.00107 -0.00746
4310.678 -0.00426 0.00000 0.00426
4310.683 -0.00426 -0.00639 0.00000
4310.689 -0.00746 -0.00533 0.00320
4310.694 -0.00107 0.00107 0.00213
4310.699 -0.00213 0.00426 -0.00320
4310.704 -0.00639 -0.00213 0.00213
4310.709 0.00107 -0.00213 0.00852
4310.714 -0.00213 -0.00320 -0.00533
4310.719 -0.00107 -0.00213 -0.00107
4310.724 -0.00213 -0.00320 0.00320
4310.729 -0.00107 -0.01811 0.00213
4310.734 0.00533 0.00213 0.00746
4310.739 -0.00107 -0.00959 0.00213
4310.744 -0.00533 0.00107 -0.00533
4310.749 -0.00213 0.00533 0.00213
4310.754 -0.00533 0.00107 -0.00320
4310.759 -0.00213 -0.00320 0.00213
4310.764 0.00213 0.00000 0.00000
4310.769 -0.00533 -0.00320 0.00959
4310.774 0.00426 0.00639 -0.00320
4310.779 -0.00213 0.00000 0.00000
4310.784 0.00533 0.00320 -0.00320
4310.789 -0.00107 -0.00533 0.00107
4310.794 -0.00746 0.00107 -0.00320
4310.799 0.00426 -0.00426 0.00426
4310.804 -0.00320 0.00639 0.00213
4310.809 -0.00320 -0.01704 -0.00639
4310.814 0.00107 -0.00213 0.00320
4310.819 -0.00639 0.00000 0.00107
4310.824 0.00320 -0.01065 0.01065
4310.829 0.00639 -0.00320 -0.00639
4310.834 -0.00533 -0.00533 0.00000
4310.840 -0.00320 0.00107 -0.00320
4310.845 0.00213 0.00320 0.00000
4310.850 -0.00639 -0.00639 0.00000
4310.855 -0.00107 -0.00320 -0.00107
4310.860 -0.00426 -0.00320 0.00852
4310.865 -0.00107 0.00000 0.00107
4310.870 0.00320 -0.00320 -0.00852
4310.875 -0.00959 -0.00426 0.00213
4310.880 -0.00426 -0.01704 -0.00213
4310.885 -0.01065 -0.00320 0.00426
4310.890 0.00639 0.00426 0.00213
4310.895 -0.00107 0.00320 -0.00213
4310.900 0.00639 0.00426 0.00107
4310.905 0.00533 -0.00746 -0.00426
4310.910 -0.00533 -0.00639 0.00107
4310.915 -0.00107 -0.00852 -0.00107
4310.920 -0.00320 -0.00107 -0.00213
4310.925 0.00320 -0.00959 -0.00533
4310.930 -0.00639 -0.00639 0.00320
4310.935 0.00107 -0.00320 0.00426
4310.940 -0.00107 -0.00213 -0.00746
4310.945 0.00852 -0.00533 0.00746
4310.950 0.00107 0.00213 -0.00852
4310.955 0.00107 -0.00533 -0.00107
4310.960 -0.00533 -0.00852 -0.00852
4310.965 -0.00213 0.00107 0.00320
4310.970 -0.00639 -0.00533 0.00746
4310.975 -0.00107 -0.00213 0.00000
4310.980 0.00852 -0.00107 -0.00213
4310.985 -0.01172 0.00639 -0.00107
4310.990 -0.00639 0.00852 0.00426
4310.995 0.00426 0.00959 0.00000
4311.000 0.00533 -0.00426 -0.00426
4311.005 0.00852 -0.00746 0.00639
4311.011 0.00107 0.00000 -0.00426
4311.015 -0.00320 -0.00107 0.00107
4311.021 -0.01065 0.00000 -0.00533
4311.026 0.00426 0.00639 -0.00320
4311.031 0.00320 0.00639 -0.00426
4311.036 0.00107 0.00852 -0.00426
4311.041 -0.00320 0.00213 0.00000
4311.046 -0.00320 -0.01278 0.00320
4311.051 -0.00320 0.00000 0.00213
4311.056 0.00533 -0.00213 0.00000
4311.061 -0.00107 0.00426 -0.00213
4311.066 0.00320 -0.01065 -0.00746
4311.071 0.00533 0.00746 0.00959
4311.076 -0.00107 -0.00320 0.00213
4311.081 0.00533 0.00213 0.00000
4311.086 -0.00426 0.00107 -0.00107
4311.091 -0.00320 0.00000 0.00000
4311.096 -0.00107 -0.00533 0.00533
4311.101 -0.00107 0.00533 -0.00852
4311.106 0.00107 0.00426 -0.00213
4311.111 -0.00852 0.00533 0.00213
4311.116 0.00746 -0.00107 -0.00852
4311.121 -0.00213 -0.00107 0.00107
4311.126 0.00320 -0.00533 0.00107
4311.131 -0.00639 0.00000 0.00000
4311.136 -0.00426 -0.00426 -0.00107
4311.141 -0.00852 0.00852 -0.00107
4311.146 0.00107 0.01065 0.00000
4311.151 0.00213 -0.00107 0.00320
4311.156 0.00533 -0.00426 0.00000
4311.161 -0.00213 0.00320 -0.01172
4311.166 -0.00213 -0.00213 -0.00107
4311.171 -0.00426 -0.00107 -0.00107
4311.176 -0.00213 -0.00426 0.00426
4311.181 -0.00533 -0.00213 0.00107
4311.186 -0.00533 -0.00426 0.00426
4311.192 0.00213 -0.00320 0.00000
4311.197 0.00533 -0.01704 -0.00426
4311.202 -0.00746 0.00000 -0.00107
4311.207 0.00107 -0.00213 0.00426
4311.212 -0.00533 0.00000 -0.00533
4311.217 0.00959 -0.00533 0.00213
4311.222 0.00000 -0.00746 -0.00533
4311.227 0.00213 -0.00852 -0.00213
4311.232 -0.00639 -0.00426 -0.00107
4311.237 -0.00107 -0.00533 0.00000
4311.242 -0.00639 -0.00213 -0.00852
4311.247 -0.00746 0.00107 -0.00107
4311.252 0.00320 -0.00320 0.00107
4311.257 -0.00107 0.00639 -0.00533
4311.262 0.00107 -0.01385 0.00000
4311.267 -0.00533 -0.00213 -0.00107
4311.272 -0.00213 -0.00746 -0.00639
4311.277 0.00000 -0.01172 -0.00639
4311.282 -0.00426 0.00000 -0.00107
4311.287 -0.00213 0.00213 -0.00320
4311.292 0.00213 0.00533 0.00000
4311.297 0.00213 -0.00213 0.00213
4311.302 0.00213 0.00533 -0.00107
4311.307 0.00107 -0.00213 -0.00320
4311.312 0.00107 0.00107 -0.00320
4311.317 0.00639 -0.00746 -0.00320
4311.322 -0.00533 -0.00533 -0.00213
4311.327 0.00320 0.00107 -0.00107
4311.332 0.00852 0.00639 0.00000
4311.337 0.00426 -0.00320 0.00426
4311.343 -0.00107 -0.00107 0.00213
4311.348 0.00213 -0.00426 -0.00746
4311.353 -0.00746 -0.01172 -0.00426
4311.358 -0.00426 0.00107 -0.00107
4311.363 0.00107 -0.00107 -0.00533
4311.368 0.00000 -0.00533 -0.00426
4311.373 -0.00533 0.00107 0.00107
4311.378 0.00746 0.00213 -0.00320
4311.383 0.00107 -0.01065 0.00213
4311.388 0.00426 -0.00320 0.00000
4311.393 -0.00746 -0.00320 -0.00213
4311.398 0.00320 -0.00107 -0.00213
4311.403 -0.00320 -0.00426 0.00320
4311.408 0.00000 -0.00213 -0.00639
4311.413 -0.00213 0.00959 -0.00533
4311.418 -0.00426 -0.01385 0.00000
4311.423 0.00426 0.00533 -0.00107
4311.428 -0.00533 0.00426 -0.00320
4311.433 -0.00320 -0.00213 0.00000
4311.438 -0.00426 -0.00426 -0.00320
4311.443 0.00533 -0.00746 -0.00320
4311.448 0.00213 -0.00320 -0.00107
4311.454 -0.00213 0.01065 -0.00320
4311.458 0.00107 -0.00639 0.00000
4311.464 0.00426 0.00000 0.00107
4311.469 -0.00320 -0.00639 -0.00426
4311.474 -0.00746 0.00107 -0.00213
4311.479 -0.00533 -0.00639 -0.00533
4311.484 -0.00107 -0.00426 0.00426
4311.489 -0.00533 -0.01172 -0.01065
4311.494 -0.00426 0.00533 -0.00639
4311.499 0.00426 -0.00107 0.00000
4311.504 0.00852 0.00213 -0.00320
4311.509 -0.00320 0.00000 0.00000
4311.514 0.00852 0.01385 0.00213
4311.519 -0.00746 -0.00107 -0.00426
4311.524 0.00000 -0.00639 0.00426
4311.529 -0.00213 0.00320 0.00533
4311.534 -0.00107 0.00639 -0.00639
4311.539 -0.00107 -0.00852 -0.00213
4311.544 -0.01172 -0.00852 -0.00320
4311.549 0.00107 -0.00426 0.00107
4311.554 -0.00320 0.00000 -0.01172
4311.559 -0.00107 -0.00746 -0.00426
4311.564 -0.00426 -0.00426 -0.00533
4311.569 0.00213 -0.00107 -0.00213
4311.574 0.00320 0.00639 0.00000
4311.579 -0.00213 -0.00426 0.00639
4311.584 -0.00533 0.00426 -0.00426
4311.589 -0.00426 0.00000 -0.00639
4311.594 0.00426 0.00213 0.00639
4311.599 -0.00533 -0.00426 0.00107
4311.604 0.00213 0.00213 0.00320
4311.609 -0.00639 0.00000 -0.00426
4311.615 0.00107 -0.00533 0.00426
4311.620 0.00107 -0.00107 0.00320
4311.625 -0.00213 -0.00639 -0.00852
4311.630 0.00320 -0.00213 -0.00213
4311.635 0.00000 -0.00107 0.00213
4311.640 0.00000 -0.01491 -0.00107
4311.645 -0.00639 0.00852 0.00320
4311.650 -0.00320 0.00107 -0.00533
4311.655 -0.00426 0.00000 -0.00213
4311.660 -0.00746 -0.00213 -0.00213
4311.665 -0.00746 -0.00320 -0.00320
4311.670 -0.00213 0.00107 0.00852
4311.675 0.00000 0.00107 -0.00320
4311.680 -0.00320 0.00426 -0.01065
4311.685 0.00000 0.00426 0.00107
4311.690 -0.01065 -0.00426 -0.00107
4311.695 0.00000 0.00213 -0.00959
4311.700 0.00320 0.00000 -0.00107
4311.705 0.00213 -0.00213 0.00107
4311.710 0.00000 -0.00213 0.00107
4311.715 -0.00320 0.00426 -0.00213
4311.720 -0.01172 -0.00639 0.00000
4311.725 0.00959 -0.00852 0.00852
4311.730 -0.00533 -0.01172 0.00213
4311.735 -0.00107 -0.00107 -0.00213
4311.740 0.00533 0.00639 0.00000
4311.745 -0.00320 -0.00426 -0.00107
4311.750 0.00746 0.00000 0.00107
4311.755 0.00959 0.01065 -0.00426
4311.760 0.00746 -0.00639 0.00107
4311.765 0.00320 0.00213 -0.00852
4311.770 -0.00320 0.00533 0.00639
4311.775 -0.00107 -0.00959 0.00533
4311.780 -0.00213 0.00533 0.01065
4311.786 0.00852 0.00639 -0.00213
4311.791 0.00213 0.00320 -0.00746
4311.796 0.00426 0.00426 0.00533
4311.801 0.00426 0.00852 -0.00107
4311.806 -0.00320 -0.00107 -0.00426
4311.811 -0.01065 -0.00107 -0.00320
4311.816 -0.00213 0.00107 0.00426
4311.821 0.00320 0.00213 -0.00959
4311.826 -0.00320 -0.00852 -0.00320
4311.831 -0.00107 0.00426 -0.00213
4311.836 -0.00320 -0.00107 0.00000
4311.841 -0.00959 0.00320 0.00107
4311.846 -0.00426 0.00000 -0.00959
4311.851 0.00746 0.00320 -0.00213
4311.856 0.00426 0.00107 -0.00107
4311.861 0.00107 0.01065 -0.00107
4311.866 -0.00533 -0.00320 0.00107
4311.871 -0.00639 0.00746 -0.00213
4311.876 -0.01385 -0.00426 0.00107
4311.881 -0.00426 0.00533 -0.00320
4311.886 0.00107 -0.00639 0.01065
4311.891 -0.00320 0.00213 -0.00107
4311.896 0.00000 0.00107 -0.00213
4311.901 -0.00426 0.00533 -0.00107
4311.906 -0.00639 -0.00533 0.00320
4311.911 -0.00213 -0.00426 -0.00107
4311.916 -0.00746 0.00320 -0.01172
4311.921 0.00107 -0.00107 0.00000
4311.926 0.01172 0.00533 -0.00107
4311.931 -0.00533 0.00107 -0.00746
4311.936 0.00426 -0.00639 0.00000
4311.941 -0.00533 0.00426 0.00000
4311.947 0.00533 0.00107 -0.00107
4311.952 0.00107 0.00107 -0.00533
4311.957 0.00320 -0.00746 -0.01172
4311.962 -0.00533 0.00320 0.00746
4311.967 0.00213 -0.00426 -0.00213
4311.972 0.00213 0.00213 0.00320
4311.977 -0.00320 0.00426 0.00107
4311.982 -0.00533 0.00533 -0.00213
4311.987 -0.00426 0.00107 0.00533
4311.992 -0.00533 -0.01065 0.00107
4311.997 0.00000 0.00213 -0.00320
4312.002 -0.00533 0.00213 -0.00426
4312.007 0.00852 0.00213 -0.00320
4312.012 -0.00852 -0.00852 -0.00107
4312.017 -0.00533 -0.00426 0.00533
4312.022 -0.00107 0.01172 0.00000
4312.027 -0.00959 -0.00213 0.00213
4312.032 0.00426 -0.00639 0.00000
4312.037 0.00426 0.00426 0.00000
4312.042 -0.00746 -0.00426 -0.00852
4312.047 -0.00213 0.00000 0.00000
4312.052 -0.00639 -0.00320 -0.01065
4312.057 -0.00320 -0.00639 0.00000
4312.062 -0.01065 -0.00213 -0.00213
4312.067 0.00533 -0.00107 -0.00213
4312.072 -0.01172 -0.00426 0.00000
4312.077 -0.00320 -0.00533 0.00320
4312.082 0.00320 -0.00107 0.00426
4312.087 -0.00533 -0.00639 0.00320
4312.092 0.00320 -0.01065 0.01065
4312.097 -0.00533 0.00000 0.00000
4312.102 0.00320 -0.00533 0.00213
4312.108 0.00320 -0.01065 -0.00213
4312.113 -0.00320 0.00000 0.00426
4312.118 0.00426 0.00320 0.00320
4312.123 -0.00320 -0.00639 0.00639
4312.128 -0.00746 -0.00320 0.00213
4312.133 -0.00533 -0.00959 -0.00213
4312.138 0.00213 0.00320 0.00320
4312.143 0.00213 -0.00426 0.00000
4312.148 -0.00320 0.00107 -0.00213
4312.153 -0.00639 -0.00426 0.00107
4312.158 -0.00959 -0.00107 -0.00426
4312.163 -0.01278 -0.00107 0.00533
4312.168 -0.00213 0.00000 -0.00533
4312.173 -0.00852 0.00107 0.00426
4312.178 0.00107 0.00639 -0.00320
4312.183 -0.00533 -0.00426 -0.01278
4312.188 0.00000 -0.00426 0.00533
4312.193 -0.00320 -0.00426 -0.00213
4312.198 0.00320 0.00426 -0.00852
4312.203 0.00107 0.00426 0.00000
4312.208 0.00746 0.00320 0.00426
4312.213 -0.00107 0.00107 0.00213
4312.218 -0.00533 0.00426 -0.00107
4312.223 -0.00852 -0.00639 -0.00533
4312.228 0.00320 0.00426 -0.00746
4312.233 -0.00107 0.00533 -0.00320
4312.238 0.00533 0.00000 -0.00533
4312.243 -0.00320 -0.00639 -0.00639
4312.248 -0.00107 0.00000 -0.00639
4312.253 -0.00852 0.00213 -0.00213
4312.258 -0.00107 0.00426 -0.00320
4312.263 -0.00213 -0.00426 -0.00320
4312.268 0.00639 -0.00533 -0.00107
4312.273 0.00213 -0.00533 -0.00639
4312.279 0.00107 0.00000 0.00000
4312.284 0.00320 0.00000 -0.00320
4312.289 -0.00746 0.00000 -0.00426
4312.294 0.01065 -0.00107 0.00000
4312.299 0.00213 -0.00213 0.01065
4312.304 -0.00213 -0.00533 -0.00213
4312.309 0.00213 0.00426 -0.00107
4312.314 -0.00639 -0.00426 -0.00746
4312.319 0.00746 -0.00213 -0.00213
4312.324 -0.00107 0.00639 -0.00320
4312.329 -0.00426 0.00107 -0.00107
4312.334 0.00533 0.00639 0.01491
4312.339 0.00213 -0.00746 -0.01172
4312.344 -0.00213 -0.00639 -0.01811
4312.349 0.00533 -0.00639 0.00000
4312.354 -0.00213 0.00426 -0.00107
4312.359 0.00000 -0.00533 0.00426
4312.364 0.00533 -0.00320 -0.00533
4312.369 -0.00426 0.00320 0.00852
4312.374 0.00852 0.00213 -0.00320
4312.379 0.00746 0.00000 0.00852
4312.384 0.00320 -0.00959 -0.00533
4312.389 -0.00426 -0.00426 -0.02237
4312.394 0.00320 -0.00426 -0.00213
4312.399 0.00000 -0.00320 -0.00107
4312.404 -0.00746 0.00320 -0.01278
4312.409 0.00533 0.00426 -0.00107
4312.414 0.00107 0.00000 -0.00213
4312.419 -0.00533 -0.00107 -0.00746
4312.424 0.00000 0.00746 0.00320
4312.430 -0.00213 -0.00959 -0.00213
4312.435 -0.00426 -0.00639 -0.01491
4312.440 -0.00746 0.00107 -0.00639
4312.445 0.00320 0.00320 -0.00320
4312.450 0.00426 -0.00107 0.00213
4312.455 -0.00639 0.00213 0.00000
4312.460 0.00213 -0.00852 0.00213
4312.465 -0.00852 0.00000 -0.00426
4312.470 0.00746 0.00852 -0.00533
4312.475 0.00320 0.00426 0.00533
4312.480 0.00000 0.00852 0.00107
4312.485 0.00213 -0.00107 -0.00533
4312.490 0.00213 0.00426 0.00852
4312.495 0.00000 -0.00746 -0.00746
4312.500 -0.00320 0.00107 0.00320
4312.505 0.00320 0.00533 0.00320
4312.510 -0.00320 -0.00533 -0.00107
4312.515 -0.00426 -0.00533 0.00107
4312.520 -0.00746 0.00107 -0.00213
4312.525 0.00000 0.00746 0.00107
4312.530 -0.00426 -0.00426 0.00000
4312.535 -0.00320 0.00107 0.00107
4312.540 0.00000 0.00320 -0.00533
4312.545 -0.01172 -0.00959 0.00426
4312.550 -0.00213 -0.00426 0.00000
4312.555 0.00320 -0.00426 0.00107
4312.560 0.00320 -0.00533 0.00107
4312.565 0.00213 0.00320 -0.00746
4312.570 -0.00107 -0.00213 0.00107
4312.575 -0.00213 0.01065 -0.00107
4312.581 0.00852 -0.00746 0.00639
4312.586 -0.01172 0.00107 -0.00107
4312.591 -0.00107 0.00000 0.00639
4312.596 0.00320 -0.00639 -0.00213
4312.601 0.00000 -0.00213 -0.00213
4312.606 -0.00852 0.00107 0.00000
4312.611 0.00639 -0.00213 -0.00320
4312.616 -0.00213 -0.00533 -0.00426
4312.621 -0.00533 0.00639 -0.00213
4312.626 -0.00213 0.00000 -0.00426
4312.631 -0.00639 -0.01491 0.00213
4312.636 0.00959 -0.00213 -0.00533
4312.641 0.00426 0.00533 -0.00213
4312.646 0.01491 0.00000 0.00000
4312.651 0.00107 0.00000 0.00320
4312.656 -0.00746 0.01172 0.00000
4312.661 -0.01172 0.00533 0.00213
4312.666 0.00213 0.00320 -0.00533
4312.671 0.00426 0.00213 0.00107
4312.676 0.00000 -0.00426 0.00107
4312.681 0.00213 -0.00852 0.00746
4312.686 0.00000 0.00213 0.00639
4312.691 -0.00746 0.01598 -0.00533
4312.696 -0.00213 0.00107 -0.00959
4312.701 -0.00533 -0.00213 0.00107
4312.706 0.00107 0.00639 0.00746
4312.711 -0.00107 -0.00107 -0.00426
4312.716 -0.01172 0.00639 0.00533
4312.721 0.00107 0.00107 0.00000
4312.726 -0.00107 -0.00107 0.00000
4312.731 0.00320 -0.00959 0.00107
4312.736 -0.00107 -0.00746 0.00000
4312.741 0.00746 0.00426 -0.00107
4312.746 -0.00426 -0.00426 -0.00533
4312.752 0.00107 -0.00107 -0.00107
4312.757 0.00000 0.00107 0.00000
4312.762 -0.00213 -0.00533 -0.00959
4312.767 0.00320 0.00107 -0.00426
4312.772 -0.01065 0.00320 0.00533
4312.777 -0.00426 -0.00852 -0.00426
4312.782 0.00000 -0.00533 0.00107
4312.787 -0.00107 -0.00320 0.00000
4312.792 0.00320 -0.00426 0.00320
4312.797 0.00107 -0.00107 -0.00746
4312.802 -0.00320 0.00533 0.00107
4312.807 -0.00426 -0.00213 -0.00213
4312.812 -0.00107 -0.00320 0.00320
4312.817 -0.00639 -0.00746 -0.00639
4312.822 -0.00213 -0.00852 -0.01065
4312.827 0.00107 0.00213 -0.00213
4312.832 -0.00213 -0.00320 0.00000
4312.837 -0.00213 -0.00533 -0.00213
4312.842 -0.00426 -0.00320 0.00000
4312.847 -0.00426 0.00959 0.00107
4312.852 -0.00852 -0.00107 0.01065
4312.857 0.00852 0.00107 -0.00746
4312.862 -0.00213 -0.00107 -0.00213
4312.867 0.00213 -0.00746 0.00107
4312.872 -0.00107 -0.00746 -0.00426
4312.877 -0.00107 0.00000 -0.00213
4312.882 -0.00426 0.00107 0.00639
4312.887 -0.00639 -0.00107 -0.00533
4312.892 -0.00639 -0.00320 0.00426
4312.897 0.00000 -0.00320 -0.00533
4312.902 -0.00213 -0.00426 0.00213
4312.907 0.00000 -0.00639 0.00213
4312.912 0.00213 -0.00107 0.00320
4312.917 -0.01065 -0.00213 0.00533
4312.922 0.00000 0.00000 -0.00533
4312.927 -0.00213 -0.00959 -0.00107
4312.933 0.00320 -0.00533 0.00000
4312.938 0.01172 0.00107 0.00107
4312.943 -0.00426 0.00426 0.00107
4312.948 0.00852 -0.00213 0.00213
4312.953 -0.00852 0.00000 0.00213
4312.958 0.00320 0.00000 0.00213
4312.963 -0.00533 -0.00320 -0.00320
4312.968 -0.00107 0.00320 0.00426
4312.973 -0.00320 -0.00107 0.00000
4312.978 0.00426 0.00533 0.00320
4312.983 0.00213 -0.00320 0.00213
4312.988 -0.00426 -0.00213 0.00320
4312.993 -0.00852 -0.00639 0.00000
4312.998 -0.00533 -0.00533 -0.00639
4313.003 -0.00107 -0.00959 0.00639
4313.008 -0.00639 -0.00213 0.00746
4313.013 -0.00107 -0.00107 0.00533
4313.018 -0.01065 -0.00639 0.01172
4313.023 -0.00107 -0.00320 -0.00107
4313.028 0.00852 0.00320 0.00000
4313.033 -0.00533 0.00213 -0.00959
4313.038 -0.00426 -0.01278 0.00320
4313.043 -0.00320 -0.00746 0.00213
4313.048 0.00107 -0.00852 0.00213
4313.053 0.01491 -0.00639 -0.00107
4313.058 0.00000 -0.00107 -0.00107
4313.063 -0.00426 -0.00533 -0.00746
4313.068 0.00533 0.00639 0.00000
4313.073 -0.00107 0.00213 0.00107
4313.078 0.00746 -0.00852 -0.00213
4313.083 0.00320 0.01172 0.00213
4313.088 0.00746 0.00000 0.00107
4313.093 -0.00320 -0.00533 0.00426
4313.098 -0.00320 -0.00959 -0.01065
4313.103 -0.00533 -0.00320 0.00320
4313.108 -0.00639 -0.00320 -0.00426
4313.113 0.00107 -0.00320 -0.00426
4313.118 -0.00320 0.00533 -0.00107
4313.123 0.00213 -0.00107 0.00639
4313.128 0.00959 0.01385 0.00426
4313.133 0.00000 0.00533 -0.00426
4313.138 -0.00213 0.00107 0.00213
4313.144 0.00639 0.00000 -0.00852
4313.149 -0.00107 -0.00213 -0.00213
4313.154 0.00320 0.00107 0.00533
4313.159 0.00000 -0.00746 -0.00213
4313.164 -0.00320 -0.00320 0.00320
4313.169 0.00213 0.00533 0.00959
4313.174 0.00107 -0.00213 -0.00426
4313.179 0.00107 0.00107 0.00320
4313.184 -0.00320 -0.01065 -0.00107
4313.189 0.00533 0.00107 -0.00320
4313.194 -0.00320 -0.00746 0.00213
4313.199 -0.00107 -0.00426 0.00639
4313.204 -0.00533 -0.00533 0.00426
4313.209 0.00000 -0.00107 -0.00107
4313.214 -0.00213 0.00639 -0.00213
4313.219 0.00000 -0.00746 -0.00639
4313.224 0.00639 0.00852 -0.00107
4313.229 -0.00426 -0.00213 0.00107
4313.234 0.00213 -0.00107 -0.00852
4313.239 0.01065 -0.00107 0.00320
4313.244 -0.00320 -0.00426 0.00426
4313.249 -0.00426 -0.00746 -0.00746
4313.255 -0.00107 -0.00107 0.00746
4313.260 -0.00320 -0.00107 0.00000
4313.265 -0.00959 -0.00320 -0.00746
4313.270 -0.00320 -0.00320 0.00107
4313.275 0.00426 0.00107 -0.00426
4313.280 0.00000 -0.00107 -0.00107
4313.285 0.00107 -0.00107 0.00107
4313.290 -0.00213 -0.00320 0.00000
4313.295 -0.00213 -0.00533 0.00320
4313.300 -0.00533 -0.01385 0.00426
4313.305 0.00746 -0.00639 0.00426
4313.310 0.00426 -0.00426 0.00533
4313.315 0.00746 -0.00107 -0.00426
4313.320 -0.00746 0.00213 0.00746
4313.325 0.00320 -0.00213 0.00533
4313.330 0.00320 -0.00107 0.00107
4313.335 0.00107 -0.00107 -0.00533
4313.340 0.00426 -0.00426 0.00107
4313.345 0.00107 0.00213 -0.00852
4313.350 0.00639 0.00533 0.00746
4313.355 -0.00107 -0.00320 0.00213
4313.360 -0.00533 -0.00639 -0.00213
4313.365 0.00000 -0.00533 0.00213
4313.370 0.00426 -0.00639 0.00000
4313.375 0.00213 -0.00213 -0.00533
4313.380 -0.00213 -0.00107 0.00320
4313.385 -0.01065 -0.00107 0.00533
4313.390 0.00533 -0.00213 0.00533
4313.396 -0.01491 -0.00213 -0.00213
4313.400 -0.00533 -0.00533 -0.00320
4313.406 0.00639 -0.00107 -0.00852
4313.411 0.00320 -0.00852 -0.00959
4313.416 -0.00533 0.00107 -0.00533
4313.421 -0.00320 0.00107 0.00213
4313.426 -0.00852 -0.00639 0.00533
4313.431 0.00426 0.00000 0.00107
4313.436 0.00000 0.00107 0.00000
4313.441 0.00426 -0.00639 0.00000
4313.446 -0.00533 0.00107 -0.00320
4313.451 -0.00107 0.00426 0.00000
4313.456 -0.00213 0.00639 -0.00639
4313.461 -0.00213 -0.00426 -0.00213
4313.466 -0.00426 0.00426 0.00213
4313.471 0.00320 -0.00107 0.00107
4313.476 0.00320 -0.00213 0.00213
4313.481 -0.00320 -0.00213 0.00000
4313.486 -0.00320 0.00213 -0.00213
4313.491 -0.01278 -0.00213 -0.00639
4313.496 -0.00959 -0.00213 0.00320
4313.501 0.00213 -0.00639 -0.00320
4313.506 0.00213 -0.00533 0.00213
4313.511 0.00959 0.00213 0.00639
4313.516 -0.00213 0.00639 -0.00213
4313.521 -0.00213 -0.01065 0.00107
4313.526 0.00213 0.00852 -0.00213
4313.531 0.01598 0.00533 0.00107
4313.536 0.00000 0.00000 -0.00213
4313.541 0.00107 -0.00107 0.00426
4313.546 -0.00533 -0.00533 0.00000
4313.551 -0.00533 -0.00746 -0.00107
4313.557 -0.01065 -0.00639 -0.00746
4313.562 0.00639 -0.00107 0.00000
4313.567 -0.00107 0.00000 0.00107
4313.572 -0.01704 0.00107 -0.00533
4313.577 0.00000 -0.00426 -0.01491
4313.582 -0.00746 0.00426 0.00107
4313.587 -0.00533 -0.00213 0.00320
4313.592 -0.00426 0.00426 -0.00746
4313.597 -0.00320 0.00213 -0.00107
4313.602 0.00533 0.00000 -0.00746
4313.607 -0.01065 -0.00533 -0.00213
4313.612 0.00320 -0.00746 -0.00213
4313.617 -0.00320 0.00213 0.00533
4313.622 -0.00746 -0.00320 0.01065
4313.627 0.00533 0.00852 0.00639
4313.632 0.00426 -0.00959 -0.00213
4313.637 0.00213 0.00746 0.00639
4313.642 0.00000 0.00107 -0.00213
4313.647 0.00213 0.00000 -0.00320
4313.652 -0.00320 0.00426 0.00107
4313.657 0.00426 -0.00213 -0.00107
4313.662 -0.00959 -0.00213 -0.00639
4313.667 -0.00107 -0.00107 0.00533
4313.672 -0.00959 -0.00533 0.00107
4313.677 0.00107 0.00213 0.00107
4313.682 -0.00639 -0.00426 -0.00533
4313.687 0.00000 0.00533 0.00533
4313.692 -0.00107 -0.00426 -0.00852
4313.697 -0.00107 0.00107 0.00000
4313.702 -0.00959 -0.00959 -0.00746
4313.707 -0.00107 -0.00426 -0.00533
4313.712 -0.00533 0.00320 0.00426
4313.717 -0.00320 0.00426 0.00320
4313.722 -0.01278 -0.00533 0.00000
4313.728 -0.00426 0.00000 -0.00533
4313.733 0.00000 0.00426 -0.00639
4313.738 0.00639 -0.00426 -0.00533
4313.743 0.00533 -0.01172 -0.00426
4313.748 0.00639 0.00852 0.00320
4313.753 0.00107 -0.00107 0.00213
4313.758 0.00320 0.00107 -0.00213
4313.763 -0.00746 -0.00852 0.00107
4313.768 -0.00107 0.00000 -0.00533
4313.773 0.00320 0.00320 -0.00426
4313.778 0.00107 0.01385 -0.00533
4313.783 -0.00320 0.00746 -0.00746
4313.788 -0.00426 -0.00320 -0.00320
4313.793 -0.00320 -0.00426 -0.00320
4313.798 -0.00426 0.00000 -0.00320
4313.803 -0.00213 0.00213 -0.00213
4313.808 -0.00320 -0.00213 0.00426
4313.813 0.00320 0.00107 -0.00213
4313.818 -0.00107 -0.00213 -0.00213
4313.823 0.00959 0.00000 0.00746
4313.828 -0.01598 0.00533 0.00107
4313.833 0.00639 -0.00107 -0.00107
4313.838 -0.00746 0.00107 -0.00107
4313.843 0.00213 -0.00320 -0.00213
4313.848 0.00107 -0.00426 0.00000
4313.853 -0.00107 0.00000 -0.00107
4313.858 -0.00533 0.00107 0.00213
4313.863 -0.00320 0.00426 0.00000
4313.868 -0.00107 -0.00639 -0.00639
4313.873 0.00213 0.00213 0.00107
4313.879 0.00000 0.00000 -0.00107
4313.884 0.00000 0.00320 0.00000
4313.889 0.00320 -0.00639 -0.00426
4313.894 -0.01065 0.00000 -0.00959
4313.899 -0.01065 -0.00852 0.00000
4313.904 -0.00639 0.00107 0.00107
4313.909 0.01385 0.00320 -0.00320
4313.914 -0.00426 -0.00320 -0.00639
4313.919 -0.00426 -0.00320 -0.00320
4313.924 -0.00320 -0.00639 0.00320
4313.929 0.00213 0.00639 -0.00320
4313.934 -0.00107 -0.01172 -0.00320
4313.939 -0.00107 -0.00107 0.00320
4313.944 -0.00213 -0.00107 -0.00320
4313.949 0.00746 0.00213 -0.00107
4313.954 -0.00639 0.00107 0.00107
4313.959 0.00959 0.00213 0.00213
4313.964 0.00213 0.00000 0.00426
4313.969 -0.00107 0.01172 -0.00533
4313.974 -0.00533 -0.00746 -0.01385
4313.979 -0.00213 -0.00746 -0.00746
4313.984 -0.00107 -0.01065 0.00426
4313.989 -0.00852 0.00426 0.00639
4313.994 0.00320 -0.00213 -0.00426
4313.999 -0.00320 -0.00746 0.00852
4314.004 -0.00320 -0.00746 0.00107
4314.009 0.00000 0.00000 0.00639
4314.014 0.00213 -0.00639 0.00213
4314.019 -0.00213 0.00000 0.00426
4314.024 -0.00426 -0.00426 0.00000
4314.029 -0.00639 -0.00426 -0.00213
4314.034 0.00639 -0.00533 -0.00107
4314.039 -0.00852 0.00107 -0.00213
4314.044 -0.00107 0.00533 0.00107
4314.049 -0.00320 0.01065 0.00320
4314.054 -0.00213 -0.00213 -0.00213
4314.060 -0.00213 -0.01172 0.00107
4314.065 -0.00746 -0.00107 0.00533
4314.070 -0.00639 0.00426 -0.00320
4314.075 0.01385 0.00213 -0.01065
4314.080 -0.00107 -0.00107 -0.00213
4314.085 0.00107 -0.00107 -0.00213
4314.090 -0.00639 -0.00959 0.00107
4314.095 -0.00852 0.00320 0.00000
4314.100 0.00746 0.00107 -0.00746
4314.105 0.00000 -0.00533 -0.00320
4314.110 0.00213 0.00000 -0.00533
4314.115 -0.00533 -0.00639 0.00213
4314.120 -0.00320 -0.00426 0.00000
4314.125 0.00000 -0.01278 0.00107
4314.130 0.00213 0.00426 0.00107
4314.135 0.00000 -0.00426 0.00000
4314.140 -0.00213 0.00426 -0.00426
4314.145 -0.00533 0.00426 0.00426
4314.150 -0.00107 -0.00426 0.00213
4314.155 -0.00426 -0.00639 -0.00959
4314.160 -0.00107 0.00426 0.00320
4314.165 -0.00852 0.00213 0.00959
4314.170 -0.00426 0.00000 -0.00213
4314.175 -0.00213 0.00426 -0.00107
4314.180 -0.00426 0.00107 -0.00746
4314.185 -0.00213 -0.00426 -0.00320
4314.190 0.00746 0.00213 0.00533
4314.195 -0.00959 0.00107 -0.00107
4314.200 -0.00746 0.00107 0.00213
4314.205 -0.00107 -0.00107 -0.00107
4314.210 -0.00533 0.00213 -0.00746
4314.215 0.00213 0.00639 0.00213
4314.221 -0.00426 -0.00320 -0.00107
4314.225 0.00959 -0.00533 0.00107
4314.231 0.00000 -0.00639 -0.00213
4314.236 -0.00426 -0.00533 -0.00533
4314.241 0.00533 0.00000 -0.00213
4314.246 0.00959 -0.00639 0.00000
4314.251 0.00959 -0.00533 0.00213
4314.256 -0.00107 -0.00426 -0.00107
4314.261 -0.00959 0.00320 0.00213
4314.266 0.00000 0.00746 0.00000
4314.271 0.00213 -0.00107 -0.00107
4314.276 -0.00533 -0.00426 -0.00213
4314.281 -0.00107 -0.00107 0.00746
4314.286 -0.01065 0.00107 0.00000
4314.291 0.00852 0.00000 -0.00320
4314.296 -0.00213 -0.00320 -0.00320
4314.301 0.00426 -0.00533 -0.00320
4314.306 -0.01172 -0.00852 0.00213
4314.311 -0.00213 0.00000 0.00213
4314.316 0.00426 -0.00320 -0.00213
4314.321 0.00320 0.00426 0.00107
4314.326 -0.00320 -0.00533 -0.00852
4314.331 0.00320 -0.00533 -0.00213
4314.336 0.00746 0.00213 0.00639
4314.341 0.00213 -0.00426 -0.00107
4314.346 0.00320 -0.00426 -0.00213
4314.351 0.00213 0.00000 -0.00107
4314.356 0.00320 0.00213 0.00639
4314.361 0.00107 0.00213 -0.00107
4314.366 -0.00213 0.00000 -0.00533
4314.372 0.00000 0.00746 0.00000
4314.377 -0.00746 0.01172 0.00000
4314.382 0.00426 0.00000 -0.00107
4314.387 0.00533 -0.00852 -0.00426
4314.392 -0.00107 -0.00213 0.00746
4314.397 0.00107 -0.00107 -0.00320
4314.402 -0.00746 0.00320 0.00533
4314.407 -0.00959 0.00000 0.00426
4314.412 0.00639 0.01491 0.01172
4314.417 0.00639 0.00213 0.00746
4314.422 0.00426 -0.00746 0.00107
4314.427 0.00107 -0.00426 -0.00107
4314.432 -0.00959 -0.00746 0.00426
4314.437 0.00000 -0.00320 0.00000
4314.442 -0.00107 0.00107 -0.00533
4314.447 -0.00426 0.00000 -0.00533
4314.452 -0.00320 0.00213 0.00000
4314.457 0.00107 0.00639 -0.00213
4314.462 0.00639 -0.00959 0.00000
4314.467 0.00426 -0.00320 0.00639
4314.472 0.00107 -0.00320 0.00320
4314.477 0.00107 -0.00213 -0.00107
4314.482 -0.00533 0.00213 0.00107
4314.487 0.00000 -0.00533 -0.00320
4314.492 0.00107 0.00959 -0.00213
4314.497 0.00213 0.01172 -0.00639
4314.502 0.00959 0.00213 -0.00107
4314.507 0.00107 0.00213 0.00107
4314.512 0.00320 -0.00639 0.00213
4314.517 -0.00107 0.00000 0.00213
4314.522 -0.00107 0.00213 0.00426
4314.527 0.00426 -0.00107 -0.00213
4314.532 0.00852 0.00000 -0.00320
4314.537 0.00852 0.00426 0.00213
4314.542 -0.00746 0.00320 -0.00107
4314.547 0.00320 0.00000 0.00213
4314.552 -0.00533 0.00213 0.00213
4314.557 -0.00426 -0.00107 -0.00533
4314.563 -0.00959 -0.00213 -0.00213
4314.568 0.00213 0.00107 -0.00107
4314.573 -0.00639 -0.00746 0.00107
4314.578 0.00426 -0.00107 -0.00320
4314.583 0.00959 0.00107 0.00213
4314.588 -0.00426 -0.00426 0.00320
4314.593 -0.00107 0.00746 -0.00852
4314.598 0.00639 0.00426 0.00639
4314.603 -0.00639 -0.00426 0.00320
4314.608 -0.00959 0.00107 -0.00426
4314.613 -0.00852 -0.01598 -0.00107
4314.618 -0.00213 0.00533 -0.01065
4314.623 -0.00107 -0.00320 -0.00320
4314.628 -0.00639 0.00000 -0.00320
4314.633 -0.00320 -0.00639 -0.00426
4314.638 0.00000 -0.00107 0.00107
4314.643 0.00000 -0.01065 -0.00533
4314.648 -0.01278 0.00533 -0.00852
4314.653 0.00852 0.00426 -0.00426
4314.658 0.00639 0.00320 -0.00426
4314.663 -0.00107 -0.00320 -0.00107
4314.668 0.00213 -0.00533 0.00107
4314.673 -0.00639 -0.00959 -0.00852
4314.678 0.00639 0.00107 0.00107
4314.683 0.00213 0.01385 0.00852
4314.688 -0.00213 0.00320 -0.00426
4314.693 -0.00213 0.00107 -0.00107
4314.698 0.00107 0.00533 -0.00533
4314.704 -0.00639 -0.00320 0.00426
4314.708 -0.00639 0.00320 0.00746
4314.714 -0.00320 0.00639 -0.00426
4314.719 -0.00320 0.00213 -0.00852
4314.724 -0.00213 -0.00213 0.00533
4314.729 -0.00213 0.00639 -0.00852
4314.734 -0.00107 0.00320 -0.00320
4314.739 0.00000 -0.00426 -0.00639
4314.744 -0.00213 0.00746 0.00639
4314.749 0.00852 0.00107 -0.00639
4314.754 -0.00213 -0.00852 0.00107
4314.759 0.00639 -0.00320 -0.00213
4314.764 -0.00533 -0.00320 -0.00107
4314.769 0.00426 -0.00320 0.00852
4314.774 0.00533 0.00320 0.00213
4314.779 -0.00533 -0.00426 0.00000
4314.784 0.00213 0.00213 0.00639
4314.789 0.00426 -0.00213 0.00000
4314.794 -0.00639 0.00426 0.00000
4314.799 0.00107 -0.00639 0.00107
4314.804 0.00746 0.00426 0.00213
4314.809 -0.00533 0.00213 -0.00320
4314.814 0.00320 0.00107 -0.00959
4314.819 -0.00107 -0.00107 -0.00320
4314.824 0.00533 -0.01278 0.00000
4314.829 0.00107 -0.00639 -0.00426
4314.834 -0.00639 -0.00107 -0.01172
4314.839 -0.00533 -0.00426 0.00107
4314.844 0.00320 -0.00746 -0.00107
4314.849 0.00959 -0.00107 0.00000
4314.854 0.00320 0.00107 -0.00107
4314.859 0.00213 -0.00746 0.00213
4314.864 0.00107 -0.01172 0.00213
4314.869 0.00107 0.00426 -0.00213
4314.875 -0.00213 0.00746 -0.00320
4314.880 0.00107 0.00107 0.00639
4314.885 -0.00426 -0.00533 0.00320
4314.890 0.00000 0.00746 0.00107
4314.895 -0.00639 0.00000 -0.00320
4314.900 0.00213 -0.00852 -0.00533
4314.905 0.00000 0.00107 0.00213
4314.910 -0.00426 0.00533 0.00107
4314.915 0.00000 -0.00213 -0.00426
4314.920 0.00320 0.00000 0.00320
4314.925 -0.00426 -0.00959 0.00000
4314.930 -0.00107 0.00426 0.00107
4314.935 -0.00746 0.00213 -0.00426
4314.940 -0.00213 -0.00320 0.00107
4314.945 -0.00639 0.00000 -0.00426
4314.950 0.01278 -0.00533 0.00000
4314.955 0.00107 -0.00426 0.00320
4314.960 0.00639 -0.00320 -0.00533
4314.965 -0.00639 -0.00107 -0.00959
4314.970 0.00639 0.00533 0.00320
4314.975 0.00000 -0.00320 0.00426
4314.980 -0.00320 -0.00426 0.00000
4314.985 -0.00639 -0.00107 -0.00426
4314.990 0.00107 0.00107 0.00320
4314.995 -0.00852 -0.00320 0.00320
4315.000 -0.00107 -0.00426 -0.00213
4315.005 0.00426 0.00000 -0.00213
4315.010 -0.00213 0.00213 0.01278
4315.015 0.00639 -0.00426 0.00107
4315.020 0.00000 0.01065 -0.00852
4315.026 -0.00320 0.00000 0.00426
4315.031 0.00533 -0.00107 -0.00533
4315.036 -0.00320 0.00000 -0.00320
4315.041 -0.00426 0.00107 0.00213
4315.046 -0.00533 0.00000 -0.00533
4315.051 -0.00533 -0.00213 -0.00107
4315.056 -0.00639 -0.00639 0.00107
4315.061 0.00533 -0.00320 0.00320
4315.066 -0.00533 0.00000 0.01491
4315.071 -0.00533 -0.00852 -0.00107
4315.076 -0.00320 -0.00213 0.00107
4315.081 0.00000 -0.00320 -0.00213
4315.086 -0.00213 0.00000 0.00213
4315.091 0.00213 -0.00426 -0.00107
4315.096 0.00852 -0.00320 0.00107
4315.101 0.00746 0.00000 0.00639
4315.106 -0.00107 0.00107 -0.00639
4315.111 0.00000 -0.00107 0.00320
4315.116 0.00320 -0.00320 -0.00320
4315.121 0.00320 0.00639 -0.00107
4315.126 -0.00320 0.00107 0.00000
4315.131 0.00000 -0.00639 -0.01172
4315.136 -0.00213 -0.00426 -0.00213
4315.141 -0.00320 -0.00213 0.00320
4315.146 -0.00320 0.00746 -0.01385
4315.151 0.00000 -0.00852 -0.00213
4315.156 -0.00639 -0.00320 0.00320
4315.161 0.00320 0.00426 0.00746
4315.166 -0.00426 0.00639 0.00000
4315.171 0.00320 -0.00320 -0.00107
4315.176 0.00746 -0.00107 -0.00107
4315.181 -0.00213 0.00000 0.00320
4315.186 0.00213 -0.00639 -0.00426
4315.191 -0.00426 -0.00639 -0.00426
4315.196 -0.00426 0.00213 0.00107
4315.201 -0.01172 0.00320 -0.00533
4315.206 -0.00959 -0.00213 -0.00746
4315.211 0.00320 0.00320 0.00000
4315.217 0.00213 -0.00320 -0.00213
4315.222 -0.00320 -0.00320 0.00000
4315.227 0.00533 0.00107 -0.00426
4315.232 0.00213 -0.00426 0.00426
4315.237 0.00107 -0.00852 -0.00426
4315.242 0.01065 -0.01278 -0.00320
4315.247 -0.00213 0.00746 -0.00107
4315.252 0.00639 -0.00533 0.00213
4315.257 -0.00320 0.00107 0.00107
4315.262 -0.00639 -0.00213 -0.00107
4315.267 -0.00533 0.00533 -0.00426
4315.272 0.00000 -0.00959 0.00639
4315.277 0.00746 -0.00426 -0.00107
4315.282 -0.00320 -0.00959 -0.01385
4315.287 0.00107 -0.00426 0.00213
4315.292 0.00639 0.00213 -0.00746
4315.297 0.00320 0.00000 0.00107
4315.302 0.00213 0.00107 0.00746
4315.307 0.00426 -0.00426 0.00000
4315.312 -0.00639 0.00213 0.00959
4315.317 0.00320 -0.01491 0.00320
4315.322 -0.00852 0.00107 -0.00426
4315.327 -0.00213 -0.00746 -0.00639
4315.332 0.00213 0.00107 -0.00213
4315.337 0.00000 0.00320 0.00746
4315.342 -0.00320 -0.00320 -0.00107
4315.348 0.00107 0.00533 -0.00107
4315.353 -0.00533 -0.00320 -0.00213
4315.358 0.01065 0.00107 0.00320
4315.363 0.00000 0.00639 0.00000
4315.368 -0.00213 0.00000 -0.00107
4315.373 -0.00320 -0.00107 0.01065
4315.378 -0.00639 -0.00213 -0.00320
4315.383 0.00639 0.00852 0.00533
4315.388 -0.00639 0.00320 -0.00107
4315.393 -0.00639 0.00320 -0.00533
4315.398 0.01385 0.00959 -0.00426
4315.403 -0.00746 -0.00533 0.00000
4315.408 -0.00320 -0.00213 -0.00533
4315.413 0.00000 0.00000 0.00426
4315.418 -0.00213 -0.00639 0.00533
4315.423 -0.00213 -0.00107 -0.00639
4315.428 -0.00426 0.01917 -0.00107
4315.433 -0.00320 0.00320 -0.00107
4315.438 -0.00107 0.00213 0.00426
4315.443 -0.00533 -0.00213 0.00852
4315.448 0.00426 0.00320 -0.00213
4315.453 -0.00426 -0.00213 0.00426
4315.458 0.00000 0.00639 -0.00107
4315.463 -0.01065 0.00107 -0.00107
4315.468 0.00639 -0.00213 -0.00107
4315.473 -0.00639 0.00107 -0.00107
4315.478 -0.00320 0.00107 -0.00533
4315.483 -0.00320 0.00000 -0.00533
4315.488 -0.00746 -0.00320 0.00533
4315.493 0.00426 -0.00320 -0.01491
4315.498 -0.00533 -0.00639 -0.00320
4315.503 0.00533 -0.00213 -0.00746
4315.508 -0.00107 0.00107 0.00213
4315.513 0.00107 -0.00213 -0.00426
4315.519 0.00533 0.00746 -0.00852
4315.524 0.00426 -0.00852 -0.00213
4315.529 0.01065 -0.00107 -0.00320
4315.534 -0.00426 0.00213 0.00533
4315.539 -0.00320 0.00000 -0.00533
4315.544 0.00000 -0.00533 0.00107
4315.549 -0.00426 -0.00533 -0.01065
4315.554 -0.00746 -0.00852 0.00320
4315.559 0.00852 -0.00746 -0.00639
4315.564 0.00533 -0.00320 0.00000
4315.569 -0.01065 -0.01065 -0.00639
4315.574 -0.00533 -0.00213 -0.00746
4315.579 0.00320 -0.00213 -0.00213
4315.584 0.00533 -0.00533 0.00107
4315.589 -0.00746 -0.00320 -0.00959
4315.594 -0.00320 0.00320 0.00213
4315.599 0.00000 0.00000 -0.00107
4315.604 -0.00320 -0.00852 0.00852
4315.609 0.00320 -0.00639 -0.00213
4315.614 -0.00213 -0.00852 0.00107
4315.619 -0.00213 -0.00213 -0.00533
4315.624 0.00533 -0.00213 -0.00107
4315.629 0.00107 -0.00107 0.00533
4315.634 -0.00426 -0.00746 -0.00107
4315.639 0.00000 -0.00426 0.00213
4315.644 -0.00213 0.00107 0.00107
4315.649 0.00426 -0.00852 -0.00426
4315.654 -0.00639 -0.00639 0.00213
4315.659 0.00320 -0.00533 0.00000
4315.664 0.00213 -0.00213 -0.00213
4315.670 -0.00533 -0.00107 0.00852
4315.674 0.00426 -0.00426 0.01065
4315.680 -0.00426 -0.00639 -0.00639
4315.685 0.00107 0.00320 -0.00320
4315.690 -0.00213 0.00320 0.00426
4315.695 0.00639 0.00000 -0.00107
4315.700 -0.00213 0.00213 -0.00426
4315.705 0.00320 -0.00426 -0.00320
4315.710 -0.00107 0.00320 -0.00107
4315.715 -0.00213 -0.00107 0.00639
4315.720 -0.00107 -0.00746 0.00213
4315.725 -0.00426 0.00426 0.00213
4315.730 -0.00320 -0.00107 -0.00213
4315.735 0.00746 0.00746 0.00639
4315.740 -0.00320 0.00107 -0.00959
4315.745 -0.00639 -0.00320 -0.00107
4315.750 0.00320 -0.00213 -0.00213
4315.755 0.00000 -0.00852 0.00107
4315.760 0.00213 -0.00533 0.00320
4315.765 -0.01278 -0.00426 -0.00533
4315.770 0.00000 -0.00746 0.00852
4315.775 -0.00746 -0.00533 -0.00320
4315.780 -0.00213 -0.00426 0.00320
4315.785 -0.01065 0.00107 0.00107
4315.790 -0.00639 0.00533 -0.00107
4315.795 0.00320 -0.00746 -0.00320
4315.800 0.00533 0.00213 -0.00533
4315.805 -0.00320 0.00213 0.00320
4315.810 0.00107 -0.00320 -0.00107
4315.815 0.00959 0.00959 0.00533
4315.820 -0.00213 0.00320 0.00426
4315.825 0.01385 0.00000 -0.00107
4315.830 0.00426 -0.00533 -0.00852
4315.835 -0.00320 -0.00852 -0.00107
4315.841 -0.00213 0.00107 0.00533
4315.845 0.00852 0.00639 0.00107
4315.851 -0.00426 -0.00107 -0.00426
4315.856 -0.00320 -0.00107 -0.00426
4315.861 -0.00426 0.00533 -0.00107
4315.866 0.02237 -0.00107 0.00639
4315.871 -0.01598 -0.01172 -0.01065
4315.876 -0.00852 0.00959 0.00426
4315.881 0.00107 0.00426 0.00320
4315.886 0.00107 -0.00320 -0.00426
4315.891 0.00107 -0.00107 0.00000
4315.896 0.00533 -0.00533 -0.00959
4315.901 -0.00852 -0.00746 0.00320
4315.906 -0.00426 -0.00107 -0.00320
4315.911 -0.00213 -0.01385 0.00000
4315.916 -0.00533 -0.00213 0.00107
4315.921 0.00320 -0.00639 0.00107
4315.926 0.00533 0.00000 -0.00320
4315.931 0.00107 -0.00320 0.01065
4315.936 -0.00746 0.00213 -0.00320
4315.941 -0.00107 -0.00213 -0.00426
4315.946 0.00213 -0.00639 0.00107
4315.951 0.00107 0.00533 0.00107
4315.956 -0.00746 -0.00320 0.00320
4315.961 -0.00107 0.00000 0.00533
4315.966 -0.00639 0.00426 -0.00533
4315.971 -0.00107 -0.00533 -0.00213
4315.976 0.00107 -0.00213 0.00746
4315.981 -0.00107 0.00533 0.00533
4315.986 0.01065 0.00639 0.00000
4315.991 0.00746 0.00000 0.00213
4315.996 0.00320 0.00320 0.00107
4316.002 0.00107 -0.01065 -0.00426
4316.007 -0.00213 0.00426 -0.00320
4316.012 -0.00426 -0.00320 -0.00426
4316.017 0.00213 0.00000 0.00107
4316.022 0.00000 0.00746 0.00107
4316.027 -0.00213 -0.00107 -0.00320
4316.032 0.00000 0.00000 -0.00320
4316.037 -0.01598 -0.00426 -0.00320
4316.042 -0.00746 0.00213 0.00639
4316.047 0.00852 0.00107 0.00746
4316.052 -0.00426 -0.00959 0.00426
4316.057 -0.00852 -0.00639 -0.00213
4316.062 -0.00107 0.00746 0.00426
4316.067 -0.00746 -0.00533 0.00107
4316.072 -0.00213 -0.00533 -0.00213
4316.077 -0.00320 -0.01278 0.00213
4316.082 0.00213 0.00213 0.00852
4316.087 -0.00426 0.00000 -0.00213
4316.092 -0.00213 0.00426 0.00213
4316.097 0.00000 0.00746 -0.00320
4316.102 -0.00426 -0.00533 -0.00107
4316.107 -0.00852 -0.00213 -0.00213
4316.112 -0.01065 0.00213 0.00000
4316.117 -0.00426 -0.00107 -0.00426
4316.122 0.00533 -0.00320 0.00533
4316.127 0.00533 -0.00746 0.00000
4316.132 -0.00639 -0.00639 0.00000
4316.137 -0.00852 -0.00320 0.01065
4316.142 -0.00213 0.00320 -0.00213
4316.147 0.00426 0.00000 -0.00852
4316.153 0.00213 0.00426 -0.00533
4316.158 -0.00213 -0.00639 0.00426
4316.163 0.00320 0.00107 -0.00533
4316.168 -0.00320 0.00533 -0.00107
4316.173 -0.00426 -0.00533 -0.00213
4316.178 0.00320 0.00213 -0.00107
4316.183 0.00000 -0.01065 -0.00639
4316.188 -0.00107 -0.00213 0.00639
4316.193 0.00533 -0.00107 0.00000
4316.198 0.00852 0.00639 -0.00107
4316.203 -0.00746 -0.00639 -0.00107
4316.208 -0.00533 0.00000 0.00107
4316.213 -0.00533 -0.00107 0.00000
4316.218 -0.00213 0.00107 -0.00426
4316.223 -0.00639 -0.00852 -0.00533
4316.228 0.00107 -0.00107 -0.00320
4316.233 -0.00746 0.00107 0.00107
4316.238 -0.00426 0.00000 0.00000
4316.243 0.00426 0.00533 -0.00320
4316.248 -0.01917 0.00000 -0.00213
4316.253 -0.00639 0.00426 0.00533
4316.258 -0.00107 -0.00213 0.00000
4316.263 -0.00320 -0.00639 0.00107
4316.268 -0.00746 -0.00213 -0.00213
4316.273 0.00426 -0.00426 0.00213
4316.278 -0.00320 -0.00107 -0.00107
4316.283 -0.00533 0.00213 0.00000
4316.288 -0.00852 -0.00213 -0.00107
4316.293 -0.00213 0.00213 -0.00107
4316.298 0.00639 -0.00320 -0.00107
4316.303 -0.00426 0.00320 -0.00639
4316.308 -0.00213 0.00320 -0.00426
4316.313 0.00320 -0.00320 0.00426
4316.318 0.00107 0.00639 0.00533
4316.323 0.00000 0.00213 0.00000
4316.328 0.00213 -0.00746 -0.00320
4316.334 -0.00959 -0.00107 -0.00320
4316.339 -0.00107 -0.00533 0.00320
4316.344 0.00000 -0.00639 -0.00213
4316.349 0.00533 0.00000 -0.00213
4316.354 0.00000 0.00533 0.00320
4316.359 0.00320 -0.00107 0.00213
4316.364 0.00107 0.00107 -0.00426
4316.369 -0.00320 -0.00746 0.00320
4316.374 -0.00852 0.00533 0.00213
4316.379 -0.00746 -0.00426 -0.00959
4316.384 -0.00426 0.00000 0.00213
4316.389 -0.00213 -0.00320 -0.00746
4316.394 0.00000 -0.00533 0.00639
4316.399 -0.00213 0.00213 -0.00320
4316.404 -0.00320 -0.00213 -0.00426
4316.409 -0.00320 0.00107 0.00533
4316.414 -0.00959 -0.00320 0.00320
4316.419 -0.00213 0.00000 0.00107
4316.424 -0.00639 -0.00426 0.01172
4316.429 0.00426 0.00213 0.00000
4316.434 -0.00107 0.00000 0.00426
4316.439 -0.00746 0.00533 -0.00639
4316.444 -0.00320 0.00000 0.00107
4316.449 0.00426 0.00533 -0.00852
4316.454 -0.00107 -0.00213 -0.00320
4316.459 0.00213 -0.00107 0.00320
4316.464 -0.00213 -0.00320 -0.00426
4316.469 -0.00107 -0.00320 -0.00639
4316.475 0.00213 -0.00320 -0.00107
4316.480 -0.00639 -0.00213 0.00107
4316.485 0.00426 0.00320 0.00213
4316.490 0.00000 -0.00107 0.00213
4316.495 -0.00639 -0.00320 0.00000
4316.500 0.00320 -0.00320 -0.00213
4316.505 0.00426 -0.00213 0.00107
4316.510 -0.00107 -0.00852 -0.00213
4316.515 0.00320 0.00852 0.00000
4316.520 -0.00426 0.01385 0.00000
4316.525 0.00320 -0.00533 0.00107
4316.530 0.00639 -0.00533 0.00213
4316.535 0.00000 0.00213 0.00107
4316.540 -0.00852 -0.01385 0.00107
4316.545 0.00000 0.00426 -0.00213
4316.550 -0.00213 0.00107 0.00000
4316.555 0.00320 -0.00213 0.00533
4316.560 -0.00320 -0.00533 0.00533
4316.565 -0.00639 -0.00639 -0.00107
4316.570 -0.00320 -0.00852 -0.00533
4316.575 0.00320 0.00107 -0.00107
4316.580 0.00107 -0.00320 0.00746
4316.585 -0.00213 0.00639 -0.00107
4316.590 0.00746 0.00000 0.00426
4316.595 0.00426 -0.00959 -0.00426
4316.600 -0.00213 -0.00107 0.00639
4316.605 -0.00320 0.00426 0.00959
4316.610 0.01065 0.00000 -0.00107
4316.615 -0.00533 -0.00959 0.00426
4316.620 0.00426 0.00213 -0.00213
4316.625 -0.00639 -0.00639 0.00213
4316.630 0.00213 0.00320 0.00639
4316.636 0.00959 -0.00426 -0.00639
4316.641 -0.00213 0.00000 0.00320
4316.646 0.00320 -0.00107 -0.00107
4316.651 -0.00213 0.00107 -0.00320
4316.656 -0.00320 -0.00852 -0.00213
4316.661 -0.00426 0.00533 -0.00426
4316.666 -0.00426 0.00107 0.00107
4316.671 0.00000 -0.00426 -0.00213
4316.676 0.01065 -0.00107 0.00213
4316.681 0.00107 0.00533 -0.00426
4316.686 0.00746 0.00000 -0.00107
4316.691 0.00107 0.01385 -0.00959
4316.696 -0.00213 0.00213 -0.00107
4316.701 -0.00213 0.00320 -0.00213
4316.706 -0.00852 -0.00320 -0.00746
4316.711 -0.00107 -0.00426 -0.00320
4316.716 -0.00852 -0.00746 -0.00533
4316.721 0.01172 0.00107 0.00426
4316.726 0.00107 -0.00213 0.00746
4316.731 0.00426 0.00533 0.00107
4316.736 -0.00533 -0.00320 -0.00107
4316.741 -0.00213 -0.00426 -0.00426
4316.746 0.00000 -0.00320 -0.00426
4316.751 -0.00639 -0.00107 -0.00107
4316.756 0.00852 0.00213 0.00533
4316.761 -0.00852 -0.00533 -0.00213
4316.766 0.00000 0.00000 0.00320
4316.771 -0.00746 -0.00213 0.01172
4316.776 0.00639 -0.00213 0.00639
4316.781 0.00000 -0.00107 -0.01172
4316.786 0.00746 -0.00213 0.00320
4316.791 -0.00852 0.00213 -0.01385
4316.796 -0.00320 0.00213 0.00320
4316.801 -0.00320 -0.00639 -0.00107
4316.807 -0.00852 -0.01278 0.00213
4316.812 -0.00426 -0.00426 -0.00639
4316.817 -0.00213 -0.00426 0.00000
4316.822 -0.00426 0.00213 -0.00426
4316.827 -0.00213 -0.00852 0.00320
4316.832 -0.00746 0.00320 -0.00107
4316.837 0.00533 -0.00639 0.00746
4316.842 -0.00746 0.00639 -0.00107
4316.847 -0.00852 -0.00107 -0.00107
4316.852 -0.00533 -0.00639 0.00107
4316.857 -0.00107 -0.00213 -0.00746
4316.862 -0.00426 -0.00213 0.00533
4316.867 -0.00213 -0.00639 -0.00426
4316.872 0.00639 -0.00852 -0.00426
4316.877 0.00213 0.00426 0.00000
4316.882 -0.00107 -0.00107 0.00320
4316.887 -0.01065 -0.00213 0.00426
4316.892 0.00639 -0.00746 -0.00426
4316.897 -0.00533 0.00000 -0.00320
4316.902 -0.00213 0.00213 0.00533
4316.907 -0.01065 -0.00107 -0.00107
4316.912 -0.00426 -0.00107 -0.00746
4316.917 0.00852 -0.00107 -0.00959
4316.922 -0.00426 -0.00426 0.00213
4316.927 0.00000 -0.00213 0.00320
4316.932 -0.00426 -0.00426 0.00000
4316.937 -0.00213 -0.00746 -0.00852
4316.942 -0.00852 0.00533 0.00107
4316.947 -0.00426 -0.00320 0.00213
4316.952 -0.00426 -0.00426 0.00213
4316.957 -0.00107 0.00852 -0.00426
4316.962 -0.00533 -0.00107 -0.00639
4316.967 -0.00213 0.00000 -0.00107
4316.972 0.00320 0.00107 -0.00533
4316.977 0.00426 0.00320 -0.00213
4316.982 -0.00107 0.00533 0.00107
4316.988 -0.00639 -0.00639 -0.00213
4316.993 0.00852 -0.00959 0.00213
4316.998 -0.00533 0.00533 -0.01491
4317.003 -0.00852 -0.00852 0.00320
4317.008 0.00107 -0.01065 -0.00426
4317.013 0.00213 -0.00320 0.00533
4317.018 -0.00852 -0.00320 0.00320
4317.023 -0.01065 -0.00213 -0.00426
4317.028 -0.00533 -0.00639 0.00426
4317.033 0.00213 -0.01385 -0.00107
4317.038 0.00639 0.00320 0.00107
4317.043 0.00213 0.00639 -0.00852
4317.048 0.00639 0.00213 -0.00746
4317.053 0.00426 0.00639 0.00639
4317.058 0.00426 -0.00107 0.00639
4317.063 -0.00639 0.00852 -0.00746
4317.068 0.00000 -0.00107 0.00213
4317.073 0.00959 0.00320 0.00639
4317.078 -0.00426 -0.00320 -0.00533
4317.083 -0.00426 0.00320 -0.00107
4317.088 0.00107 0.00000 -0.00213
4317.093 0.00213 -0.00426 -0.00320
4317.098 0.00426 0.00000 0.00000
4317.103 0.00107 0.00320 -0.00852
4317.108 -0.00639 0.00000 -0.00959
4317.113 -0.00213 0.00213 0.00107
4317.118 0.00533 0.00107 -0.00426
4317.123 -0.00746 -0.00320 0.00107
4317.128 0.00320 0.00320 -0.00320
4317.133 0.00320 0.00000 -0.00639
4317.138 0.00213 0.00000 0.00107
4317.143 -0.00213 -0.00639 -0.00213
4317.149 -0.00107 0.00426 -0.00533
4317.154 0.00213 0.00533 -0.00426
4317.159 0.00107 0.00213 -0.00107
4317.164 0.00533 0.00213 -0.01598
4317.169 0.00426 -0.00320 0.00639
4317.174 -0.00426 0.00107 0.00639
4317.179 -0.00213 0.00000 -0.00213
4317.184 -0.00320 -0.00639 0.00000
4317.189 -0.00320 -0.01385 -0.00426
4317.194 -0.00320 0.00746 0.00213
4317.199 -0.00213 0.00107 -0.00320
4317.204 -0.00320 -0.01065 -0.00107
4317.209 0.00959 -0.00107 -0.00320
4317.214 0.00000 0.00107 0.00320
4317.219 -0.00852 -0.00107 0.00000
4317.224 0.00533 0.00213 -0.00426
4317.229 -0.00426 -0.01811 0.00533
4317.234 -0.00426 -0.00320 -0.00746
4317.239 -0.00107 0.00107 0.00746
4317.244 -0.00426 -0.00320 -0.00320
4317.249 -0.00107 -0.00107 -0.00320
4317.254 0.00320 0.00426 -0.00852
4317.259 0.00426 -0.00533 0.00000
4317.264 0.00320 -0.00426 0.00107
4317.269 -0.00107 -0.00320 -0.00107
4317.274 -0.00320 0.00000 -0.00213
4317.279 -0.00639 -0.00107 -0.00107
4317.284 0.00320 -0.00107 0.00852
4317.289 -0.00639 -0.00320 -0.00107
4317.294 0.00107 -0.00107 -0.00426
4317.299 -0.01065 0.00426 0.00320
4317.304 -0.00213 0.00746 -0.00213
4317.309 0.00213 -0.00107 0.00213
4317.314 -0.00639 0.00213 -0.00213
4317.320 -0.00107 -0.00320 -0.00107
4317.325 0.00320 0.00000 0.00000
4317.330 0.00107 -0.00533 -0.00107
4317.335 0.00107 -0.00426 -0.00107
4317.340 -0.00533 0.00320 -0.00320
4317.345 -0.00426 -0.00533 -0.00320
4317.350 -0.01278 -0.00426 -0.00533
4317.355 -0.00213 0.00107 0.00852
4317.360 -0.00852 0.00107 -0.00213
4317.365 0.00320 0.00533 0.00000
4317.370 0.00000 -0.00320 -0.00320
4317.375 -0.00107 0.00107 0.00426
4317.380 -0.00852 0.00852 -0.00107
4317.385 -0.00852 0.00107 -0.00533
4317.390 0.00213 -0.00213 -0.00533
4317.395 -0.00107 -0.00533 -0.00533
4317.400 -0.00320 -0.00213 0.00320
4317.405 0.00107 0.00107 0.00533
4317.410 0.00426 0.00426 -0.00746
4317.415 0.00426 -0.00533 0.00213
4317.420 0.00533 -0.00426 -0.00959
4317.425 0.00213 -0.00320 -0.00533
4317.430 -0.00426 -0.00746 -0.00320
4317.435 -0.00426 0.00107 -0.00746
4317.440 0.00213 -0.00852 -0.00852
4317.445 -0.00213 0.00000 -0.00107
4317.450 -0.00213 -0.00639 0.00000
4317.455 0.00107 -0.00639 0.00107
4317.460 -0.00639 -0.00320 0.00107
4317.465 0.00639 0.00000 -0.00320
4317.471 -0.01278 0.00213 -0.00107
4317.476 -0.00213 -0.00533 0.00639
4317.481 -0.00213 -0.00533 0.00959
4317.486 0.00000 -0.00107 -0.00426
4317.491 0.00533 -0.00639 -0.00107
4317.496 0.00000 0.00213 -0.00320
4317.501 -0.00213 -0.00320 0.00000
4317.506 0.01172 0.00426 0.00639
4317.511 0.00320 -0.00107 -0.00746
4317.516 -0.00320 0.00426 -0.00320
4317.521 0.01065 -0.00533 -0.00213
4317.526 -0.00213 0.00426 0.00000
4317.531 0.00107 0.00746 -0.00639
4317.536 -0.00426 -0.00533 0.00107
4317.541 -0.00320 0.00107 0.00000
4317.546 -0.00426 0.00639 -0.00320
4317.551 -0.00639 -0.00107 0.00107
4317.556 -0.01065 -0.00852 -0.00320
4317.562 -0.00107 0.00107 -0.00639
4317.566 -0.00852 -0.00213 0.00746
4317.572 -0.00107 0.01172 -0.00426
4317.577 0.00107 -0.00107 -0.00426
4317.582 -0.00107 -0.00639 -0.00533
4317.587 0.00107 0.00533 0.00213
4317.592 -0.00320 -0.00426 -0.00533
4317.597 0.00107 -0.00639 -0.00426
4317.602 -0.00746 -0.00426 -0.00107
4317.607 -0.00320 0.00107 -0.00320
4317.612 -0.00746 -0.00107 0.00320
4317.617 -0.00107 -0.00533 0.00107
4317.622 0.00000 -0.00426 -0.00533
4317.627 -0.00746 -0.00639 -0.00320
4317.632 -0.00107 0.00000 0.00000
4317.637 -0.01385 -0.00639 -0.00426
4317.642 -0.00426 -0.00320 0.00320
4317.647 -0.00213 -0.00320 0.00852
4317.652 0.00107 0.00213 -0.00852
4317.657 0.00426 0.00107 -0.00426
4317.662 -0.00746 -0.00639 0.00533
4317.667 -0.00320 -0.00107 0.00533
4317.672 -0.00533 0.00533 0.00320
4317.677 0.00639 0.01385 -0.00107
4317.682 -0.00107 -0.01172 0.00426
4317.687 0.00639 0.00107 -0.00426
4317.692 0.00639 -0.00639 0.00107
4317.697 0.00320 -0.00639 -0.00533
4317.702 -0.00639 0.00107 -0.01065
4317.707 -0.00320 -0.01065 0.00426
4317.712 -0.00533 0.01065 -0.00533
4317.717 -0.00959 0.00639 0.00107
4317.722 0.00533 0.00213 -0.00213
4317.727 0.00426 0.00533 0.00107
4317.733 -0.00213 -0.00213 0.00107
4317.738 -0.00426 -0.00639 -0.00852
4317.743 0.00320 -0.00320 -0.00213
4317.748 0.00107 0.00213 0.00426
4317.753 -0.01065 -0.00959 -0.00107
4317.758 -0.00213 0.00000 0.00107
4317.763 -0.00213 0.00533 0.00000
4317.768 -0.00320 0.00213 0.00213
4317.773 -0.01065 -0.00533 0.00213
4317.778 0.00533 -0.01172 -0.00107
4317.783 -0.00107 -0.00213 0.00000
4317.788 -0.00320 0.00000 -0.00426
4317.793 0.00107 -0.01172 -0.00639
4317.798 0.00426 -0.00533 0.00426
4317.803 -0.00746 -0.00213 0.00000
4317.808 -0.00746 -0.00213 0.00426
4317.813 0.00852 -0.01385 0.00320
4317.818 -0.00107 -0.00320 -0.00426
4317.823 -0.00213 0.01065 -0.00959
4317.828 0.00320 0.00000 0.00213
4317.833 -0.00533 -0.01385 -0.00426
4317.838 -0.00107 0.00213 0.00320
4317.843 -0.00107 -0.00639 0.00000
4317.848 0.00000 0.00320 0.01598
4317.853 0.00107 -0.00107 -0.00426
4317.858 -0.00426 0.00107 0.00107
4317.863 -0.01278 0.00426 0.00639
4317.868 -0.00107 -0.01065 -0.01065
4317.873 0.00426 -0.00426 0.00107
4317.878 -0.00320 0.00107 0.00107
4317.884 -0.00533 0.00000 -0.00426
4317.889 0.00213 0.00426 0.00320
4317.894 -0.00213 -0.00320 -0.00852
4317.899 0.00320 -0.00320 -0.00426
4317.904 -0.00852 -0.00213 0.00746
4317.909 0.00213 -0.02131 -0.00533
4317.914 -0.00213 -0.00533 0.00320
4317.919 0.00320 0.00213 0.00107
4317.924 0.00000 0.00320 0.00426
4317.929 0.00533 0.00320 -0.00320
4317.934 -0.00426 -0.01065 0.00213
4317.939 -0.00639 0.00213 0.00213
4317.944 -0.00639 0.00107 0.00213
4317.949 -0.00426 0.00107 -0.01811
4317.954 0.00426 -0.00213 -0.00426
4317.959 0.00000 -0.00213 -0.00107
4317.964 0.00426 0.00426 -0.00107
4317.969 -0.00107 -0.00639 0.00426
4317.974 -0.00533 -0.00213 -0.00107
4317.979 -0.00213 -0.00533 -0.00746
4317.984 0.00533 -0.00320 -0.00320
4317.989 -0.00639 -0.00107 -0.00107
4317.994 -0.00213 -0.00533 0.00639
4317.999 -0.00213 0.00533 -0.00107
4318.004 -0.00320 -0.00320 0.00000
4318.009 0.00107 0.00213 0.00000
4318.014 0.00746 0.00213 0.00852
4318.019 -0.00426 -0.00426 -0.00852
4318.024 -0.00320 -0.00213 0.00213
4318.029 0.01278 0.00213 -0.00426
4318.034 -0.01065 -0.00107 -0.00107
4318.039 -0.00320 0.00320 -0.00213
4318.044 0.00000 0.00213 -0.00320
4318.049 -0.00426 0.00000 0.00533
4318.054 -0.00107 -0.00320 0.00213
4318.059 -0.00746 -0.00426 -0.01278
4318.064 -0.00426 -0.00426 -0.00213
4318.069 -0.00746 0.00000 0.00000
4318.075 -0.00107 0.00213 -0.00107
4318.080 -0.01172 0.00107 -0.00852
4318.085 -0.00533 -0.00320 -0.00107
4318.090 0.00213 -0.00746 -0.00426
4318.095 0.00320 0.00213 -0.01278
4318.100 0.00107 -0.00320 -0.00213
4318.105 0.00213 -0.00852 0.00320
4318.110 0.00107 -0.00320 -0.00426
4318.115 0.00533 0.00852 -0.01385
4318.120 -0.01172 -0.00426 0.00107
4318.125 -0.00746 -0.00639 0.00426
4318.130 -0.00107 0.00107 0.00533
4318.135 -0.00533 0.00107 -0.00426
4318.140 0.00000 -0.00639 -0.00213
4318.145 0.00107 -0.00320 0.00107
4318.150 0.00533 0.00107 -0.00213
4318.155 0.00852 0.00533 0.00426
4318.160 -0.00107 -0.00533 -0.00213
4318.165 0.00320 -0.00213 0.00000
4318.170 -0.00426 -0.00852 -0.01065
4318.175 -0.00320 -0.00639 0.00213
4318.180 0.00107 -0.00320 0.00000
4318.185 0.00107 0.00107 0.00107
4318.190 -0.00959 0.00320 -0.00639
4318.195 -0.00107 -0.00959 0.00746
4318.200 0.00746 -0.00213 -0.00533
4318.205 0.00107 -0.00426 0.00107
4318.210 0.00000 -0.00426 -0.01065
4318.215 0.00213 -0.00320 0.00213
4318.220 -0.00852 -0.00107 0.00533
4318.225 0.00533 -0.00107 0.00000
4318.230 -0.00426 -0.00320 -0.00746
4318.235 -0.00107 0.00213 -0.00320
4318.240 -0.00213 0.00533 -0.00639
4318.245 -0.00533 0.00426 -0.00639
4318.250 0.00426 -0.00533 0.00533
4318.256 0.00000 0.00320 -0.00320
4318.261 0.00213 0.00000 0.00107
4318.266 0.00852 -0.00320 0.00000
4318.271 0.00213 -0.00533 0.00426
4318.276 -0.01172 -0.00746 0.00000
4318.281 0.00000 0.00426 0.00000
4318.286 0.00107 -0.00107 -0.00959
4318.291 0.00107 -0.01065 0.00107
4318.296 -0.00107 -0.00639 0.00426
4318.301 0.00426 0.00426 0.00639
4318.306 -0.00213 0.00213 0.01278
4318.311 -0.00107 0.00320 -0.00746
4318.316 -0.00533 -0.00533 0.00533
4318.321 -0.00320 -0.00746 -0.00639
4318.326 -0.00213 0.00426 -0.00426
4318.331 -0.00426 -0.00746 -0.00107
4318.336 0.00746 -0.00639 0.00639
4318.341 -0.00533 0.00320 0.00320
4318.346 0.00213 -0.00107 0.00107
4318.351 -0.00533 -0.00107 -0.00213
4318.356 -0.00320 -0.00426 0.00426
4318.361 -0.00959 -0.00213 -0.00533
4318.366 -0.00959 -0.00107 -0.00213
4318.371 -0.01278 0.00852 -0.01704
4318.376 0.00213 -0.00320 -0.00107
4318.381 0.00107 0.00000 0.00107
4318.386 -0.00107 -0.00320 -0.00533
4318.391 -0.00426 -0.00107 0.00213
4318.396 -0.00426 0.00320 0.00107
4318.401 -0.00426 -0.01278 0.00533
4318.407 0.01172 -0.00213 -0.00533
4318.412 -0.00746 -0.00107 -0.00426
4318.417 0.00000 -0.00426 0.00107
4318.422 -0.00320 -0.01385 0.00000
4318.427 0.00320 -0.00426 0.00213
4318.432 0.00213 0.00852 -0.00533
4318.437 -0.00107 -0.00320 -0.00426
4318.442 0.00000 0.00000 0.00533
4318.447 0.00000 -0.00320 0.00107
4318.452 0.00959 0.00426 0.00639
4318.457 -0.00107 -0.00426 -0.00746
4318.462 -0.00320 -0.00213 0.00213
4318.467 -0.00959 0.00320 0.00213
4318.472 0.00213 -0.00426 -0.01278
4318.477 -0.00426 0.00000 -0.00426
4318.482 0.00107 -0.00107 0.00107
4318.487 0.00213 -0.00426 0.00000
4318.492 0.01172 0.00107 0.00639
4318.497 0.00000 -0.00107 -0.00213
4318.502 -0.00107 -0.00213 0.00213
4318.507 0.00213 0.00213 0.00000
4318.512 0.00213 0.00000 0.00107
4318.517 0.00000 -0.00426 0.00746
4318.522 0.00213 -0.00746 -0.00639
4318.527 0.00000 -0.00213 0.00746
4318.532 0.00320 0.00000 0.00000
4318.537 0.00746 -0.00107 -0.00107
4318.542 -0.00852 -0.00107 0.00213
4318.547 -0.00320 -0.00107 0.00213
4318.552 0.00426 -0.00959 -0.01172
4318.557 0.00000 -0.00213 -0.00107
4318.562 0.00213 -0.00107 0.00213
4318.567 0.00426 -0.00320 -0.00107
4318.572 0.00533 0.00213 -0.00320
4318.577 0.00320 -0.00426 -0.00639
4318.582 0.00959 0.00746 -0.00320
4318.588 0.00639 -0.00213 -0.00426
4318.592 0.00426 0.00000 -0.00320
4318.598 0.00000 0.00107 -0.00320
4318.603 -0.00213 -0.00746 -0.00320
4318.608 -0.00320 0.00213 -0.00959
4318.613 0.00746 0.00000 0.00000
4318.618 0.00426 0.00533 -0.00426
4318.623 -0.01065 -0.00320 -0.00320
4318.628 0.00213 -0.00107 0.01065
4318.633 0.00213 -0.00320 -0.00426
4318.638 0.00533 -0.00320 0.00107
4318.643 -0.00639 -0.00533 -0.00320
4318.648 -0.00639 -0.00533 0.00000
4318.653 0.00000 0.00213 0.00746
4318.658 -0.00533 0.00426 -0.00533
4318.663 0.00959 -0.00852 -0.00320
4318.668 -0.00533 0.00213 -0.00639
4318.673 0.00320 0.00426 -0.00426
4318.678 0.00000 -0.00213 0.00213
4318.683 -0.00213 -0.00320 0.00320
4318.688 -0.00107 -0.00213 0.00320
4318.693 -0.00213 0.00107 -0.00107
4318.698 -0.01065 -0.00426 -0.00107
4318.703 -0.00107 -0.01385 0.00000
4318.708 0.00000 0.00000 0.00000
4318.713 -0.00107 0.00320 0.00213
4318.719 0.00107 0.00639 0.00426
4318.724 0.00746 0.00320 0.00107
4318.729 0.00213 0.00320 0.00107
4318.734 0.00320 -0.00533 -0.00107
4318.739 -0.00107 -0.00213 -0.00426
4318.744 -0.00320 -0.00639 -0.00426
4318.749 -0.00107 0.00639 0.00426
4318.754 0.00107 -0.00213 -0.00426
4318.759 0.00107 0.00107 -0.00639
4318.764 -0.00639 -0.00107 0.00000
4318.769 0.00426 -0.00639 0.00213
4318.774 -0.00320 -0.00320 0.00000
4318.779 -0.00746 -0.01172 0.00852
4318.784 -0.00320 0.00320 -0.00533
4318.789 -0.00213 -0.00852 -0.00213
4318.794 0.00000 0.00320 0.00107
4318.799 -0.00852 -0.00746 -0.00320
4318.804 -0.01491 0.00107 -0.00213
4318.809 -0.00213 0.00000 -0.00746
4318.814 0.00213 0.00213 0.00107
4318.819 -0.00639 -0.00639 -0.00746
4318.824 0.00213 0.00320 -0.00426
4318.829 -0.00639 -0.00533 0.00213
4318.834 0.00107 -0.00426 -0.00107
4318.839 -0.00320 0.00107 0.00213
4318.844 -0.00639 0.00213 -0.00213
4318.849 -0.00746 -0.00213 -0.00320
4318.854 0.00426 -0.00213 -0.00213
4318.859 -0.00426 -0.00639 -0.00959
4318.864 -0.00320 0.00000 -0.00426
4318.869 0.00213 0.00107 -0.00320
4318.874 -0.00320 0.00426 0.00320
4318.879 -0.00107 -0.00639 -0.00746
4318.884 -0.00533 -0.00213 0.00533
4318.890 0.00213 0.00639 -0.00533
4318.895 -0.00107 -0.00320 -0.00639
4318.900 0.00107 0.00320 -0.00746
4318.905 -0.00213 0.00000 -0.00213
4318.910 -0.00639 -0.00320 -0.00107
4318.915 0.00639 0.00000 0.00746
4318.920 -0.00533 -0.00320 -0.00107
4318.925 0.00320 -0.00533 0.00107
4318.930 0.00746 -0.01491 -0.00426
4318.935 0.00107 0.00320 0.00320
4318.940 0.00959 -0.00426 -0.00639
4318.945 -0.00320 -0.00320 0.00639
4318.950 -0.01598 0.00213 0.00107
4318.955 -0.00107 -0.01065 -0.00213
4318.960 -0.00107 0.00320 -0.00533
4318.965 0.00426 -0.01385 -0.00852
4318.970 0.00000 0.00426 -0.00107
4318.975 0.00107 0.00426 -0.00107
4318.980 -0.00426 -0.00320 0.00320
4318.985 0.00320 -0.00320 0.00213
4318.990 -0.00852 -0.00213 0.00213
4318.995 -0.00213 0.00426 0.00320
4319.000 0.00000 0.00107 0.00107
4319.005 -0.00107 -0.01172 -0.00852
4319.010 -0.01385 0.00213 0.00000
4319.015 0.00426 -0.00213 0.00107
4319.020 0.00639 -0.00426 -0.00533
4319.025 -0.00213 -0.00213 -0.00533
4319.030 -0.00213 0.00213 -0.00107
4319.035 0.00426 -0.00426 0.00000
4319.040 0.00426 0.00533 0.00000
4319.045 -0.00107 0.00426 -0.00320
4319.050 0.00000 -0.01065 -0.00639
4319.055 0.01278 -0.00107 -0.00852
4319.060 -0.00852 -0.00426 -0.00639
4319.065 0.00213 -0.00107 -0.00320
4319.070 -0.00213 0.00107 -0.00426
4319.075 0.00213 0.00320 0.00213
4319.080 -0.00107 -0.00320 -0.01385
4319.085 -0.00107 0.00533 -0.00426
4319.091 0.00213 -0.00213 0.00213
4319.096 -0.00107 -0.00639 0.00320
4319.101 -0.00213 -0.00320 -0.00639
4319.106 -0.00639 -0.00852 -0.00746
4319.111 -0.00746 -0.00959 0.00213
4319.116 0.00107 -0.00533 -0.01065
4319.121 0.00213 0.00213 -0.00107
4319.126 -0.01598 0.00107 -0.00107
4319.131 -0.00639 0.00000 -0.00426
4319.136 -0.01065 0.00000 -0.00426
4319.141 -0.00107 0.00107 0.00000
4319.146 -0.00533 0.00000 -0.00959
4319.151 -0.00320 -0.00533 -0.00426
4319.156 -0.00320 -0.00107 0.00533
4319.161 0.00639 0.00000 -0.00107
4319.166 0.00746 0.00000 0.00213
4319.171 -0.00213 0.00107 -0.00213
4319.176 0.00000 -0.00107 -0.00107
4319.181 -0.00746 -0.00320 0.00000
4319.186 -0.00533 -0.00426 0.00000
4319.191 0.00213 -0.00213 0.00426
4319.196 0.00213 0.00320 0.00000
4319.201 -0.00213 0.00000 -0.00533
4319.206 0.00213 -0.00213 -0.01278
4319.211 -0.00852 0.00213 -0.00639
4319.216 -0.00639 0.00320 0.00213
4319.221 -0.00213 0.00107 0.00213
4319.226 -0.00426 -0.00959 -0.00533
4319.231 -0.00213 -0.00107 -0.00426
4319.236 -0.00639 -0.00639 -0.00213
4319.242 0.00426 0.00000 0.00320
4319.247 0.00107 -0.00320 0.00213
4319.252 0.00852 0.00107 0.01491
4319.257 -0.00213 -0.00639 0.00320
4319.262 0.00320 -0.00320 -0.00426
4319.267 -0.00107 -0.00533 -0.00533
4319.272 -0.00426 -0.00426 0.00639
4319.277 0.00000 0.00000 -0.00426
4319.282 0.00213 0.00000 -0.00320
4319.287 0.00533 0.00000 -0.00320
4319.292 -0.00426 0.00107 0.00426
4319.297 -0.00852 -0.00533 -0.00533
4319.302 0.00000 -0.00213 -0.00533
4319.307 -0.00533 -0.00852 -0.00852
4319.312 0.00213 0.00426 0.00213
4319.317 -0.00320 -0.00213 -0.00533
4319.322 0.00426 0.00000 -0.00107
4319.327 -0.00107 0.00746 -0.00213
4319.332 0.01065 -0.00426 0.00959
4319.337 -0.01385 0.00959 -0.00426
4319.342 -0.00213 -0.00213 0.00639
4319.347 -0.00426 0.00746 -0.00320
4319.352 -0.01385 0.00107 0.00000
4319.357 -0.01278 0.00107 0.00426
4319.363 0.00533 -0.00746 -0.00107
4319.367 -0.01065 -0.00426 0.00213
4319.373 0.00533 -0.00320 -0.00746
4319.378 -0.00107 0.00213 -0.00852
4319.383 0.00213 0.00107 -0.00213
4319.388 -0.00746 -0.00426 0.00426
4319.393 0.01598 0.00000 0.00000
4319.398 -0.00959 -0.00213 0.00000
4319.403 -0.01278 -0.00746 0.00320
4319.408 0.00107 -0.00746 0.00213
4319.413 -0.00320 -0.00639 -0.00320
4319.418 -0.00426 -0.00426 -0.00107
4319.423 -0.00320 -0.00426 -0.00533
4319.428 -0.00533 -0.00852 -0.00213
4319.433 0.00000 0.00533 -0.00107
4319.438 0.00639 -0.00213 0.00000
4319.443 -0.00426 0.00320 0.00000
4319.448 -0.01278 0.01491 -0.00639
4319.453 0.00000 0.00000 0.00213
4319.458 -0.00639 0.00000 -0.00107
4319.463 -0.00213 0.00000 -0.00533
4319.468 0.00426 -0.00426 0.00107
4319.473 -0.00746 -0.00639 -0.00107
4319.478 0.00107 -0.00852 -0.00213
4319.483 0.00213 -0.00959 -0.01172
4319.488 -0.00746 -0.00852 0.00213
4319.493 -0.00213 0.00852 -0.00213
4319.498 0.00107 -0.00533 0.00533
4319.503 -0.00426 -0.00426 -0.00426
4319.508 -0.00533 -0.00213 -0.00746
4319.513 0.00320 -0.00533 -0.00107
4319.518 -0.00320 -0.00107 0.00107
4319.523 -0.01065 -0.00533 -0.00639
4319.528 0.00213 0.00000 -0.00746
4319.533 -0.00320 -0.00533 -0.00107
4319.538 0.00533 0.00426 0.00533
4319.544 -0.00107 0.00426 -0.00639
4319.549 0.00000 0.00533 0.00426
4319.554 -0.00320 -0.00639 0.00213
4319.559 0.00852 -0.00959 -0.00426
4319.564 -0.00959 0.00639 -0.00426
4319.569 -0.00107 0.01065 -0.00107
4319.574 0.00746 0.00533 0.00426
4319.579 0.00426 -0.00213 -0.00213
4319.584 0.01704 0.00213 0.00107
4319.589 0.00746 -0.00213 0.00426
4319.594 -0.00213 -0.00213 -0.00107
4319.599 -0.01172 -0.00639 -0.00852
4319.604 -0.00213 -0.00107 0.00213
4319.609 0.00746 0.00213 0.00852
4319.614 0.00213 -0.00746 -0.00533
4319.619 0.00000 0.00639 -0.00107
4319.624 0.00533 0.00107 0.00000
4319.629 0.00107 -0.00213 -0.00213
4319.634 0.00000 -0.00107 0.00320
4319.639 0.00107 0.00426 -0.00213
4319.644 -0.01385 0.00426 -0.00107
4319.649 -0.00426 0.00000 -0.00107
4319.654 -0.00533 -0.00426 -0.00746
4319.659 -0.00852 -0.00213 -0.00213
4319.664 0.00320 -0.00320 0.00213
4319.669 0.00107 -0.00746 -0.00320
4319.674 -0.00533 0.00213 -0.00533
4319.679 0.00213 0.00959 0.00959
4319.684 -0.01385 -0.00320 -0.00533
4319.689 0.00320 -0.00107 -0.00107
4319.694 -0.00213 -0.00852 0.00107
4319.699 0.00320 -0.00107 0.00639
4319.704 0.00746 0.00107 0.00000
4319.709 0.00000 0.00107 0.00746
4319.714 -0.00746 0.00639 -0.00426
4319.719 0.00213 -0.00320 0.00107
4319.724 0.00000 -0.01065 -0.00107
4319.729 -0.00213 0.00107 -0.00213
4319.734 0.00320 -0.01172 0.00746
4319.739 -0.01491 -0.00213 -0.00320
4319.744 -0.00320 0.00213 0.00000
4319.749 0.00426 -0.00852 0.00320
4319.754 0.00000 0.00320 -0.00533
4319.759 -0.00852 -0.00320 -0.00107
4319.764 0.00107 -0.00213 -0.00320
4319.769 -0.00213 0.00000 0.00107
4319.775 -0.00107 -0.00533 0.00107
4319.780 -0.00639 -0.00426 0.00000
4319.785 -0.00213 -0.00533 0.00320
4319.790 -0.00320 0.00639 -0.00213
4319.795 0.00107 -0.00426 0.00000
4319.800 0.00000 0.00213 0.00000
4319.805 -0.00852 -0.00426 0.00213
4319.810 0.00533 -0.00533 -0.00320
4319.815 0.00213 -0.00320 0.00639
4319.820 -0.01385 -0.00959 0.00426
4319.825 0.00213 -0.00639 -0.00213
4319.830 0.00639 -0.00213 0.00000
4319.835 -0.00533 0.00426 0.00107
4319.840 -0.00107 0.00000 -0.00107
4319.845 0.00533 0.00107 0.00000
4319.850 -0.00320 0.00213 -0.00426
4319.855 0.00426 -0.00320 0.00639
4319.860 -0.00320 0.00746 -0.00213
4319.865 0.00533 0.00000 -0.00426
4319.870 0.00107 -0.00533 0.00000
4319.875 -0.00320 -0.00107 -0.00107
4319.880 -0.00746 -0.00533 -0.00320
4319.885 0.00320 -0.00533 -0.00320
4319.890 0.00320 0.00320 -0.00107
4319.895 0.00107 -0.00639 -0.00213
4319.900 0.00000 0.00213 -0.00320
4319.905 0.00426 0.00852 0.00000
4319.910 0.00107 -0.00320 0.00533
4319.915 -0.00213 -0.00533 0.00533
4319.920 -0.00533 -0.00107 -0.00213
4319.925 -0.00426 -0.00533 0.00533
4319.930 0.00107 -0.00746 -0.00213
4319.936 -0.00639 0.00107 0.00320
4319.941 -0.00213 0.00320 0.00213
4319.946 -0.00213 -0.00426 0.00107
4319.951 0.00107 0.00213 -0.00533
4319.956 0.00746 -0.00426 -0.01065
4319.961 0.00000 -0.00320 -0.00107
4319.966 0.00000 0.00852 0.00533
4319.971 -0.00320 0.00107 0.00533
4319.976 0.00107 0.01811 0.00000
4319.981 -0.00746 0.00533 -0.00320
4319.986 -0.00320 -0.01385 0.00000
4319.991 0.00959 -0.00426 0.00320
4319.996 -0.00320 -0.00320 -0.00639
4320.001 0.00213 -0.00533 -0.00959
4320.006 0.00213 -0.00959 0.00213
4320.011 -0.00320 -0.01065 0.00107
4320.016 0.00213 -0.00320 0.00213
4320.021 -0.00320 -0.00852 0.00533
4320.026 0.00639 0.00213 0.00426
4320.031 0.00533 -0.00213 -0.00320
4320.036 0.00320 0.00213 0.00213
4320.041 -0.00320 -0.00213 -0.00107
4320.046 -0.00107 0.00213 -0.00107
4320.051 -0.00213 -0.01491 0.00959
4320.056 0.00213 0.00746 -0.00213
4320.061 0.00213 -0.00639 0.00107
4320.067 -0.00213 0.00746 0.00213
4320.072 -0.00213 -0.00107 -0.00533
4320.077 0.00107 -0.00320 -0.00107
4320.082 -0.01491 0.00639 -0.00533
4320.087 0.00533 0.00639 0.00000
4320.092 0.00426 -0.00107 -0.00320
4320.097 -0.00320 0.00107 0.00320
4320.102 -0.00107 -0.00746 -0.00639
4320.107 -0.01065 -0.00107 -0.00639
4320.112 0.00107 -0.00426 -0.00320
4320.117 0.00320 -0.00213 0.00639
4320.122 -0.00320 -0.00533 -0.00107
4320.127 -0.01278 -0.00533 0.00426
4320.132 -0.01065 0.00426 -0.00959
4320.137 -0.00320 0.00000 0.00533
4320.142 0.00107 -0.00213 -0.01172
4320.147 0.00107 0.00320 -0.00107
4320.152 -0.00852 -0.00959 0.00107
4320.157 -0.00107 -0.00107 -0.00533
4320.162 -0.00320 -0.00426 0.00320
4320.167 -0.00533 -0.00320 -0.00107
4320.172 -0.00213 -0.00533 -0.00107
4320.177 -0.00213 -0.00426 0.00426
4320.182 0.00000 -0.00959 -0.00213
4320.187 0.00107 -0.01172 0.00320
4320.192 0.00000 -0.00107 -0.00107
4320.197 0.01172 0.00426 0.00107
4320.202 -0.00107 0.00533 0.00000
4320.207 -0.00107 -0.00213 -0.00852
4320.212 -0.00639 0.00000 -0.00533
4320.218 0.00533 0.00000 -0.00426
4320.223 -0.01172 0.00320 0.00320
4320.228 0.00426 -0.00959 0.00000
4320.233 0.00213 0.00107 0.00213
4320.238 -0.00852 0.00107 -0.00533
4320.243 0.00533 -0.00426 0.00852
4320.248 -0.00959 -0.00213 -0.00852
4320.253 -0.01598 0.00533 -0.00320
4320.258 0.00213 -0.00213 0.00000
4320.263 0.00000 -0.00533 -0.00533
4320.268 -0.00852 -0.00213 -0.00320
4320.273 0.00639 0.00000 -0.00639
4320.278 -0.00852 0.00000 -0.00107
4320.283 -0.00746 0.00107 0.00639
4320.288 0.00107 -0.00426 0.00000
4320.293 -0.00959 0.00000 -0.00533
4320.298 -0.00107 -0.00320 0.00000
4320.303 0.00533 -0.00107 0.00000
4320.308 0.00107 0.00426 -0.00426
4320.313 -0.00320 -0.00533 -0.00426
4320.318 0.00213 -0.01598 0.00107
4320.323 -0.00213 -0.00213 0.00000
4320.328 0.00000 -0.00107 0.00000
4320.333 -0.00746 -0.00320 -0.00959
4320.338 -0.01278 0.00000 -0.00639
4320.343 -0.00426 -0.00426 -0.00107
4320.348 -0.00107 -0.00533 0.00000
4320.353 -0.00107 -0.00213 0.00000
4320.358 -0.00320 -0.00213 0.00426
4320.363 -0.00213 -0.00320 -0.01065
4320.368 -0.00426 0.00320 0.00746
4320.373 0.01278 -0.00746 -0.00213
4320.378 -0.00746 -0.00639 -0.00852
4320.383 -0.00746 0.01172 -0.00107
4320.388 0.00000 0.00000 0.00000
4320.393 -0.00107 -0.00107 0.00320
4320.399 0.00320 -0.00213 -0.00320
4320.404 -0.01172 0.00000 -0.00639
4320.409 0.00213 -0.00107 -0.00213
4320.414 0.00533 -0.00320 -0.00320
4320.419 -0.00533 -0.01065 -0.00959
4320.424 0.00000 -0.00426 0.00320
4320.429 0.00320 0.00000 0.00213
4320.434 0.00533 -0.00213 -0.00320
4320.439 -0.00746 -0.01172 0.00000
4320.444 0.00533 0.00639 -0.00852
4320.449 -0.00533 0.00000 0.00213
4320.454 -0.00213 0.00000 0.00533
4320.459 0.00426 0.00107 0.00213
4320.464 0.00000 -0.00533 0.00000
4320.469 -0.00533 0.00213 0.00213
4320.474 0.00533 0.00000 -0.00426
4320.479 -0.00426 0.00320 -0.00426
4320.484 -0.00107 -0.00426 -0.00533
4320.489 -0.00213 -0.00107 -0.00426
4320.494 0.00000 0.00000 -0.00213
4320.499 0.00426 -0.01065 0.00320
4320.504 -0.01278 0.00000 -0.00320
4320.510 0.01385 -0.01172 0.00000
4320.515 0.00533 0.00213 -0.00213
4320.520 0.00320 0.00107 0.00107
4320.525 -0.00639 -0.00639 0.00320
4320.530 0.00107 -0.00639 0.00107
4320.535 0.00320 -0.00213 0.00320
4320.540 -0.00320 -0.00426 0.01172
4320.545 -0.00107 0.00426 -0.00107
4320.550 0.00533 -0.00533 -0.00107
4320.555 0.00107 0.00107 0.00000
4320.560 -0.00426 0.00107 0.00639
4320.565 0.00746 -0.00107 -0.00639
4320.570 -0.00213 -0.00320 -0.00320
4320.575 -0.00426 0.00107 0.00000
4320.580 0.00426 -0.01172 0.01172
4320.585 0.00213 0.00107 0.00959
4320.590 -0.00107 0.00746 -0.00107
4320.595 0.00213 0.00426 -0.00320
4320.600 -0.00746 -0.00852 0.00000
4320.605 -0.00533 0.00426 0.00213
4320.610 0.00000 -0.00107 -0.00426
4320.615 0.00213 0.00320 -0.00107
4320.620 0.00107 -0.00213 0.00213
4320.625 -0.00320 -0.00639 0.00213
4320.630 0.00639 -0.00107 0.00000
4320.635 0.00107 0.00107 0.00213
4320.640 0.00107 0.00000 -0.00213
4320.645 0.00639 -0.00107 -0.00213
4320.650 0.00000 -0.00533 -0.00213
4320.655 -0.00639 -0.00107 -0.00426
4320.660 0.00320 0.00107 0.00107
4320.665 -0.00107 -0.00107 -0.01491
4320.670 0.00426 0.00000 0.00107
4320.675 0.00320 -0.00107 -0.00320
4320.680 0.00746 0.00107 0.00000
4320.685 0.00000 -0.01065 0.00213
4320.691 -0.00320 -0.00320 0.00213
4320.696 0.00000 -0.00320 0.00746
4320.701 -0.00320 -0.00107 0.00000
4320.706 0.00107 -0.00746 0.00107
4320.711 -0.00213 -0.00746 -0.00320
4320.716 0.01172 0.00107 0.00426
4320.721 -0.00107 0.00000 -0.00852
4320.726 -0.00320 -0.01491 -0.00213
4320.731 -0.00320 -0.00959 -0.00426
4320.736 0.00000 0.00746 0.00320
4320.741 -0.00320 -0.00852 -0.00320
4320.746 0.00533 0.00320 0.00320
4320.751 -0.01172 0.00320 -0.00639
4320.756 0.00213 -0.00639 -0.00213
4320.761 0.00213 0.00107 -0.00320
4320.766 0.00000 0.00107 -0.00426
4320.771 0.00639 -0.00107 0.00213
4320.776 -0.00426 0.00533 0.00852
4320.781 -0.01172 -0.00320 -0.00107
4320.786 0.00533 0.00107 -0.00533
4320.791 0.00107 0.00320 0.00426
4320.796 0.00426 -0.00320 0.00852
4320.801 -0.00639 0.00320 -0.00213
4320.806 0.00213 -0.00213 0.00000
4320.811 0.00000 0.00213 0.00320
4320.816 0.00533 -0.00213 0.00426
4320.821 -0.00959 -0.00107 -0.01385
4320.826 0.00107 0.00320 -0.00107
4320.831 0.00107 0.00639 -0.00213
4320.836 -0.00533 0.00320 0.00426
4320.841 0.00533 -0.00533 -0.00107
4320.846 0.00320 0.00959 0.00000
4320.852 -0.00426 0.00000 0.00639
4320.857 0.00107 0.00213 0.00000
4320.862 -0.00746 0.00533 -0.00852
4320.867 -0.00426 -0.00107 0.00213
4320.872 -0.01065 0.00000 0.00426
4320.877 0.00107 0.00426 -0.00426
4320.882 0.00639 0.00959 -0.01065
4320.887 -0.01278 0.00533 0.00213
4320.892 0.00000 -0.00107 -0.00426
4320.897 0.00639 -0.00320 -0.00213
4320.902 0.00213 0.00107 0.00000
4320.907 0.00426 0.00426 0.00320
4320.912 0.00000 -0.00533 0.00000
4320.917 0.00639 -0.00426 0.00639
4320.922 0.00213 0.00107 -0.00320
4320.927 0.00000 0.00320 -0.00533
4320.932 0.00959 -0.00639 -0.00107
4320.937 0.00959 0.00107 -0.00746
4320.942 -0.00320 -0.00107 0.00639
4320.947 0.00000 0.00107 0.00320
4320.952 -0.01065 -0.00426 0.00320
4320.957 0.00000 -0.00426 -0.00320
4320.962 0.00107 -0.00320 0.00107
4320.967 -0.00320 0.00000 0.00959
4320.972 -0.00213 -0.00213 -0.00107
4320.977 -0.00426 -0.00426 0.00213
4320.982 0.00213 -0.00959 0.00000
4320.987 -0.00107 -0.00533 -0.00213
4320.992 0.00000 0.00213 -0.00213
4320.997 0.00000 -0.00107 -0.00533
4321.002 -0.00320 0.00213 0.00213
4321.007 -0.00639 -0.00533 -0.00320
4321.013 -0.00213 -0.00320 -0.01385
4321.018 -0.00746 -0.00426 -0.00426
4321.023 0.00213 -0.00533 0.00213
4321.028 -0.00533 -0.00533 -0.00639
4321.033 -0.01385 0.00000 0.00213
4321.038 0.00533 -0.01491 0.00000
4321.043 -0.00426 -0.00320 0.00426
4321.048 -0.00320 0.00107 -0.00746
4321.053 0.00213 -0.00107 0.00000
4321.058 0.00320 0.00639 0.00320
4321.063 0.00320 -0.00533 -0.00320
4321.068 0.00426 -0.01278 -0.00426
4321.073 -0.00426 -0.00107 -0.00107
4321.078 0.00639 0.00533 0.00320
4321.083 -0.00533 -0.00213 0.00107
4321.088 0.00320 0.00213 -0.00959
4321.093 -0.00746 -0.00426 -0.00533
4321.098 -0.00320 0.00852 -0.00107
4321.103 0.00959 -0.00107 0.00107
4321.108 -0.00107 -0.00107 -0.00639
4321.113 -0.00426 0.00746 0.00426
4321.118 0.00213 0.00533 0.00000
4321.123 0.00107 0.00320 -0.00320
4321.128 0.00107 -0.00852 0.00639
4321.133 0.00107 -0.00320 -0.00639
4321.138 -0.00852 -0.00320 -0.00639
4321.143 -0.00426 -0.00533 -0.00320
4321.148 -0.00426 0.00213 -0.00213
4321.153 -0.00533 -0.00426 0.00107
4321.158 0.00426 0.00533 0.00533
4321.163 -0.00959 0.00213 0.00000
4321.168 -0.00533 0.00213 -0.00426
4321.173 -0.00746 -0.00852 -0.00533
4321.178 -0.00107 -0.00107 -0.00746
4321.183 0.00107 -0.00320 0.00959
4321.188 0.00107 0.00213 -0.00213
4321.193 0.00426 -0.00213 0.00320
4321.198 0.00426 -0.00852 -0.00533
4321.203 -0.00320 -0.01065 0.00000
4321.208 0.00107 0.00426 -0.00213
4321.213 -0.00533 -0.00320 -0.00533
4321.218 0.00107 -0.00533 -0.00320
4321.224 0.00000 -0.00426 -0.00213
4321.229 -0.00746 -0.00320 -0.00746
4321.234 0.00426 -0.00213 -0.00213
4321.239 0.00320 0.00213 -0.00107
4321.244 0.00426 -0.00213 -0.00320
4321.249 0.00426 0.00426 0.00426
4321.254 -0.00213 -0.00639 0.00000
4321.259 0.00959 -0.00107 -0.00746
4321.264 0.00107 -0.01065 -0.00426
4321.269 -0.00320 0.00213 0.00107
4321.274 -0.00533 -0.00426 0.00000
4321.279 -0.00107 0.00426 0.00213
4321.284 -0.00959 -0.00533 -0.00213
4321.289 0.00320 -0.00213 0.00213
4321.294 0.00107 0.00000 0.00213
4321.299 -0.00213 -0.00426 0.00213
4321.304 0.00320 0.00852 -0.00533
4321.309 0.01065 -0.00320 -0.00320
4321.314 0.00426 -0.00639 0.00107
4321.319 -0.00107 0.00639 -0.00533
4321.324 0.00426 0.00320 -0.00320
4321.329 -0.00639 -0.00533 -0.00107
4321.334 -0.00426 -0.00426 -0.00107
4321.339 0.01065 0.00107 -0.01172
4321.345 -0.00107 -0.00107 0.00000
4321.349 -0.01172 -0.00426 0.00320
4321.355 0.01172 0.00107 0.00000
4321.360 0.00426 0.00320 0.00320
4321.365 0.00213 -0.00320 0.00000
4321.370 0.00107 -0.01385 0.00107
4321.375 -0.01278 -0.00107 -0.01065
4321.380 -0.00107 -0.00533 -0.00320
4321.385 -0.01065 0.00213 -0.00533
4321.390 -0.00852 -0.00533 0.00213
4321.395 0.00000 0.00426 -0.01065
4321.400 0.00107 0.00107 0.00213
4321.405 -0.00426 -0.00107 -0.00746
4321.410 0.00107 -0.01172 0.00213
4321.415 -0.00426 0.00000 -0.00852
4321.420 -0.00213 -0.00533 0.00213
4321.425 -0.00639 -0.00639 0.00533
4321.430 -0.01172 0.00107 -0.00426
4321.435 -0.00213 -0.00107 0.00000
4321.440 -0.00639 -0.00852 -0.00746
4321.445 0.00426 0.00426 0.00213
4321.450 -0.00533 -0.00746 -0.00533
4321.455 0.00639 0.00000 -0.00107
4321.460 0.00213 -0.00320 0.00533
4321.465 -0.00426 0.00426 -0.00746
4321.470 -0.00426 0.00000 0.00000
4321.475 0.00107 -0.00107 -0.00213
4321.480 0.00852 -0.00320 0.00320
4321.485 -0.00213 -0.01385 0.00107
4321.490 0.00000 -0.00107 0.00213
4321.495 -0.00107 0.00107 -0.00639
4321.500 0.00107 -0.00320 -0.00107
4321.506 0.00426 0.00213 -0.00320
4321.511 -0.00213 -0.01065 0.00852
4321.516 -0.00533 -0.00213 -0.00107
4321.521 0.00639 0.00639 0.00639
4321.526 -0.00852 0.00533 0.00000
4321.531 0.00213 0.00426 0.00000
4321.536 -0.01065 -0.00107 0.00000
4321.541 0.00320 0.00320 -0.00533
4321.546 0.00000 -0.00639 0.00213
4321.551 0.00107 0.00000 -0.00639
4321.556 -0.00426 -0.00426 -0.00426
4321.561 -0.00320 -0.00320 0.00426
4321.566 -0.00320 0.00533 0.00426
4321.571 -0.00213 -0.00107 -0.00107
4321.576 0.00213 0.00426 0.00000
4321.581 -0.00746 -0.00746 0.00320
4321.586 -0.00746 0.00426 -0.00320
4321.591 -0.00213 -0.00959 -0.00320
4321.596 -0.00213 0.00959 -0.00107
4321.601 0.00746 0.01278 0.00107
4321.606 -0.00639 0.00000 0.00000
4321.611 0.00639 0.00213 0.00426
4321.616 -0.00107 0.00000 0.00746
4321.621 0.00107 -0.00320 -0.00213
4321.626 -0.00852 -0.00107 -0.00320
4321.631 -0.00320 0.00107 0.00320
4321.636 0.00852 -0.00533 0.00533
4321.641 -0.00533 0.00426 0.01065
4321.646 0.01278 0.00107 0.00213
4321.651 -0.00746 -0.00639 -0.00107
4321.656 -0.00746 -0.00107 -0.00746
4321.661 0.00107 0.00426 0.00213
4321.666 -0.00213 -0.00426 -0.00107
4321.671 0.00000 0.01278 0.00639
4321.676 -0.00426 -0.00107 -0.00213
4321.681 -0.01172 -0.00533 0.00213
4321.686 -0.00852 -0.00320 -0.00320
4321.691 -0.02131 0.00000 0.00000
4321.696 -0.00213 -0.01278 -0.00107
4321.701 -0.00426 -0.00320 -0.01172
4321.706 0.00000 0.00213 -0.01385
4321.711 -0.00213 0.00213 -0.00320
4321.716 -0.00213 -0.00639 -0.00533
4321.721 -0.00213 0.00213 0.00107
4321.726 -0.01065 -0.00213 -0.00959
4321.731 -0.00107 -0.00320 0.00533
4321.737 -0.00533 -0.00852 0.00000
4321.742 0.00107 -0.00426 0.00213
4321.747 -0.00426 0.00000 0.00000
4321.752 0.00639 0.00320 -0.00639
4321.757 0.00107 -0.00213 -0.00533
4321.762 -0.00426 -0.01278 0.00213
4321.767 0.00533 -0.00533 0.00213
4321.772 -0.00852 0.00426 0.00107
4321.777 0.00107 -0.00426 -0.00639
4321.782 -0.00533 -0.00959 -0.00213
4321.787 0.00000 -0.01172 0.00107
4321.792 -0.00426 -0.00107 -0.00107
4321.797 -0.00426 -0.00639 0.00426
4321.802 -0.00746 -0.00213 -0.00107
4321.807 0.00746 0.00426 -0.00107
4321.812 -0.00320 -0.01172 0.00533
4321.818 -0.01917 -0.00213 -0.00320
4321.823 0.00533 0.00320 -0.00107
4321.828 -0.00959 -0.01278 -0.00533
4321.833 -0.00746 0.00533 0.00000
4321.838 0.00107 0.00320 -0.00213
4321.843 -0.00213 -0.00639 -0.00213
4321.848 0.00107 -0.00213 -0.00639
4321.853 -0.00213 -0.00320 -0.00320
4321.858 -0.00107 -0.00426 0.00426
4321.863 -0.00107 0.00533 0.00746
4321.868 -0.00533 -0.00533 0.00639
4321.873 0.00426 -0.00533 0.00639
4321.878 -0.00320 -0.00320 0.00320
4321.883 -0.00426 -0.00639 0.00320
4321.888 -0.00213 -0.00746 -0.00426
4321.893 0.00000 0.00000 0.00213
4321.898 -0.00426 -0.00852 -0.01065
4321.903 -0.00213 -0.00320 -0.00320
4321.908 0.00852 -0.00320 0.00000
4321.913 0.00107 0.00000 -0.00107
4321.918 -0.00959 -0.00639 0.00107
4321.923 0.00107 -0.00426 -0.00959
4321.928 0.00107 -0.00107 0.00000
4321.933 -0.00320 -0.00533 0.00320
4321.938 0.00639 0.00639 0.00107
4321.943 0.00426 -0.00426 -0.00107
4321.948 -0.00213 0.00320 0.00533
4321.953 -0.00213 -0.00533 -0.00107
4321.958 0.00533 -0.00320 0.00107
4321.963 0.00107 0.01172 0.00320
4321.968 0.00213 -0.00107 0.00000
4321.973 0.00213 -0.00852 0.00320
4321.978 0.00107 -0.00107 0.00107
4321.983 0.00639 0.00320 -0.00107
4321.989 -0.01704 0.00107 -0.00107
4321.994 -0.00533 -0.00426 -0.00533
4321.999 -0.00107 0.00213 -0.00426
4322.004 -0.00320 0.00533 -0.00107
4322.009 0.00320 0.00852 -0.01065
4322.014 0.00107 -0.00213 0.00107
4322.019 0.00107 0.00107 -0.00213
4322.024 0.00000 0.00000 -0.00213
4322.029 -0.00533 -0.00320 -0.00426
4322.034 0.00320 0.00000 0.00000
4322.039 0.00000 -0.00213 -0.00320
4322.044 0.00320 0.00213 -0.00213
4322.049 -0.00852 -0.00426 -0.00107
4322.054 -0.00320 0.00000 -0.00320
4322.059 -0.00320 0.00320 -0.00533
4322.064 0.00320 0.00639 -0.00107
4322.069 0.01065 0.00320 -0.00213
4322.074 0.00000 0.00000 0.00320
4322.079 -0.00746 -0.00320 -0.00959
4322.084 -0.00320 0.00426 -0.00959
4322.089 -0.00533 -0.00959 0.00639
4322.094 -0.00426 -0.01172 0.00107
4322.099 -0.00426 0.00533 -0.00320
4322.104 -0.01065 -0.00852 0.00000
4322.109 -0.01385 -0.00213 -0.00533
4322.114 -0.00426 -0.00107 -0.00107
4322.119 0.00213 0.00852 0.00533
4322.124 -0.00639 0.00213 -0.00107
4322.129 0.00426 0.00000 -0.00107
4322.134 -0.00213 0.00107 -0.00746
4322.139 -0.00107 -0.00320 -0.00426
4322.144 0.00533 0.00000 0.00533
4322.150 -0.00746 -0.00107 0.00107
4322.155 -0.00213 0.00746 -0.00533
4322.160 0.00533 0.00533 -0.00107
4322.165 -0.00746 0.00533 0.00107
4322.169 0.00107 -0.00959 0.00000
4322.174 -0.00213 0.00000 0.00639
4322.179 0.00426 0.00000 -0.00426
4322.184 0.00107 -0.00426 -0.00426
4322.190 -0.00639 0.00320 -0.00320
4322.195 0.00959 0.00107 0.00107
4322.200 0.00213 -0.00107 -0.00533
4322.205 0.00320 -0.00213 0.00107
4322.210 -0.00426 -0.00107 -0.00320
4322.215 0.00533 -0.00107 -0.00213
4322.220 0.00000 -0.00426 0.00000
4322.225 -0.00320 -0.00852 -0.00213
4322.230 -0.00213 0.00107 -0.00107
4322.235 -0.00213 -0.00107 0.00852
4322.240 -0.01385 -0.00107 -0.00107
4322.245 -0.00213 -0.00213 -0.00959
4322.250 -0.00426 -0.00639 -0.00107
4322.255 0.00213 -0.00213 -0.00426
4322.260 -0.00107 -0.00213 0.00213
4322.265 -0.00426 -0.00533 0.00533
4322.270 -0.01278 -0.00213 0.00426
4322.275 -0.00426 0.00000 -0.00746
4322.280 0.00320 -0.00107 -0.00213
4322.285 0.00426 -0.00746 -0.00107
4322.290 0.00852 0.00320 0.00533
4322.295 -0.00852 -0.00213 -0.00533
4322.300 0.00426 0.00107 -0.00213
4322.305 -0.00852 -0.01172 -0.00213
4322.310 -0.00213 -0.00959 0.00000
4322.315 0.00107 -0.00746 -0.00533
4322.320 -0.00639 -0.00320 0.00000
4322.325 -0.01491 -0.00107 -0.00107
4322.330 -0.00107 0.00000 -0.00852
4322.335 -0.00320 0.00213 -0.00320
4322.341 0.00320 -0.00959 -0.00320
4322.346 -0.00213 0.00320 0.00213
4322.351 -0.00213 -0.00320 0.01172
4322.356 0.00320 0.00320 -0.00320
4322.361 -0.00213 0.00320 0.00852
4322.366 -0.00213 -0.00426 0.00000
4322.371 0.00533 -0.00213 0.00426
4322.376 -0.00533 0.00000 0.00000
4322.381 -0.00107 -0.00107 0.00320
4322.386 -0.00320 -0.00639 -0.00213
4322.391 -0.00213 -0.00320 -0.00213
4322.396 -0.00107 0.01278 0.00213
4322.401 -0.00213 -0.00746 0.00320
4322.406 -0.00426 0.00213 0.00213
4322.411 0.00746 -0.00533 0.00320
4322.416 -0.00213 0.00426 0.00746
4322.421 0.00000 -0.00852 -0.00746
4322.426 -0.00213 0.00213 -0.01065
4322.431 0.00426 -0.00426 0.00746
4322.436 -0.00213 -0.00426 -0.00852
4322.441 -0.00320 -0.00746 -0.00213
4322.446 -0.00639 -0.00426 0.01065
4322.451 0.00746 -0.00533 -0.00320
4322.456 0.00852 0.00639 -0.00533
4322.461 0.00000 0.00533 -0.00533
4322.466 -0.00533 -0.00320 0.00107
4322.471 -0.00320 -0.00426 -0.00107
4322.476 -0.00107 0.00320 -0.00320
4322.481 -0.00639 -0.00426 0.00213
4322.486 0.00639 0.00000 -0.00107
4322.492 0.00320 -0.01065 0.00000
4322.497 0.00533 -0.01278 -0.00959
4322.502 0.00639 -0.00320 -0.00107
4322.507 0.00107 -0.00533 -0.00320
4322.512 -0.00852 -0.00107 -0.00320
4322.517 0.00000 0.00107 0.00107
4322.522 -0.00320 -0.00959 0.00107
4322.527 -0.01065 -0.00533 -0.00533
4322.532 -0.00852 -0.00213 0.00213
4322.537 -0.00107 0.00959 -0.01172
4322.542 -0.00639 -0.00213 0.00000
4322.547 0.00107 -0.00639 0.00213
4322.552 0.00320 -0.00426 -0.00746
4322.557 0.00000 -0.00107 0.00320
4322.562 0.00107 -0.00426 0.00852
4322.567 -0.00533 -0.00746 0.00107
4322.572 0.01385 -0.00852 -0.00639
4322.577 -0.00426 -0.00320 0.00213
4322.582 0.00746 -0.00320 -0.00107
4322.587 -0.00320 0.00107 -0.00107
4322.592 -0.00746 -0.00639 0.01278
4322.597 -0.00107 -0.00533 -0.00852
4322.602 0.00107 -0.00746 -0.00639
4322.607 -0.01385 0.00533 0.00000
4322.612 0.00000 -0.00213 -0.00852
4322.617 0.00426 -0.00320 -0.00533
4322.622 -0.00213 0.00107 -0.00213
4322.627 -0.00213 0.00000 0.00426
4322.632 0.00213 0.00320 -0.00426
4322.637 0.00107 -0.00959 -0.00213
4322.643 0.00107 -0.00320 0.00320
4322.648 0.00639 0.00426 -0.02131
4322.653 -0.00213 -0.00213 0.00213
4322.658 -0.00107 0.00000 -0.00426
4322.663 0.01065 0.00320 -0.00107
4322.668 -0.00320 -0.00533 -0.00533
4322.673 0.00107 0.00213 -0.00107
4322.678 0.00107 -0.00426 -0.00533
4322.683 0.00000 -0.00639 -0.00320
4322.688 -0.00533 -0.00533 -0.00213
4322.693 -0.00639 -0.00959 -0.00959
4322.698 0.00533 -0.00320 -0.00320
4322.703 -0.00533 -0.00320 0.00107
4322.708 -0.00639 0.00107 0.00746
4322.713 0.00639 -0.00213 0.00213
4322.718 0.00426 -0.00426 -0.00320
4322.723 -0.00426 -0.00533 -0.00213
4322.728 -0.00426 -0.00852 0.00213
4322.733 0.00426 -0.00639 -0.00320
4322.738 0.00000 -0.00320 -0.01172
4322.743 0.01065 -0.00320 0.00107
4322.748 -0.00852 -0.00107 0.01172
4322.753 -0.00426 -0.00213 0.00533
4322.758 0.00213 0.00107 0.00533
4322.763 -0.00320 -0.00959 -0.00213
4322.768 -0.00213 0.00533 -0.00213
4322.773 0.00320 -0.00320 0.00213
4322.778 0.00107 -0.01065 0.00213
4322.783 -0.00107 -0.01172 -0.00639
4322.788 0.00746 -0.00533 -0.00107
4322.793 -0.00320 0.00320 -0.00639
4322.798 -0.00213 0.00107 0.00639
4322.804 0.00213 0.00426 -0.00107
4322.808 0.00213 0.00213 -0.00639
4322.814 -0.00426 -0.00213 -0.00533
4322.819 0.00000 0.00107 -0.00320
4322.824 -0.00107 0.00000 0.00213
4322.829 -0.00959 0.00213 -0.00107
4322.834 0.00639 0.00533 0.00000
4322.839 -0.00107 -0.01065 0.00746
4322.844 -0.00320 0.00320 -0.00107
4322.849 -0.00746 0.00426 -0.00426
4322.854 -0.00426 -0.00107 -0.00107
4322.859 -0.00107 -0.00639 -0.00213
4322.864 0.00107 -0.00426 -0.00426
4322.869 -0.00959 0.00000 -0.00107
4322.874 -0.00320 -0.00639 -0.00639
4322.879 0.00426 -0.01065 0.00000
4322.884 -0.01065 0.00107 0.00213
4322.889 0.00213 -0.01065 0.00426
4322.894 0.00639 0.00746 -0.00746
4322.899 0.00426 -0.00107 0.00213
4322.904 0.00639 0.00000 0.00107
4322.909 -0.00320 -0.00639 0.00000
4322.914 -0.00959 -0.01491 0.00107
4322.919 0.00426 -0.00107 0.00533
4322.924 -0.00107 0.00213 -0.00533
4322.929 0.00320 0.00213 -0.00107
4322.934 -0.01065 0.00213 -0.00533
4322.939 -0.00533 -0.00320 0.00533
4322.944 -0.00852 0.00320 0.00107
4322.949 0.00320 -0.01065 -0.01065
4322.954 0.00639 0.00107 -0.00533
4322.959 0.00639 0.00000 -0.00213
4322.964 0.00213 0.00000 -0.00320
4322.969 0.00000 0.00533 -0.00320
4322.974 0.00320 -0.00320 -0.00426
4322.979 -0.00107 -0.00533 -0.00426
4322.984 0.00000 -0.00746 0.00746
4322.989 -0.00213 -0.00639 0.00320
4322.994 -0.01065 0.00213 -0.00213
4322.999 -0.00959 -0.00533 -0.00320
4323.004 0.00000 -0.00213 -0.00852
4323.009 -0.00639 -0.00426 0.00533
4323.015 0.00107 -0.00320 0.00107
4323.020 0.00639 0.00320 -0.01065
4323.025 0.00000 0.00000 0.00746
4323.030 -0.00213 0.00107 0.00746
4323.035 -0.00107 0.00107 0.00107
4323.040 -0.01065 -0.00426 0.00852
4323.045 -0.00213 0.00639 -0.00639
4323.050 0.00746 -0.00639 0.00639
4323.055 -0.00107 0.00000 0.00533
4323.060 0.00000 0.00533 -0.00213
4323.065 -0.00320 -0.00107 -0.00213
4323.070 0.00426 0.00107 -0.00639
4323.075 -0.00746 -0.00213 0.00320
4323.080 0.00639 -0.00320 -0.00107
4323.085 -0.00213 0.00533 0.00107
4323.090 0.00639 -0.00213 0.00320
4323.095 -0.00426 -0.00959 -0.00639
4323.100 -0.00107 0.00852 0.00533
4323.105 0.00000 0.00852 -0.00107
4323.110 0.00213 0.00426 0.00107
4323.115 0.00107 -0.00320 0.00320
4323.120 -0.00746 -0.00107 -0.00426
4323.126 -0.00213 0.00746 0.00000
4323.131 -0.00426 -0.00320 0.00213
4323.136 -0.00533 -0.00639 -0.00107
4323.141 0.00959 0.00213 0.00639
4323.146 -0.00426 0.00320 -0.00426
4323.151 0.00746 -0.00639 -0.00213
4323.156 -0.00320 -0.00639 0.00107
4323.161 -0.00213 -0.00107 0.00000
4323.166 -0.01385 0.00000 0.00000
4323.171 0.00426 0.00426 -0.00533
4323.176 0.00107 0.01491 -0.00852
4323.181 0.00426 -0.00320 0.00639
4323.186 -0.00107 -0.00746 -0.00533
4323.191 -0.00107 -0.00639 -0.00213
4323.196 0.00746 0.00000 0.00533
4323.201 0.00213 0.00320 0.00213
4323.206 0.01278 0.00320 -0.00639
4323.211 -0.00320 -0.00107 -0.00320
4323.216 0.00107 -0.00639 0.00426
4323.221 0.00213 -0.00320 -0.00107
4323.226 -0.00213 0.00000 -0.00746
4323.231 0.00746 -0.00107 0.00213
4323.236 -0.01278 0.00746 0.00107
4323.241 0.00320 0.00746 0.00426
4323.246 0.00639 0.01065 -0.00213
4323.251 -0.01385 -0.01065 0.00000
