4325.943 -0.00213 0.00213 0.00213
4325.948 -0.00213 -0.00639 -0.00426
4325.953 -0.00213 -0.00213 0.00213
4325.958 0.00746 0.00639 -0.00213
4325.963 -0.00107 -0.00213 -0.00107
4325.968 0.00107 0.00107 0.00107
4325.973 -0.00639 -0.00426 0.00533
4325.978 -0.00320 -0.00533 0.00107
4325.983 0.00000 -0.00107 -0.00746
4325.988 0.00639 -0.00639 -0.00639
4325.993 0.00000 -0.00426 0.00639
4325.998 -0.00213 -0.00107 0.00426
4326.003 -0.00852 0.00533 0.00213
4326.008 -0.00213 -0.01598 0.00107
4326.013 -0.00107 0.00426 0.00533
4326.018 0.00746 -0.00320 0.00000
4326.023 -0.01385 -0.00639 0.00000
4326.028 -0.00533 -0.00746 -0.01065
4326.033 0.00213 -0.00213 0.00639
4326.038 -0.00852 -0.00533 0.00213
4326.043 -0.00213 -0.00320 -0.00107
4326.048 0.00107 0.00213 0.00107
4326.054 -0.00533 -0.01065 0.00213
4326.059 0.00320 -0.00213 0.00320
4326.064 0.00852 0.00426 0.00107
4326.069 -0.00213 -0.00639 0.00852
4326.074 -0.01385 -0.00213 -0.00213
4326.079 -0.00107 -0.00639 0.00000
4326.084 -0.00213 0.00746 -0.00959
4326.089 -0.00746 -0.00320 -0.00426
4326.094 -0.01278 0.00107 0.00213
4326.099 -0.00213 -0.00320 -0.00852
4326.104 -0.00107 -0.00533 -0.00426
4326.109 -0.00959 0.00320 -0.00426
4326.114 -0.00320 -0.00533 -0.00320
4326.119 0.00213 -0.00213 0.00852
4326.124 0.00639 0.00000 0.00426
4326.129 -0.00746 0.00213 -0.00320
4326.134 -0.00426 -0.00533 0.00000
4326.139 -0.00320 -0.00320 0.00213
4326.144 0.00639 -0.00959 -0.00320
4326.149 -0.00213 -0.00107 -0.00533
4326.154 -0.00533 0.00107 -0.00746
4326.159 -0.00426 -0.00107 0.00213
4326.164 -0.00213 -0.00213 -0.00213
4326.169 0.00533 -0.00213 0.00000
4326.174 -0.00426 -0.00213 0.00107
4326.179 0.00213 0.00426 0.00107
4326.184 0.00213 0.00320 0.00213
4326.189 0.00000 -0.00107 0.00639
4326.194 -0.00426 0.00213 0.00213
4326.199 0.00000 0.00320 -0.00213
4326.205 0.00213 -0.00746 -0.00107
4326.209 -0.00533 -0.00959 0.00639
4326.215 0.00107 0.00852 -0.00213
4326.220 -0.00107 -0.00533 -0.00107
4326.225 -0.00426 -0.00213 -0.00959
4326.230 -0.00320 -0.00107 -0.00426
4326.235 -0.00320 -0.00213 -0.00213
4326.240 -0.00320 0.00746 0.00213
4326.245 -0.01172 0.00426 0.00000
4326.250 0.00320 -0.00959 0.00213
4326.255 0.00107 0.01065 0.00533
4326.260 -0.00959 -0.00320 0.00107
4326.265 0.00533 0.00107 -0.00533
4326.270 -0.00320 -0.00426 -0.00213
4326.275 -0.01172 0.00107 -0.00107
4326.280 0.00107 0.00320 0.00426
4326.285 -0.00213 -0.01065 -0.00533
4326.290 -0.00107 0.00852 0.00426
4326.295 -0.00213 0.00000 0.00426
4326.300 -0.00533 -0.00107 0.00959
4326.305 0.00213 0.00107 -0.00213
4326.310 -0.00852 0.00746 0.00959
4326.315 -0.00426 0.00213 -0.00426
4326.320 0.00000 0.00533 -0.00533
4326.325 -0.00852 0.00320 0.00000
4326.330 0.00320 -0.00320 0.00107
4326.335 -0.01385 0.00000 0.00107
4326.340 -0.00213 -0.00107 0.00320
4326.345 0.00533 0.00533 0.00426
4326.350 -0.00107 -0.00533 0.00000
4326.355 -0.00107 0.00213 0.00426
4326.360 0.00107 -0.00107 0.00000
4326.366 0.00000 0.01598 0.00426
4326.371 0.00320 -0.00107 0.00320
4326.376 -0.00320 -0.00959 0.00213
4326.381 0.00000 -0.00426 0.00213
4326.386 0.00107 0.00533 -0.00107
4326.391 -0.00852 -0.00639 0.00000
4326.396 0.00000 -0.01385 0.00959
4326.401 -0.00320 -0.00426 0.00320
4326.406 -0.00746 -0.00852 0.00000
4326.411 -0.01172 -0.00639 0.01491
4326.416 0.00107 -0.00426 -0.00107
4326.421 -0.00426 -0.00320 0.00639
4326.426 -0.00213 -0.00320 -0.00107
4326.431 -0.00107 -0.00320 0.00107
4326.436 -0.01278 0.00107 0.00320
4326.441 -0.00852 -0.00213 0.00746
4326.446 0.00213 0.00426 -0.00639
4326.451 -0.00639 0.00533 -0.00426
4326.456 -0.00533 0.00000 -0.00639
4326.461 -0.00533 0.00320 -0.00320
4326.466 0.00213 -0.00639 -0.00320
4326.471 0.00320 -0.00533 -0.00533
4326.476 0.00000 -0.00746 -0.00639
4326.481 0.00426 -0.00107 0.00107
4326.486 -0.00107 0.00213 -0.00213
4326.491 -0.00533 0.00213 -0.00107
4326.496 -0.00320 -0.00320 -0.00213
4326.501 0.00426 0.00000 -0.00107
4326.506 -0.00746 -0.00852 -0.00533
4326.511 -0.00639 -0.00533 0.00000
4326.516 0.00000 -0.00320 -0.00639
4326.521 0.00107 -0.00959 -0.00107
4326.526 -0.00746 0.00959 0.00107
4326.531 -0.01065 0.00107 0.00107
4326.536 -0.00852 -0.00426 0.00000
4326.541 0.01385 0.00533 -0.00426
4326.547 -0.01172 -0.00746 0.00426
4326.552 0.00533 0.00107 -0.00107
4326.557 -0.00213 -0.01065 0.00000
4326.562 0.00000 -0.00746 0.00000
4326.567 0.00107 0.00426 -0.00746
4326.572 -0.00746 -0.00533 -0.00213
4326.577 -0.00320 -0.00320 0.00107
4326.582 -0.00213 0.00426 -0.00213
4326.587 -0.00213 0.00533 -0.00213
4326.592 0.00639 0.00213 -0.00213
4326.597 -0.00213 0.00852 -0.00852
4326.602 -0.00320 -0.00639 0.01385
4326.607 -0.00213 -0.00639 0.00107
4326.612 -0.00213 -0.00213 -0.01278
4326.617 -0.00959 -0.00213 -0.00320
4326.622 0.00213 -0.00213 0.00213
4326.627 -0.01278 -0.00213 -0.00107
4326.632 -0.01172 -0.00426 0.00320
4326.637 -0.00213 -0.00426 -0.00320
4326.642 -0.00426 -0.00213 -0.00213
4326.647 -0.00426 -0.00320 -0.00213
4326.652 -0.00107 0.00213 0.00107
4326.657 0.00000 0.00426 -0.00107
4326.662 -0.00426 0.00213 0.00533
4326.667 -0.00533 -0.00639 0.00000
4326.672 -0.00959 0.00746 -0.00107
4326.677 -0.00320 -0.00320 -0.00533
4326.682 -0.00320 0.00213 0.00533
4326.687 0.00000 0.00000 -0.00426
4326.692 -0.00426 0.00000 0.00320
4326.697 -0.00320 0.00107 -0.00107
4326.702 0.00320 0.00213 0.00213
4326.707 0.00426 -0.00320 -0.00213
4326.712 -0.00639 0.00533 -0.00852
4326.718 -0.00107 0.00426 -0.00213
4326.723 0.00533 -0.00107 0.00533
4326.728 0.00000 -0.00533 -0.00320
4326.733 0.00107 -0.00213 0.00107
4326.738 0.00107 -0.00107 0.00320
4326.743 -0.00746 0.00000 -0.00320
4326.748 -0.00639 -0.00213 0.00320
4326.753 -0.01065 -0.00213 -0.00107
4326.758 0.00426 0.00107 -0.00426
4326.763 -0.00533 -0.00533 0.00320
4326.768 0.00320 0.00426 0.00746
4326.773 -0.00320 0.00107 -0.00107
4326.778 0.00107 -0.00213 -0.00107
4326.783 0.00213 0.00533 -0.00533
4326.788 0.00107 0.00107 -0.00959
4326.793 0.00320 0.00320 0.00107
4326.798 -0.01385 -0.00107 -0.00426
4326.803 0.00107 -0.00320 -0.01598
4326.808 -0.01172 -0.00533 -0.00426
4326.813 -0.00426 -0.00213 0.00000
4326.818 -0.00320 -0.00213 -0.00426
4326.823 0.00320 -0.00533 -0.00320
4326.828 -0.00107 -0.00852 -0.00426
4326.833 0.00107 -0.00426 -0.00213
4326.838 -0.00426 -0.00426 -0.01172
4326.843 0.00213 -0.00320 -0.00533
4326.848 -0.00639 0.00000 0.00639
4326.853 0.00213 0.00213 -0.00213
4326.858 0.00746 0.00639 -0.01704
4326.863 -0.00320 -0.00639 0.00000
4326.868 0.00107 0.00213 -0.00639
4326.873 -0.00107 0.00107 0.00426
4326.878 -0.00320 0.00213 -0.00213
4326.883 -0.00107 0.00000 0.00000
4326.889 0.00107 0.00639 0.00213
4326.894 0.00000 0.00852 -0.00533
4326.899 -0.01172 0.00533 -0.00320
4326.904 0.00533 -0.00213 -0.00107
4326.909 -0.00213 -0.01065 -0.00320
4326.914 -0.00426 0.00000 -0.00533
4326.919 -0.00320 0.00000 -0.00639
4326.924 0.00213 0.00213 0.00213
4326.929 -0.00746 -0.01491 0.00639
4326.934 0.00426 0.00746 -0.00533
4326.939 0.00533 0.00320 0.00852
4326.944 -0.00213 -0.01065 0.00213
4326.949 -0.00426 0.00107 -0.00320
4326.954 -0.01172 0.00107 0.00107
4326.959 0.01278 0.00426 0.00213
4326.964 -0.00426 0.00746 0.00000
4326.969 0.00320 -0.00426 0.00426
4326.974 0.00213 -0.00426 -0.00320
4326.979 -0.00320 -0.00320 0.00320
4326.984 0.00426 0.00426 0.00107
4326.989 -0.00213 -0.01065 0.00639
4326.994 0.00000 0.00107 -0.00320
4326.999 0.00000 -0.00533 0.00000
4327.004 0.00959 0.00533 -0.00426
4327.010 -0.01278 -0.00213 -0.00426
4327.015 0.00426 -0.00320 0.00213
4327.020 0.00213 0.00000 -0.00852
4327.025 0.00000 -0.00213 0.00107
4327.030 0.00533 -0.00426 0.00000
4327.035 0.00000 -0.00107 0.00000
4327.040 -0.00320 -0.00107 0.00000
4327.045 -0.00426 -0.00746 0.00107
4327.050 0.00000 0.01172 0.01385
4327.055 -0.00213 0.00000 -0.00107
4327.060 -0.00107 0.00320 0.00320
4327.065 -0.00320 0.00000 0.00320
4327.070 -0.00852 0.00320 -0.00533
4327.075 -0.00107 -0.00533 0.00107
4327.080 -0.00213 0.01065 0.00000
4327.085 -0.01065 0.00426 0.00959
4327.090 -0.00639 -0.00320 0.00746
4327.095 0.00000 -0.00213 0.00959
4327.100 -0.00320 0.00000 -0.00107
4327.105 0.00213 0.00213 0.00107
4327.110 -0.00639 -0.00107 -0.00746
4327.115 0.00107 -0.00639 0.00320
4327.120 -0.00426 -0.00107 0.00000
4327.125 -0.00213 0.00746 -0.00107
4327.130 -0.00107 -0.00746 -0.01278
4327.135 0.00426 0.00533 0.00533
4327.140 -0.00746 -0.00107 -0.00533
4327.145 0.00107 0.00639 0.00107
4327.150 -0.00213 -0.00213 -0.00107
4327.155 0.00426 -0.00107 -0.00213
4327.161 0.00107 -0.00746 0.00426
4327.165 0.00426 -0.00639 0.00000
4327.171 -0.00426 -0.00533 0.00320
4327.176 0.00107 0.00746 -0.00426
4327.181 -0.00320 -0.00320 -0.01278
4327.186 -0.00107 -0.00426 -0.00746
4327.191 -0.00213 -0.00426 0.00213
4327.196 -0.00639 -0.01278 0.01065
4327.201 -0.00320 0.00107 0.00213
4327.206 0.00000 -0.00426 -0.00213
4327.211 0.00000 -0.00639 -0.00533
4327.216 -0.00746 0.00107 -0.00746
4327.221 0.00000 -0.00533 -0.00639
4327.226 -0.00533 0.00426 0.00852
4327.231 -0.00746 -0.00852 -0.00426
4327.236 0.00426 0.00000 0.00107
4327.241 -0.00107 -0.00107 -0.00533
4327.246 -0.00107 0.00107 0.00533
4327.251 -0.00320 0.00533 0.00639
4327.256 0.00320 0.00213 -0.00533
4327.261 0.00320 0.00320 -0.00426
4327.266 0.00000 0.00639 0.00107
4327.271 0.00213 0.00000 -0.00746
4327.276 -0.00426 0.00213 0.00320
4327.281 0.00426 -0.00213 -0.00320
4327.286 -0.00107 -0.00426 0.00959
4327.291 0.00746 -0.01065 0.00746
4327.296 -0.00107 -0.00320 -0.00426
4327.301 0.00213 -0.00533 0.00213
4327.306 -0.00107 -0.01172 0.00533
4327.311 -0.00320 -0.00639 0.00426
4327.316 0.00213 0.00000 -0.00426
4327.321 0.00320 -0.00426 0.00107
4327.326 0.00107 -0.00213 0.00213
4327.331 -0.00213 0.00213 0.00107
4327.336 0.00533 -0.00320 0.00000
4327.342 0.00426 0.00959 -0.00213
4327.347 0.00533 0.00320 -0.00107
4327.352 -0.00213 -0.00320 0.00746
4327.357 0.01065 -0.00639 0.00320
4327.362 0.00426 -0.00213 -0.00533
4327.367 -0.00746 -0.00959 0.00426
4327.372 -0.00533 -0.00959 0.00426
4327.377 -0.00639 0.00107 -0.00852
4327.382 0.00320 0.00107 -0.00213
4327.387 -0.00213 -0.00639 0.00320
4327.392 -0.00213 -0.00320 0.00213
4327.397 0.00533 0.00533 0.00000
4327.402 -0.01065 -0.00746 0.00213
4327.407 0.00320 -0.00320 -0.00107
4327.412 -0.00107 -0.00426 0.00426
4327.417 -0.00213 0.00320 -0.00320
4327.422 0.00000 -0.00107 0.00533
4327.427 -0.00320 -0.00852 -0.00107
4327.432 0.00213 0.00426 -0.01172
4327.437 0.00107 0.00533 0.00320
4327.442 0.01491 0.00320 -0.01172
4327.447 -0.00320 -0.00852 -0.00213
4327.452 0.00746 -0.00426 0.00533
4327.457 0.00000 0.00000 -0.00426
4327.462 -0.00533 -0.00320 -0.00320
4327.467 0.00000 0.00213 0.00533
4327.472 0.00107 -0.00107 0.00426
4327.477 -0.00213 0.00320 -0.00213
4327.482 -0.00852 0.00000 -0.00213
4327.487 -0.01278 -0.00213 0.00959
4327.493 -0.00639 -0.00107 0.00107
4327.498 -0.00533 0.00213 -0.00213
4327.503 -0.00107 0.00107 0.00000
4327.508 -0.00107 -0.00533 -0.00533
4327.513 0.00000 0.00107 -0.00320
4327.518 0.00639 -0.00320 -0.00746
4327.523 -0.00107 -0.00852 0.00746
4327.528 -0.00320 -0.00852 0.00000
4327.533 -0.00107 0.00213 0.00107
4327.538 0.00107 0.00000 0.00426
4327.543 0.00000 0.00000 0.01065
4327.548 0.00426 -0.00852 -0.00426
4327.553 0.00000 -0.00107 0.00213
4327.558 0.00426 0.00213 0.00213
4327.563 0.00213 -0.00320 -0.01385
4327.568 -0.00852 -0.00746 -0.00639
4327.573 -0.00533 0.00959 0.00746
4327.578 0.00000 0.00320 0.00107
4327.583 0.00213 0.00213 -0.00533
4327.588 -0.00639 0.00320 -0.00213
4327.593 -0.00426 -0.00639 -0.00107
4327.598 -0.00852 0.00213 -0.00959
4327.603 -0.00639 -0.00852 -0.00320
4327.608 0.00746 -0.01172 0.00533
4327.613 0.00533 -0.00426 -0.00107
4327.618 0.00320 -0.00639 -0.00320
4327.623 -0.00213 0.00000 -0.00533
4327.628 -0.00213 -0.00213 -0.00320
4327.633 -0.00852 -0.00107 -0.00746
4327.638 0.00000 0.00426 0.00320
4327.643 -0.00213 -0.00320 0.00213
4327.648 -0.00213 -0.00213 -0.00320
4327.654 -0.00852 -0.00639 -0.00533
4327.659 -0.00320 -0.00639 -0.00213
4327.664 0.00639 -0.01065 0.00000
4327.669 -0.00213 -0.00746 -0.00320
4327.674 -0.00320 -0.00213 -0.00533
4327.679 -0.00213 0.00107 -0.00213
4327.684 -0.00639 -0.00107 -0.00213
4327.689 0.00107 0.00213 -0.00426
4327.694 0.00000 0.00533 -0.00213
4327.699 0.00320 -0.00213 0.00426
4327.704 0.01172 0.00213 -0.00320
4327.709 0.01065 0.00213 -0.00213
4327.714 0.00426 0.00533 0.00852
4327.719 0.00959 0.00107 0.00213
4327.724 0.00639 0.00639 0.00213
4327.729 -0.00213 0.00000 0.00639
4327.734 0.00213 0.00000 0.00320
4327.739 0.00746 0.00107 -0.01065
4327.744 0.00852 0.00000 0.00000
4327.749 -0.00213 -0.00426 -0.00107
4327.754 0.00746 0.00852 -0.00213
4327.759 -0.00213 -0.00107 -0.00426
4327.764 0.00320 0.00320 -0.00107
4327.769 0.00000 0.00213 0.00639
4327.774 -0.00213 0.00000 0.00213
4327.779 0.00000 0.00107 0.00213
4327.784 0.00213 0.00320 0.00320
4327.789 0.00000 0.00213 -0.00746
4327.794 -0.00320 -0.00107 0.00213
4327.799 0.00000 -0.00320 0.00639
4327.804 0.00320 -0.00213 0.00107
4327.809 -0.00639 -0.00213 -0.00213
4327.814 -0.00107 0.00320 0.00639
4327.819 0.00639 -0.00107 -0.00107
4327.825 0.00533 -0.00639 -0.00320
4327.830 -0.00320 0.00213 -0.00107
4327.835 0.00107 0.00320 0.00000
4327.840 0.00213 0.00426 0.00426
4327.845 0.00107 -0.00320 0.00533
4327.850 -0.00426 -0.00533 -0.00107
4327.855 0.00107 0.00320 0.00533
4327.860 0.00959 -0.00213 0.00320
4327.865 -0.00852 -0.00426 0.00320
4327.870 -0.00213 0.00107 0.00852
4327.875 -0.01491 -0.00320 -0.00426
4327.880 -0.00533 -0.01491 0.00959
4327.885 0.00746 -0.00320 -0.00107
4327.890 0.00000 -0.00533 0.00426
4327.895 0.00107 0.00000 0.00107
4327.900 0.00426 0.00320 0.00107
4327.905 -0.00107 0.00213 -0.00746
4327.910 -0.00533 -0.00533 0.00000
4327.915 -0.00213 0.00213 0.00213
4327.920 0.00746 -0.00107 0.00746
4327.925 0.00000 0.00213 0.00320
4327.930 -0.00107 -0.00426 -0.00107
4327.935 -0.00107 -0.00639 -0.00213
4327.940 0.00426 0.00000 -0.00426
4327.945 0.00426 0.00746 -0.00107
4327.950 0.00533 -0.00426 -0.00320
4327.955 0.00107 0.00107 -0.00213
4327.960 -0.00959 -0.00320 0.00426
4327.965 -0.00107 -0.00320 0.00107
4327.970 -0.01065 -0.00426 0.00320
4327.975 0.00213 0.00533 0.00107
4327.980 0.00320 0.00533 -0.00213
4327.985 -0.00426 -0.00107 -0.00533
4327.990 -0.01065 0.00107 -0.00746
4327.995 -0.00320 0.00107 0.00107
4328.000 0.00000 0.00213 0.00533
4328.005 0.00000 -0.00320 -0.00746
4328.010 -0.00533 -0.00426 -0.00320
4328.015 0.00746 0.00107 0.00213
4328.020 -0.00746 -0.00320 0.00107
4328.026 0.00107 -0.00107 -0.00320
4328.031 -0.00852 -0.00320 -0.00213
4328.036 -0.00107 0.00000 -0.00213
4328.041 -0.00213 -0.00213 -0.00213
4328.046 -0.00639 0.00746 -0.00213
4328.051 -0.00213 -0.00746 -0.00533
4328.056 -0.00107 0.00107 -0.00213
4328.061 -0.00959 -0.00533 -0.00426
4328.066 0.00107 0.00959 0.00107
4328.071 -0.00107 -0.00107 0.00000
4328.076 0.00426 0.00000 0.00320
4328.081 0.00000 0.00000 -0.00320
4328.086 -0.00852 0.00000 -0.00533
4328.091 -0.00213 0.00213 0.00213
4328.096 0.00213 0.00426 0.00320
4328.101 0.00426 0.00107 -0.00426
4328.106 0.00213 0.00320 0.00000
4328.111 -0.00959 -0.00426 -0.00426
4328.116 0.00000 -0.00107 -0.00213
4328.121 0.00852 -0.00852 0.00107
4328.127 -0.00426 0.00746 0.00000
4328.132 0.00533 0.00213 0.00533
4328.137 0.00320 -0.00320 0.00000
4328.142 0.00639 0.00107 0.00533
4328.147 -0.00107 -0.00426 0.00107
4328.152 -0.00533 0.00000 -0.00213
4328.157 -0.00746 0.00107 0.00213
4328.162 -0.00533 0.00000 0.00000
4328.167 0.00107 -0.00639 -0.00213
4328.172 -0.00107 -0.00639 -0.00426
4328.177 0.00426 0.00852 0.00000
4328.182 -0.00320 0.00320 -0.00213
4328.187 0.00000 -0.00533 0.00107
4328.192 0.00746 -0.00320 -0.00107
4328.197 0.00107 -0.00213 -0.00107
4328.202 0.00746 -0.00639 -0.00533
4328.207 0.00320 -0.01065 0.00000
4328.212 -0.00533 0.00320 0.00320
4328.217 -0.00320 0.00426 -0.01172
4328.222 0.00107 -0.00426 0.00320
4328.227 0.00000 -0.00639 -0.00213
4328.232 -0.00533 0.00000 -0.00107
4328.237 -0.00107 -0.00107 0.00107
4328.242 0.00107 -0.00639 0.00000
4328.247 0.00000 -0.00533 0.00213
4328.252 0.00107 0.00213 0.00639
4328.257 -0.00746 -0.00213 -0.00320
4328.262 -0.00746 -0.00213 -0.00213
4328.267 -0.00213 -0.00426 -0.00746
4328.272 -0.00107 -0.00746 -0.00107
4328.277 0.00213 0.00213 0.00426
4328.282 0.00320 0.00426 -0.00746
4328.287 -0.00320 0.00000 0.00000
4328.292 -0.00320 -0.01065 0.00000
4328.298 0.00639 -0.00852 0.00000
4328.303 -0.00746 -0.00426 0.00426
4328.308 -0.00320 0.00426 -0.00213
4328.313 -0.00746 -0.00959 -0.00107
4328.318 -0.00426 -0.00213 0.00533
4328.323 -0.00213 -0.00107 -0.00639
4328.328 -0.00213 -0.00213 0.00107
4328.333 -0.00213 0.00000 -0.00320
4328.338 0.00426 -0.00107 0.00533
4328.343 -0.01385 0.00852 -0.01065
4328.348 -0.00320 0.00213 -0.00213
4328.353 0.00000 -0.00107 -0.00320
4328.358 0.00213 -0.00533 0.00000
4328.363 -0.00533 -0.00213 0.00533
4328.368 0.00320 0.00426 0.00320
4328.373 0.00746 -0.00320 0.00639
4328.378 0.00320 -0.00320 -0.00746
4328.383 -0.00320 -0.00320 0.00107
4328.388 0.00426 0.00320 -0.00639
4328.393 -0.00533 0.00746 -0.00213
4328.398 0.00320 0.00000 -0.00426
4328.403 0.00000 -0.00426 0.00213
4328.408 -0.00639 0.00213 -0.00852
4328.413 -0.00746 -0.00746 -0.00320
4328.418 -0.00852 0.00213 0.01172
4328.423 -0.00959 0.00639 0.00213
4328.428 0.00320 -0.00426 -0.00107
4328.433 0.00426 -0.00107 0.00000
4328.438 -0.00426 0.00107 0.00107
4328.443 0.00213 -0.00533 0.00000
4328.448 0.00107 0.00533 -0.00213
4328.453 -0.00639 -0.00107 0.00107
4328.458 0.00213 -0.00213 -0.00746
4328.463 -0.00746 -0.00426 0.00320
4328.469 -0.00852 -0.00320 0.00107
4328.473 -0.00320 -0.00320 -0.00320
4328.479 0.00533 -0.00852 0.00426
4328.484 0.00000 -0.00107 -0.00426
4328.489 0.00426 -0.00213 -0.00107
4328.494 0.00000 -0.00426 0.00213
4328.499 -0.01065 0.00107 -0.00852
4328.504 0.01491 -0.00639 0.00107
4328.509 0.00320 -0.00533 -0.00959
4328.514 0.00107 -0.00320 -0.00213
4328.519 -0.00533 -0.00746 -0.00426
4328.524 -0.00959 0.00320 0.00000
4328.529 0.00000 -0.01491 -0.00320
4328.534 -0.00639 -0.00533 0.00000
4328.539 0.00000 0.00426 0.00213
4328.544 0.00533 0.00533 -0.00959
4328.549 0.00000 -0.00639 0.00426
4328.554 -0.00107 -0.00746 0.00426
4328.559 0.00107 0.00107 0.00426
4328.564 0.00426 0.00213 0.00107
4328.569 -0.00533 0.00213 -0.00426
4328.574 0.00213 0.00107 -0.00213
4328.579 -0.00533 -0.00533 -0.00320
4328.584 0.00213 -0.00852 0.00746
4328.589 -0.00959 0.00320 0.00107
4328.594 0.00107 -0.00320 0.00426
4328.599 -0.00639 -0.00426 0.00639
4328.604 0.00107 -0.00213 0.00533
4328.609 0.00107 0.00107 0.00000
4328.614 0.00533 -0.00107 0.00107
4328.619 0.00426 -0.00426 -0.00320
4328.624 -0.00533 0.00533 0.00000
4328.629 -0.00426 -0.00107 -0.00533
4328.634 0.00000 -0.00107 0.00000
4328.639 -0.00852 -0.00107 0.00852
4328.644 0.00000 0.00320 0.00213
4328.650 -0.00426 -0.00533 -0.00107
4328.655 -0.00426 0.00320 -0.00852
4328.660 -0.00746 -0.02131 0.00746
4328.665 0.00533 -0.00213 -0.00639
4328.670 -0.00533 -0.00852 0.00320
4328.675 -0.01278 -0.00426 -0.00320
4328.680 -0.00320 -0.00213 -0.00426
4328.685 -0.00746 0.00852 0.00746
4328.690 -0.00533 -0.00639 -0.01385
4328.695 -0.00639 -0.00107 0.00000
4328.700 -0.00213 -0.00213 0.00533
4328.705 0.00639 0.00426 -0.00533
4328.710 -0.00746 -0.00426 -0.00639
4328.715 -0.00213 0.00213 -0.00107
4328.720 -0.01172 0.00213 0.00107
4328.725 0.00213 0.00000 0.00107
4328.730 -0.00959 0.00426 -0.00320
4328.735 -0.00107 -0.00426 -0.00320
4328.740 0.00320 -0.00533 0.00213
4328.745 -0.00639 0.01491 0.00000
4328.750 0.00213 -0.00426 0.00000
4328.755 0.00852 -0.00533 0.00000
4328.760 0.00107 -0.00533 -0.00426
4328.765 0.00426 -0.00107 -0.00959
4328.770 0.00639 -0.00107 0.00320
4328.775 -0.00639 -0.00107 0.00000
4328.780 0.00213 -0.00746 0.00107
4328.785 0.00746 0.00959 -0.00426
4328.790 0.00000 0.00746 0.00320
4328.795 0.00533 -0.00426 0.00213
4328.800 0.00000 0.00213 0.00320
4328.805 -0.00107 -0.01385 -0.00107
4328.811 0.00213 -0.00213 0.00107
4328.816 -0.00426 -0.00852 -0.00320
4328.821 -0.00639 0.00213 -0.00426
4328.826 -0.00107 -0.00426 -0.00533
4328.831 -0.00426 0.00107 0.00213
4328.836 -0.00959 -0.00426 0.00320
4328.841 0.00426 -0.00107 -0.01172
4328.846 0.00107 -0.00213 -0.00213
4328.851 0.00426 0.00320 0.00107
4328.856 0.00107 -0.00107 -0.00213
4328.861 -0.00533 -0.01065 -0.00213
4328.866 -0.00213 -0.00213 -0.00213
4328.871 -0.00533 -0.00426 0.00426
4328.876 0.00000 -0.00426 -0.00320
4328.881 -0.00213 -0.00426 0.01172
4328.886 -0.00426 0.00320 -0.00426
4328.891 0.00107 -0.00320 0.00213
4328.896 -0.00533 0.00426 0.00213
4328.901 0.00320 0.00746 -0.00213
4328.906 0.00320 0.00426 0.00852
4328.911 0.00320 0.00107 -0.00213
4328.916 -0.00426 -0.00426 -0.00107
4328.921 -0.00320 -0.00533 0.00000
4328.926 0.00107 0.00107 0.00000
4328.931 -0.01172 -0.00852 -0.00852
4328.936 -0.00320 0.00000 0.00639
4328.941 -0.00213 -0.00213 0.00426
4328.946 -0.00320 0.00852 0.00533
4328.952 -0.00533 -0.00533 -0.00107
4328.957 0.00107 -0.00746 0.00000
4328.962 -0.00213 0.00000 -0.00107
4328.967 0.00107 -0.01491 -0.00107
4328.972 -0.00320 0.00107 -0.00639
4328.977 0.00320 -0.00107 0.00107
4328.982 0.00533 0.00000 0.00000
4328.987 0.00000 0.00426 0.00320
4328.992 0.00533 0.00107 0.00746
4328.997 -0.00746 -0.00533 -0.00320
4329.002 -0.00107 -0.00639 -0.00320
4329.007 -0.00213 0.00426 0.00000
4329.012 0.00213 -0.01172 -0.00426
4329.017 -0.00320 0.00000 -0.01065
4329.022 0.00426 -0.00213 -0.00320
4329.027 -0.00746 0.00320 -0.00320
4329.032 -0.00107 -0.00107 -0.00852
4329.037 0.00107 -0.00746 0.00107
4329.042 -0.00107 0.00107 0.00107
4329.047 -0.00639 0.00852 0.00320
4329.052 -0.00320 0.00000 0.00320
4329.057 -0.00533 -0.00320 -0.00533
4329.062 0.00000 -0.00107 -0.00426
4329.067 0.00213 0.00320 -0.00533
4329.072 -0.00959 0.00533 0.00107
4329.077 0.00000 -0.00746 0.00000
4329.082 -0.00426 -0.01704 -0.00320
4329.087 -0.00639 -0.00959 -0.00426
4329.092 -0.00213 -0.00213 -0.00320
4329.097 0.00107 0.00107 -0.00213
4329.102 0.00959 0.00746 0.00320
4329.107 0.00107 -0.00107 0.00746
4329.113 -0.00107 0.00107 -0.00426
4329.118 -0.01065 -0.00320 -0.00213
4329.123 0.00213 0.00746 -0.00107
4329.128 -0.00746 -0.01172 0.00213
4329.133 -0.00639 -0.00320 0.00533
4329.138 -0.00213 0.00107 -0.00107
4329.143 -0.00107 0.00000 0.00320
4329.148 -0.00107 -0.00639 0.00000
4329.153 -0.00533 -0.00639 -0.00852
4329.158 -0.00426 -0.00213 -0.00320
4329.163 0.00107 -0.00213 0.00639
4329.168 -0.00107 -0.00426 -0.00107
4329.173 -0.00639 -0.00959 0.00852
4329.178 0.00639 0.00107 0.00533
4329.183 -0.00533 0.00213 0.00000
4329.188 0.00426 0.00533 -0.00107
4329.193 0.00426 -0.00639 -0.00320
4329.198 0.00320 0.00000 -0.00533
4329.203 -0.00426 0.00533 -0.00107
4329.208 0.00852 -0.00107 0.00746
4329.213 0.00107 0.00213 0.00213
4329.218 0.00639 -0.00320 0.00320
4329.223 -0.00107 -0.00107 -0.00426
4329.228 0.00852 0.00533 0.00746
4329.233 0.00852 0.00320 -0.00107
4329.238 -0.00533 -0.00107 -0.01065
4329.243 0.00107 -0.00639 0.00213
4329.248 -0.00852 0.00639 -0.00533
4329.253 0.00426 0.00107 0.00000
4329.258 0.00852 -0.00213 0.00000
4329.263 0.00000 -0.00107 0.01172
4329.268 -0.00107 -0.00107 0.00107
4329.274 0.00320 -0.00213 -0.00107
4329.278 0.00000 -0.00320 0.00107
4329.284 -0.00426 -0.00426 -0.00426
4329.289 -0.00426 0.00107 -0.00533
4329.294 -0.00639 0.00000 0.00213
4329.299 -0.00746 -0.00639 -0.00213
4329.304 -0.00213 -0.00426 0.00533
4329.309 0.00320 0.00426 -0.00426
4329.314 -0.00533 -0.00746 -0.00426
4329.319 0.00000 0.00213 -0.00320
4329.324 0.00107 -0.00426 -0.00213
4329.329 0.00320 -0.00533 0.00213
4329.334 0.00426 -0.00213 0.00107
4329.339 0.00213 0.00000 0.00746
4329.344 -0.00852 -0.00746 0.00000
4329.349 -0.00639 -0.00639 0.00107
4329.354 -0.01385 -0.00320 0.00000
4329.359 -0.00852 -0.00533 -0.01065
4329.364 -0.00320 -0.00426 -0.00320
4329.369 0.00213 0.00852 0.00107
4329.374 0.00320 -0.00426 0.00639
4329.379 0.00107 0.00000 -0.00213
4329.384 -0.00639 -0.00533 -0.00426
4329.389 -0.01385 0.00426 -0.00533
4329.394 -0.00213 -0.00320 -0.00426
4329.399 -0.00746 0.00213 0.00533
4329.404 -0.00107 -0.00639 -0.01065
4329.409 0.00000 0.00639 0.00533
4329.414 0.00533 -0.00852 0.00107
4329.419 0.00426 0.00959 -0.00533
4329.424 -0.00426 0.00533 -0.00852
4329.429 0.00213 0.00746 0.00533
4329.434 0.00426 0.00320 -0.00213
4329.439 0.00107 -0.00107 0.00426
4329.445 -0.00639 0.00426 -0.00746
4329.450 0.00213 0.00107 0.00000
4329.455 0.00000 0.00000 -0.00639
4329.460 0.00213 0.01065 -0.00426
4329.465 -0.00746 0.00000 0.00213
4329.470 -0.00107 0.00533 0.00000
4329.475 0.00107 -0.00320 0.00213
4329.480 0.00107 -0.00213 0.00000
4329.485 0.00426 0.00533 -0.00533
4329.490 -0.00107 0.00533 0.00213
4329.495 -0.00320 -0.00426 -0.00426
4329.500 -0.00107 -0.00959 -0.00320
4329.505 0.00746 -0.00213 -0.00107
4329.510 -0.00107 -0.00107 -0.00533
4329.515 -0.00746 -0.00426 0.00107
4329.520 -0.00213 0.00000 0.01491
4329.525 -0.01598 0.00107 -0.00533
4329.530 0.00320 -0.00107 -0.00533
4329.535 0.00000 -0.00639 0.00107
4329.540 -0.00639 0.00213 -0.00213
4329.545 0.00213 -0.00107 -0.00320
4329.550 -0.01065 0.00000 -0.00320
4329.555 -0.00533 -0.00426 -0.00533
4329.560 0.00320 -0.00213 -0.00426
4329.565 -0.00320 -0.00426 0.00852
4329.570 -0.00746 -0.00320 -0.00107
4329.575 0.00426 -0.00320 0.00639
4329.580 -0.00213 -0.00107 0.00533
4329.585 -0.00107 -0.00639 -0.00746
4329.590 -0.00533 -0.00533 0.00000
4329.595 -0.00213 -0.00107 -0.00533
4329.600 0.00107 0.00533 -0.00107
4329.606 -0.00426 0.00107 -0.00746
4329.611 0.00107 -0.01811 -0.00639
4329.615 -0.00852 0.00746 0.00000
4329.620 -0.00107 -0.00533 -0.00746
4329.626 0.00213 0.00639 0.00746
4329.631 -0.00320 -0.00533 -0.00107
4329.636 -0.00320 -0.00746 -0.00107
4329.641 -0.00639 -0.00213 -0.00320
4329.646 0.00213 0.00320 -0.00639
4329.651 -0.01278 0.00213 -0.00107
4329.656 -0.00746 -0.00107 0.00320
4329.661 0.00426 0.00107 0.00213
4329.666 0.00213 0.00107 -0.00852
4329.671 -0.00746 0.00000 0.00107
4329.676 0.01172 0.00000 -0.00426
4329.681 -0.00320 0.00000 -0.00426
4329.686 -0.00426 -0.00213 0.00426
4329.691 0.00107 0.00426 0.00000
4329.696 0.00107 0.01172 -0.00107
4329.701 0.00852 -0.00320 0.00000
4329.706 0.00000 -0.00959 0.00107
4329.711 0.00533 0.00213 -0.00320
4329.716 0.00426 -0.00107 -0.00533
4329.721 -0.00107 0.00426 0.00213
4329.726 0.00639 0.00533 -0.00213
4329.731 0.00000 0.00426 -0.00639
4329.736 0.00852 -0.00107 0.00000
4329.741 -0.00107 0.00000 0.00000
4329.746 -0.01491 0.00107 0.00639
4329.751 -0.00107 -0.00426 0.00213
4329.756 0.00959 0.00639 0.00746
4329.761 -0.00320 0.00426 -0.00213
4329.767 0.00533 0.00533 0.00320
4329.772 0.00320 0.00426 -0.00320
4329.777 0.00533 -0.00320 0.00213
4329.782 0.00320 0.00107 -0.00107
4329.787 -0.00639 -0.01172 0.00426
4329.792 -0.00213 -0.00639 -0.00107
4329.797 -0.00746 0.00533 0.00000
4329.802 -0.00959 0.00000 -0.00959
4329.807 0.00000 -0.00213 -0.00213
4329.812 0.00320 0.00213 0.00426
4329.817 -0.00746 0.00107 -0.00213
4329.822 -0.00320 0.00426 0.00746
4329.827 0.00107 -0.00426 -0.00320
4329.832 0.00107 -0.00639 -0.00746
4329.837 -0.00426 0.00426 0.00000
4329.842 -0.00320 -0.00639 0.00107
4329.847 -0.00107 0.00639 -0.00533
4329.852 -0.00213 -0.00213 0.00852
4329.857 -0.00746 0.00746 0.00000
4329.862 -0.00426 0.00000 -0.00107
4329.867 -0.00107 0.00000 -0.00852
4329.872 0.00000 -0.01065 0.00533
4329.877 0.00000 -0.01172 -0.00213
4329.882 0.00107 0.00107 0.00000
4329.887 -0.00426 0.00320 -0.00213
4329.892 -0.00320 -0.00639 0.00107
4329.897 0.00107 -0.00107 -0.01065
4329.902 -0.00213 -0.00426 0.00000
4329.907 -0.00320 -0.00107 0.00213
4329.912 -0.00746 -0.00213 -0.00426
4329.917 -0.00213 -0.00852 -0.00852
4329.922 -0.00320 0.00213 0.00426
4329.927 0.00639 -0.00320 0.00000
4329.932 -0.00746 -0.00852 -0.00213
4329.938 -0.00107 0.00746 0.00000
4329.943 0.00107 0.00746 -0.00426
4329.948 -0.00320 0.00213 0.00000
4329.953 -0.00426 0.00746 0.00533
4329.958 0.00426 0.00426 -0.00213
4329.963 0.00639 -0.00426 0.00107
4329.968 0.00107 -0.00852 0.00213
4329.973 0.00000 -0.00107 0.00107
4329.978 -0.00107 0.00000 -0.00639
4329.983 -0.00533 0.00107 0.00000
4329.988 -0.00746 0.00746 0.00213
4329.993 0.00320 -0.00213 0.00320
4329.998 -0.00107 -0.01065 0.00107
4330.003 -0.00426 -0.00426 0.00213
4330.008 -0.01065 -0.00107 -0.00426
4330.013 -0.00107 -0.00426 -0.00426
4330.018 -0.00852 0.00320 0.00639
4330.023 0.00107 0.00852 -0.00426
4330.028 0.00426 0.00213 -0.00426
4330.033 0.00213 0.00107 0.00000
4330.038 -0.00639 -0.00107 -0.00533
4330.043 -0.00320 -0.00213 0.00107
4330.048 -0.00320 0.00107 -0.00107
4330.053 0.00320 0.00000 0.00107
4330.058 -0.00107 -0.00959 -0.01065
4330.063 -0.00852 0.01172 -0.00213
4330.068 -0.00533 -0.01704 0.00639
4330.073 0.00107 -0.01065 -0.00213
4330.078 -0.00320 -0.00533 -0.00213
4330.083 0.00426 0.00639 0.00213
4330.088 0.00213 0.00320 -0.00426
4330.093 -0.00533 -0.01172 0.00426
4330.099 -0.00959 0.00320 0.00000
4330.104 -0.00533 0.00107 0.00533
4330.109 -0.00107 -0.00746 0.00107
4330.114 0.00639 0.00426 -0.00746
4330.119 0.00533 0.00426 -0.00320
4330.124 -0.00426 -0.00320 0.00000
4330.129 -0.00426 0.00746 -0.00213
4330.134 -0.00320 -0.00426 0.00426
4330.139 -0.01065 -0.02557 -0.00320
4330.144 -0.00426 0.00213 0.00000
4330.149 0.00320 -0.00533 0.00213
4330.154 0.00746 0.00107 0.00107
4330.159 -0.00959 -0.00533 -0.00426
4330.164 -0.00213 -0.00107 -0.00213
4330.169 0.00107 -0.00107 0.00959
4330.174 -0.00959 -0.01811 -0.00426
4330.179 0.00000 0.00533 0.00426
4330.184 0.00426 0.00639 0.00533
4330.189 0.00213 0.00213 -0.00320
4330.194 0.00320 -0.00213 0.00213
4330.199 -0.00213 0.00000 0.00533
4330.204 0.00000 -0.00533 -0.00213
4330.209 0.00533 0.00639 -0.00320
4330.214 -0.01172 -0.00107 0.00213
4330.219 -0.00746 -0.00213 0.00213
4330.224 -0.00426 0.00426 0.00000
4330.229 -0.00320 0.00107 -0.00533
4330.234 0.00213 0.00213 0.00213
4330.239 -0.01172 -0.00320 0.00320
4330.244 0.00746 0.00000 0.00213
4330.249 -0.00426 0.00959 -0.00639
4330.254 0.00107 -0.00639 -0.00213
4330.259 -0.00213 0.00000 0.00107
4330.264 -0.00320 -0.00320 -0.00320
4330.269 0.00426 0.00426 -0.00746
4330.274 -0.00426 -0.00533 0.00639
4330.280 0.00213 -0.00852 -0.00959
4330.285 0.00000 -0.00533 0.00000
4330.290 -0.00852 0.00213 0.00746
4330.295 -0.00107 -0.00213 0.00533
4330.300 -0.00746 0.00000 -0.00107
4330.305 0.00000 -0.00107 -0.00320
4330.310 0.00320 0.00320 -0.00639
4330.315 0.00000 -0.00320 -0.00320
4330.320 -0.00426 -0.00213 -0.00959
4330.325 0.00320 0.00320 0.00746
4330.330 -0.00320 -0.01704 -0.00107
4330.335 0.00320 0.00533 0.00533
4330.340 0.00320 -0.00426 -0.00533
4330.345 0.00107 0.00107 -0.00107
4330.350 0.00107 0.00320 0.00107
4330.355 -0.00320 0.00533 -0.00426
4330.360 -0.00107 -0.01065 -0.01491
4330.365 -0.00639 -0.00852 -0.01172
4330.370 0.00107 -0.00213 0.00320
4330.375 -0.00320 -0.00639 -0.00107
4330.380 0.00320 -0.00959 -0.00639
4330.385 -0.00639 -0.00746 0.00320
4330.390 -0.00107 -0.00213 0.00107
4330.395 0.00533 0.00320 -0.00533
4330.401 -0.00320 -0.01278 -0.00639
4330.406 -0.00213 0.00959 -0.00107
4330.411 0.00213 -0.00107 -0.00746
4330.416 -0.00426 -0.00320 0.00959
4330.421 -0.00639 0.00107 -0.00746
4330.426 -0.00426 -0.00107 0.00320
4330.431 -0.00533 -0.00213 0.00426
4330.436 -0.00320 -0.00107 -0.00107
4330.441 -0.00107 -0.01065 0.00746
4330.446 0.00213 0.00107 0.00213
4330.451 -0.00213 -0.00426 -0.00107
4330.456 -0.00320 0.00426 -0.00852
4330.461 -0.00533 -0.00533 0.00320
4330.466 -0.00107 -0.00426 0.00107
4330.471 0.00000 -0.00426 0.00000
4330.476 0.00213 -0.00320 0.00107
4330.481 0.00107 -0.00213 0.00000
4330.486 0.00213 -0.00746 -0.00852
4330.491 -0.00746 0.00107 0.00000
4330.496 -0.00107 -0.00320 -0.00426
4330.501 -0.00107 -0.00107 -0.00959
4330.506 0.00320 0.00000 -0.00533
4330.511 -0.00746 0.00107 0.00000
4330.516 0.00426 -0.01917 -0.00213
4330.521 0.00533 0.00000 0.00213
4330.526 -0.00107 -0.00639 -0.00107
4330.531 0.00320 -0.00746 -0.00426
4330.536 0.00000 -0.00107 0.00213
4330.541 0.00213 -0.01172 -0.00107
4330.546 -0.00852 -0.00107 -0.00107
4330.551 0.00000 -0.00746 0.00000
4330.556 -0.00426 0.00533 -0.00107
4330.562 0.00426 0.00426 0.00639
4330.566 0.00959 0.00213 0.00107
4330.572 -0.00320 -0.00320 0.00959
4330.577 0.00426 0.00320 0.00213
4330.582 0.00107 -0.00533 0.00213
4330.587 -0.00426 -0.00426 -0.00320
4330.592 0.00746 -0.00533 0.00639
4330.597 -0.00213 -0.00533 -0.00213
4330.602 -0.00533 0.00213 0.00639
4330.607 0.00426 0.00107 0.00639
4330.612 -0.00107 -0.00533 0.00746
4330.617 0.00320 -0.00852 0.00213
4330.622 0.00426 -0.00746 -0.00426
4330.627 -0.00533 -0.00533 0.00533
4330.632 -0.00320 -0.00213 -0.00320
4330.637 0.00426 0.00107 -0.00426
4330.642 -0.00213 -0.00213 -0.00213
4330.647 -0.00426 -0.00213 -0.00320
4330.652 -0.00852 -0.00426 0.00107
4330.657 0.00639 0.00320 0.00000
4330.662 -0.00746 -0.00746 -0.00213
4330.667 -0.00213 0.00533 0.00426
4330.672 0.00852 -0.00107 -0.00426
4330.677 -0.00639 -0.00852 -0.00533
4330.682 -0.00746 0.00107 -0.00746
4330.687 -0.00213 -0.00639 0.00533
4330.692 -0.00213 -0.00320 -0.00426
4330.697 -0.00426 0.00000 -0.00426
4330.702 0.00213 -0.00107 -0.00852
4330.707 -0.00107 -0.00746 0.00000
4330.712 0.00213 -0.00320 0.00213
4330.717 0.00213 -0.00320 -0.00852
4330.722 -0.00426 0.00000 0.01065
4330.727 0.00639 -0.00213 0.00320
4330.733 0.00000 0.00000 -0.00320
4330.738 -0.00959 -0.00426 -0.00107
4330.743 0.00000 -0.00533 0.00959
4330.748 -0.00426 0.01385 -0.00213
4330.753 0.00320 -0.00107 0.00107
4330.758 0.00426 -0.00852 0.00426
4330.763 -0.00746 0.00000 -0.00320
4330.768 0.00107 -0.00959 -0.00320
4330.773 -0.00426 0.00320 -0.00639
4330.778 -0.00959 0.00000 -0.00533
4330.783 0.00213 -0.00533 -0.00320
4330.788 -0.00426 0.00107 -0.00639
4330.793 0.00213 -0.00320 -0.00107
4330.798 -0.00426 -0.00213 0.00213
4330.803 0.00533 -0.00959 0.00426
4330.808 -0.00533 -0.00746 -0.00107
4330.813 0.00320 0.00000 -0.00320
4330.818 0.00107 0.00213 0.00320
4330.823 -0.00426 -0.00533 -0.00320
4330.828 0.00533 0.00107 0.00000
4330.833 -0.00852 0.00000 -0.00426
4330.838 0.00639 0.00426 -0.00639
4330.843 0.00959 0.00533 0.00320
4330.848 0.00000 0.00426 -0.00107
4330.853 -0.00533 -0.00852 0.00533
4330.858 -0.00533 -0.00852 -0.00746
4330.863 -0.00213 -0.00533 -0.00746
4330.868 0.00000 -0.00426 0.00107
4330.873 -0.00320 -0.00639 -0.00213
4330.878 -0.00639 -0.00320 -0.00107
4330.883 -0.00320 -0.00107 -0.00746
4330.888 -0.00959 -0.00746 -0.01278
4330.893 0.00000 -0.00533 -0.00426
4330.898 -0.00639 0.00107 0.00320
4330.903 -0.00426 -0.00107 -0.00107
4330.908 -0.00533 -0.00426 -0.00320
4330.913 0.00107 0.00000 -0.00213
4330.918 -0.00533 -0.00213 0.00320
4330.924 -0.00533 -0.00320 -0.00639
4330.929 -0.00107 0.00000 0.00320
4330.934 -0.00107 0.00639 0.00000
4330.939 -0.00746 0.00426 -0.00852
4330.944 -0.00320 -0.00639 0.00533
4330.949 0.00426 -0.00533 -0.00533
4330.954 0.00000 -0.00107 0.00213
4330.959 -0.00107 -0.00959 0.00213
4330.964 -0.00426 -0.00426 0.00107
4330.969 -0.00107 0.00213 -0.00852
4330.974 0.00107 -0.00426 0.00533
4330.979 -0.00639 0.00426 -0.00320
4330.984 0.00107 0.00107 -0.00107
4330.989 0.00533 -0.00213 -0.00533
4330.994 0.00746 -0.00320 0.00533
4330.999 0.00533 0.00320 0.00320
4331.004 -0.00533 0.00000 0.00213
4331.009 -0.00852 0.00320 0.01065
4331.014 -0.00320 -0.00320 -0.00426
4331.019 -0.00426 0.00000 -0.00426
4331.024 -0.00533 0.00107 0.00320
4331.029 -0.00320 0.00213 0.00000
4331.034 0.00959 -0.00426 0.00852
4331.039 -0.00320 0.00213 -0.00426
4331.044 -0.00107 -0.00320 -0.00426
4331.049 -0.00107 0.00107 0.00533
4331.054 0.00107 -0.00639 -0.00320
4331.059 -0.00639 0.00107 0.00000
4331.065 0.00213 -0.00320 0.00213
4331.070 0.00213 0.00533 -0.00213
4331.075 -0.00852 0.00852 -0.00107
4331.080 -0.00746 0.00213 0.00959
4331.085 0.00426 -0.00320 -0.00213
4331.090 0.00107 -0.00107 -0.00320
4331.095 -0.01172 -0.00213 -0.00426
4331.100 -0.00213 0.00533 0.00213
4331.105 0.00533 -0.00639 0.00213
4331.110 0.00107 -0.00213 -0.00426
4331.115 0.00533 -0.00426 0.00320
4331.120 -0.00639 -0.00320 -0.00533
4331.125 -0.00426 -0.00639 0.00000
4331.130 0.00000 -0.00320 0.00320
4331.135 0.00533 -0.00426 0.00213
4331.140 -0.00426 0.00426 0.00000
4331.145 -0.00320 -0.00320 0.00320
4331.150 -0.00533 0.00213 -0.00426
4331.155 -0.00533 -0.00426 -0.00959
4331.160 -0.00213 0.00213 0.00000
4331.165 -0.00107 0.00000 0.00107
4331.170 -0.00639 0.00213 -0.00746
4331.175 0.00746 0.00213 0.00213
4331.180 0.00000 -0.00426 -0.00320
4331.185 -0.00426 -0.00320 0.00959
4331.190 -0.00213 -0.00639 0.00000
4331.195 0.00320 0.00426 -0.00107
4331.200 -0.00107 -0.00639 -0.00213
4331.205 -0.00213 -0.01065 -0.00533
4331.210 0.00533 0.00639 0.00426
4331.215 -0.00852 -0.00639 0.00639
4331.220 0.00639 -0.00213 0.00852
4331.225 0.00000 -0.00107 0.00213
4331.230 0.00639 -0.01385 0.00000
4331.236 -0.00107 0.00000 0.00533
4331.241 0.00320 0.00533 0.00852
4331.246 -0.00107 -0.00639 0.00000
4331.251 -0.00213 -0.00320 0.00426
4331.256 -0.00639 0.00852 0.00213
4331.261 -0.00639 0.00639 -0.00639
4331.266 -0.00213 0.00639 0.00000
4331.271 0.00533 -0.00213 -0.00107
4331.276 -0.00107 0.01065 -0.00320
4331.281 -0.00426 0.00107 -0.00320
4331.286 0.00320 -0.00320 0.00107
4331.291 0.00746 0.00959 0.00852
4331.296 0.00320 0.00533 0.00107
4331.301 -0.00852 0.00426 -0.00213
4331.306 0.00639 0.00426 -0.01065
4331.311 -0.00426 -0.00746 0.00213
4331.316 -0.00426 0.00107 0.00426
4331.321 -0.00746 -0.00320 -0.00426
4331.326 -0.00426 0.00320 0.00320
4331.331 -0.00533 0.00320 -0.00213
4331.336 0.00000 0.00107 0.00533
4331.341 0.00213 -0.00107 -0.00213
4331.346 -0.00320 0.00533 0.00000
4331.351 0.00320 0.00107 0.00000
4331.356 -0.00213 -0.00320 -0.00533
4331.361 0.00000 -0.00746 0.00213
4331.366 0.00000 0.00213 0.00533
4331.371 -0.00852 0.00000 -0.00320
4331.376 0.00213 0.00000 -0.00320
4331.381 0.00107 -0.00639 -0.00746
4331.387 0.00959 0.00000 0.00213
4331.392 0.00320 0.00959 0.00320
4331.397 0.00213 -0.00320 -0.00639
4331.402 -0.00213 -0.00320 -0.00639
4331.407 -0.01278 -0.00213 0.00107
4331.412 -0.00533 -0.00213 -0.00533
4331.417 -0.00320 -0.00107 0.00639
4331.422 -0.00959 -0.00852 -0.01065
4331.427 -0.00320 0.00213 0.00107
4331.432 0.00320 0.00107 -0.00107
4331.437 0.00213 -0.00852 0.00107
4331.442 -0.00533 0.00213 -0.00426
4331.447 0.00320 -0.00213 0.00533
4331.452 0.00000 0.00000 -0.00852
4331.457 -0.00213 -0.00959 -0.00533
4331.462 -0.00320 0.00639 -0.01172
4331.467 0.00533 0.00533 -0.00533
4331.472 0.00746 -0.00107 -0.00746
4331.477 0.00000 0.00107 0.00000
4331.482 0.00320 -0.00533 0.00213
4331.487 -0.00213 0.00533 -0.00107
4331.492 0.00426 0.00107 0.01065
4331.497 -0.00639 -0.00213 -0.00107
4331.502 -0.00533 -0.00533 0.00213
4331.507 0.00107 0.00533 -0.00320
4331.512 -0.00639 -0.00107 0.00533
4331.517 -0.00213 -0.01065 -0.00320
4331.522 -0.00320 -0.00320 0.00000
4331.527 -0.00746 0.00959 -0.00107
4331.532 -0.00213 0.00213 0.00000
4331.538 -0.00213 -0.00213 -0.00213
4331.542 0.00639 -0.00852 -0.00107
4331.548 -0.00213 0.00213 -0.00213
4331.553 -0.01278 -0.00639 0.00426
4331.558 0.00320 -0.00959 -0.00107
4331.563 0.00000 0.00320 -0.00852
4331.568 0.00107 -0.00213 -0.00213
4331.573 -0.00213 0.00213 -0.00746
4331.578 -0.00107 -0.00320 0.00426
4331.583 0.00000 0.00213 0.00107
4331.588 -0.01278 -0.00426 -0.00107
4331.593 0.00213 -0.00107 0.00107
4331.598 -0.00213 -0.00107 0.00320
4331.603 0.00107 0.00213 0.00000
4331.608 -0.00107 0.00000 -0.00639
4331.613 -0.00107 0.00213 -0.00320
4331.618 -0.00639 0.00426 0.00426
4331.623 -0.00320 -0.00639 0.00426
4331.628 -0.00213 0.00426 0.01385
4331.633 0.00107 0.00213 0.00000
4331.638 0.00213 -0.00746 -0.00213
4331.643 0.00000 0.00107 0.00639
4331.648 -0.00533 -0.00320 -0.00533
4331.653 -0.00533 -0.00213 0.00746
4331.658 -0.00426 -0.00533 0.00426
4331.663 -0.00320 -0.00426 0.00213
4331.668 0.00213 -0.00213 0.00426
4331.673 -0.00213 0.00000 0.00213
4331.678 -0.01172 -0.00107 -0.00107
4331.683 -0.00746 0.00426 0.00107
4331.688 -0.00639 -0.00533 0.00107
4331.693 -0.00213 -0.00426 -0.00107
4331.698 -0.00426 -0.00426 0.00000
4331.703 0.00000 0.00320 0.00852
4331.708 0.00746 0.00000 -0.00426
4331.713 0.00639 0.00320 0.00746
4331.718 0.00107 -0.00426 -0.00107
4331.723 -0.00746 0.00213 0.00533
4331.728 0.00746 -0.00426 -0.00320
4331.733 -0.00213 0.00000 -0.00107
4331.739 -0.00213 0.00107 -0.00746
4331.744 0.00213 0.00000 -0.00213
4331.749 0.00320 -0.00213 -0.00107
4331.754 -0.00852 -0.00213 -0.00107
4331.759 -0.00107 -0.00107 -0.00213
4331.764 -0.00639 -0.01172 -0.00213
4331.769 -0.00639 -0.00852 -0.00320
4331.774 -0.00213 -0.00107 0.00320
4331.779 -0.00426 0.00426 0.01172
4331.784 -0.00320 -0.01065 0.00000
4331.789 0.00639 0.00213 0.00426
4331.794 -0.00107 -0.00213 -0.00533
4331.799 -0.00746 -0.00320 0.00000
4331.804 -0.00426 -0.00959 -0.00213
4331.809 0.00426 0.00426 -0.00107
4331.814 0.00107 0.00533 -0.00107
4331.819 -0.00959 -0.00746 -0.00320
4331.824 0.00213 -0.00852 0.00107
4331.829 -0.00320 0.00107 0.00320
4331.834 0.00213 0.00000 -0.00107
4331.839 -0.01172 0.00852 -0.00533
4331.844 0.00533 0.00107 0.00213
4331.849 -0.00533 -0.00320 0.00533
4331.854 0.00426 0.00213 0.00213
4331.859 -0.00107 -0.00107 -0.00320
4331.864 0.00213 0.00213 -0.00746
4331.870 0.00426 0.00107 -0.00639
4331.875 0.00107 0.00000 0.00533
4331.880 -0.00213 0.00320 0.00107
4331.885 -0.00213 0.00639 -0.01065
4331.890 0.00426 0.00746 0.00107
4331.895 0.00320 0.00320 0.00000
4331.900 0.00533 0.00426 -0.00533
4331.905 -0.00320 -0.01065 -0.00107
4331.910 0.00320 0.00533 0.01065
4331.915 -0.00533 -0.00213 0.00213
4331.920 0.00107 0.00426 -0.00746
4331.925 -0.00746 0.00107 0.00107
4331.930 -0.00213 -0.00107 0.00320
4331.935 0.00000 -0.00320 -0.01278
4331.940 0.00533 -0.00533 0.00107
4331.945 -0.00213 -0.00426 -0.00852
4331.950 0.00426 0.00959 -0.00107
4331.955 -0.00320 0.00213 -0.00107
4331.960 -0.00426 0.00639 0.00107
4331.965 -0.00213 -0.00426 0.00107
4331.970 -0.00107 -0.00533 -0.00426
4331.975 0.00000 0.00213 0.00426
4331.980 -0.00746 -0.00213 0.01065
4331.985 0.00639 -0.00959 0.00107
4331.990 0.00320 -0.00639 -0.00746
4331.995 0.00107 -0.00213 0.00213
4332.000 -0.00107 0.00107 0.00320
4332.005 0.00107 0.00320 0.00426
4332.010 -0.00320 -0.00213 -0.01598
4332.015 -0.00639 -0.00852 0.00107
4332.020 -0.00852 -0.00213 -0.00426
4332.025 0.00746 -0.00320 -0.00107
4332.030 0.00320 -0.00746 0.00107
4332.035 -0.00426 -0.00426 0.00107
4332.040 0.00000 0.00000 -0.00107
4332.045 -0.00320 0.00852 -0.00107
4332.050 0.00639 0.00533 0.00639
4332.055 0.00107 0.00426 -0.00639
4332.061 0.01065 -0.00320 -0.00213
4332.066 0.00426 0.00533 0.01278
4332.071 0.00000 -0.00746 0.00639
4332.076 0.00426 -0.00533 -0.00533
4332.081 -0.00213 -0.00107 0.00533
4332.086 -0.01278 0.00000 0.00000
4332.091 -0.00213 -0.00639 0.00639
4332.096 -0.00426 -0.00213 -0.00852
4332.101 0.01172 0.00213 -0.00213
4332.106 -0.00320 0.00213 0.00000
4332.111 0.00746 -0.00213 0.00107
4332.116 0.00107 0.00000 -0.00533
4332.121 -0.00852 0.00746 0.00639
4332.126 -0.00639 -0.00213 -0.00320
4332.131 -0.00746 -0.00213 0.00213
4332.136 -0.00213 0.00320 0.00000
4332.141 0.00320 0.00107 -0.00426
4332.146 -0.01917 -0.00320 -0.00426
4332.151 0.01065 0.00107 -0.00107
4332.156 -0.00533 -0.00107 0.00320
4332.161 -0.00213 0.00746 -0.00213
4332.166 -0.00320 -0.00213 -0.00426
4332.171 0.00213 -0.00746 -0.00533
4332.176 -0.00426 -0.00959 -0.00426
4332.181 0.00107 -0.00533 0.00000
4332.186 0.00426 0.00959 -0.00213
4332.192 -0.00320 -0.00426 0.00107
4332.197 -0.00107 0.00000 -0.00213
4332.202 0.00320 -0.00426 -0.00426
4332.207 0.00000 -0.00213 0.00000
4332.212 -0.00107 -0.00746 -0.00746
4332.217 0.00213 0.00320 -0.00426
4332.222 0.00426 0.00000 0.00426
4332.227 0.00000 -0.00320 0.00852
4332.232 -0.00107 -0.01172 0.00000
4332.237 -0.00746 0.00213 0.00000
4332.242 -0.00533 -0.00426 0.00000
4332.247 0.00320 0.00107 0.01491
4332.252 0.00320 0.00107 -0.00746
4332.257 -0.00426 -0.00639 0.00107
4332.262 -0.01172 0.00213 0.00426
4332.267 -0.00107 -0.00107 0.00320
4332.272 0.01065 0.00426 -0.00213
4332.277 -0.00107 0.00213 0.00746
4332.282 0.01172 0.00852 -0.00639
4332.287 -0.00213 -0.00107 0.00000
4332.292 -0.00107 -0.01065 -0.00426
4332.297 0.00426 -0.00533 0.00107
4332.302 -0.00852 -0.00213 -0.00213
4332.307 0.00639 0.00320 0.00213
4332.312 -0.00426 0.00000 -0.00320
4332.317 0.00320 -0.01065 0.00000
4332.322 -0.00533 0.01278 0.00213
4332.327 -0.00107 -0.00639 -0.00533
4332.332 0.00107 0.00746 0.00000
4332.337 -0.00213 0.00000 -0.00320
4332.342 -0.00746 -0.00320 0.00107
4332.347 0.00426 -0.00426 -0.00107
4332.352 -0.00639 -0.00533 -0.00426
4332.357 -0.00426 -0.00533 0.00426
4332.362 0.00746 -0.00320 -0.01065
4332.367 -0.00320 -0.00426 -0.00213
4332.373 -0.01172 -0.00533 -0.00213
4332.378 0.00000 0.00213 -0.00533
4332.383 -0.00426 -0.00533 -0.00213
4332.388 0.00000 -0.00639 0.00213
4332.393 -0.00320 -0.00426 0.00426
4332.398 0.00000 -0.00426 0.00107
4332.403 0.00959 0.00213 -0.00107
4332.408 0.00639 0.01811 -0.00320
4332.413 -0.00320 -0.00320 -0.00852
4332.418 -0.00107 0.00213 0.00000
4332.423 -0.00107 -0.00959 -0.00320
4332.428 -0.00213 0.00000 0.00000
4332.433 0.00000 -0.00639 0.00320
4332.438 0.00213 -0.00107 -0.01704
4332.443 -0.01172 0.00107 -0.00533
4332.448 0.00320 0.00426 -0.00533
4332.453 -0.00426 0.00533 0.00107
4332.458 -0.00746 -0.00959 -0.00639
4332.463 -0.00639 -0.00320 -0.00213
4332.468 -0.00213 -0.00107 0.00107
4332.473 -0.00533 -0.00107 0.00426
4332.478 -0.00533 -0.00852 0.00320
4332.483 -0.00213 -0.00533 0.00107
4332.488 -0.00746 -0.00639 -0.00213
4332.493 0.00000 0.00533 0.00320
4332.498 -0.00959 -0.00213 -0.00213
4332.503 -0.00107 0.00320 -0.00107
4332.508 -0.00320 -0.01385 -0.00639
4332.514 -0.00959 0.00533 -0.00426
4332.519 -0.00213 0.00107 0.00426
4332.524 0.01065 -0.00746 0.00107
4332.529 -0.00746 0.00000 0.00000
4332.534 -0.00426 -0.00320 0.00000
4332.539 0.00107 0.00000 -0.00746
4332.544 0.00852 -0.00213 -0.00107
4332.549 -0.00107 -0.00213 0.00320
4332.554 0.00746 -0.00639 0.00213
4332.559 -0.00426 -0.00639 -0.00639
4332.564 0.00320 0.00000 0.00320
4332.569 -0.00107 0.00107 -0.00426
4332.574 -0.00213 -0.00533 -0.00746
4332.579 0.00320 -0.00320 0.00320
4332.584 -0.00426 -0.00852 -0.00852
4332.589 -0.00533 0.00320 0.00213
4332.594 0.00107 0.00107 0.00852
4332.599 0.00213 -0.00107 0.00320
4332.604 0.00000 -0.00320 -0.00639
4332.609 -0.00213 -0.00320 -0.00426
4332.614 -0.01065 -0.00533 -0.00639
4332.619 0.00107 -0.00213 -0.00852
4332.624 -0.00213 0.01385 -0.00213
4332.629 0.00000 -0.00426 -0.00426
4332.634 -0.00746 0.00107 -0.00107
4332.639 -0.00852 -0.00320 -0.00533
4332.644 -0.00320 0.00107 -0.00426
4332.649 -0.00426 0.00213 0.00000
4332.654 0.00213 -0.00107 0.00107
4332.659 0.00852 0.00000 0.00746
4332.664 0.00320 -0.00213 0.00533
4332.669 0.00320 -0.00639 -0.00320
4332.675 -0.00107 0.00213 0.00213
4332.680 -0.00639 0.00000 -0.00213
4332.685 -0.00107 -0.00107 0.00213
4332.690 -0.00852 -0.00107 -0.00213
4332.695 0.00213 0.00533 0.00000
4332.700 -0.01278 -0.00746 -0.00107
4332.705 -0.00533 -0.00746 -0.00533
4332.710 0.00746 0.00000 -0.00426
4332.715 -0.00639 -0.00213 -0.00107
4332.720 -0.00426 0.00426 0.00426
4332.725 0.00320 -0.00959 -0.00107
4332.730 -0.00107 -0.01065 -0.00213
4332.735 -0.00426 0.00107 -0.00426
4332.740 -0.00213 0.00746 0.00852
4332.745 -0.00959 -0.00426 0.00213
4332.750 0.00426 0.00426 0.00000
4332.755 0.00107 -0.00852 -0.00213
4332.760 0.00639 0.00320 -0.00426
4332.765 0.00639 0.00426 -0.00320
4332.770 -0.00533 -0.00533 0.00533
4332.775 -0.00320 -0.00852 0.00213
4332.780 -0.00533 0.00320 0.00320
4332.785 0.00000 -0.00213 0.00533
4332.790 -0.00213 -0.00213 -0.00426
4332.795 -0.00213 -0.00107 -0.00107
4332.800 0.00213 0.00320 0.00107
4332.805 -0.00639 -0.00320 -0.00426
4332.810 -0.00426 -0.01704 0.00639
4332.815 0.00533 0.00213 -0.00426
4332.820 -0.00959 -0.00533 -0.00639
4332.825 0.01172 0.00213 0.00107
4332.830 0.00107 -0.00107 0.00639
4332.835 -0.00746 0.00000 -0.00746
4332.840 0.00852 0.00533 -0.00107
4332.845 0.00426 0.00426 0.00533
4332.850 -0.00426 -0.00533 -0.00107
4332.856 -0.00320 -0.00639 -0.00320
4332.861 -0.00533 -0.00213 0.00213
4332.866 -0.00213 -0.00533 -0.00426
4332.871 -0.00639 -0.00320 0.00213
4332.876 0.00426 0.00320 -0.00213
4332.881 0.00320 0.00426 -0.00426
4332.886 0.00000 -0.00320 0.00000
4332.891 -0.00213 0.00107 -0.00213
4332.896 0.00213 0.00000 -0.00320
4332.901 0.00426 0.00426 -0.00426
4332.906 -0.00213 0.00320 0.00213
4332.911 0.00107 0.00213 0.00000
4332.916 0.00639 0.00000 0.00533
4332.921 0.00107 -0.00426 -0.00639
4332.926 -0.00959 -0.00533 -0.00320
4332.931 0.00107 0.00213 -0.00213
4332.936 -0.00533 0.00107 0.00426
4332.941 -0.00107 -0.00533 -0.00426
4332.946 0.00000 -0.00426 -0.00320
4332.951 -0.00426 -0.00746 -0.00746
4332.956 -0.00852 0.00533 0.00320
4332.961 0.00213 0.00639 -0.00852
4332.966 -0.01385 -0.00533 -0.00639
4332.971 0.00320 0.00107 -0.00533
4332.976 0.00746 0.00213 0.00000
4332.981 0.00000 -0.00959 -0.00426
4332.987 0.00000 0.00000 0.00000
4332.992 -0.00426 -0.00426 0.00107
4332.997 0.00320 -0.00426 -0.00639
4333.002 -0.00959 0.00213 -0.00320
4333.007 0.00107 -0.00426 0.00000
4333.012 0.00320 -0.00426 -0.00107
4333.017 -0.00959 -0.00320 0.00213
4333.022 0.00213 0.00213 0.00213
4333.027 0.00000 0.00213 -0.00533
4333.032 0.00000 0.00000 -0.01172
4333.037 -0.00213 -0.00426 0.00639
4333.042 -0.00426 0.00533 -0.00107
4333.047 0.00533 -0.00639 0.00000
4333.052 0.00639 0.00426 0.00213
4333.057 -0.00213 0.00107 0.00213
4333.062 -0.00213 -0.00107 -0.00320
4333.067 0.00000 -0.00213 0.00107
4333.072 -0.00746 -0.00746 -0.00426
4333.077 -0.00213 0.00107 0.00533
4333.082 -0.01172 -0.01385 0.00426
4333.087 0.00213 0.00320 0.00320
4333.092 -0.00320 -0.00213 -0.00639
4333.097 -0.00426 -0.00320 -0.00426
4333.102 0.00959 0.00320 -0.00639
4333.107 -0.00746 0.00320 -0.00320
4333.112 0.00107 0.01704 -0.00213
4333.117 0.00107 -0.00107 0.00533
4333.122 -0.01065 0.00426 -0.00533
4333.127 -0.00320 -0.00639 -0.00213
4333.132 -0.00852 -0.00426 -0.00426
4333.137 -0.00213 0.00213 -0.00107
4333.142 0.00533 0.00107 -0.00320
4333.147 0.00320 -0.00852 0.00107
4333.152 0.00533 -0.01065 -0.00213
4333.157 0.01278 -0.00639 -0.00426
4333.162 0.00213 -0.00426 -0.00533
4333.167 0.00426 -0.00533 0.00213
4333.172 0.00533 -0.00320 -0.00426
4333.177 -0.00107 0.00320 0.00000
4333.182 -0.00320 -0.00213 -0.00533
4333.187 -0.00107 -0.00107 0.00320
4333.192 0.00320 0.00107 0.00213
4333.198 -0.00426 0.00000 0.01278
4333.203 0.00213 -0.00426 -0.00107
4333.207 -0.00959 -0.00107 0.00426
4333.212 0.00107 0.00000 -0.00320
4333.218 -0.00107 -0.00852 0.00000
4333.223 -0.00213 -0.00213 0.00213
4333.228 -0.00320 0.00000 0.00213
4333.233 -0.01385 -0.00852 0.00426
4333.238 0.00320 -0.00533 -0.00426
4333.243 -0.00426 -0.00107 -0.00426
4333.248 0.01811 0.00320 0.00213
4333.253 0.00000 -0.00426 -0.00533
4333.258 0.00213 -0.00213 -0.00533
4333.263 0.00533 -0.00213 0.00107
4333.268 0.00426 0.01278 0.00426
4333.273 -0.00107 -0.00746 0.00426
4333.278 0.00426 0.00107 0.00213
4333.283 0.00213 0.00107 -0.00426
4333.288 -0.00426 0.00213 0.00426
4333.293 -0.00533 0.00320 0.00426
4333.298 -0.00213 0.00107 0.00320
4333.303 0.01278 0.01065 -0.00213
4333.308 0.00213 0.00746 0.00213
4333.313 -0.00426 -0.00426 -0.00107
4333.318 -0.00107 -0.00426 -0.00107
4333.323 0.00320 -0.00213 0.00426
4333.328 0.00320 0.00000 -0.00107
4333.333 0.00107 -0.00533 -0.00959
4333.339 0.00426 0.00533 0.00213
4333.344 -0.00320 -0.00107 0.00533
4333.349 -0.00320 -0.00213 0.00533
4333.354 -0.00639 0.00533 0.01065
4333.359 0.00746 0.00000 0.00213
4333.364 0.00639 -0.00320 0.00320
4333.369 0.00107 -0.00426 0.00320
4333.374 0.01065 -0.00107 -0.01065
4333.379 0.00746 -0.00213 -0.00639
4333.384 -0.00426 0.00320 -0.00639
4333.389 -0.00746 0.00107 -0.01278
4333.394 0.00320 0.00107 -0.00426
4333.399 0.00107 0.00320 0.00639
4333.404 0.00000 -0.00107 -0.00426
4333.409 -0.00426 -0.00213 0.00213
4333.414 -0.00213 0.00533 0.00533
4333.419 -0.00107 -0.00213 0.00320
4333.424 -0.00107 0.00107 -0.00320
4333.429 0.00852 0.00000 0.00639
4333.434 0.00107 -0.00107 0.00107
4333.439 -0.00213 -0.00746 0.00000
4333.444 -0.00107 0.00213 -0.00320
4333.449 0.00107 -0.01278 -0.00107
4333.454 -0.00426 0.01278 -0.00107
4333.459 -0.00320 0.00107 -0.00213
4333.464 0.00000 0.00533 0.00213
4333.469 0.00320 0.00107 -0.00320
4333.474 0.00107 0.00107 0.00213
4333.479 -0.00426 -0.00107 -0.00320
4333.484 0.00107 -0.00213 0.00213
4333.489 -0.00533 -0.00320 0.00426
4333.494 0.00320 0.00320 -0.00107
4333.500 0.00213 0.00426 -0.00746
4333.505 0.00213 0.00320 -0.00213
4333.510 0.00000 -0.00107 -0.00746
4333.515 0.00320 0.00107 -0.00107
4333.520 0.00426 -0.00320 0.00000
4333.525 -0.00959 -0.00959 0.00107
4333.530 -0.00320 -0.00639 -0.00213
4333.535 -0.00746 -0.00639 0.00000
4333.540 -0.00107 -0.00213 0.00107
4333.545 0.00959 0.00320 -0.00959
4333.550 -0.00959 0.00000 0.00107
4333.555 -0.00320 -0.00533 -0.00320
4333.560 0.00852 0.00639 -0.00107
4333.565 0.00107 -0.00320 -0.00213
4333.570 -0.00320 -0.00213 0.00107
4333.575 -0.00533 -0.00426 -0.00639
4333.580 0.00533 0.00213 -0.00533
4333.585 -0.00320 -0.00533 -0.00533
4333.590 -0.01065 -0.00320 0.00107
4333.595 -0.00426 0.00746 0.00107
4333.600 0.00107 -0.00959 -0.01278
4333.605 0.00639 -0.00746 -0.00213
4333.610 0.00639 -0.00213 -0.00107
4333.615 0.00533 -0.00426 0.00213
4333.620 0.00000 0.00320 -0.00426
4333.625 -0.00320 -0.00746 -0.00213
4333.630 -0.00107 -0.00426 0.00852
4333.635 -0.00426 -0.00320 -0.00426
4333.641 -0.00852 0.00000 -0.00959
4333.646 0.00426 -0.00426 0.00320
4333.651 0.00000 0.00000 0.00107
4333.656 -0.00639 -0.01065 0.00213
4333.661 -0.00320 -0.00852 -0.01278
4333.666 0.00107 0.00533 -0.00533
4333.671 -0.01065 -0.00213 -0.00533
4333.676 -0.00852 -0.01704 0.00000
4333.681 -0.00533 -0.01065 -0.00107
4333.686 0.00426 0.00320 -0.00213
4333.691 0.00000 -0.00426 0.00107
4333.696 -0.00213 0.00320 -0.00213
4333.701 0.00000 -0.01065 -0.00320
4333.706 -0.00746 -0.00533 0.00426
4333.711 0.00107 0.00320 -0.00426
4333.716 -0.00426 0.00000 -0.00320
4333.721 -0.00852 -0.00959 -0.00107
4333.726 -0.00639 -0.00213 0.00320
4333.731 0.00533 -0.00746 -0.00107
4333.736 -0.00639 0.00107 0.00107
4333.741 0.00320 -0.00426 0.00107
4333.746 -0.00107 -0.01172 -0.00746
4333.751 0.00000 -0.01065 -0.00746
4333.756 -0.00746 -0.00959 -0.00107
4333.761 -0.00533 -0.00639 0.00000
4333.766 -0.00320 0.00107 -0.00639
4333.771 -0.00639 0.00000 -0.00639
4333.776 -0.00320 0.00000 0.00213
4333.781 0.00426 0.00426 0.00959
4333.786 -0.00426 0.00000 0.00107
4333.792 -0.00852 -0.00426 0.00320
4333.797 0.00426 0.00533 0.00213
4333.802 -0.00746 0.00000 -0.00107
4333.807 -0.00107 0.00107 0.00426
4333.812 0.00213 -0.00213 0.00000
4333.817 0.00107 -0.00746 -0.00426
4333.822 -0.01065 0.00533 0.00213
4333.827 0.00746 0.00000 0.00426
4333.832 -0.00107 0.00000 0.00639
4333.837 -0.00107 0.00107 0.01172
4333.842 0.00000 0.00639 -0.00426
4333.847 -0.00320 0.00426 -0.00213
4333.852 -0.00639 0.00000 0.00213
4333.857 0.00746 0.00320 0.00320
4333.862 0.00000 -0.00639 0.00107
4333.867 0.00107 0.00000 -0.00107
4333.872 -0.00533 -0.00746 0.00107
4333.877 0.01065 -0.00320 0.00426
4333.882 0.00213 0.00000 0.00426
4333.887 -0.00320 -0.00426 -0.00320
4333.892 -0.00107 0.00320 -0.00639
4333.897 -0.00426 -0.00533 0.00107
4333.902 0.00213 -0.00852 0.00213
4333.907 0.00000 0.00639 0.00639
4333.912 0.00107 -0.00746 0.00107
4333.917 -0.00107 0.00533 -0.00107
4333.922 -0.00533 -0.00320 -0.01065
4333.927 -0.00852 0.00213 0.00107
4333.933 0.00000 -0.00320 0.00213
4333.937 0.00320 0.00213 -0.00213
4333.943 -0.00320 -0.00639 -0.00533
4333.948 -0.00426 -0.00959 -0.00639
4333.953 0.00213 -0.00852 -0.00852
4333.958 0.00000 -0.00533 0.00320
4333.963 0.00852 -0.00852 -0.00107
4333.968 -0.01065 0.00000 -0.00426
4333.973 -0.00426 0.00107 -0.00107
4333.978 -0.00426 0.00320 0.00320
4333.983 -0.00533 0.00000 -0.00426
4333.988 0.00000 -0.00107 -0.00639
4333.993 -0.00639 -0.01065 -0.00107
4333.998 0.00107 -0.00213 0.00107
4334.003 -0.00533 0.00000 0.00107
4334.008 -0.00213 -0.00107 0.00426
4334.013 -0.00320 0.00000 -0.00107
4334.018 -0.00746 0.00213 -0.00320
4334.023 -0.00533 -0.00852 0.01065
4334.028 -0.00426 -0.00426 -0.00320
4334.033 -0.00320 0.00426 0.00107
4334.038 -0.00639 -0.00213 -0.00213
4334.043 0.00000 -0.00107 -0.00213
4334.048 0.00000 -0.00533 0.00426
4334.053 -0.00852 -0.00533 0.00000
4334.058 -0.00107 0.00320 0.00320
4334.063 0.00107 -0.00533 -0.00213
4334.068 0.00426 -0.00426 0.00533
4334.073 -0.00213 0.00000 -0.00320
4334.078 -0.00639 0.00320 -0.00320
4334.083 0.00000 0.00533 0.00320
4334.088 0.00320 0.00107 -0.00107
4334.093 -0.00107 0.01065 0.00213
4334.098 -0.00107 0.00213 -0.00426
4334.103 0.00533 0.00426 -0.00320
4334.108 -0.00107 -0.00533 -0.00320
4334.114 0.00639 0.00213 0.00213
4334.119 -0.00533 -0.00533 -0.00639
4334.124 -0.00213 -0.00107 0.00000
4334.129 0.00639 0.00000 -0.00533
4334.134 0.00213 -0.00213 0.00533
4334.139 -0.00426 0.00320 -0.00426
4334.144 0.00320 0.00320 -0.00852
4334.149 -0.00746 -0.00320 -0.00320
4334.154 -0.00426 -0.00426 0.00213
4334.159 -0.00320 0.00107 -0.00533
4334.164 -0.01065 0.00000 0.00107
4334.169 0.00746 -0.00107 -0.00320
4334.174 -0.00107 0.00000 0.00426
4334.179 -0.00213 -0.00107 -0.00107
4334.184 -0.00320 0.00000 -0.00107
4334.189 0.00639 0.00213 -0.00107
4334.194 -0.00426 -0.00533 0.00107
4334.199 -0.00320 -0.00639 -0.00746
4334.204 -0.00320 -0.00426 -0.00107
4334.209 -0.00107 -0.00639 0.00107
4334.214 -0.00213 0.00000 0.00426
4334.219 -0.00746 -0.00959 -0.00320
4334.224 0.00852 -0.00213 0.00746
4334.229 -0.00533 0.00107 0.00533
4334.234 -0.00959 -0.00426 -0.00213
4334.239 -0.00746 -0.00213 -0.01065
4334.244 -0.00639 0.00107 0.00000
4334.249 -0.00107 -0.00320 0.00533
4334.254 0.00533 0.00639 -0.00213
4334.259 -0.00320 -0.00852 -0.00320
4334.265 0.01065 0.00107 0.00213
4334.270 0.00000 -0.00959 0.00533
4334.275 0.00213 -0.00426 -0.00639
4334.280 -0.00533 0.00320 -0.00639
4334.285 0.00746 0.00320 0.00533
4334.290 -0.00320 -0.00320 -0.00213
4334.295 0.00213 0.00746 -0.00426
4334.300 0.00533 -0.00320 0.00213
4334.305 -0.00426 -0.00213 0.00000
4334.310 -0.00639 0.00107 -0.00320
4334.315 -0.00533 -0.00639 -0.00533
4334.320 -0.00639 -0.00533 0.00533
4334.325 -0.00107 -0.00426 -0.00426
4334.330 -0.00639 0.00213 -0.00213
4334.335 -0.00107 -0.00320 -0.00426
4334.340 -0.00426 0.00213 -0.00320
4334.345 -0.00107 0.00746 -0.00746
4334.350 -0.01065 0.00107 -0.00107
4334.355 0.00746 -0.00426 -0.00426
4334.360 -0.00426 -0.00107 0.00213
4334.365 0.00107 -0.00639 -0.00639
4334.370 -0.00852 0.00959 -0.00107
4334.375 -0.00213 -0.00426 -0.01491
4334.380 0.00107 -0.00533 0.00426
4334.385 -0.00107 -0.00426 -0.01917
4334.390 0.00213 0.00213 0.00213
4334.395 -0.00959 0.01172 0.00000
4334.400 0.00320 0.00426 0.00000
4334.405 -0.00213 0.00213 -0.01065
4334.410 0.00000 -0.00320 0.00426
4334.415 -0.00320 0.00426 0.00213
4334.420 -0.00426 -0.00426 -0.00320
4334.425 0.00320 -0.00426 0.00426
4334.430 -0.00320 -0.00639 -0.00213
4334.436 0.00320 -0.01065 -0.00107
4334.441 0.00000 0.00426 -0.00852
4334.446 0.00000 0.00000 -0.00320
4334.451 -0.00426 0.00533 0.00000
4334.456 -0.00320 -0.00746 0.00107
4334.461 0.00320 -0.00852 0.00320
4334.466 -0.00959 0.00107 -0.00426
4334.471 -0.00639 -0.00213 0.00107
4334.476 -0.00426 0.00746 0.00426
4334.481 -0.00852 -0.00639 0.00213
4334.486 0.00107 -0.00639 -0.00959
4334.491 0.00000 0.00213 0.00959
4334.496 0.00213 -0.00426 -0.00533
4334.501 -0.00746 -0.00746 0.00107
4334.506 -0.00213 0.00533 0.00320
4334.511 -0.01172 0.00213 -0.00639
4334.516 0.00107 -0.00959 0.00746
4334.521 0.00320 -0.00533 0.00107
4334.526 0.00107 0.00320 -0.00426
4334.531 -0.00213 -0.00107 0.00426
4334.536 0.00320 -0.00959 -0.00320
4334.541 0.00000 -0.00213 -0.00107
4334.546 -0.00426 -0.00320 -0.00107
4334.551 -0.00639 -0.00639 -0.00107
4334.556 0.00000 -0.00107 0.00320
4334.561 -0.00959 -0.00746 0.00426
4334.566 0.00639 -0.00426 -0.00320
4334.571 0.00213 -0.00746 0.00000
4334.576 -0.00533 0.00000 0.00107
4334.581 0.00533 0.00107 -0.00320
4334.586 0.00000 -0.00533 0.00000
4334.591 0.00320 -0.00959 -0.00320
4334.597 -0.00107 0.00000 -0.00107
4334.602 -0.00426 0.00213 -0.00746
4334.607 -0.00426 -0.00852 -0.00746
4334.612 -0.00426 -0.00852 -0.00107
4334.617 0.00213 0.00000 -0.00426
4334.622 -0.01385 -0.00852 0.00107
4334.627 -0.00426 -0.01065 -0.00426
4334.632 0.00000 0.00426 0.00320
4334.637 -0.00639 0.00000 0.00000
4334.642 0.01065 -0.00213 -0.00213
4334.647 0.00000 0.00320 0.00426
4334.652 -0.00426 -0.00320 0.00426
4334.657 -0.00213 -0.00320 0.00320
4334.662 -0.00107 -0.00533 0.00000
4334.667 -0.00320 -0.00746 -0.00639
4334.672 -0.00533 -0.00320 -0.00213
4334.677 0.00000 -0.00959 0.00426
4334.682 0.00320 0.00107 -0.00107
4334.687 -0.00320 -0.00533 -0.00107
4334.692 0.00533 0.00213 0.00213
4334.697 0.00107 -0.00107 0.00533
4334.702 -0.00533 -0.00320 0.00107
4334.707 0.00000 0.00426 -0.00426
4334.712 -0.00533 -0.00639 0.00000
4334.717 0.00320 0.00000 -0.00959
4334.722 0.00852 0.00213 -0.00852
4334.727 0.00107 -0.01172 0.00213
4334.732 -0.01172 -0.00639 -0.00426
4334.737 0.00426 0.00213 0.00639
4334.742 -0.00852 -0.01172 0.00320
4334.748 -0.00746 -0.00746 -0.00107
4334.753 -0.00107 -0.00533 -0.00213
4334.758 -0.00213 -0.00639 0.00320
4334.763 -0.00213 -0.02131 -0.00213
4334.768 0.00959 0.00000 -0.00107
4334.773 -0.00639 0.00000 -0.00320
4334.778 0.00320 -0.00107 -0.00107
4334.783 0.00426 -0.00639 0.00639
4334.788 -0.00107 -0.00959 -0.00107
4334.793 0.00107 -0.00107 0.00107
4334.798 -0.00746 0.00426 0.00000
4334.803 -0.01065 -0.00959 0.00000
4334.808 -0.00959 0.00639 -0.00107
4334.813 0.00426 0.00000 0.00000
4334.818 -0.00426 -0.00107 -0.00426
4334.823 -0.00746 0.00746 0.00426
4334.828 0.00959 0.00426 0.00320
4334.833 0.01065 -0.00533 0.00213
4334.838 -0.00213 -0.00320 0.00107
4334.843 0.00320 -0.00213 0.00320
4334.848 0.00213 -0.00639 0.00320
4334.853 -0.00746 -0.00746 0.00000
4334.858 -0.00213 0.00000 -0.00426
4334.863 0.00533 -0.00426 -0.00107
4334.868 -0.00320 -0.00426 0.00746
4334.873 -0.01172 0.00639 0.00000
4334.878 -0.00320 -0.01065 -0.00639
4334.883 0.00000 0.00533 0.00107
4334.888 -0.00107 -0.00426 -0.00746
4334.893 0.00000 -0.00320 -0.00107
4334.898 0.00107 0.00107 -0.00213
4334.903 0.00320 -0.00213 0.00107
4334.908 0.00213 0.00213 0.00000
4334.913 -0.00533 -0.00426 -0.00639
4334.919 0.00213 -0.00426 0.00533
4334.924 -0.00107 0.00959 0.00107
4334.929 0.00533 0.00533 0.00533
4334.934 0.00639 -0.00426 -0.00959
4334.939 -0.00746 -0.00852 -0.00959
4334.944 0.00320 0.00426 -0.00746
4334.949 0.00639 -0.00320 0.00533
4334.954 0.00213 -0.00107 -0.00107
4334.959 -0.00107 -0.00320 0.00320
4334.964 0.00426 0.00000 -0.00107
4334.969 0.00426 0.00000 0.00533
4334.974 -0.00320 0.00107 0.00213
4334.979 0.00213 0.00746 0.00000
4334.984 -0.01811 -0.00533 0.00107
4334.989 -0.00746 0.00213 -0.00107
4334.994 0.00107 -0.00213 -0.00107
4334.999 -0.00426 -0.00320 -0.00639
4335.004 0.00000 0.00426 -0.00320
4335.009 -0.00320 0.00107 0.00213
4335.014 0.00639 0.00000 -0.00426
4335.019 -0.00213 0.00000 0.00000
4335.024 -0.00746 -0.00107 0.00107
4335.029 -0.01598 0.00213 0.00320
4335.034 -0.00639 -0.00107 -0.00107
4335.039 0.00533 0.00107 -0.00213
4335.044 0.00320 0.00213 -0.00107
4335.049 0.00213 -0.00213 -0.00213
4335.054 -0.00426 -0.00426 0.00000
4335.059 0.00000 -0.00107 0.00320
4335.064 0.00639 0.00533 0.00320
4335.069 -0.00213 -0.01491 0.00426
4335.074 -0.00639 0.00320 0.00426
4335.080 0.00107 -0.01172 0.00426
4335.085 -0.00746 0.00000 -0.00320
4335.090 -0.00213 -0.01065 -0.00107
4335.095 0.00426 -0.00213 0.00852
4335.100 0.00639 0.00320 -0.00213
4335.105 -0.00533 0.00213 -0.00852
4335.110 -0.00107 -0.00320 0.00213
4335.115 0.00746 -0.00852 0.01491
4335.120 -0.00107 -0.00213 -0.00213
4335.125 -0.00746 -0.00959 -0.00107
4335.130 -0.00852 0.00533 0.00107
4335.135 0.00107 -0.00107 -0.00533
4335.140 -0.00533 -0.00107 -0.00426
4335.145 -0.01598 -0.00426 -0.00320
4335.150 0.00000 0.00213 0.00000
4335.155 0.00639 -0.00320 -0.00426
4335.160 -0.00213 -0.00320 -0.00213
4335.165 -0.00320 -0.00213 -0.00746
4335.170 -0.00320 -0.00213 -0.00320
4335.175 -0.00320 -0.00533 -0.00320
4335.180 0.00107 0.00000 0.00107
4335.185 0.00000 0.00107 -0.00213
4335.190 0.00213 -0.00533 0.00320
4335.195 0.00533 0.00533 0.00426
4335.200 0.00533 0.00320 -0.00320
4335.205 -0.00213 -0.00213 -0.00533
4335.210 -0.00426 -0.00426 -0.00107
4335.215 -0.00107 0.01065 0.00213
4335.220 0.00000 0.00533 0.00213
4335.225 0.00000 -0.01065 -0.00852
4335.230 0.00852 0.00107 0.00000
4335.235 0.00746 -0.00320 0.00000
4335.240 -0.00426 0.00533 -0.00213
4335.245 -0.00213 -0.00107 -0.00107
4335.250 -0.01385 -0.00639 0.00000
4335.255 -0.00426 -0.01065 -0.00639
4335.260 -0.00213 0.00426 0.00533
4335.265 -0.00426 -0.00426 0.00000
4335.270 -0.00746 -0.00320 0.00213
4335.275 0.00320 0.00107 -0.00320
4335.281 0.01278 0.00107 -0.00852
4335.286 -0.00426 -0.00533 -0.00959
4335.291 -0.00533 0.00426 0.00320
4335.296 -0.00746 -0.01704 -0.00213
4335.301 0.00213 -0.00320 0.00213
4335.306 -0.00320 -0.00320 0.00426
4335.311 -0.00533 -0.00320 -0.00746
4335.316 -0.00959 0.00320 0.00320
4335.321 -0.00533 -0.00320 0.00533
4335.326 -0.00533 -0.00107 -0.00107
4335.331 -0.00533 0.00533 0.00533
4335.336 -0.00107 0.00000 -0.00213
4335.341 -0.00852 0.00213 -0.00639
4335.346 0.00107 0.00746 -0.00852
4335.351 0.00320 0.00213 -0.00213
4335.356 0.01278 0.00320 -0.00107
4335.361 -0.00533 0.00639 -0.00959
4335.366 0.00852 0.00107 0.00320
4335.371 -0.00107 0.00107 0.00533
4335.376 0.00426 0.00000 -0.00533
4335.381 -0.00959 0.00107 0.00000
4335.386 -0.00426 -0.00426 -0.00852
4335.391 -0.00320 -0.00213 -0.00533
4335.396 0.00426 -0.00639 0.00959
4335.401 0.00107 0.00852 -0.00213
4335.406 0.00107 0.00000 0.00107
4335.411 0.00320 -0.00107 0.00213
4335.416 -0.00107 0.00320 -0.00426
4335.422 0.00000 0.00000 -0.00107
4335.427 0.00107 -0.00426 0.00213
4335.432 0.00000 -0.00426 -0.00639
4335.437 -0.00426 -0.00533 0.00533
4335.442 0.00107 -0.00213 0.00213
4335.447 -0.00320 -0.00852 -0.00107
4335.452 0.00639 -0.00852 0.00533
4335.457 -0.00746 -0.00639 -0.00320
4335.462 -0.00213 -0.00320 0.00320
4335.467 0.00000 -0.00320 0.00213
4335.472 -0.00852 -0.00320 0.00000
4335.477 0.00426 0.00320 0.00639
4335.482 -0.00107 0.01065 0.00320
4335.487 -0.00320 -0.00213 -0.00426
4335.492 0.00533 0.00000 0.00213
4335.497 -0.00213 0.00213 0.01065
4335.502 -0.00533 -0.00213 0.00639
4335.507 0.00320 0.00213 -0.00213
4335.512 0.00107 -0.00426 0.00213
4335.517 -0.00320 -0.00639 -0.00320
4335.522 -0.00426 -0.00639 0.00852
4335.527 0.00533 0.00426 -0.00426
4335.532 0.00639 -0.00213 -0.00852
4335.537 -0.00213 -0.00107 0.00107
4335.542 0.00426 0.00320 0.00533
4335.547 -0.00320 -0.00426 -0.00639
4335.552 -0.00320 0.00746 0.00213
4335.557 0.00959 -0.00639 -0.00213
4335.562 0.00639 0.00533 -0.00639
4335.567 -0.01385 0.00107 0.00107
4335.572 -0.00746 -0.00213 0.00426
4335.577 0.00107 -0.00426 -0.00107
4335.582 0.00426 0.00320 -0.00320
4335.587 0.00639 0.00852 -0.00320
4335.592 0.00000 -0.00533 0.00426
4335.597 -0.00533 -0.00320 0.00000
4335.602 0.00000 -0.00533 -0.01172
4335.607 0.00320 0.00639 0.00213
4335.613 -0.00746 -0.01278 0.00000
4335.618 -0.00107 0.00213 -0.00320
4335.623 -0.00107 -0.00213 0.00213
4335.628 -0.00533 0.01385 0.00213
4335.633 -0.00213 0.01278 0.00107
4335.638 -0.00107 0.00107 -0.00107
4335.643 -0.01172 -0.00639 0.00107
4335.648 -0.00107 0.00107 0.00426
4335.653 0.00000 -0.00320 -0.00426
4335.658 -0.01065 -0.00533 -0.00213
4335.663 0.00320 -0.00959 0.00107
4335.668 -0.00320 -0.00213 0.00320
4335.673 -0.00320 0.00320 0.00000
4335.678 0.00107 -0.00320 -0.00533
4335.683 0.00746 0.00107 -0.00852
4335.688 0.00639 -0.00426 0.00320
4335.693 0.00426 0.00426 0.00213
4335.698 0.00533 -0.00107 0.00000
4335.703 -0.01491 0.00000 -0.00107
4335.708 -0.00213 -0.00639 -0.00107
4335.713 0.00639 -0.00213 -0.00533
4335.718 0.00213 -0.00320 -0.00107
4335.723 -0.00426 0.00213 0.00320
4335.728 0.00320 0.00320 -0.00107
4335.733 0.00213 0.00639 0.00213
4335.738 -0.00107 -0.00213 0.00000
4335.743 0.00320 -0.00213 0.00107
4335.748 0.00000 -0.00639 -0.00320
4335.754 -0.00426 -0.00320 0.00213
4335.759 -0.00639 -0.01172 -0.00639
4335.764 0.00426 -0.00639 0.00107
4335.769 0.00746 0.00107 0.00320
4335.774 -0.00213 -0.00213 0.00000
4335.779 -0.00639 -0.00320 -0.00107
4335.784 -0.00426 -0.00746 0.00533
4335.789 0.00213 0.00746 -0.00959
4335.794 -0.00746 -0.00426 0.00107
4335.799 -0.00213 0.00320 -0.00426
4335.804 -0.00746 -0.00639 -0.00533
4335.809 0.00213 -0.00852 -0.00426
4335.814 -0.00320 0.00426 0.00533
4335.819 -0.00426 0.00852 -0.00107
4335.824 -0.00107 -0.01278 -0.00320
4335.829 -0.00213 -0.00213 -0.00852
4335.834 0.00213 -0.00213 0.00852
4335.839 0.00107 -0.00426 0.00320
4335.844 -0.00852 0.00107 -0.00320
4335.849 0.00639 0.00213 0.00107
4335.854 0.01278 0.00107 -0.00213
4335.859 -0.00320 0.00320 0.00213
4335.864 -0.00533 0.00426 0.00426
4335.869 -0.01065 -0.00320 0.00000
4335.874 0.00000 0.00533 0.00426
4335.879 -0.00426 -0.00213 -0.00107
4335.884 0.00426 0.00533 -0.00107
4335.889 0.01172 -0.01704 0.00426
4335.894 0.00107 0.00107 -0.00533
4335.899 -0.01065 -0.00107 0.00107
4335.904 0.00746 0.00000 -0.00426
4335.909 0.00639 -0.00107 -0.00426
4335.914 -0.00746 0.00213 -0.00320
4335.919 0.00426 0.00000 0.00320
4335.924 0.00533 0.00107 -0.00426
4335.929 -0.00852 -0.00746 -0.00533
4335.935 -0.00320 -0.00639 -0.00533
4335.940 -0.00107 0.00426 -0.00639
4335.945 0.01278 -0.00746 -0.00639
4335.950 0.00213 0.00426 0.00533
4335.955 0.00746 -0.00746 0.00533
4335.960 0.01172 -0.00107 -0.00213
4335.965 -0.00213 0.00213 -0.00533
4335.970 -0.00426 0.00000 -0.00639
4335.975 0.00639 -0.00320 -0.00746
4335.980 0.00107 -0.00533 0.00533
4335.985 -0.00426 -0.00426 -0.00213
4335.990 0.01491 0.00426 -0.00533
4335.995 0.00000 -0.00426 -0.00426
4336.000 -0.00746 0.00107 -0.00107
4336.005 0.00533 -0.00746 0.00000
4336.010 -0.00426 0.00426 -0.00320
4336.015 0.00320 -0.00639 0.00213
4336.020 -0.00426 -0.00107 -0.00426
4336.025 0.00213 -0.00426 -0.00852
4336.030 0.00000 -0.00426 -0.00107
4336.035 -0.01491 -0.00213 -0.01811
4336.040 -0.01491 0.00107 -0.00107
4336.045 0.00213 0.00213 -0.00213
4336.050 -0.00959 -0.00213 0.00000
4336.055 0.00320 -0.00107 0.00000
4336.060 0.00426 0.00000 0.00000
4336.065 -0.00426 -0.00533 0.00107
4336.070 0.00320 0.00107 -0.00213
4336.075 -0.00533 0.00000 -0.00320
4336.080 -0.00533 -0.00107 -0.00533
4336.085 -0.00320 0.00533 0.00000
4336.090 0.00000 -0.00426 -0.00107
4336.096 -0.00426 -0.00107 0.00320
4336.101 -0.00213 0.00000 -0.00320
4336.106 0.00107 0.00107 -0.00213
4336.111 0.00213 -0.00639 0.00000
4336.116 0.00213 -0.00533 0.00000
4336.121 0.00426 -0.00852 0.00213
4336.126 -0.00213 0.00320 0.00533
4336.131 -0.00852 -0.00107 -0.00426
4336.136 -0.00320 0.00000 0.00213
4336.141 -0.00533 -0.00320 0.00107
4336.146 0.00213 -0.00426 -0.00426
4336.151 0.00000 -0.00533 0.00107
4336.156 0.00639 0.00533 0.00426
4336.161 -0.00639 0.00426 -0.00320
4336.166 -0.01704 0.00533 0.00426
4336.171 -0.00533 -0.00213 0.00213
4336.176 -0.00213 -0.00320 0.00000
4336.181 -0.00426 -0.00320 0.00639
4336.186 -0.01065 -0.00426 -0.00213
4336.191 -0.00533 -0.00107 0.00533
4336.196 0.00213 0.00000 -0.00320
4336.201 -0.00213 -0.00639 -0.00746
4336.206 0.00852 -0.00320 -0.00852
4336.211 0.00213 0.00213 -0.00213
4336.216 -0.00213 -0.00852 0.01278
4336.221 -0.00426 0.00107 -0.00533
4336.226 -0.00107 -0.00533 0.00533
4336.231 -0.00320 -0.00426 -0.00213
4336.236 0.00213 0.00533 0.00000
4336.241 0.00107 -0.00426 -0.00107
4336.247 -0.00746 -0.00426 -0.00852
4336.252 -0.00852 0.00320 0.00000
4336.257 -0.00320 -0.00426 -0.00213
4336.262 -0.00426 0.00320 -0.00107
4336.267 0.00000 -0.00426 0.00213
4336.272 -0.00107 0.00000 -0.00746
4336.277 -0.00213 0.00426 0.00213
4336.282 0.00320 0.01065 0.00959
4336.287 0.00107 -0.00426 0.00107
4336.292 -0.00213 -0.00213 0.00320
4336.297 -0.00852 -0.00213 0.00320
4336.302 0.00533 0.00213 0.00107
4336.307 -0.00213 0.00426 0.00000
4336.312 0.00000 0.00320 -0.00320
4336.317 -0.00533 0.00746 -0.00426
4336.322 0.00213 -0.00320 0.00426
4336.327 -0.00533 -0.00213 -0.01917
4336.332 -0.00746 -0.00852 0.00426
4336.337 0.00320 0.00213 -0.00426
4336.342 0.00639 0.00533 0.00533
4336.347 -0.00533 -0.00533 -0.00213
4336.352 -0.00426 0.00320 -0.00320
4336.357 -0.00639 -0.00426 0.00852
4336.362 0.00746 0.00213 0.00213
4336.367 -0.00746 -0.00320 -0.00213
4336.372 -0.00426 -0.00746 -0.00533
4336.377 0.00213 -0.00107 0.00107
4336.382 0.00107 -0.00852 -0.00213
4336.387 0.01065 0.00426 0.00426
4336.392 -0.00213 0.00107 -0.00107
4336.398 0.00107 0.00426 -0.00533
4336.403 0.00000 -0.00533 0.00000
4336.408 -0.00959 0.00000 -0.00426
4336.413 -0.01385 -0.00533 -0.00639
4336.418 -0.00320 -0.00426 -0.00746
4336.423 -0.00320 -0.00746 -0.00107
4336.428 0.00107 0.00426 -0.00639
4336.433 -0.00213 -0.00426 -0.00639
4336.438 -0.00213 -0.00107 0.00426
4336.443 -0.00959 -0.00746 0.00213
4336.448 -0.00852 -0.00213 0.00107
4336.453 -0.00213 -0.00533 -0.00107
4336.458 0.00533 0.00213 -0.00320
4336.463 -0.00852 0.00533 0.00320
4336.468 -0.00107 0.00533 0.00213
4336.473 -0.00426 -0.00639 0.00213
4336.478 0.00107 0.00213 -0.00213
4336.483 -0.00639 -0.00533 0.00852
4336.488 -0.00639 -0.00107 0.00320
4336.493 -0.00426 -0.00426 -0.00213
4336.498 -0.00533 -0.00426 0.00107
4336.503 -0.00852 -0.00426 -0.00320
4336.508 -0.00107 0.00426 0.00320
4336.513 -0.00746 -0.00320 -0.00320
4336.518 -0.00426 -0.00213 0.00213
4336.523 -0.00639 -0.00852 -0.00426
4336.528 0.00533 0.00107 -0.00639
4336.533 -0.00320 -0.00639 0.00533
4336.538 -0.00107 -0.01491 0.00107
4336.543 -0.00852 -0.02024 -0.00426
4336.548 0.00533 0.00000 -0.00533
4336.553 -0.00320 -0.00746 -0.00959
4336.558 -0.00320 0.00000 0.00107
4336.563 -0.00426 0.00213 -0.00426
4336.569 -0.00213 0.00000 0.00000
4336.574 0.01065 -0.00426 -0.00426
4336.579 0.00213 -0.00320 0.00533
4336.584 0.00213 0.00107 -0.00639
4336.589 0.00107 -0.00107 -0.00213
4336.594 0.00533 0.00533 0.00533
4336.599 -0.00213 0.00000 -0.00107
4336.604 -0.00107 -0.00639 0.00746
4336.609 -0.01172 -0.00639 -0.00852
4336.614 -0.00533 0.00852 0.00320
4336.619 0.00107 -0.00107 -0.00746
4336.624 0.00000 -0.00852 -0.00959
4336.629 0.00213 -0.00639 0.00000
4336.634 -0.00107 -0.00639 -0.00213
4336.639 -0.00852 -0.00107 0.00000
4336.644 0.00213 0.00533 -0.00213
4336.649 0.00320 0.00000 -0.00320
4336.654 -0.00213 -0.00852 -0.00426
4336.659 0.00426 0.00000 0.00000
4336.664 0.00107 0.00107 0.00213
4336.669 -0.00213 -0.00320 -0.00107
4336.674 -0.00426 -0.00533 -0.01065
4336.679 0.00746 0.00426 -0.00959
4336.684 0.00320 -0.00213 0.00213
4336.689 0.00000 0.00533 -0.00107
4336.694 -0.00426 0.00852 0.00533
4336.699 -0.00533 -0.00746 0.00107
4336.704 -0.00426 0.00107 0.00213
4336.709 0.01172 -0.00213 -0.00320
4336.714 -0.00426 0.00959 0.00746
4336.719 0.00213 -0.00320 0.00107
4336.724 0.01065 0.00959 0.00852
4336.730 0.00320 0.00213 0.00533
4336.735 -0.00320 0.00107 -0.00426
4336.740 0.00000 0.00107 -0.00107
4336.745 -0.00426 0.00426 0.00107
4336.750 0.00320 -0.01278 0.00213
4336.755 -0.00107 0.00000 -0.00213
4336.760 0.00533 -0.00746 0.00852
4336.765 0.00746 0.00426 -0.00213
4336.770 -0.00746 -0.00426 -0.00426
4336.775 0.00107 0.00000 0.00000
4336.780 -0.00533 -0.00746 -0.00213
4336.785 0.00000 -0.00320 -0.00426
4336.790 0.00426 -0.00107 -0.00426
4336.795 0.00320 -0.00746 0.00213
4336.800 0.00107 -0.01278 0.00320
4336.805 -0.00426 -0.00213 -0.00213
4336.810 0.00746 -0.00213 0.00639
4336.815 -0.00639 0.00213 -0.00426
4336.820 -0.00852 -0.01491 -0.00639
4336.825 0.00213 0.00639 -0.00639
4336.830 0.00213 -0.00959 0.00852
4336.835 0.00533 0.00959 -0.00107
4336.840 0.00107 -0.00746 0.00320
4336.845 -0.00852 0.00959 0.01385
4336.850 0.00852 0.00213 0.00213
4336.855 -0.00320 0.00639 -0.00213
4336.860 0.00639 -0.01172 -0.00639
4336.865 -0.00320 0.00852 0.00000
4336.870 -0.00639 -0.01811 -0.00426
4336.875 -0.00533 0.00746 0.00852
4336.880 -0.00107 0.00320 -0.00533
4336.885 -0.00959 -0.00213 -0.00213
4336.890 0.00639 0.00107 0.00746
4336.895 0.00320 0.00746 -0.00533
4336.900 0.00426 0.00000 0.00000
4336.905 -0.00533 0.00107 -0.00107
4336.910 -0.00533 -0.02024 0.00426
4336.915 0.00213 -0.00533 -0.00107
4336.921 -0.00533 -0.01065 -0.00533
4336.926 -0.00213 0.00320 0.00000
4336.931 0.00320 -0.00639 0.00107
4336.936 -0.00107 -0.00107 0.00320
4336.941 0.00320 0.00000 0.00213
4336.946 -0.00213 0.01385 0.00000
4336.951 0.00746 -0.00639 0.00426
4336.956 0.00107 0.00852 -0.00852
4336.961 0.00533 -0.00213 -0.00320
4336.966 0.00107 0.00000 0.00639
4336.971 0.00426 -0.00852 -0.00213
4336.976 -0.00533 0.00746 0.00213
4336.981 -0.00639 -0.00959 0.00000
4336.986 0.00320 0.00746 -0.00639
4336.991 0.00000 0.00000 0.00852
4336.996 0.00107 -0.00852 -0.00213
4337.001 -0.00213 0.00107 0.00959
4337.006 -0.00746 0.00213 0.00426
4337.011 0.01491 -0.00959 -0.00639
4337.016 0.00000 0.00533 0.00320
4337.021 0.00107 0.00107 -0.00320
4337.026 -0.00107 0.00000 -0.00213
4337.031 -0.00320 0.00000 0.00959
4337.036 -0.00426 -0.00107 -0.00213
4337.041 -0.00533 -0.00959 -0.00320
4337.046 0.00426 0.00000 0.00426
4337.052 -0.00320 -0.00107 -0.00533
4337.056 -0.00320 -0.00533 0.01385
4337.062 -0.00107 -0.00426 -0.00213
4337.067 -0.00107 -0.00320 -0.00852
4337.072 -0.00852 -0.00959 0.00107
4337.077 0.00426 0.00533 0.00426
4337.082 0.00107 0.00213 -0.00213
4337.087 -0.00213 0.00639 -0.00213
4337.092 0.00107 0.00000 -0.00746
4337.097 0.00746 0.01065 0.00746
4337.102 -0.00213 -0.01172 -0.01491
4337.107 -0.00746 -0.00746 0.00000
4337.112 0.00320 -0.00426 -0.00426
4337.117 0.00852 -0.00213 0.00639
4337.122 -0.00320 -0.00213 0.00000
4337.127 -0.00639 -0.00107 -0.00107
4337.132 -0.00213 0.00000 0.00213
4337.137 0.00533 -0.00426 0.00000
4337.142 0.00533 -0.00959 0.00107
4337.147 0.01811 -0.00852 0.00107
4337.152 -0.00533 0.00107 0.00107
4337.157 -0.00533 -0.00746 -0.00213
4337.162 -0.00426 -0.00213 -0.00320
4337.167 -0.00426 0.01385 0.00107
4337.172 0.00000 0.00107 -0.00320
4337.177 0.00000 -0.01278 0.00533
4337.182 -0.00213 0.01385 -0.00426
4337.187 0.00426 -0.00213 0.00213
4337.192 -0.00746 -0.00107 -0.00320
4337.197 -0.00426 -0.00107 -0.00959
4337.202 -0.00639 0.00639 0.00000
4337.207 0.00320 0.00000 0.00000
4337.213 0.00426 0.00746 -0.00320
4337.218 -0.01172 0.01278 0.00000
4337.222 -0.01278 -0.00213 -0.00426
4337.227 -0.00213 0.00107 -0.00213
4337.232 -0.00213 -0.00213 0.00213
4337.237 -0.00320 -0.00107 0.00852
4337.242 -0.00746 -0.00852 -0.00107
4337.247 -0.00533 0.00320 -0.01065
4337.252 -0.00426 -0.00213 -0.00426
4337.257 -0.00959 0.00107 0.00213
4337.263 -0.00213 -0.00107 -0.00107
4337.268 0.00533 -0.00426 0.00320
4337.273 -0.00639 -0.00533 0.00533
4337.278 -0.00107 0.00320 0.00000
4337.283 -0.00426 -0.00213 0.00213
4337.288 -0.00746 -0.00320 0.00426
4337.293 0.00107 -0.00213 0.00107
4337.298 0.00320 0.00107 -0.00213
4337.303 0.00426 0.00213 -0.00213
4337.308 -0.00320 -0.00320 0.00107
4337.313 -0.00320 0.00213 -0.01065
4337.318 -0.00639 -0.00426 0.00000
4337.323 -0.00213 -0.00107 -0.00533
4337.328 -0.00426 -0.00213 -0.00533
4337.333 -0.00107 -0.00107 0.00320
4337.338 -0.00107 -0.00639 0.00639
4337.343 0.00107 -0.00426 -0.00107
4337.348 0.00639 -0.01385 -0.00320
4337.353 -0.00639 -0.00746 -0.00320
4337.358 -0.00320 0.00320 0.00320
4337.363 -0.00107 -0.00107 -0.00320
4337.368 0.00213 -0.01278 0.00852
4337.373 -0.00320 -0.00746 -0.00107
4337.378 -0.00213 -0.00746 0.00426
4337.383 -0.01491 -0.00320 -0.00320
4337.388 -0.00639 -0.00213 -0.00746
4337.394 -0.00320 -0.00639 -0.00213
4337.399 -0.00320 -0.00852 0.00107
4337.404 -0.00320 -0.00533 0.00959
4337.409 0.00000 0.00000 -0.00213
4337.414 -0.00533 -0.00426 0.00320
4337.419 0.00426 -0.00852 -0.00107
4337.424 -0.00320 0.00213 0.00639
4337.429 0.00959 0.00107 0.00533
4337.434 -0.00320 0.00000 -0.00426
4337.439 0.00000 0.00320 -0.00746
4337.444 -0.00107 -0.00639 0.00107
4337.449 0.00000 0.00426 0.00107
4337.454 -0.00213 0.00852 -0.00320
4337.459 -0.00746 -0.00426 -0.00533
4337.464 -0.00639 -0.00320 -0.00213
4337.469 -0.00213 -0.00320 0.00320
4337.474 -0.00107 0.00107 0.00639
4337.479 -0.00639 0.00639 -0.00107
4337.484 -0.00533 0.00426 -0.00213
4337.489 -0.00320 -0.00320 -0.00426
4337.494 -0.00107 -0.00959 0.00107
4337.499 -0.00426 -0.00213 -0.00107
4337.504 0.00000 0.00000 0.00320
4337.509 -0.00320 0.00107 0.00320
4337.514 -0.00533 -0.00639 -0.00533
4337.519 -0.00639 -0.01065 -0.00533
4337.524 -0.00320 -0.00959 0.00533
4337.529 -0.00213 -0.00213 0.00213
4337.534 -0.00213 0.00426 0.00000
4337.539 -0.00746 0.00533 -0.00959
4337.545 0.00320 -0.00746 -0.00213
4337.550 0.00746 -0.01065 0.00213
4337.555 0.00426 0.00320 0.00320
4337.560 -0.00746 -0.01065 -0.00320
4337.565 0.00639 0.00107 -0.00107
4337.570 -0.00533 0.00213 -0.00107
4337.575 -0.00213 -0.00213 -0.00426
4337.580 -0.00107 -0.00639 0.00213
4337.585 0.00213 0.00426 -0.00639
4337.590 -0.00213 -0.00426 -0.00426
4337.595 -0.00213 0.00639 0.00107
4337.600 0.01172 0.00000 -0.00533
4337.605 0.00107 -0.00107 0.00000
4337.610 0.00959 0.00000 -0.00639
4337.615 0.01385 0.00533 -0.00746
4337.620 -0.00213 0.00000 0.00320
4337.625 -0.00213 -0.00533 -0.00213
4337.630 0.00959 0.00533 0.00107
4337.635 0.00320 -0.00213 0.00959
4337.640 0.00213 0.00426 0.00213
4337.645 0.00107 -0.00107 -0.00320
4337.650 0.00000 0.00426 0.00000
4337.655 -0.00746 -0.00320 -0.00320
4337.660 0.00107 -0.00107 -0.00746
4337.665 -0.00639 -0.00746 0.00107
4337.670 0.00107 -0.00107 0.00426
4337.675 -0.00852 -0.00959 0.00213
4337.680 -0.00320 -0.00533 0.00213
4337.686 0.00213 -0.00107 0.00320
4337.691 -0.00213 -0.00426 -0.00320
4337.696 -0.00959 -0.00213 -0.00746
4337.701 0.00107 0.00746 -0.00746
4337.706 0.00426 -0.00107 -0.01065
4337.711 -0.00107 0.00107 0.00000
4337.716 0.00320 -0.00107 0.00426
4337.721 -0.00213 0.00107 -0.00320
4337.726 -0.00107 -0.01065 -0.00107
4337.731 0.00320 0.00107 -0.00533
4337.736 -0.00533 -0.00639 -0.00213
4337.741 -0.00213 -0.00533 -0.00107
4337.746 -0.00107 -0.00426 -0.00320
4337.751 -0.01065 -0.00320 0.00107
4337.756 0.00000 0.00746 -0.00107
4337.761 -0.00426 -0.00107 0.00320
4337.766 -0.00426 -0.00213 0.00107
4337.771 0.00320 -0.00639 -0.00213
4337.776 0.00746 -0.01065 -0.00320
4337.781 -0.00533 -0.00533 0.00107
4337.786 -0.00107 -0.00426 -0.00320
4337.791 -0.00533 -0.00639 -0.00213
4337.796 -0.00107 -0.00213 0.00000
4337.801 -0.00213 0.00000 -0.00426
4337.806 0.00213 -0.00107 -0.00639
4337.811 0.00533 0.00959 -0.00213
4337.816 0.00426 -0.00746 0.00320
4337.821 0.00320 0.00533 0.00107
4337.826 -0.00639 0.00320 0.00107
4337.831 0.00213 0.00000 0.00213
4337.836 0.00320 0.00107 -0.00426
4337.841 -0.00213 0.00213 -0.00107
4337.846 0.00426 -0.00959 -0.00107
4337.851 -0.01704 -0.00746 -0.00213
4337.856 -0.00852 0.00107 0.00320
4337.861 0.00639 0.00000 0.00213
4337.867 0.00320 0.00639 0.00746
4337.872 0.00320 -0.00959 0.00213
4337.877 0.00107 -0.00107 0.00533
4337.882 -0.00639 0.00107 -0.00426
4337.887 0.00107 0.00426 0.00213
4337.892 0.00107 0.00107 0.00533
4337.897 -0.00107 -0.00426 0.00533
4337.902 -0.00213 0.00746 -0.00107
4337.907 0.00320 -0.00426 -0.00426
4337.912 -0.00426 -0.00213 0.00533
4337.917 0.00213 -0.00639 0.00000
4337.922 0.00533 -0.00107 0.00746
4337.927 -0.00107 0.00426 -0.00213
4337.932 0.00426 -0.00426 0.00000
4337.937 0.00000 -0.00320 -0.00107
4337.942 -0.00533 -0.00213 0.00000
4337.947 -0.00533 -0.00533 -0.00107
4337.952 0.00107 -0.00107 -0.00533
4337.957 0.00000 -0.00639 -0.00107
4337.962 -0.00639 0.00639 0.00000
4337.967 -0.00746 0.00320 -0.00426
4337.972 0.00426 -0.00320 -0.00639
4337.977 0.00107 -0.00213 0.00000
4337.982 -0.00107 -0.00320 -0.00426
4337.987 0.00107 0.00000 0.00213
4337.992 0.00107 -0.00746 -0.00959
4337.997 0.00000 -0.00852 0.00000
4338.002 0.00107 0.00320 0.00000
4338.007 0.00213 -0.00213 0.00320
4338.012 -0.00213 -0.01065 0.00320
4338.017 -0.00320 0.00107 0.00000
4338.022 0.00426 -0.00320 0.00213
4338.028 0.00107 -0.00107 -0.00852
4338.032 -0.00320 -0.00533 0.00000
4338.038 -0.00213 -0.00213 -0.01598
4338.043 0.00959 -0.00320 0.00320
4338.048 0.00107 -0.00213 -0.00320
4338.053 0.00107 -0.00852 0.01065
4338.058 0.00107 0.00639 -0.00852
4338.063 0.00000 -0.00213 0.01385
4338.068 0.00000 -0.00320 0.00000
4338.073 -0.00320 -0.00639 -0.00533
4338.078 -0.01065 -0.00320 -0.00320
4338.083 -0.01065 -0.00213 0.00000
4338.088 -0.00213 0.00000 0.00426
4338.093 0.00852 -0.00107 0.00320
4338.098 -0.00107 0.00107 0.00107
4338.103 0.00320 -0.00533 -0.00746
4338.108 -0.00213 -0.00639 -0.00639
4338.113 -0.00320 -0.00533 -0.00533
4338.118 0.00213 -0.00426 -0.00107
4338.123 0.00426 -0.00107 -0.00533
4338.128 -0.00107 -0.00426 0.00000
4338.133 -0.00959 -0.00639 -0.00426
4338.138 0.00107 -0.00213 0.00000
4338.143 -0.00533 -0.00213 -0.00107
4338.148 -0.00746 -0.00107 -0.00320
4338.153 -0.00320 -0.00213 -0.00426
4338.158 0.00320 -0.00107 0.00213
4338.163 0.00107 0.00320 -0.00213
4338.168 0.00000 -0.00213 0.00533
4338.173 0.00639 0.00213 0.00000
4338.178 0.00107 -0.00320 0.00533
4338.183 -0.00213 -0.00426 -0.00533
4338.188 -0.00213 -0.00959 0.00533
4338.193 -0.00852 -0.00320 0.00852
4338.199 0.00639 -0.00639 -0.01385
4338.204 -0.00639 0.00213 -0.00320
4338.209 -0.00107 -0.00426 0.00213
4338.214 -0.00533 -0.00107 0.00000
4338.219 0.00213 -0.00426 0.00000
4338.224 -0.00320 0.00639 0.00639
4338.229 -0.00107 0.00639 0.00213
4338.234 0.00107 -0.00213 0.00000
4338.239 -0.00746 -0.00213 -0.00639
4338.244 -0.00107 0.00000 -0.00639
4338.249 0.00426 -0.00746 0.00000
4338.254 0.00213 -0.00426 0.00213
4338.259 0.00426 0.00213 0.00107
4338.264 0.00107 -0.00320 0.00107
4338.269 -0.00426 -0.00533 -0.00213
4338.274 -0.00959 -0.00426 -0.00533
4338.279 -0.00107 -0.00533 0.00533
4338.284 -0.00533 0.00000 0.00000
4338.289 0.00107 0.00426 0.00107
4338.294 -0.00533 0.00213 -0.00107
4338.299 0.00320 0.00426 0.00852
4338.304 0.00000 -0.00746 -0.00533
4338.309 -0.00213 -0.00639 0.00320
4338.314 -0.00746 -0.00213 -0.00107
4338.319 0.00533 -0.00107 0.00213
4338.324 0.00107 -0.00639 -0.00213
4338.329 0.00320 -0.00320 -0.00533
4338.334 -0.00533 0.00426 0.00320
4338.339 0.00213 -0.00320 0.00320
4338.344 -0.00533 0.00320 -0.00213
4338.350 0.00533 -0.00107 0.00320
4338.354 -0.00213 -0.00213 0.00107
4338.360 0.00426 0.00426 0.00107
4338.365 -0.00746 0.00107 0.00426
4338.370 -0.00426 -0.00639 -0.01278
4338.375 0.00426 -0.00639 -0.00959
4338.380 -0.00852 0.00426 -0.00746
4338.385 -0.00320 0.00639 0.00426
4338.390 0.00746 -0.00213 0.00426
4338.395 0.00107 0.00639 -0.00213
