198974.134 0.00042 -0.00279 -0.00091
198974.138 0.00178 -0.00241 -0.00138
198974.142 0.00110 -0.00187 -0.00045
198974.146 0.00075 -0.00112 -0.00021
198974.150 0.00037 -0.00093 -0.00164
198974.154 0.00103 -0.00148 -0.00052
198974.158 0.00105 -0.00101 -0.00021
198974.162 0.00059 -0.00166 -0.00075
198974.166 0.00002 -0.00031 0.00000
198974.170 0.00154 -0.00101 -0.00052
198974.174 0.00133 -0.00089 -0.00082
198974.178 0.00127 -0.00072 -0.00030
198974.182 0.00126 -0.00141 -0.00017
198974.186 0.00080 -0.00024 0.00061
198974.191 0.00143 -0.00145 0.00082
198974.194 0.00101 -0.00117 0.00087
198974.198 0.00012 -0.00124 0.00103
198974.202 0.00037 -0.00066 0.00077
198974.206 0.00042 -0.00065 -0.00047
198974.210 0.00089 -0.00141 -0.00051
198974.214 0.00101 -0.00086 0.00037
198974.218 0.00148 -0.00010 0.00000
198974.222 0.00087 -0.00080 -0.00009
198974.226 0.00070 -0.00145 -0.00026
198974.230 0.00110 -0.00117 -0.00045
198974.234 0.00047 -0.00079 0.00052
198974.238 0.00044 -0.00099 -0.00024
198974.242 0.00073 -0.00028 0.00059
198974.246 0.00082 -0.00192 -0.00023
198974.249 0.00113 -0.00173 -0.00059
198974.254 0.00138 -0.00079 -0.00084
198974.258 0.00113 -0.00084 -0.00120
198974.262 0.00138 -0.00040 -0.00115
198974.266 0.00052 0.00000 -0.00054
198974.270 0.00031 0.00010 -0.00037
198974.274 0.00040 -0.00016 -0.00063
198974.278 0.00178 -0.00098 -0.00099
198974.282 0.00140 -0.00119 -0.00080
198974.286 0.00143 -0.00094 -0.00105
198974.290 0.00040 -0.00103 -0.00051
198974.294 0.00073 -0.00105 0.00052
198974.298 0.00082 -0.00166 0.00035
198974.302 0.00084 -0.00182 0.00000
198974.306 0.00113 -0.00080 0.00005
198974.309 0.00108 -0.00054 -0.00066
198974.314 0.00091 -0.00108 0.00047
198974.318 0.00117 -0.00122 0.00079
198974.322 0.00154 -0.00005 0.00086
198974.326 0.00148 -0.00019 0.00028
198974.330 0.00176 -0.00218 -0.00016
198974.334 0.00169 -0.00091 -0.00058
198974.338 0.00047 -0.00133 -0.00099
198974.342 -0.00045 -0.00082 -0.00049
198974.346 0.00096 -0.00175 -0.00051
198974.350 0.00162 -0.00229 -0.00007
198974.354 0.00195 -0.00290 -0.00056
198974.358 0.00143 -0.00169 -0.00052
198974.362 0.00040 -0.00047 0.00005
198974.366 0.00058 -0.00061 -0.00007
198974.370 0.00077 -0.00124 -0.00010
198974.374 0.00127 -0.00066 0.00017
198974.378 0.00037 -0.00110 0.00024
198974.382 0.00162 -0.00138 -0.00106
198974.386 0.00225 -0.00129 0.00037
198974.390 0.00091 -0.00202 -0.00028
198974.394 0.00101 -0.00176 0.00028
198974.398 0.00105 -0.00110 0.00042
198974.402 0.00044 -0.00017 0.00047
198974.406 0.00119 -0.00052 0.00077
198974.410 0.00169 -0.00047 0.00040
198974.414 0.00047 -0.00120 0.00061
198974.418 0.00044 -0.00140 0.00037
198974.422 0.00164 -0.00086 0.00045
198974.426 0.00136 -0.00024 -0.00117
198974.430 0.00112 -0.00161 0.00019
198974.434 0.00106 -0.00182 0.00040
198974.438 0.00120 -0.00110 -0.00133
198974.442 0.00154 -0.00017 -0.00044
198974.446 0.00073 -0.00098 -0.00019
198974.450 0.00066 -0.00180 -0.00059
198974.454 0.00110 -0.00126 0.00005
198974.458 0.00136 -0.00171 0.00052
198974.462 0.00113 -0.00077 -0.00054
198974.466 0.00138 -0.00054 0.00066
198974.469 0.00098 -0.00047 0.00068
198974.474 0.00119 -0.00030 0.00038
198974.478 0.00079 -0.00176 -0.00087
198974.482 0.00188 -0.00110 0.00087
198974.486 0.00052 -0.00243 0.00073
198974.490 0.00061 -0.00173 0.00040
198974.494 0.00154 -0.00122 0.00000
198974.498 0.00117 -0.00110 -0.00068
198974.502 0.00063 -0.00183 0.00047
198974.506 0.00019 -0.00080 0.00079
198974.510 0.00082 -0.00099 -0.00093
198974.514 0.00099 -0.00195 -0.00063
198974.518 0.00073 -0.00159 -0.00115
198974.522 0.00112 -0.00030 -0.00038
198974.526 0.00122 -0.00131 -0.00063
198974.530 0.00110 -0.00264 -0.00040
198974.534 0.00136 -0.00312 -0.00003
198974.539 0.00143 -0.00161 0.00110
198974.542 0.00099 -0.00089 0.00019
198974.546 0.00089 -0.00208 -0.00003
198974.550 0.00086 -0.00117 0.00110
198974.554 0.00161 -0.00124 0.00003
198974.558 0.00119 -0.00155 -0.00023
198974.562 0.00094 -0.00148 0.00030
198974.566 0.00133 -0.00117 -0.00016
198974.570 0.00127 -0.00140 -0.00119
198974.574 0.00307 -0.00159 -0.00040
198974.578 0.00098 -0.00166 0.00010
198974.582 0.00103 -0.00168 0.00009
198974.586 0.00120 -0.00166 0.00038
198974.589 0.00108 -0.00243 -0.00073
198974.594 0.00166 -0.00232 0.00016
198974.598 0.00241 -0.00215 -0.00065
198974.602 0.00351 -0.00044 -0.00024
198974.606 0.00094 -0.00180 -0.00016
198974.610 0.00012 -0.00155 0.00000
198974.614 -0.00007 -0.00119 0.00096
198974.618 0.00030 -0.00094 0.00075
198974.622 0.00056 0.00045 -0.00033
198974.626 0.00183 0.00052 -0.00033
198974.630 0.00169 -0.00003 -0.00047
198974.634 0.00183 0.00024 0.00173
198974.638 0.00110 -0.00072 0.00066
198974.642 0.00120 -0.00293 -0.00082
198974.646 0.00230 -0.00215 0.00014
198974.650 0.00213 -0.00271 -0.00065
198974.654 0.00148 -0.00194 0.00138
198974.658 -0.00033 -0.00220 0.00026
198974.662 -0.00051 -0.00061 0.00028
198974.666 0.00079 0.00070 0.00058
198974.670 0.00250 0.00044 0.00035
198974.674 0.00278 0.00007 0.00030
198974.678 0.00195 -0.00045 -0.00030
198974.682 0.00143 0.00058 0.00028
198974.686 0.00190 0.00147 -0.00002
198974.690 0.00052 -0.00010 0.00035
198974.694 0.00077 -0.00021 -0.00014
198974.698 0.00112 -0.00143 0.00031
198974.702 0.00002 -0.00147 0.00014
198974.706 0.00017 -0.00101 0.00009
198974.710 0.00098 -0.00164 0.00052
198974.714 0.00103 -0.00091 0.00003
198974.718 0.00134 -0.00072 -0.00037
198974.722 0.00098 -0.00023 -0.00049
198974.726 0.00178 0.00035 0.00007
198974.730 0.00063 -0.00038 0.00098
198974.734 0.00019 -0.00089 0.00077
198974.738 -0.00007 -0.00042 0.00010
198974.742 0.00106 -0.00014 0.00084
198974.746 0.00211 -0.00007 0.00087
198974.749 0.00103 -0.00051 0.00073
198974.754 0.00194 -0.00002 -0.00094
198974.758 0.00113 -0.00079 -0.00033
198974.762 0.00106 -0.00084 0.00042
198974.766 0.00136 -0.00190 0.00002
198974.770 0.00173 -0.00023 0.00080
198974.774 0.00154 -0.00054 0.00042
198974.778 0.00148 -0.00093 -0.00012
198974.782 0.00161 -0.00026 0.00061
198974.786 0.00150 -0.00040 0.00082
198974.790 0.00222 -0.00059 0.00147
198974.794 0.00150 -0.00065 0.00089
198974.798 0.00087 -0.00080 0.00014
198974.802 0.00040 -0.00175 0.00009
198974.806 0.00133 -0.00094 -0.00005
198974.810 0.00127 -0.00058 -0.00056
198974.814 0.00096 -0.00154 0.00080
198974.818 0.00087 -0.00103 0.00087
198974.822 0.00206 0.00000 0.00087
198974.826 0.00056 -0.00003 0.00073
198974.830 0.00122 -0.00080 -0.00035
198974.834 0.00140 -0.00084 0.00056
198974.838 0.00054 -0.00190 0.00005
198974.842 0.00120 -0.00188 -0.00007
198974.846 0.00199 -0.00082 0.00003
198974.850 0.00040 -0.00038 0.00066
198974.854 0.00119 -0.00119 -0.00112
198974.858 0.00124 -0.00065 -0.00112
198974.862 0.00155 -0.00065 0.00005
198974.866 0.00119 -0.00051 0.00052
198974.870 0.00079 -0.00182 -0.00024
198974.874 0.00052 0.00023 -0.00030
198974.878 0.00061 -0.00042 0.00103
198974.882 0.00108 -0.00164 0.00002
198974.886 0.00106 -0.00243 0.00037
198974.891 0.00059 -0.00171 0.00000
198974.893 0.00063 -0.00154 0.00019
198974.898 0.00154 -0.00058 0.00040
198974.902 0.00119 -0.00079 0.00091
198974.906 0.00093 0.00035 0.00044
198974.910 0.00012 -0.00113 -0.00012
198974.914 0.00080 -0.00094 -0.00058
198974.918 0.00009 0.00016 0.00051
198974.922 0.00155 -0.00089 0.00003
198974.926 0.00117 -0.00101 0.00141
198974.930 0.00169 -0.00150 0.00133
198974.934 0.00182 -0.00117 0.00161
198974.938 0.00140 -0.00290 0.00122
198974.942 0.00084 -0.00169 0.00037
198974.946 0.00084 -0.00122 0.00016
198974.950 0.00054 -0.00080 -0.00019
198974.954 0.00077 -0.00159 0.00075
198974.958 -0.00007 -0.00211 -0.00019
198974.962 0.00091 -0.00119 -0.00058
198974.966 0.00161 -0.00019 -0.00084
198974.969 0.00195 -0.00127 -0.00091
198974.974 0.00218 -0.00037 -0.00047
198974.978 0.00134 0.00000 -0.00037
198974.982 0.00143 0.00056 0.00056
198974.986 0.00145 -0.00138 -0.00099
198974.990 0.00101 -0.00145 0.00040
198974.994 0.00119 -0.00117 0.00045
198974.998 0.00049 -0.00079 0.00047
198975.002 0.00105 -0.00054 0.00079
198975.006 0.00180 -0.00063 0.00176
198975.010 0.00049 -0.00124 0.00066
198975.014 0.00150 -0.00112 0.00082
198975.018 0.00222 -0.00047 0.00117
198975.022 0.00091 0.00073 0.00141
198975.026 0.00161 -0.00059 0.00103
198975.029 0.00105 -0.00063 0.00017
198975.034 0.00075 -0.00005 0.00040
198975.038 0.00187 -0.00019 0.00030
198975.042 0.00141 -0.00023 0.00028
198975.046 0.00175 -0.00129 0.00073
198975.050 0.00063 -0.00112 0.00070
198975.054 -0.00054 -0.00183 0.00099
198975.058 0.00047 -0.00112 0.00047
198975.062 0.00014 -0.00047 -0.00026
198975.066 0.00127 0.00014 0.00044
198975.070 0.00141 0.00000 -0.00026
198975.074 0.00099 -0.00093 0.00000
198975.078 0.00000 -0.00117 -0.00023
198975.082 0.00106 -0.00110 -0.00105
198975.086 0.00105 -0.00002 -0.00005
198975.090 0.00091 -0.00049 0.00003
198975.094 0.00072 -0.00077 -0.00068
198975.098 0.00096 -0.00098 -0.00101
198975.102 -0.00016 -0.00148 -0.00110
198975.106 0.00028 -0.00162 -0.00082
198975.110 0.00129 -0.00195 -0.00061
198975.114 0.00096 -0.00145 -0.00054
198975.118 0.00148 -0.00206 -0.00038
198975.122 0.00026 -0.00042 -0.00017
198975.126 0.00084 -0.00059 -0.00044
198975.130 0.00099 -0.00124 0.00009
198975.134 0.00089 -0.00112 -0.00080
198975.138 0.00086 -0.00047 0.00000
198975.142 0.00054 -0.00045 0.00005
198975.146 0.00061 -0.00166 0.00021
198975.150 0.00033 -0.00182 -0.00033
198975.154 0.00176 -0.00035 0.00010
198975.158 0.00094 -0.00072 -0.00005
198975.162 0.00117 0.00037 0.00049
198975.166 0.00199 -0.00084 0.00033
198975.170 0.00038 -0.00161 0.00014
198975.174 0.00087 -0.00091 0.00070
198975.178 0.00131 -0.00026 0.00084
198975.182 0.00112 0.00019 0.00117
198975.186 0.00168 -0.00073 0.00037
198975.189 0.00166 -0.00052 0.00105
198975.194 0.00075 0.00012 0.00108
198975.198 0.00112 -0.00075 -0.00040
198975.202 0.00061 -0.00159 0.00009
198975.206 0.00138 -0.00059 0.00009
198975.210 0.00188 -0.00017 0.00023
198975.214 0.00127 -0.00159 -0.00002
198975.218 0.00035 -0.00209 0.00049
198975.222 -0.00017 -0.00178 0.00063
198975.226 -0.00002 -0.00065 0.00127
198975.230 0.00138 -0.00051 0.00129
198975.234 0.00173 -0.00122 0.00113
198975.239 0.00197 -0.00094 0.00051
198975.242 0.00250 -0.00119 -0.00086
198975.246 0.00188 -0.00199 -0.00045
198975.250 0.00171 -0.00026 0.00007
198975.254 0.00258 0.00033 0.00037
198975.258 0.00145 -0.00038 -0.00012
198975.262 0.00115 -0.00028 0.00031
198975.266 0.00168 -0.00101 0.00103
198975.270 0.00077 -0.00059 0.00033
198975.274 0.00143 -0.00019 0.00014
198975.278 0.00099 -0.00023 -0.00005
198975.282 0.00000 -0.00115 -0.00086
198975.286 0.00031 0.00010 -0.00031
198975.290 0.00072 -0.00091 0.00012
198975.294 0.00005 -0.00072 -0.00021
198975.298 0.00019 -0.00157 -0.00073
198975.302 0.00052 -0.00134 -0.00133
198975.306 0.00122 -0.00204 -0.00058
198975.309 0.00094 -0.00192 -0.00009
198975.314 0.00058 -0.00068 0.00017
198975.318 0.00017 -0.00141 0.00070
198975.322 0.00127 -0.00115 0.00099
198975.326 0.00171 -0.00108 0.00002
198975.330 0.00182 -0.00016 -0.00038
198975.334 0.00216 0.00005 0.00070
198975.338 0.00089 -0.00016 -0.00035
198975.342 0.00099 -0.00127 -0.00063
198975.346 0.00105 -0.00066 0.00079
198975.350 0.00209 -0.00187 -0.00017
198975.354 0.00283 -0.00082 0.00016
198975.358 0.00243 -0.00175 -0.00065
198975.362 0.00216 0.00010 -0.00086
198975.366 0.00164 0.00058 -0.00045
198975.370 0.00195 -0.00047 -0.00096
198975.374 0.00175 -0.00091 -0.00108
198975.378 0.00138 -0.00178 -0.00098
198975.382 0.00129 -0.00110 0.00070
198975.386 0.00110 -0.00106 -0.00094
198975.390 0.00077 0.00058 0.00040
198975.394 0.00098 -0.00154 -0.00073
198975.398 0.00058 -0.00089 -0.00012
198975.402 0.00077 -0.00042 0.00122
198975.406 0.00082 -0.00105 0.00082
198975.410 0.00129 -0.00045 0.00117
198975.414 0.00126 -0.00166 -0.00009
198975.418 0.00155 -0.00197 -0.00024
198975.422 0.00103 -0.00129 -0.00045
198975.426 0.00119 -0.00098 -0.00051
198975.430 0.00154 -0.00164 -0.00052
198975.434 0.00103 -0.00182 -0.00037
198975.438 0.00059 -0.00157 0.00026
198975.442 0.00213 0.00061 0.00042
198975.446 0.00208 -0.00108 0.00047
198975.450 0.00147 -0.00136 0.00002
198975.454 0.00206 -0.00204 0.00005
198975.458 0.00117 -0.00042 0.00098
198975.462 0.00108 -0.00180 0.00152
198975.466 0.00091 -0.00155 0.00120
198975.469 0.00101 -0.00119 0.00127
198975.474 0.00105 -0.00094 0.00234
198975.478 0.00030 -0.00253 0.00007
198975.482 0.00145 -0.00236 -0.00037
198975.486 0.00190 -0.00171 0.00026
198975.490 0.00112 -0.00138 0.00042
198975.494 0.00182 -0.00068 0.00061
198975.498 0.00155 -0.00096 0.00007
198975.502 0.00089 -0.00103 0.00021
198975.506 0.00145 -0.00045 0.00117
198975.510 0.00115 -0.00030 0.00066
198975.514 0.00138 -0.00087 -0.00021
198975.518 0.00052 -0.00040 0.00014
198975.522 0.00091 -0.00030 0.00009
198975.526 0.00162 -0.00070 0.00068
198975.529 0.00180 -0.00173 0.00098
198975.534 0.00124 -0.00138 0.00152
198975.538 0.00140 -0.00175 0.00045
198975.542 0.00129 -0.00154 -0.00010
198975.546 0.00127 0.00016 -0.00072
198975.550 0.00110 -0.00119 -0.00117
198975.554 0.00211 -0.00185 0.00035
198975.558 0.00178 -0.00112 0.00075
198975.562 0.00140 -0.00077 0.00024
198975.566 0.00084 -0.00054 0.00042
198975.570 0.00113 -0.00063 -0.00028
198975.574 0.00154 -0.00110 0.00012
198975.578 0.00072 -0.00106 0.00038
198975.582 0.00157 -0.00106 0.00045
198975.586 0.00133 -0.00106 0.00017
198975.591 0.00127 -0.00182 0.00024
198975.594 -0.00009 -0.00110 0.00208
198975.598 0.00120 -0.00093 0.00030
198975.602 0.00169 -0.00072 0.00044
198975.606 0.00136 -0.00202 0.00002
198975.610 0.00038 -0.00162 -0.00007
198975.614 0.00012 -0.00016 0.00033
198975.618 0.00112 -0.00066 0.00073
198975.622 0.00045 -0.00112 0.00161
198975.626 0.00120 0.00101 0.00063
198975.630 0.00108 0.00007 0.00052
198975.634 0.00075 0.00028 0.00019
198975.638 0.00052 -0.00040 -0.00049
198975.642 0.00061 -0.00059 -0.00007
198975.646 0.00079 -0.00094 0.00079
198975.650 0.00038 -0.00012 0.00117
198975.654 0.00148 -0.00051 0.00096
198975.658 0.00117 -0.00047 0.00105
198975.662 0.00122 -0.00016 0.00003
198975.666 0.00185 0.00007 0.00066
198975.670 0.00096 -0.00031 0.00098
198975.674 0.00072 -0.00117 -0.00012
198975.678 0.00157 -0.00108 0.00016
198975.682 0.00164 -0.00122 0.00040
198975.686 0.00195 -0.00094 0.00075
198975.690 0.00204 0.00016 0.00190
198975.694 0.00101 -0.00073 0.00070
198975.698 0.00059 -0.00052 0.00084
198975.702 0.00229 -0.00031 0.00028
198975.706 0.00152 -0.00147 0.00073
198975.710 0.00223 -0.00117 -0.00065
198975.714 0.00120 -0.00063 0.00094
198975.718 0.00065 -0.00019 0.00000
198975.722 0.00154 -0.00129 -0.00038
198975.726 0.00208 -0.00141 0.00024
198975.730 0.00042 -0.00190 0.00058
198975.734 0.00058 -0.00068 0.00080
198975.738 0.00154 -0.00035 0.00101
198975.742 0.00117 -0.00223 0.00061
198975.746 0.00063 0.00028 0.00066
198975.749 0.00108 -0.00101 -0.00112
198975.754 0.00136 -0.00075 0.00021
198975.758 0.00202 0.00141 0.00192
198975.762 0.00161 -0.00070 0.00056
198975.766 0.00119 -0.00143 -0.00009
198975.770 0.00079 -0.00024 0.00063
198975.774 0.00143 -0.00040 0.00098
198975.778 0.00145 0.00045 0.00031
198975.782 0.00161 -0.00051 0.00000
198975.786 0.00195 0.00012 0.00065
198975.790 0.00113 -0.00091 0.00023
198975.794 0.00106 0.00002 -0.00017
198975.798 0.00150 -0.00047 0.00061
198975.802 0.00208 -0.00152 0.00051
198975.807 0.00176 -0.00103 0.00065
198975.810 0.00093 -0.00030 0.00023
198975.814 0.00117 -0.00086 -0.00002
198975.818 0.00154 -0.00117 0.00049
198975.822 0.00117 -0.00124 0.00017
198975.826 0.00169 0.00024 0.00115
198975.830 0.00182 -0.00133 0.00080
198975.834 0.00244 -0.00023 0.00117
198975.838 0.00248 -0.00038 -0.00007
198975.842 0.00202 -0.00030 -0.00010
198975.846 0.00115 0.00063 0.00002
198975.850 0.00122 -0.00031 0.00021
198975.854 0.00110 0.00047 -0.00017
198975.858 0.00091 0.00009 0.00106
198975.862 0.00042 -0.00091 0.00124
198975.867 0.00134 -0.00103 0.00157
198975.870 0.00082 -0.00105 0.00106
198975.874 0.00234 0.00028 0.00093
198975.878 0.00215 -0.00086 0.00059
198975.882 0.00000 -0.00056 -0.00007
198975.886 -0.00028 -0.00199 0.00122
198975.890 0.00145 -0.00054 0.00023
198975.894 0.00161 -0.00063 -0.00047
198975.898 0.00120 -0.00019 -0.00096
198975.902 0.00094 -0.00023 -0.00049
198975.906 0.00072 -0.00115 -0.00037
198975.909 0.00157 -0.00033 -0.00003
198975.914 0.00164 -0.00058 -0.00024
198975.918 0.00105 -0.00003 0.00028
198975.922 0.00105 -0.00065 0.00073
198975.926 0.00180 -0.00021 0.00086
198975.930 0.00185 -0.00038 0.00072
198975.934 0.00080 -0.00087 0.00129
198975.939 0.00038 -0.00072 0.00040
198975.942 0.00073 -0.00171 -0.00089
198975.946 0.00037 -0.00108 -0.00093
198975.950 0.00087 -0.00106 -0.00077
198975.954 0.00190 -0.00166 -0.00059
198975.958 0.00112 0.00042 -0.00009
198975.962 0.00061 -0.00007 0.00063
198975.966 0.00138 -0.00035 0.00037
198975.970 0.00159 -0.00119 0.00045
198975.974 0.00134 -0.00049 0.00002
198975.978 0.00068 -0.00091 0.00037
198975.982 0.00155 -0.00117 0.00045
198975.986 0.00119 -0.00079 -0.00042
198975.990 0.00169 -0.00009 -0.00035
198975.994 0.00152 -0.00021 -0.00047
198975.998 0.00147 -0.00023 -0.00082
198976.002 0.00192 -0.00129 -0.00014
198976.006 0.00202 -0.00173 -0.00028
198976.010 0.00265 -0.00079 0.00012
198976.014 0.00223 -0.00143 0.00113
198976.018 0.00120 -0.00161 0.00096
198976.022 0.00065 -0.00195 0.00061
198976.026 0.00019 -0.00250 0.00037
198976.029 0.00023 -0.00218 -0.00014
198976.034 0.00143 -0.00075 -0.00133
198976.038 0.00099 0.00005 -0.00119
198976.042 0.00148 -0.00016 -0.00084
198976.046 0.00086 -0.00052 -0.00061
198976.050 0.00115 -0.00108 -0.00070
198976.054 0.00077 -0.00061 -0.00042
198976.058 0.00068 -0.00079 -0.00003
198976.062 0.00141 -0.00070 -0.00054
198976.066 0.00145 -0.00112 -0.00038
198976.070 0.00099 -0.00093 -0.00063
198976.074 0.00000 -0.00101 -0.00115
198976.078 0.00031 -0.00059 -0.00250
198976.082 0.00101 -0.00094 -0.00194
198976.086 0.00164 -0.00073 -0.00073
198976.090 0.00075 -0.00052 -0.00044
198976.094 0.00141 -0.00047 -0.00065
198976.098 0.00220 -0.00150 -0.00070
198976.102 0.00120 -0.00087 -0.00072
198976.106 0.00124 -0.00176 -0.00058
198976.110 0.00140 -0.00124 -0.00159
198976.114 0.00038 -0.00126 -0.00019
198976.118 0.00178 -0.00080 0.00000
198976.122 0.00199 -0.00161 -0.00023
198976.126 0.00054 -0.00089 0.00059
198976.130 0.00091 -0.00133 0.00096
198976.134 0.00101 -0.00143 0.00045
198976.138 0.00119 -0.00026 0.00002
198976.142 0.00108 -0.00161 0.00021
198976.146 -0.00028 -0.00120 0.00040
198976.150 0.00040 0.00009 0.00016
198976.154 0.00028 0.00044 0.00009
198976.158 0.00131 -0.00066 -0.00066
198976.162 0.00157 0.00054 -0.00026
198976.166 0.00148 0.00024 -0.00105
198976.170 0.00056 -0.00026 -0.00157
198976.174 0.00002 -0.00040 -0.00140
198976.178 0.00138 -0.00073 -0.00105
198976.182 0.00129 -0.00173 -0.00096
198976.186 0.00035 -0.00169 -0.00124
198976.189 0.00101 -0.00063 -0.00162
198976.194 0.00225 0.00099 -0.00126
198976.198 0.00061 -0.00157 -0.00101
198976.202 0.00063 -0.00150 -0.00005
198976.206 0.00124 -0.00087 -0.00099
198976.210 0.00140 -0.00040 -0.00005
198976.214 0.00175 -0.00148 -0.00024
198976.218 0.00183 -0.00042 -0.00016
198976.222 0.00065 -0.00164 -0.00058
198976.227 0.00049 -0.00045 -0.00023
198976.230 0.00120 -0.00120 -0.00014
198976.234 0.00185 -0.00094 -0.00058
198976.238 0.00141 -0.00164 -0.00129
198976.242 0.00113 -0.00106 -0.00133
198976.246 0.00138 -0.00136 -0.00058
198976.249 0.00068 -0.00204 -0.00113
198976.254 0.00065 -0.00176 -0.00054
198976.258 0.00065 -0.00094 -0.00038
198976.262 0.00155 -0.00042 0.00056
198976.266 0.00208 -0.00075 0.00094
198976.270 0.00192 -0.00082 0.00000
198976.274 0.00098 -0.00086 -0.00023
198976.278 0.00103 -0.00101 0.00073
198976.282 0.00119 -0.00030 0.00054
198976.286 0.00124 -0.00024 0.00019
198976.291 0.00005 0.00049 0.00086
198976.294 0.00124 -0.00155 0.00012
198976.298 0.00080 -0.00028 0.00084
198976.302 0.00023 -0.00115 -0.00152
198976.306 0.00113 -0.00049 -0.00108
198976.310 0.00197 -0.00120 -0.00052
198976.314 0.00250 -0.00126 -0.00007
198976.318 0.00157 -0.00157 -0.00176
198976.322 0.00148 -0.00030 -0.00099
198976.326 0.00222 -0.00161 -0.00169
198976.330 0.00182 -0.00120 -0.00173
198976.334 0.00155 -0.00110 -0.00084
198976.338 0.00073 -0.00182 0.00000
198976.342 0.00141 -0.00202 -0.00084
198976.346 0.00129 -0.00040 -0.00059
198976.350 0.00005 -0.00059 -0.00054
198976.354 0.00124 -0.00049 -0.00007
198976.358 0.00065 -0.00136 -0.00040
198976.362 0.00185 -0.00159 -0.00080
198976.366 0.00112 -0.00105 0.00000
198976.370 0.00077 -0.00045 0.00005
198976.374 0.00112 -0.00016 -0.00066
198976.378 0.00106 -0.00052 -0.00131
198976.382 0.00016 -0.00061 -0.00119
198976.386 0.00005 -0.00080 -0.00084
198976.390 0.00049 -0.00084 -0.00136
198976.394 0.00136 -0.00161 -0.00075
198976.398 0.00143 -0.00075 0.00031
198976.402 0.00159 -0.00113 0.00012
198976.406 0.00119 -0.00033 0.00084
198976.409 0.00094 -0.00087 0.00073
198976.414 0.00147 -0.00101 -0.00003
198976.418 0.00147 -0.00059 -0.00070
198976.422 0.00131 -0.00199 -0.00117
198976.426 0.00157 -0.00070 -0.00159
198976.430 0.00133 -0.00173 -0.00215
198976.434 0.00098 -0.00063 -0.00065
198976.438 0.00133 -0.00065 0.00017
198976.442 0.00112 -0.00035 0.00024
198976.446 0.00106 -0.00012 0.00042
198976.450 0.00211 0.00023 0.00061
198976.454 0.00162 -0.00042 -0.00037
198976.458 0.00105 -0.00105 -0.00063
198976.462 0.00105 -0.00227 -0.00101
198976.466 0.00195 -0.00138 -0.00094
198976.469 0.00159 -0.00038 -0.00063
198976.474 0.00089 0.00061 -0.00010
198976.478 0.00040 0.00012 0.00047
198976.482 0.00133 0.00028 -0.00117
198976.486 0.00112 -0.00101 -0.00068
198976.490 0.00093 -0.00119 -0.00072
198976.494 0.00042 -0.00185 -0.00087
198976.498 0.00162 -0.00112 -0.00031
198976.502 0.00150 -0.00108 -0.00047
198976.506 0.00192 -0.00122 -0.00110
198976.510 0.00188 -0.00185 -0.00023
198976.514 0.00216 -0.00082 -0.00044
198976.518 0.00164 -0.00040 -0.00019
198976.522 0.00180 -0.00089 -0.00180
198976.526 0.00185 -0.00087 -0.00115
198976.530 0.00216 -0.00101 -0.00009
198976.534 0.00134 -0.00014 0.00063
198976.538 0.00173 -0.00052 0.00021
198976.542 0.00152 -0.00063 0.00117
198976.546 0.00103 0.00070 0.00035
198976.550 0.00180 -0.00180 -0.00028
198976.554 0.00169 -0.00066 0.00117
198976.558 0.00136 -0.00035 0.00051
198976.562 0.00159 -0.00028 -0.00024
198976.566 0.00134 0.00017 0.00000
198976.570 0.00143 -0.00089 -0.00068
198976.574 0.00086 -0.00072 -0.00147
198976.578 0.00099 -0.00096 0.00012
198976.582 0.00044 -0.00059 -0.00065
198976.586 0.00134 -0.00093 -0.00115
198976.590 0.00127 -0.00073 -0.00099
198976.594 0.00051 -0.00082 -0.00155
198976.598 0.00045 -0.00161 -0.00215
198976.602 0.00150 -0.00150 -0.00094
198976.606 0.00072 -0.00178 -0.00138
198976.610 0.00187 -0.00005 -0.00195
198976.614 0.00216 -0.00003 -0.00105
198976.618 0.00134 -0.00110 0.00007
198976.622 0.00023 -0.00122 -0.00066
198976.626 0.00084 -0.00019 -0.00101
198976.629 0.00145 -0.00143 -0.00171
198976.634 0.00131 -0.00010 -0.00188
198976.639 0.00080 -0.00005 -0.00162
198976.642 0.00145 0.00009 -0.00126
198976.646 0.00115 0.00073 -0.00131
198976.650 0.00093 -0.00134 -0.00103
198976.654 0.00162 -0.00084 -0.00035
198976.658 0.00195 -0.00145 -0.00093
198976.662 0.00143 -0.00117 -0.00108
198976.666 0.00115 -0.00079 -0.00157
198976.670 0.00108 -0.00023 -0.00124
198976.674 0.00075 -0.00115 -0.00147
198976.678 0.00098 -0.00063 -0.00093
198976.682 0.00119 -0.00140 -0.00197
198976.686 0.00063 -0.00175 -0.00106
198976.690 -0.00010 -0.00094 -0.00051
198976.694 0.00059 -0.00012 0.00007
198976.698 0.00108 -0.00007 -0.00127
198976.702 0.00091 -0.00126 -0.00147
198976.706 0.00131 -0.00037 -0.00152
198976.710 0.00112 -0.00178 -0.00154
198976.714 0.00197 -0.00080 -0.00019
198976.718 0.00099 -0.00129 -0.00044
198976.722 0.00103 -0.00173 -0.00126
198976.726 0.00150 -0.00094 -0.00072
198976.730 0.00147 -0.00087 -0.00162
198976.734 0.00147 -0.00026 -0.00096
198976.738 0.00115 -0.00115 -0.00079
198976.742 0.00077 -0.00079 -0.00194
198976.746 0.00082 -0.00023 -0.00119
198976.749 0.00145 0.00049 -0.00040
198976.754 0.00175 -0.00035 -0.00079
198976.758 0.00138 0.00016 -0.00059
198976.762 0.00159 -0.00089 -0.00054
198976.766 0.00089 -0.00101 -0.00038
198976.770 0.00056 -0.00075 -0.00108
198976.774 0.00093 -0.00023 -0.00052
198976.778 0.00012 -0.00204 -0.00066
198976.782 0.00051 -0.00087 -0.00176
198976.786 0.00075 0.00017 -0.00131
198976.790 0.00082 -0.00058 -0.00147
198976.794 0.00113 -0.00274 -0.00183
198976.798 0.00138 -0.00255 -0.00117
198976.802 0.00143 -0.00161 -0.00143
198976.806 0.00129 -0.00209 -0.00168
198976.809 0.00173 -0.00148 0.00021
198976.814 0.00106 -0.00072 -0.00108
198976.818 0.00061 -0.00157 -0.00218
198976.822 0.00108 -0.00089 -0.00201
198976.826 0.00182 0.00017 -0.00152
198976.830 0.00140 -0.00148 -0.00138
198976.834 0.00188 -0.00087 -0.00089
198976.838 0.00127 -0.00086 -0.00063
198976.842 0.00051 -0.00070 0.00019
198976.846 0.00195 -0.00218 -0.00079
198976.850 0.00175 -0.00166 -0.00014
198976.854 0.00079 -0.00077 0.00061
198976.858 0.00113 -0.00113 -0.00023
198976.862 0.00122 -0.00063 -0.00150
198976.866 0.00185 0.00009 -0.00079
198976.870 0.00110 -0.00136 -0.00089
198976.874 0.00136 -0.00129 -0.00063
198976.878 0.00143 -0.00112 -0.00129
198976.882 0.00099 -0.00093 -0.00237
198976.886 0.00103 -0.00012 -0.00161
198976.890 0.00044 -0.00112 -0.00051
198976.894 0.00089 -0.00061 -0.00112
198976.898 0.00115 -0.00169 -0.00127
198976.902 0.00047 -0.00168 -0.00087
198976.906 0.00105 -0.00106 0.00012
198976.909 0.00059 -0.00182 0.00113
198976.914 0.00094 -0.00141 -0.00038
198976.918 0.00147 -0.00115 -0.00019
198976.922 0.00101 -0.00108 -0.00119
198976.926 0.00059 -0.00106 -0.00099
198976.930 0.00168 -0.00061 -0.00094
198976.934 0.00211 -0.00140 -0.00183
198976.938 0.00178 -0.00054 -0.00086
198976.942 0.00199 -0.00108 -0.00136
198976.946 0.00159 -0.00061 -0.00073
198976.950 0.00044 -0.00230 -0.00089
198976.954 0.00073 -0.00154 -0.00061
198976.958 0.00082 -0.00148 -0.00038
198976.962 0.00023 -0.00072 -0.00110
198976.966 0.00159 -0.00066 -0.00037
198976.969 0.00180 -0.00066 -0.00169
198976.974 0.00199 -0.00021 -0.00052
198976.978 0.00220 -0.00054 -0.00052
198976.982 0.00225 -0.00031 0.00021
198976.986 0.00152 -0.00072 -0.00122
198976.991 0.00133 -0.00202 -0.00147
198976.993 0.00187 -0.00086 -0.00047
198976.998 0.00141 0.00003 -0.00037
198977.002 0.00068 -0.00122 -0.00033
198977.006 0.00096 -0.00140 0.00117
198977.010 0.00162 -0.00161 -0.00068
198977.014 0.00075 -0.00016 -0.00087
198977.018 0.00127 -0.00066 0.00042
198977.022 0.00141 -0.00066 -0.00058
198977.026 0.00099 0.00023 -0.00084
198977.029 0.00119 -0.00103 -0.00120
198977.034 0.00244 -0.00030 -0.00131
198977.038 0.00126 0.00033 -0.00058
198977.042 0.00126 -0.00070 -0.00068
198977.046 0.00035 -0.00171 -0.00042
198977.050 0.00056 -0.00124 -0.00080
198977.054 0.00106 -0.00051 0.00044
198977.058 0.00061 -0.00061 -0.00010
198977.062 0.00199 -0.00035 -0.00026
198977.066 0.00113 -0.00162 -0.00136
198977.070 0.00108 -0.00166 -0.00030
198977.074 0.00045 -0.00136 -0.00077
198977.078 0.00044 -0.00175 -0.00059
198977.082 -0.00089 -0.00169 -0.00024
198977.086 0.00054 -0.00093 -0.00030
198977.090 0.00122 -0.00012 -0.00031
198977.094 0.00094 -0.00052 0.00012
198977.098 0.00117 -0.00136 -0.00065
198977.102 0.00168 -0.00070 -0.00115
198977.106 0.00122 -0.00051 -0.00070
198977.110 0.00110 -0.00016 -0.00101
198977.114 0.00120 -0.00127 -0.00201
198977.118 0.00079 -0.00066 -0.00091
198977.122 0.00068 -0.00066 -0.00063
198977.126 0.00035 -0.00140 -0.00099
198977.129 0.00147 -0.00099 -0.00019
198977.134 0.00072 -0.00180 -0.00014
198977.138 0.00035 -0.00035 -0.00117
198977.142 0.00147 -0.00042 -0.00145
198977.146 0.00161 -0.00119 -0.00152
198977.150 0.00075 -0.00126 -0.00169
198977.154 0.00037 -0.00005 -0.00023
198977.158 0.00058 -0.00124 -0.00059
198977.162 0.00047 -0.00171 0.00035
198977.166 0.00089 -0.00047 0.00014
198977.170 0.00072 -0.00075 -0.00019
198977.174 0.00051 -0.00084 -0.00103
198977.178 0.00075 -0.00056 -0.00080
198977.182 0.00234 0.00010 -0.00120
198977.186 0.00199 -0.00091 -0.00099
198977.189 0.00159 -0.00208 -0.00035
198977.194 0.00134 -0.00194 -0.00047
198977.198 0.00157 -0.00068 -0.00141
198977.202 0.00223 -0.00080 -0.00182
198977.206 0.00241 -0.00040 -0.00086
198977.210 0.00230 -0.00148 -0.00061
198977.214 0.00199 -0.00058 -0.00024
198977.218 0.00129 -0.00079 -0.00014
198977.222 0.00112 -0.00070 -0.00058
198977.226 0.00093 -0.00005 -0.00143
198977.230 0.00056 -0.00185 -0.00136
198977.234 0.00047 -0.00096 -0.00059
198977.238 0.00059 -0.00178 -0.00145
198977.242 0.00079 -0.00096 0.00012
198977.246 0.00159 -0.00028 -0.00065
198977.250 0.00164 -0.00115 0.00003
198977.254 0.00150 -0.00108 -0.00023
198977.258 0.00147 -0.00122 -0.00075
198977.262 0.00147 -0.00035 -0.00044
198977.266 0.00145 -0.00072 -0.00065
198977.270 0.00131 -0.00127 -0.00101
198977.274 0.00157 0.00007 -0.00051
198977.278 0.00103 -0.00136 -0.00052
198977.282 0.00119 0.00005 0.00023
198977.286 0.00108 -0.00152 -0.00017
198977.290 0.00136 -0.00073 0.00061
198977.294 0.00188 -0.00098 -0.00052
198977.298 0.00112 -0.00044 -0.00112
198977.302 0.00122 -0.00030 -0.00084
198977.306 0.00094 -0.00072 -0.00136
198977.310 0.00178 -0.00066 -0.00105
198977.314 0.00079 0.00009 -0.00021
198977.318 0.00084 -0.00045 -0.00014
198977.322 0.00145 -0.00059 -0.00028
198977.326 0.00086 0.00024 -0.00045
198977.330 0.00084 0.00002 -0.00096
198977.334 0.00024 -0.00122 -0.00140
198977.339 0.00188 -0.00096 -0.00089
198977.342 0.00037 -0.00164 -0.00047
198977.346 0.00042 -0.00031 -0.00051
198977.349 0.00148 -0.00056 -0.00066
198977.354 0.00072 -0.00168 -0.00086
198977.358 0.00126 -0.00122 -0.00136
198977.362 0.00141 -0.00080 -0.00030
198977.366 0.00204 -0.00068 -0.00077
198977.370 0.00192 -0.00202 -0.00164
198977.374 0.00112 -0.00192 -0.00173
198977.378 0.00047 -0.00188 -0.00129
198977.382 0.00091 -0.00157 -0.00028
198977.386 0.00101 -0.00059 -0.00030
198977.390 0.00134 -0.00124 -0.00106
198977.394 0.00127 -0.00201 -0.00157
198977.398 0.00110 -0.00115 -0.00080
198977.402 0.00106 -0.00138 -0.00105
198977.406 0.00150 -0.00190 -0.00005
198977.410 0.00147 -0.00068 0.00003
198977.414 0.00086 0.00007 -0.00098
198977.418 0.00115 -0.00136 -0.00124
198977.422 0.00154 -0.00113 -0.00086
198977.426 0.00087 -0.00093 -0.00091
198977.430 0.00054 -0.00072 -0.00063
198977.434 0.00182 -0.00068 0.00003
198977.438 0.00171 -0.00021 -0.00082
198977.442 0.00152 -0.00084 -0.00045
198977.446 0.00192 -0.00099 -0.00051
198977.450 0.00173 -0.00209 -0.00141
198977.454 0.00138 -0.00194 -0.00031
198977.458 0.00173 -0.00113 -0.00002
198977.462 0.00183 -0.00138 -0.00054
198977.466 0.00155 -0.00009 -0.00113
198977.469 0.00103 -0.00096 -0.00279
198977.474 0.00089 -0.00058 -0.00202
198977.478 0.00101 -0.00063 -0.00106
198977.482 0.00073 -0.00094 -0.00082
198977.486 0.00141 0.00016 -0.00134
198977.490 0.00145 -0.00014 -0.00164
198977.494 0.00161 0.00007 -0.00037
198977.498 0.00271 -0.00195 -0.00079
198977.502 0.00283 -0.00161 -0.00014
198977.506 0.00106 -0.00120 -0.00073
198977.510 0.00045 -0.00155 -0.00058
198977.514 0.00075 -0.00119 -0.00113
198977.518 0.00127 -0.00079 -0.00068
198977.522 0.00112 -0.00129 -0.00086
198977.526 0.00077 -0.00098 -0.00045
198977.530 0.00037 -0.00103 -0.00141
198977.534 0.00147 -0.00045 -0.00105
198977.538 0.00131 -0.00059 -0.00157
198977.542 0.00112 -0.00003 -0.00140
198977.546 0.00091 -0.00124 -0.00134
198977.550 0.00131 -0.00187 -0.00059
198977.554 0.00187 -0.00143 0.00005
198977.558 0.00171 -0.00086 -0.00066
198977.562 0.00152 -0.00086 -0.00131
198977.566 0.00087 -0.00026 -0.00087
198977.570 0.00101 -0.00145 -0.00077
198977.574 0.00134 -0.00176 -0.00028
198977.578 0.00082 -0.00140 -0.00091
198977.582 0.00129 -0.00131 -0.00122
198977.586 0.00157 -0.00188 -0.00192
198977.590 0.00073 -0.00187 -0.00148
198977.594 0.00112 -0.00112 -0.00047
198977.598 0.00091 -0.00138 -0.00096
198977.602 0.00131 -0.00070 -0.00140
198977.606 0.00096 -0.00082 0.00000
198977.610 0.00117 -0.00190 -0.00084
198977.614 0.00138 -0.00082 -0.00061
198977.618 0.00143 -0.00099 -0.00099
198977.622 0.00190 -0.00044 -0.00080
198977.626 0.00143 -0.00075 -0.00075
198977.629 0.00024 -0.00052 -0.00073
198977.634 0.00009 -0.00138 -0.00028
198977.638 0.00005 -0.00175 -0.00136
198977.642 0.00094 -0.00199 -0.00150
198977.646 0.00223 -0.00115 -0.00138
198977.650 0.00257 -0.00017 -0.00044
198977.654 0.00038 -0.00068 -0.00140
198977.658 0.00058 -0.00096 -0.00180
198977.662 0.00138 -0.00044 -0.00190
198977.666 0.00113 -0.00075 -0.00148
198977.670 0.00122 -0.00082 -0.00106
198977.674 0.00185 -0.00010 -0.00096
198977.678 0.00080 -0.00082 -0.00108
198977.682 0.00159 -0.00129 -0.00202
198977.686 0.00134 -0.00112 -0.00002
198977.691 0.00127 -0.00093 -0.00068
198977.694 0.00051 -0.00178 -0.00087
198977.698 0.00120 -0.00080 -0.00061
198977.702 0.00094 -0.00068 -0.00040
198977.706 0.00087 -0.00037 -0.00065
198977.710 0.00070 -0.00058 -0.00145
198977.714 0.00230 -0.00124 -0.00152
198977.718 0.00168 -0.00141 -0.00124
198977.722 0.00182 -0.00145 -0.00176
198977.726 0.00201 -0.00162 -0.00161
198977.730 0.00129 -0.00059 -0.00096
198977.734 0.00066 -0.00108 -0.00108
198977.738 0.00065 -0.00106 -0.00127
198977.742 0.00079 0.00000 0.00002
198977.746 0.00175 -0.00079 -0.00038
198977.749 0.00154 -0.00204 -0.00169
198977.754 0.00012 -0.00101 -0.00159
198977.758 0.00019 -0.00134 -0.00065
198977.762 0.00173 -0.00068 -0.00010
198977.766 0.00213 -0.00262 -0.00206
198977.770 0.00223 -0.00192 -0.00108
198977.774 0.00120 -0.00127 -0.00141
198977.778 0.00094 -0.00112 -0.00075
198977.782 0.00103 -0.00017 -0.00103
198977.786 0.00223 0.00037 -0.00005
198977.790 0.00166 -0.00024 -0.00086
198977.794 0.00166 -0.00038 -0.00120
198977.798 0.00150 -0.00103 -0.00115
198977.802 0.00208 -0.00182 -0.00054
198977.806 0.00208 -0.00246 -0.00098
198977.810 0.00162 -0.00188 -0.00199
198977.814 0.00150 -0.00113 -0.00182
198977.818 0.00101 -0.00031 -0.00010
198977.822 0.00239 -0.00162 0.00017
198977.826 0.00230 -0.00106 -0.00079
198977.830 0.00154 -0.00016 -0.00030
198977.834 0.00042 -0.00082 -0.00061
198977.838 0.00073 -0.00070 -0.00115
198977.842 0.00202 -0.00096 -0.00054
198977.846 0.00176 -0.00134 -0.00066
198977.849 0.00079 -0.00023 -0.00176
198977.854 0.00084 -0.00054 -0.00175
198977.858 0.00054 -0.00063 -0.00054
198977.862 0.00168 -0.00124 -0.00143
198977.866 0.00166 -0.00187 -0.00075
198977.870 0.00106 -0.00187 -0.00134
198977.874 0.00016 -0.00264 -0.00148
198977.878 0.00171 -0.00176 -0.00077
198977.882 0.00093 -0.00049 -0.00059
198977.886 0.00056 -0.00120 -0.00159
198977.890 0.00093 -0.00140 -0.00140
198977.894 0.00117 -0.00131 -0.00257
198977.898 0.00138 -0.00023 -0.00150
198977.902 0.00113 -0.00009 -0.00108
198977.906 0.00138 -0.00051 -0.00021
198977.909 0.00023 -0.00047 -0.00059
198977.914 0.00113 -0.00045 -0.00038
198977.918 0.00106 -0.00059 -0.00049
198977.922 0.00136 -0.00108 -0.00021
198977.926 0.00098 0.00012 -0.00089
198977.930 0.00194 0.00014 -0.00122
198977.934 0.00143 -0.00075 -0.00026
198977.938 0.00115 -0.00098 -0.00105
198977.942 0.00138 -0.00269 -0.00232
198977.946 0.00129 -0.00103 -0.00204
198977.950 0.00096 -0.00211 -0.00243
198977.954 0.00119 -0.00087 -0.00087
198977.958 0.00079 -0.00131 -0.00077
198977.962 0.00127 -0.00098 -0.00119
198977.966 0.00096 -0.00164 -0.00161
198977.970 0.00087 -0.00197 -0.00140
198977.974 0.00206 -0.00115 -0.00045
198977.978 0.00101 -0.00063 -0.00110
198977.982 0.00000 -0.00126 -0.00098
198977.986 0.00093 -0.00216 -0.00108
198977.990 0.00131 -0.00209 -0.00023
198977.994 0.00127 -0.00103 0.00000
198977.998 0.00171 -0.00105 -0.00084
198978.002 0.00154 -0.00136 -0.00106
198978.006 0.00162 -0.00129 -0.00141
198978.010 0.00166 -0.00037 -0.00030
198978.014 0.00136 0.00000 0.00058
198978.018 0.00159 0.00010 0.00021
198978.022 0.00178 -0.00016 -0.00003
198978.026 0.00169 -0.00098 -0.00115
198978.030 0.00182 0.00000 -0.00129
198978.034 0.00126 -0.00033 -0.00162
198978.039 0.00051 -0.00012 -0.00110
198978.042 0.00120 -0.00096 -0.00202
198978.046 0.00124 -0.00103 -0.00077
198978.050 0.00185 -0.00030 -0.00044
198978.054 0.00171 -0.00131 -0.00201
198978.058 0.00047 -0.00037 -0.00182
198978.062 0.00120 -0.00223 -0.00161
198978.066 0.00065 -0.00138 -0.00080
198978.069 0.00124 -0.00038 -0.00044
198978.074 0.00065 -0.00028 0.00038
198978.078 0.00110 -0.00026 -0.00178
198978.082 0.00091 -0.00129 -0.00190
198978.086 0.00117 -0.00037 -0.00089
198978.090 0.00183 -0.00044 -0.00016
198978.094 0.00051 -0.00119 -0.00058
198978.098 0.00061 0.00038 -0.00023
198978.102 0.00124 -0.00098 -0.00045
198978.106 0.00169 -0.00180 -0.00051
198978.110 0.00031 -0.00140 0.00007
198978.114 0.00072 -0.00070 -0.00007
198978.118 0.00126 -0.00080 0.00003
198978.122 0.00051 0.00033 0.00037
198978.126 0.00195 -0.00099 -0.00073
198978.130 0.00129 -0.00075 -0.00073
198978.134 0.00201 -0.00052 -0.00119
198978.138 0.00115 -0.00017 -0.00113
198978.142 0.00031 -0.00098 -0.00159
198978.146 0.00026 -0.00030 -0.00126
198978.150 0.00115 -0.00070 -0.00117
198978.154 0.00152 -0.00173 -0.00054
198978.158 0.00178 -0.00049 -0.00023
198978.162 0.00138 0.00000 -0.00075
198978.166 0.00068 -0.00079 -0.00103
198978.170 0.00035 -0.00129 -0.00051
198978.174 0.00042 -0.00127 -0.00052
198978.178 0.00103 -0.00066 0.00007
198978.182 0.00119 -0.00066 -0.00066
198978.186 0.00033 -0.00019 -0.00086
198978.189 0.00131 -0.00038 0.00042
198978.194 0.00187 -0.00089 -0.00147
198978.198 0.00126 -0.00056 -0.00017
198978.202 0.00155 0.00040 -0.00087
198978.206 0.00133 0.00066 -0.00093
198978.210 0.00127 -0.00075 -0.00033
198978.214 0.00141 -0.00204 -0.00077
198978.218 0.00070 -0.00131 -0.00014
198978.222 0.00126 -0.00023 -0.00058
198978.226 0.00035 -0.00024 -0.00038
198978.230 0.00103 -0.00084 -0.00079
198978.234 0.00073 -0.00101 -0.00164
198978.238 0.00141 -0.00180 -0.00232
198978.242 0.00129 -0.00065 -0.00113
198978.246 0.00096 -0.00096 -0.00129
198978.249 0.00117 -0.00058 -0.00223
198978.254 0.00079 -0.00033 -0.00127
198978.258 0.00173 0.00017 -0.00087
198978.262 0.00168 0.00000 -0.00091
198978.266 0.00152 -0.00017 -0.00093
198978.270 0.00117 -0.00098 -0.00063
198978.274 0.00154 -0.00089 -0.00009
198978.278 0.00223 -0.00101 -0.00101
198978.282 0.00166 -0.00089 -0.00126
198978.286 0.00136 -0.00133 -0.00056
198978.290 0.00129 -0.00082 -0.00068
198978.294 0.00051 0.00019 -0.00010
198978.298 0.00166 -0.00044 -0.00131
198978.302 0.00195 0.00089 -0.00148
198978.306 0.00113 -0.00024 -0.00108
198978.310 0.00152 -0.00070 -0.00066
198978.314 0.00162 -0.00066 -0.00117
198978.318 0.00150 -0.00005 -0.00113
198978.322 0.00042 -0.00003 0.00021
198978.326 0.00133 -0.00005 0.00010
198978.330 0.00098 -0.00003 0.00068
198978.334 0.00133 -0.00065 0.00023
198978.338 0.00127 -0.00110 -0.00093
198978.342 0.00171 -0.00122 -0.00063
198978.346 0.00243 -0.00065 -0.00099
198978.349 0.00201 -0.00096 -0.00080
198978.354 0.00099 -0.00058 -0.00089
198978.358 0.00103 -0.00063 -0.00077
198978.362 0.00134 -0.00094 -0.00089
198978.366 0.00127 -0.00044 -0.00122
198978.370 0.00112 -0.00030 -0.00101
198978.374 0.00211 0.00003 -0.00094
198978.378 0.00133 -0.00077 -0.00124
198978.382 0.00007 -0.00113 -0.00131
198978.386 0.00126 -0.00033 -0.00073
198978.391 -0.00038 -0.00208 -0.00133
198978.394 0.00066 -0.00133 -0.00148
198978.398 0.00140 -0.00173 -0.00168
198978.402 0.00070 -0.00199 -0.00068
198978.406 0.00065 -0.00176 -0.00042
198978.409 0.00155 -0.00290 -0.00094
198978.414 0.00239 -0.00229 -0.00049
198978.418 0.00140 -0.00197 -0.00126
198978.422 0.00204 -0.00131 -0.00087
198978.426 0.00147 -0.00127 -0.00166
198978.430 0.00070 -0.00112 -0.00066
198978.434 0.00141 -0.00017 -0.00056
198978.438 0.00115 -0.00007 -0.00084
198978.442 0.00047 -0.00171 0.00014
198978.446 0.00075 -0.00033 -0.00019
198978.450 0.00082 0.00077 -0.00044
198978.454 0.00084 -0.00028 -0.00035
198978.458 0.00038 -0.00101 -0.00213
198978.462 0.00148 -0.00045 -0.00094
198978.466 0.00162 -0.00045 -0.00093
198978.470 0.00105 -0.00150 -0.00063
198978.474 0.00014 -0.00117 -0.00054
198978.478 0.00126 -0.00003 -0.00082
198978.482 0.00185 0.00084 -0.00045
198978.486 0.00126 -0.00056 0.00023
198978.490 0.00096 -0.00079 0.00012
198978.494 0.00162 0.00035 -0.00065
198978.498 0.00195 -0.00084 -0.00086
198978.502 0.00098 0.00017 -0.00120
198978.506 0.00119 -0.00012 -0.00040
198978.510 0.00093 -0.00052 -0.00065
198978.514 0.00072 -0.00047 -0.00145
198978.518 0.00141 -0.00091 -0.00152
198978.522 0.00084 -0.00147 -0.00063
198978.526 0.00159 -0.00176 -0.00175
198978.530 0.00150 -0.00199 -0.00070
198978.534 0.00161 -0.00086 0.00017
198978.538 0.00120 -0.00145 -0.00094
198978.542 0.00124 -0.00101 -0.00108
198978.546 0.00110 -0.00030 -0.00098
198978.550 0.00136 -0.00117 -0.00063
198978.554 0.00173 -0.00049 -0.00040
198978.558 0.00122 -0.00031 -0.00140
198978.562 0.00124 -0.00010 -0.00180
198978.566 0.00110 -0.00171 -0.00115
198978.569 0.00166 -0.00124 0.00005
198978.574 0.00166 -0.00019 -0.00098
198978.578 0.00106 -0.00054 -0.00124
198978.582 0.00059 -0.00122 -0.00040
198978.586 0.00063 -0.00155 -0.00019
198978.590 0.00094 -0.00073 -0.00089
198978.594 0.00131 -0.00143 -0.00168
198978.598 0.00202 -0.00131 -0.00098
198978.602 0.00086 0.00037 -0.00110
198978.606 0.00161 -0.00054 -0.00112
198978.610 0.00119 -0.00063 -0.00113
198978.614 0.00094 -0.00110 -0.00127
198978.618 0.00087 -0.00183 -0.00148
198978.622 0.00115 -0.00126 -0.00138
198978.626 0.00183 -0.00066 -0.00119
198978.629 0.00201 -0.00065 -0.00099
198978.634 0.00190 0.00007 -0.00080
198978.638 0.00112 -0.00106 -0.00150
198978.642 0.00077 -0.00182 -0.00063
198978.646 -0.00021 -0.00080 -0.00145
198978.650 0.00010 -0.00084 -0.00091
198978.654 0.00155 -0.00131 -0.00093
198978.658 0.00089 -0.00232 -0.00093
198978.662 0.00056 -0.00049 -0.00138
198978.666 0.00031 -0.00031 -0.00120
198978.670 0.00040 -0.00086 -0.00220
198978.674 0.00044 -0.00086 -0.00066
198978.678 -0.00016 -0.00086 0.00017
198978.682 0.00012 -0.00117 0.00040
198978.686 0.00021 -0.00093 0.00031
198978.690 0.00082 -0.00044 0.00044
198978.694 0.00129 -0.00014 -0.00087
198978.698 0.00112 -0.00187 -0.00106
198978.702 0.00106 -0.00262 -0.00051
198978.706 0.00120 -0.00192 -0.00098
198978.710 0.00169 -0.00159 -0.00019
198978.714 0.00197 -0.00120 -0.00059
198978.718 0.00084 -0.00140 -0.00009
198978.722 0.00113 -0.00115 -0.00101
198978.726 0.00108 -0.00093 -0.00185
198978.730 0.00091 -0.00042 -0.00176
198978.734 0.00161 -0.00075 -0.00086
198978.739 0.00105 0.00005 -0.00061
198978.742 0.00105 -0.00016 -0.00145
198978.746 0.00075 0.00005 -0.00122
198978.749 0.00098 -0.00182 -0.00145
198978.754 0.00087 -0.00216 -0.00136
198978.758 0.00131 -0.00134 -0.00195
198978.762 0.00171 -0.00098 -0.00134
198978.766 0.00031 -0.00014 -0.00089
198978.770 0.00056 -0.00112 -0.00017
198978.774 0.00033 -0.00047 -0.00028
198978.778 0.00086 -0.00106 -0.00106
198978.782 0.00161 0.00073 -0.00096
198978.786 0.00195 -0.00059 -0.00033
198978.789 0.00159 -0.00094 -0.00079
198978.794 0.00164 -0.00042 -0.00164
198978.798 0.00166 -0.00075 -0.00202
198978.802 0.00182 -0.00082 -0.00243
198978.806 0.00140 -0.00099 -0.00222
198978.810 0.00220 -0.00044 -0.00187
198978.814 0.00134 -0.00105 -0.00117
198978.818 0.00173 -0.00045 -0.00084
198978.822 0.00199 -0.00030 -0.00075
198978.826 0.00175 -0.00086 -0.00119
198978.830 0.00124 0.00063 -0.00129
198978.834 0.00124 -0.00016 -0.00103
198978.838 0.00110 -0.00127 -0.00019
198978.842 0.00106 -0.00037 0.00014
198978.846 0.00000 -0.00103 -0.00080
198978.850 0.00108 -0.00195 -0.00089
198978.854 0.00030 -0.00084 -0.00077
198978.858 0.00101 0.00003 -0.00089
198978.862 0.00148 -0.00002 -0.00077
198978.866 0.00147 -0.00065 0.00014
198978.870 0.00176 -0.00035 -0.00079
198978.874 0.00229 0.00002 -0.00030
198978.878 0.00213 -0.00093 -0.00002
198978.882 0.00087 -0.00162 -0.00129
198978.886 0.00131 -0.00061 -0.00087
198978.890 0.00202 -0.00065 -0.00136
198978.894 0.00190 -0.00140 -0.00134
198978.898 0.00127 -0.00099 -0.00164
198978.902 0.00112 -0.00105 -0.00082
198978.906 0.00077 -0.00120 -0.00089
198978.909 0.00037 -0.00065 -0.00093
198978.914 0.00117 -0.00005 -0.00033
198978.918 0.00047 -0.00110 -0.00093
198978.922 0.00120 -0.00122 -0.00063
198978.926 0.00229 -0.00110 -0.00086
198978.930 0.00227 -0.00106 -0.00106
198978.934 0.00213 -0.00122 -0.00066
198978.938 0.00178 0.00009 -0.00101
198978.942 0.00124 -0.00166 -0.00171
198978.946 0.00110 -0.00077 -0.00159
198978.950 0.00075 -0.00038 -0.00049
198978.954 0.00112 -0.00089 -0.00112
198978.958 0.00182 -0.00147 -0.00127
198978.962 0.00096 -0.00026 -0.00012
198978.966 0.00147 -0.00086 -0.00042
198978.970 0.00161 -0.00010 -0.00110
198978.974 0.00150 -0.00035 -0.00082
198978.978 0.00147 -0.00103 -0.00075
198978.982 0.00147 -0.00105 -0.00073
198978.986 0.00056 -0.00136 -0.00119
198978.990 0.00106 -0.00188 -0.00113
198978.994 0.00106 -0.00112 -0.00175
198978.998 0.00166 -0.00168 -0.00068
198979.002 0.00211 -0.00138 -0.00072
198979.006 0.00192 -0.00115 -0.00117
198979.010 0.00052 -0.00033 -0.00084
198979.014 0.00136 -0.00087 -0.00045
198979.018 0.00143 0.00047 -0.00051
198979.022 0.00161 -0.00021 -0.00082
198979.026 0.00105 0.00005 0.00014
198979.030 0.00134 -0.00061 -0.00080
198979.034 0.00113 -0.00065 -0.00105
198979.038 0.00152 -0.00126 -0.00171
198979.042 0.00192 -0.00066 -0.00127
198979.046 0.00113 -0.00035 -0.00072
198979.050 0.00093 -0.00117 -0.00042
198979.054 0.00222 -0.00079 -0.00049
198979.058 0.00091 -0.00159 -0.00066
198979.062 0.00131 -0.00150 -0.00101
198979.066 0.00066 -0.00012 -0.00080
198979.069 0.00065 -0.00037 -0.00120
198979.074 0.00155 -0.00164 -0.00099
198979.078 0.00148 -0.00195 -0.00080
198979.082 0.00042 -0.00129 0.00000
198979.086 0.00058 -0.00082 -0.00084
198979.091 0.00077 -0.00040 -0.00075
198979.094 0.00127 -0.00103 -0.00103
198979.098 0.00096 -0.00075 -0.00141
198979.102 0.00058 -0.00143 -0.00211
198979.106 0.00063 -0.00115 -0.00199
198979.110 0.00094 -0.00017 -0.00075
198979.114 0.00147 0.00051 0.00000
198979.118 0.00040 -0.00049 -0.00068
198979.122 0.00133 0.00042 -0.00133
198979.126 0.00023 -0.00112 -0.00133
198979.129 -0.00035 -0.00077 -0.00044
198979.134 0.00068 -0.00143 -0.00140
198979.138 0.00005 -0.00086 -0.00166
198979.142 0.00079 -0.00101 -0.00112
198979.146 0.00098 -0.00075 -0.00143
198979.150 0.00012 -0.00173 -0.00120
198979.154 0.00051 -0.00124 -0.00101
198979.158 0.00000 -0.00155 -0.00126
198979.162 0.00047 -0.00059 -0.00101
198979.166 0.00091 0.00024 -0.00035
198979.170 0.00115 -0.00131 -0.00168
198979.174 0.00138 -0.00007 -0.00143
198979.178 0.00129 -0.00185 -0.00136
198979.182 0.00187 -0.00141 -0.00075
198979.186 0.00126 -0.00099 -0.00103
198979.189 0.00126 -0.00075 -0.00065
198979.194 0.00216 -0.00159 -0.00086
198979.198 0.00073 -0.00059 -0.00091
198979.202 0.00096 -0.00063 -0.00093
198979.206 0.00148 -0.00035 -0.00138
198979.210 0.00251 -0.00103 -0.00105
198979.214 0.00188 -0.00091 -0.00096
198979.218 0.00202 -0.00087 -0.00094
198979.222 0.00056 -0.00101 -0.00199
198979.226 0.00122 -0.00120 0.00000
198979.230 0.00169 -0.00140 -0.00098
198979.234 0.00091 -0.00145 -0.00140
198979.238 0.00042 -0.00086 -0.00134
198979.242 0.00164 -0.00161 -0.00073
198979.246 0.00120 -0.00091 -0.00087
198979.250 0.00065 -0.00026 -0.00077
198979.254 0.00110 -0.00131 -0.00164
198979.258 0.00195 0.00005 -0.00216
198979.262 0.00220 -0.00002 -0.00185
198979.266 0.00255 -0.00094 -0.00117
198979.270 0.00204 -0.00058 -0.00068
198979.274 0.00176 -0.00108 -0.00101
198979.278 0.00124 -0.00122 -0.00051
198979.282 0.00140 -0.00126 -0.00021
198979.286 0.00113 -0.00126 -0.00045
198979.289 0.00093 -0.00096 -0.00019
198979.294 0.00042 -0.00119 -0.00014
198979.298 0.00148 0.00040 -0.00042
198979.302 0.00131 -0.00023 0.00024
198979.306 0.00112 -0.00115 -0.00002
198979.310 0.00093 -0.00138 -0.00068
198979.314 0.00010 -0.00070 -0.00133
198979.318 0.00051 -0.00127 -0.00073
198979.322 0.00075 -0.00096 -0.00087
198979.326 0.00112 -0.00209 -0.00061
198979.330 0.00227 -0.00133 -0.00115
198979.334 0.00182 -0.00052 -0.00099
198979.338 0.00035 -0.00106 -0.00155
198979.342 0.00056 0.00012 -0.00124
198979.346 0.00122 -0.00059 -0.00115
198979.349 0.00124 -0.00019 -0.00084
198979.354 0.00215 -0.00023 -0.00105
198979.358 0.00223 -0.00054 -0.00021
198979.362 0.00182 -0.00122 -0.00164
198979.366 0.00140 -0.00065 -0.00082
198979.370 0.00159 -0.00080 -0.00150
198979.374 0.00073 -0.00054 -0.00138
198979.378 0.00021 0.00056 -0.00089
198979.382 0.00038 -0.00063 -0.00077
198979.386 0.00042 -0.00171 -0.00103
198979.390 0.00134 -0.00093 -0.00201
198979.394 0.00127 -0.00012 -0.00241
198979.398 0.00096 -0.00021 -0.00222
198979.402 0.00148 0.00035 -0.00127
198979.406 0.00176 -0.00143 -0.00101
198979.410 0.00140 -0.00040 -0.00065
198979.414 -0.00021 -0.00073 -0.00115
198979.418 0.00192 -0.00098 -0.00054
198979.422 0.00202 -0.00148 -0.00082
198979.426 0.00161 -0.00178 -0.00059
198979.430 0.00195 -0.00124 -0.00145
198979.434 0.00054 -0.00021 -0.00091
198979.439 0.00077 -0.00113 -0.00077
198979.442 0.00218 -0.00047 -0.00148
198979.446 0.00271 -0.00061 -0.00079
198979.450 0.00239 -0.00124 -0.00134
198979.454 0.00094 -0.00096 -0.00180
198979.458 0.00101 -0.00058 -0.00086
198979.462 0.00150 -0.00033 -0.00091
198979.466 0.00101 -0.00101 -0.00093
198979.470 0.00089 -0.00180 -0.00047
198979.474 0.00056 -0.00215 -0.00110
198979.478 0.00061 -0.00134 -0.00143
198979.482 0.00049 -0.00113 -0.00122
198979.486 0.00091 -0.00138 -0.00115
198979.490 0.00147 -0.00070 -0.00129
198979.494 0.00162 0.00007 0.00016
198979.498 0.00089 -0.00030 -0.00019
198979.502 0.00086 -0.00131 -0.00089
198979.506 0.00070 -0.00054 -0.00016
198979.510 0.00066 -0.00138 -0.00134
198979.514 0.00110 -0.00054 -0.00059
198979.518 0.00091 -0.00031 -0.00084
198979.522 0.00131 -0.00072 -0.00075
198979.526 0.00096 -0.00112 -0.00089
198979.530 0.00042 -0.00093 -0.00122
198979.534 0.00073 -0.00103 -0.00206
198979.538 0.00037 -0.00105 -0.00197
198979.542 0.00087 -0.00091 -0.00166
198979.546 0.00115 -0.00056 -0.00082
198979.550 0.00093 -0.00003 0.00073
198979.554 0.00042 -0.00094 -0.00019
198979.558 0.00103 -0.00028 -0.00028
198979.562 0.00195 0.00017 0.00028
198979.566 0.00113 -0.00089 -0.00122
198979.570 0.00138 -0.00086 -0.00056
198979.574 0.00143 -0.00040 -0.00007
198979.578 0.00115 -0.00119 -0.00147
198979.582 0.00106 -0.00110 -0.00061
198979.586 0.00091 0.00012 0.00019
198979.590 0.00101 -0.00045 -0.00017
198979.594 0.00059 -0.00091 -0.00089
198979.598 0.00108 -0.00131 -0.00138
198979.602 0.00120 -0.00143 -0.00105
198979.606 0.00033 -0.00131 -0.00112
198979.610 0.00101 -0.00143 -0.00173
198979.614 0.00044 -0.00222 -0.00188
198979.618 0.00119 -0.00195 -0.00148
198979.622 0.00049 -0.00145 -0.00108
198979.626 0.00150 -0.00101 -0.00082
198979.629 0.00162 -0.00105 -0.00150
198979.634 0.00059 -0.00120 -0.00199
198979.638 0.00093 -0.00080 -0.00134
198979.642 0.00026 -0.00038 -0.00150
198979.646 0.00129 -0.00164 -0.00093
198979.650 0.00323 -0.00211 -0.00154
198979.654 0.00251 -0.00148 -0.00108
198979.658 0.00202 -0.00117 -0.00082
198979.662 0.00206 -0.00108 -0.00120
198979.666 0.00086 -0.00227 -0.00161
198979.670 0.00099 -0.00229 -0.00141
198979.674 0.00119 -0.00183 -0.00182
198979.678 0.00244 -0.00021 -0.00176
198979.682 0.00126 -0.00145 -0.00161
198979.686 0.00096 -0.00024 -0.00126
198979.690 0.00042 -0.00040 -0.00101
198979.694 0.00103 -0.00134 -0.00140
198979.698 0.00180 -0.00038 0.00000
198979.702 0.00065 0.00000 -0.00129
198979.706 -0.00024 -0.00077 -0.00178
198979.710 0.00101 -0.00129 -0.00175
198979.714 0.00044 -0.00216 -0.00175
198979.718 0.00073 -0.00105 -0.00024
198979.722 0.00066 -0.00059 -0.00030
198979.726 0.00110 -0.00065 -0.00106
198979.730 0.00152 -0.00080 -0.00127
198979.734 0.00117 -0.00084 -0.00147
198979.738 0.00122 -0.00054 -0.00077
198979.742 0.00094 -0.00154 -0.00164
198979.746 0.00042 -0.00148 -0.00157
198979.750 -0.00045 0.00017 -0.00094
198979.754 0.00019 -0.00044 -0.00124
198979.758 0.00159 0.00073 -0.00190
198979.762 0.00089 0.00000 -0.00209
198979.766 0.00115 -0.00138 -0.00108
198979.770 0.00093 -0.00190 -0.00187
198979.774 0.00133 -0.00127 -0.00058
198979.778 0.00112 -0.00157 -0.00023
198979.782 0.00182 -0.00120 -0.00089
198979.786 0.00171 -0.00079 -0.00122
198979.791 0.00077 -0.00143 -0.00086
198979.794 0.00082 -0.00131 -0.00016
198979.798 0.00159 -0.00173 -0.00117
198979.802 0.00148 -0.00003 -0.00099
198979.806 0.00133 -0.00049 -0.00035
198979.810 0.00112 -0.00106 -0.00138
198979.814 0.00106 -0.00061 -0.00105
198979.818 0.00120 -0.00094 -0.00035
198979.822 0.00033 -0.00119 -0.00003
198979.826 0.00086 -0.00003 -0.00038
198979.830 0.00099 -0.00140 -0.00094
198979.834 0.00073 -0.00099 -0.00079
198979.838 0.00021 -0.00134 -0.00134
198979.842 0.00084 -0.00068 -0.00223
198979.846 0.00129 -0.00187 -0.00188
198979.849 0.00216 -0.00143 -0.00148
198979.854 0.00150 0.00003 -0.00002
198979.858 0.00072 -0.00031 -0.00024
198979.862 0.00112 -0.00117 -0.00091
198979.866 0.00031 -0.00108 -0.00106
198979.870 0.00070 -0.00197 -0.00127
198979.874 0.00066 -0.00024 -0.00056
198979.878 0.00110 -0.00115 -0.00038
198979.882 0.00120 -0.00093 -0.00063
198979.886 0.00094 -0.00208 -0.00131
198979.890 0.00178 -0.00119 -0.00133
198979.894 0.00124 -0.00017 -0.00103
198979.898 0.00065 -0.00023 -0.00051
198979.902 0.00094 -0.00054 -0.00098
198979.906 0.00058 -0.00047 -0.00079
198979.909 0.00122 -0.00059 -0.00105
198979.914 0.00094 -0.00079 -0.00141
198979.918 0.00162 -0.00070 -0.00182
198979.922 0.00166 -0.00037 -0.00147
198979.926 0.00120 -0.00087 -0.00168
198979.930 0.00140 0.00002 -0.00202
198979.934 0.00068 0.00026 -0.00045
198979.938 0.00035 -0.00026 -0.00035
198979.942 0.00072 -0.00131 -0.00063
198979.946 0.00171 -0.00068 -0.00161
198979.950 0.00138 -0.00096 -0.00126
198979.954 0.00084 -0.00073 -0.00147
198979.958 0.00054 -0.00112 -0.00093
198979.962 0.00061 -0.00077 -0.00063
198979.966 0.00108 -0.00129 -0.00024
198979.970 0.00106 -0.00066 -0.00075
198979.974 0.00091 -0.00005 -0.00073
198979.978 0.00056 -0.00096 0.00000
198979.982 0.00093 -0.00103 -0.00038
198979.986 0.00176 -0.00105 -0.00017
198979.990 0.00183 -0.00182 -0.00119
198979.994 0.00171 -0.00005 -0.00145
198979.998 0.00227 0.00009 -0.00227
198980.002 0.00077 -0.00016 -0.00188
198980.006 0.00143 -0.00023 -0.00162
198980.009 0.00040 -0.00145 -0.00096
198980.014 -0.00016 -0.00010 -0.00019
198980.018 0.00073 -0.00080 -0.00014
198980.022 0.00112 -0.00220 -0.00192
198980.026 0.00093 -0.00120 -0.00134
198980.030 0.00147 -0.00124 -0.00073
198980.034 0.00147 -0.00096 -0.00058
198980.038 0.00206 -0.00028 -0.00188
198980.042 0.00176 -0.00190 -0.00148
198980.046 0.00108 -0.00068 -0.00093
198980.050 0.00000 -0.00201 -0.00122
198980.054 0.00002 -0.00117 -0.00115
198980.058 0.00079 -0.00183 -0.00250
198980.062 0.00127 -0.00187 -0.00119
198980.066 0.00096 -0.00127 -0.00175
198980.069 0.00148 -0.00278 -0.00204
198980.074 0.00147 -0.00045 -0.00138
198980.078 0.00115 -0.00134 -0.00119
198980.082 0.00168 -0.00023 -0.00129
198980.086 0.00272 -0.00040 -0.00133
198980.090 0.00164 -0.00133 -0.00119
198980.094 0.00105 -0.00143 -0.00190
198980.098 0.00045 -0.00236 -0.00178
198980.102 0.00150 -0.00049 -0.00145
198980.106 0.00117 -0.00106 -0.00106
198980.110 0.00093 -0.00182 -0.00112
198980.114 0.00058 -0.00110 -0.00173
198980.118 0.00063 -0.00108 -0.00143
198980.122 0.00079 -0.00091 -0.00077
198980.126 0.00052 -0.00087 0.00000
198980.130 0.00016 -0.00010 -0.00007
198980.134 0.00112 -0.00080 0.00002
198980.139 0.00122 -0.00175 -0.00023
198980.142 0.00110 -0.00063 -0.00105
198980.146 0.00045 -0.00051 -0.00096
198980.150 0.00150 0.00042 -0.00079
198980.154 0.00131 -0.00021 -0.00030
198980.158 0.00127 -0.00070 0.00028
198980.162 0.00096 -0.00171 -0.00091
198980.166 0.00162 -0.00033 -0.00047
198980.170 0.00271 -0.00056 -0.00035
198980.174 0.00164 -0.00049 -0.00063
198980.178 0.00105 0.00000 -0.00026
198980.182 0.00180 0.00024 -0.00016
198980.186 0.00140 -0.00026 -0.00028
198980.190 0.00113 -0.00206 -0.00106
198980.194 0.00152 -0.00117 -0.00037
198980.198 0.00058 -0.00169 0.00010
198980.202 0.00122 -0.00063 -0.00019
198980.206 0.00094 0.00024 -0.00195
198980.210 0.00026 -0.00117 -0.00105
198980.214 0.00024 -0.00154 -0.00112
198980.218 0.00145 -0.00119 -0.00113
198980.222 0.00161 0.00040 -0.00068
198980.226 0.00105 -0.00007 -0.00072
198980.230 0.00120 0.00038 -0.00028
198980.234 0.00140 -0.00007 -0.00075
198980.238 0.00188 -0.00201 -0.00148
198980.242 0.00127 -0.00147 -0.00154
198980.246 0.00080 0.00017 -0.00124
198980.250 0.00068 -0.00209 0.00017
198980.254 0.00140 -0.00223 -0.00033
198980.258 0.00070 -0.00136 -0.00122
198980.262 0.00080 -0.00084 -0.00115
198980.266 0.00068 -0.00190 -0.00099
198980.270 0.00141 -0.00173 -0.00110
198980.274 0.00129 -0.00079 -0.00157
198980.278 0.00141 -0.00175 -0.00080
198980.282 0.00190 -0.00140 -0.00044
198980.286 0.00218 0.00035 -0.00035
198980.290 0.00119 0.00019 -0.00003
198980.294 0.00049 -0.00073 -0.00009
198980.298 -0.00044 -0.00113 -0.00087
198980.302 0.00080 -0.00093 -0.00077
198980.306 0.00084 -0.00012 0.00016
198980.310 0.00038 -0.00157 -0.00079
198980.314 0.00148 -0.00150 0.00000
198980.318 0.00147 -0.00072 0.00021
198980.322 0.00086 -0.00007 -0.00033
198980.326 0.00024 -0.00005 -0.00122
198980.330 0.00113 -0.00035 -0.00131
198980.334 0.00138 -0.00042 -0.00087
198980.338 0.00143 -0.00014 -0.00016
198980.342 0.00129 -0.00052 0.00000
198980.346 0.00112 -0.00061 -0.00038
198980.349 0.00122 0.00009 -0.00049
198980.354 0.00155 -0.00016 -0.00051
198980.358 0.00148 -0.00098 0.00021
198980.362 0.00176 -0.00089 -0.00077
198980.366 0.00094 -0.00101 -0.00148
198980.370 0.00117 -0.00030 -0.00154
198980.374 0.00199 -0.00206 -0.00244
198980.378 0.00161 -0.00148 -0.00117
198980.382 0.00119 -0.00087 -0.00068
198980.386 0.00063 -0.00086 -0.00058
198980.390 0.00199 -0.00010 -0.00023
198980.394 0.00099 -0.00096 -0.00014
198980.398 0.00028 -0.00058 -0.00087
198980.402 0.00145 -0.00063 -0.00031
198980.406 0.00131 -0.00110 -0.00152
198980.409 0.00082 -0.00182 -0.00169
198980.414 0.00159 -0.00096 -0.00068
198980.418 0.00119 -0.00014 -0.00026
198980.422 0.00124 -0.00052 -0.00014
198980.426 0.00140 -0.00002 -0.00103
198980.430 0.00159 -0.00154 -0.00140
198980.434 0.00134 -0.00239 -0.00150
198980.438 0.00143 -0.00126 -0.00154
198980.442 0.00190 -0.00126 -0.00019
198980.446 0.00173 -0.00005 -0.00073
198980.450 0.00077 -0.00005 0.00091
198980.454 0.00068 -0.00035 -0.00014
198980.458 0.00035 -0.00058 -0.00058
198980.462 0.00072 -0.00154 -0.00143
198980.466 0.00082 -0.00164 -0.00091
198980.470 0.00159 -0.00106 -0.00063
198980.474 0.00164 -0.00136 -0.00070
198980.478 0.00120 -0.00220 -0.00101
198980.482 0.00094 -0.00075 -0.00126
198980.486 0.00042 -0.00007 -0.00026
198980.491 0.00044 -0.00110 -0.00120
198980.494 0.00014 -0.00108 -0.00145
198980.498 0.00096 -0.00136 -0.00077
198980.502 0.00087 -0.00161 -0.00134
198980.506 0.00056 -0.00075 -0.00119
198980.509 0.00093 -0.00023 -0.00040
198980.514 0.00208 -0.00129 -0.00079
198980.518 0.00192 -0.00066 -0.00073
198980.522 0.00157 -0.00155 -0.00044
198980.526 0.00178 -0.00164 -0.00094
198980.530 0.00140 -0.00031 -0.00079
198980.534 0.00024 -0.00056 -0.00014
198980.538 0.00054 -0.00063 -0.00117
198980.542 0.00106 -0.00080 0.00035
198980.546 0.00045 -0.00084 0.00000
198980.550 0.00119 -0.00131 -0.00023
198980.554 0.00140 -0.00112 -0.00030
198980.558 0.00084 -0.00138 -0.00061
198980.562 0.00115 -0.00009 0.00003
198980.566 0.00077 0.00009 0.00007
198980.569 0.00007 -0.00136 -0.00082
198980.574 0.00124 -0.00145 -0.00166
198980.578 0.00140 -0.00131 -0.00127
198980.582 0.00038 -0.00157 -0.00147
198980.586 0.00133 -0.00166 -0.00017
198980.590 0.00187 -0.00045 -0.00058
198980.594 0.00141 -0.00091 -0.00068
198980.598 0.00113 -0.00072 -0.00026
198980.602 0.00077 -0.00096 -0.00061
198980.606 0.00157 -0.00119 -0.00070
198980.610 0.00089 -0.00169 0.00002
198980.614 0.00101 0.00010 0.00005
198980.618 0.00073 -0.00091 -0.00082
198980.622 0.00098 -0.00072 -0.00091
198980.626 0.00133 -0.00037 -0.00197
198980.629 0.00173 -0.00042 -0.00075
198980.634 0.00168 -0.00044 -0.00119
198980.638 0.00211 -0.00059 -0.00054
198980.642 0.00223 -0.00065 -0.00068
198980.646 0.00182 0.00009 -0.00010
198980.650 0.00230 0.00000 -0.00087
198980.654 0.00122 -0.00108 -0.00227
198980.658 0.00140 -0.00002 -0.00143
198980.662 0.00068 -0.00049 -0.00136
198980.666 0.00126 -0.00091 -0.00089
198980.670 0.00185 -0.00058 -0.00017
198980.674 0.00066 -0.00108 -0.00119
198980.678 0.00065 -0.00047 -0.00070
198980.682 0.00215 -0.00105 -0.00056
198980.686 0.00180 -0.00061 -0.00023
198980.690 0.00185 -0.00169 -0.00059
198980.694 0.00216 -0.00077 -0.00040
198980.698 0.00209 -0.00052 -0.00049
198980.702 0.00147 -0.00077 -0.00021
198980.706 0.00072 -0.00054 -0.00059
198980.710 0.00126 -0.00047 -0.00054
198980.714 0.00051 -0.00061 -0.00038
198980.718 0.00061 -0.00079 -0.00049
198980.722 0.00199 -0.00159 -0.00173
198980.726 0.00129 -0.00014 -0.00052
198980.730 0.00157 -0.00143 -0.00068
198980.734 0.00133 -0.00101 -0.00086
198980.738 0.00068 -0.00028 -0.00091
198980.742 0.00080 -0.00267 -0.00093
198980.746 0.00159 -0.00194 -0.00093
198980.750 0.00148 -0.00264 -0.00258
198980.754 0.00072 -0.00072 -0.00182
198980.758 0.00005 -0.00202 -0.00161
198980.762 0.00124 -0.00176 -0.00141
198980.766 0.00185 -0.00065 -0.00105
198980.770 0.00171 -0.00035 -0.00112
198980.774 0.00138 -0.00012 0.00037
198980.778 0.00023 -0.00007 -0.00073
198980.782 0.00143 -0.00019 -0.00103
198980.786 0.00070 -0.00068 -0.00096
198980.789 0.00005 -0.00082 -0.00169
198980.794 0.00049 -0.00009 -0.00068
198980.798 0.00134 0.00068 -0.00206
198980.802 0.00127 -0.00045 -0.00183
198980.806 0.00051 -0.00105 -0.00176
198980.810 0.00075 0.00012 -0.00190
198980.814 0.00141 -0.00014 -0.00194
198980.818 0.00024 -0.00098 -0.00134
198980.822 0.00054 -0.00119 0.00016
198980.826 0.00077 -0.00108 -0.00079
198980.830 0.00098 -0.00077 -0.00134
198980.834 0.00133 -0.00084 -0.00180
198980.839 0.00082 -0.00056 -0.00131
198980.842 0.00023 -0.00063 -0.00119
198980.846 0.00023 0.00009 -0.00145
198980.850 0.00023 -0.00106 -0.00061
198980.854 0.00113 0.00012 -0.00070
198980.858 0.00047 0.00045 -0.00010
198980.862 0.00134 -0.00112 -0.00117
198980.866 0.00202 -0.00063 -0.00070
198980.870 0.00206 -0.00110 -0.00010
198980.874 0.00101 0.00058 0.00017
198980.878 0.00148 -0.00108 -0.00110
198980.882 0.00162 -0.00047 -0.00082
198980.886 0.00075 -0.00016 -0.00091
198980.890 0.00112 -0.00052 -0.00031
198980.894 0.00093 -0.00002 -0.00047
198980.898 0.00162 -0.00033 -0.00051
198980.902 0.00120 -0.00042 -0.00007
198980.906 0.00063 -0.00105 -0.00115
198980.910 0.00080 -0.00016 -0.00070
198980.914 0.00143 -0.00037 -0.00101
198980.918 0.00161 -0.00042 -0.00080
198980.922 0.00150 0.00000 0.00000
198980.926 0.00176 -0.00093 -0.00038
198980.930 0.00108 -0.00103 -0.00094
198980.934 0.00227 -0.00091 -0.00003
198980.938 0.00136 0.00047 -0.00024
198980.942 0.00173 -0.00051 -0.00120
198980.946 0.00213 -0.00016 -0.00086
198980.950 0.00103 0.00005 -0.00166
198980.954 0.00059 0.00012 -0.00037
198980.958 0.00124 0.00073 -0.00003
198980.962 0.00215 -0.00030 -0.00099
198980.966 0.00180 -0.00040 -0.00094
198980.970 0.00108 -0.00239 0.00010
198980.974 0.00120 -0.00216 0.00009
198980.978 0.00079 -0.00209 -0.00096
198980.982 0.00052 -0.00239 -0.00108
198980.986 0.00182 -0.00126 -0.00052
198980.990 0.00110 -0.00141 -0.00068
198980.994 0.00136 -0.00145 -0.00101
198980.998 0.00113 -0.00056 -0.00051
198981.002 0.00122 -0.00093 -0.00096
198981.006 0.00169 -0.00058 -0.00065
198981.010 0.00152 -0.00017 -0.00010
198981.014 0.00222 0.00005 -0.00026
198981.018 0.00166 -0.00168 -0.00045
198981.022 0.00182 0.00012 -0.00066
198981.026 0.00140 -0.00044 -0.00192
198981.030 0.00159 -0.00045 -0.00103
198981.034 0.00059 -0.00134 -0.00141
198981.038 0.00108 -0.00009 -0.00061
198981.042 0.00152 -0.00126 -0.00024
198981.046 0.00147 -0.00141 -0.00045
198981.050 0.00086 -0.00115 -0.00035
198981.054 0.00131 0.00086 0.00010
198981.058 0.00082 -0.00026 -0.00021
198981.062 0.00068 -0.00175 -0.00014
198981.066 0.00155 -0.00110 -0.00028
198981.069 0.00073 -0.00152 -0.00045
198981.074 0.00082 -0.00119 -0.00096
198981.078 0.00099 -0.00140 -0.00033
198981.082 0.00164 -0.00070 0.00012
198981.086 0.00150 -0.00082 -0.00051
198981.090 0.00117 -0.00024 0.00023
198981.094 0.00108 -0.00024 -0.00033
198981.098 0.00106 0.00003 -0.00077
198981.102 0.00120 -0.00047 -0.00103
198981.106 0.00154 -0.00075 -0.00126
198981.110 0.00058 -0.00068 -0.00192
198981.114 0.00138 -0.00126 -0.00180
198981.118 0.00113 -0.00157 -0.00070
198981.122 0.00152 -0.00119 -0.00147
198981.126 0.00208 -0.00124 -0.00182
198981.129 0.00192 -0.00021 -0.00117
198981.134 0.00188 0.00051 -0.00038
198981.138 0.00157 -0.00080 -0.00094
198981.142 0.00073 -0.00009 -0.00108
198981.146 0.00173 0.00038 -0.00098
198981.150 0.00106 0.00021 -0.00080
198981.154 0.00091 -0.00117 -0.00073
198981.158 0.00101 -0.00065 -0.00073
198981.162 0.00028 -0.00080 -0.00208
198981.166 0.00145 -0.00099 -0.00168
198981.170 0.00040 0.00044 -0.00113
198981.174 0.00133 -0.00007 -0.00113
198981.178 0.00173 -0.00035 -0.00113
198981.182 0.00138 -0.00028 -0.00188
198981.186 0.00129 -0.00056 -0.00194
198981.191 0.00141 -0.00063 -0.00148
198981.194 0.00161 -0.00080 -0.00197
198981.198 0.00209 -0.00038 -0.00061
198981.202 0.00223 -0.00012 -0.00099
198981.206 0.00136 -0.00066 -0.00124
198981.210 0.00098 -0.00080 -0.00040
198981.214 0.00133 0.00019 -0.00065
198981.218 0.00127 -0.00042 -0.00040
198981.222 0.00155 -0.00045 -0.00065
198981.226 0.00178 -0.00059 -0.00070
198981.229 0.00199 -0.00183 -0.00026
198981.234 0.00159 -0.00096 -0.00059
198981.238 0.00089 -0.00059 -0.00145
198981.242 0.00070 -0.00049 -0.00122
198981.246 0.00155 0.00012 -0.00054
198981.250 0.00119 -0.00089 -0.00023
198981.254 0.00138 -0.00101 -0.00044
198981.258 0.00054 0.00030 -0.00126
198981.262 0.00122 0.00017 -0.00086
198981.266 0.00124 0.00000 -0.00106
198981.270 0.00140 -0.00063 -0.00096
198981.274 0.00070 -0.00035 -0.00079
198981.278 0.00110 -0.00012 -0.00030
198981.282 0.00182 -0.00007 -0.00061
198981.286 0.00051 -0.00065 -0.00070
198981.289 -0.00028 -0.00110 0.00031
198981.294 0.00024 -0.00017 0.00073
198981.298 0.00084 -0.00037 0.00040
198981.302 0.00099 -0.00073 0.00016
198981.306 0.00148 -0.00173 -0.00110
198981.310 0.00131 -0.00079 -0.00127
198981.314 0.00157 0.00019 -0.00117
198981.318 0.00225 0.00002 -0.00175
198981.322 0.00166 0.00117 -0.00129
198981.326 0.00150 -0.00002 0.00002
198981.330 0.00026 -0.00065 0.00021
198981.334 0.00009 -0.00005 -0.00079
198981.338 0.00065 -0.00110 -0.00089
198981.342 0.00080 -0.00122 -0.00047
198981.346 0.00159 -0.00110 -0.00021
198981.349 0.00164 -0.00197 -0.00148
198981.354 0.00134 -0.00099 -0.00122
198981.358 0.00188 -0.00059 -0.00251
198981.362 0.00232 -0.00063 -0.00209
198981.366 0.00138 -0.00051 -0.00169
198981.370 0.00143 0.00058 -0.00052
198981.374 0.00115 -0.00033 -0.00143
198981.378 0.00077 -0.00072 -0.00136
198981.382 0.00098 -0.00096 -0.00059
198981.386 0.00164 0.00000 -0.00024
198981.390 0.00136 -0.00063 -0.00030
198981.394 0.00127 -0.00019 -0.00106
198981.398 0.00096 -0.00009 -0.00157
198981.402 0.00072 -0.00035 -0.00169
198981.406 0.00112 -0.00042 -0.00098
198981.410 0.00061 -0.00089 -0.00124
198981.414 0.00094 -0.00087 -0.00192
198981.418 0.00133 -0.00115 -0.00073
198981.422 0.00112 -0.00108 -0.00117
198981.426 0.00106 -0.00047 0.00003
198981.430 0.00120 -0.00075 -0.00037
198981.434 0.00094 -0.00098 0.00010
198981.438 0.00147 -0.00148 -0.00035
198981.442 0.00117 -0.00178 0.00010
198981.446 0.00154 -0.00155 -0.00035
198981.450 0.00042 -0.00134 -0.00063
198981.454 0.00133 -0.00052 -0.00054
198981.458 0.00218 -0.00031 -0.00084
198981.462 0.00089 -0.00058 -0.00091
198981.466 0.00115 -0.00033 -0.00047
198981.470 0.00152 0.00016 -0.00080
198981.474 0.00133 -0.00103 -0.00059
198981.478 0.00143 -0.00182 -0.00084
198981.482 0.00204 0.00038 0.00028
198981.486 0.00147 -0.00112 -0.00091
198981.490 0.00131 -0.00274 -0.00063
198981.494 0.00157 -0.00105 -0.00099
198981.498 0.00164 -0.00045 -0.00080
198981.502 0.00182 -0.00120 -0.00180
198981.506 0.00201 -0.00049 -0.00101
198981.509 0.00115 -0.00168 -0.00049
198981.514 0.00168 -0.00063 -0.00112
198981.518 0.00091 -0.00033 -0.00173
198981.522 0.00117 0.00047 -0.00023
198981.526 0.00047 -0.00051 -0.00059
198981.530 0.00075 -0.00182 -0.00070
198981.534 0.00157 -0.00171 -0.00101
198981.539 0.00223 -0.00124 -0.00096
198981.542 0.00106 -0.00110 -0.00065
198981.546 0.00195 -0.00093 -0.00024
198981.550 0.00188 -0.00012 -0.00120
198981.554 0.00066 -0.00066 -0.00086
198981.558 0.00126 -0.00065 -0.00091
198981.562 0.00155 -0.00126 -0.00154
198981.566 0.00178 -0.00096 -0.00169
198981.570 0.00094 -0.00119 -0.00082
198981.574 0.00147 -0.00065 -0.00045
198981.578 0.00101 -0.00019 -0.00080
198981.582 0.00194 -0.00068 0.00000
198981.586 0.00113 -0.00141 -0.00084
198981.590 0.00077 -0.00040 -0.00030
198981.594 0.00082 -0.00148 -0.00047
198981.598 0.00038 -0.00178 -0.00080
198981.602 0.00133 -0.00169 -0.00075
198981.606 0.00127 -0.00122 -0.00089
198981.610 0.00126 -0.00096 -0.00061
198981.614 0.00080 0.00016 0.00049
198981.618 0.00113 -0.00134 0.00049
198981.622 0.00047 -0.00068 0.00003
198981.626 0.00105 -0.00051 -0.00037
198981.629 0.00000 -0.00106 0.00056
198981.634 0.00017 -0.00213 -0.00113
198981.638 0.00082 -0.00103 -0.00038
198981.642 0.00099 -0.00150 -0.00154
198981.646 0.00180 -0.00223 -0.00169
198981.650 0.00124 -0.00272 -0.00113
198981.654 0.00094 -0.00209 -0.00098
198981.658 0.00162 -0.00194 -0.00154
198981.662 0.00211 -0.00099 -0.00094
198981.666 0.00237 -0.00119 -0.00079
198981.670 0.00276 -0.00049 -0.00028
198981.674 0.00150 -0.00016 -0.00031
198981.678 0.00101 -0.00023 -0.00047
198981.682 0.00134 -0.00099 -0.00112
198981.686 0.00143 -0.00075 -0.00112
198981.690 0.00175 -0.00068 -0.00098
198981.694 0.00124 -0.00021 -0.00094
198981.698 0.00155 -0.00099 0.00010
198981.702 0.00133 0.00000 -0.00005
198981.706 0.00052 -0.00033 -0.00010
198981.710 0.00152 -0.00148 -0.00086
198981.714 0.00162 -0.00010 -0.00106
198981.718 0.00044 -0.00051 -0.00082
198981.722 0.00209 -0.00063 -0.00136
198981.727 0.00178 -0.00124 -0.00089
198981.730 0.00183 -0.00112 0.00012
198981.734 0.00171 -0.00031 0.00038
198981.738 0.00152 -0.00010 -0.00119
198981.742 0.00192 -0.00005 -0.00175
198981.746 0.00202 0.00009 -0.00145
198981.750 0.00070 -0.00091 -0.00122
198981.754 0.00096 -0.00087 -0.00070
198981.758 0.00117 -0.00101 -0.00101
198981.762 0.00168 0.00000 -0.00141
198981.766 0.00106 -0.00124 -0.00120
198981.770 0.00061 -0.00051 -0.00099
198981.774 0.00183 -0.00061 -0.00155
198981.778 0.00171 -0.00185 -0.00154
198981.782 0.00168 -0.00202 -0.00019
198981.786 0.00152 -0.00131 -0.00059
198981.789 0.00176 -0.00141 -0.00175
198981.794 0.00154 -0.00131 -0.00054
198981.798 0.00133 -0.00157 -0.00037
198981.802 0.00066 -0.00120 -0.00063
198981.806 0.00096 -0.00033 -0.00115
198981.810 0.00162 -0.00103 -0.00159
198981.814 0.00105 -0.00134 -0.00230
198981.818 0.00134 -0.00099 -0.00129
198981.822 0.00113 -0.00059 -0.00133
198981.826 0.00047 -0.00065 -0.00178
198981.830 0.00075 -0.00124 -0.00086
198981.834 0.00112 -0.00246 -0.00091
198981.838 0.00077 -0.00113 -0.00047
198981.842 0.00023 -0.00152 -0.00096
198981.846 0.00173 -0.00103 -0.00108
198981.849 0.00229 0.00178 -0.00098
198981.854 0.00106 0.00028 -0.00079
198981.858 0.00061 -0.00026 -0.00075
198981.862 0.00063 -0.00040 -0.00073
198981.866 0.00140 0.00059 -0.00028
198981.870 0.00175 -0.00002 -0.00016
198981.874 0.00138 -0.00003 -0.00162
198981.878 0.00159 -0.00019 -0.00037
198981.882 0.00164 -0.00113 -0.00063
198981.886 0.00211 -0.00063 0.00003
198981.891 0.00178 -0.00066 -0.00052
198981.894 0.00154 -0.00065 -0.00098
198981.898 0.00223 -0.00126 -0.00079
198981.902 0.00211 -0.00066 -0.00105
198981.906 0.00148 -0.00035 -0.00126
198981.910 0.00206 -0.00028 0.00031
198981.914 0.00117 0.00003 -0.00030
198981.918 0.00108 -0.00031 -0.00077
198981.922 0.00211 -0.00058 -0.00089
198981.926 0.00223 0.00086 -0.00031
198981.930 0.00091 -0.00024 0.00026
198981.934 0.00072 0.00003 -0.00016
198981.938 0.00126 -0.00016 -0.00178
198981.942 0.00110 -0.00052 -0.00131
198981.946 0.00061 0.00012 -0.00087
198981.949 0.00168 -0.00195 -0.00122
198981.954 0.00182 -0.00129 -0.00115
198981.958 0.00169 -0.00141 -0.00129
198981.962 0.00138 -0.00024 -0.00087
198981.966 0.00127 -0.00161 -0.00152
198981.970 0.00112 -0.00134 -0.00079
198981.974 0.00136 -0.00098 -0.00028
198981.978 0.00202 -0.00164 -0.00031
198981.982 0.00176 0.00028 -0.00093
198981.986 0.00124 0.00033 -0.00033
198981.990 0.00124 0.00019 -0.00063
198981.994 0.00080 0.00000 -0.00099
198981.998 0.00159 0.00101 -0.00049
198982.002 0.00209 -0.00037 -0.00066
198982.006 0.00192 -0.00073 -0.00072
198982.009 0.00143 -0.00157 -0.00072
198982.014 0.00190 -0.00164 -0.00103
198982.018 0.00232 -0.00166 -0.00066
198982.022 0.00258 -0.00047 -0.00101
198982.026 0.00161 0.00014 -0.00080
198982.030 0.00180 -0.00059 -0.00089
198982.034 0.00244 0.00099 -0.00002
198982.038 0.00276 0.00098 -0.00070
198982.042 0.00271 0.00082 -0.00117
198982.046 0.00162 0.00002 -0.00175
198982.050 0.00075 -0.00138 -0.00220
198982.054 0.00052 -0.00084 -0.00155
198982.058 0.00031 0.00003 -0.00080
198982.062 0.00147 -0.00031 -0.00059
198982.066 0.00101 0.00077 -0.00070
198982.069 0.00105 -0.00087 -0.00072
198982.074 0.00030 -0.00026 -0.00028
198982.078 0.00070 -0.00115 -0.00136
198982.082 0.00187 -0.00199 -0.00150
198982.086 0.00096 -0.00176 -0.00183
198982.090 0.00208 -0.00169 -0.00086
198982.094 0.00162 -0.00079 -0.00061
198982.098 0.00120 0.00035 -0.00084
198982.102 0.00140 -0.00099 -0.00061
198982.106 0.00054 -0.00044 -0.00099
198982.110 0.00106 -0.00030 -0.00110
198982.114 0.00150 -0.00101 -0.00218
198982.118 0.00147 -0.00105 -0.00171
198982.122 0.00056 -0.00061 -0.00098
198982.126 0.00122 -0.00065 -0.00049
198982.130 0.00244 -0.00110 -0.00126
198982.134 0.00187 -0.00183 -0.00042
198982.138 0.00051 -0.00171 -0.00079
198982.142 0.00106 -0.00108 -0.00105
198982.146 0.00180 -0.00091 -0.00112
198982.150 0.00155 -0.00042 -0.00082
198982.154 0.00103 -0.00105 -0.00059
198982.158 0.00164 -0.00016 -0.00038
198982.162 0.00120 0.00007 -0.00065
198982.166 0.00169 -0.00045 -0.00070
198982.170 0.00061 -0.00105 0.00047
198982.174 0.00093 -0.00091 0.00079
198982.178 0.00208 -0.00147 -0.00079
198982.182 0.00208 -0.00117 -0.00089
198982.186 0.00131 -0.00094 -0.00136
198982.190 0.00202 -0.00133 -0.00195
198982.194 0.00161 -0.00068 -0.00089
198982.198 0.00059 -0.00096 -0.00138
198982.202 0.00063 -0.00103 -0.00089
198982.206 0.00124 -0.00030 -0.00106
198982.210 0.00094 -0.00087 0.00052
198982.214 0.00192 -0.00147 -0.00009
198982.218 0.00218 -0.00072 0.00017
198982.222 0.00209 0.00023 -0.00094
198982.226 0.00103 -0.00026 -0.00108
198982.229 0.00134 -0.00040 -0.00141
198982.234 0.00173 0.00000 -0.00091
198982.239 0.00154 -0.00047 -0.00077
198982.242 0.00133 -0.00061 -0.00180
198982.246 0.00157 -0.00124 -0.00161
198982.250 0.00103 -0.00066 -0.00005
198982.254 0.00119 -0.00140 -0.00115
198982.258 0.00108 -0.00176 -0.00188
198982.262 0.00091 -0.00094 -0.00194
198982.266 0.00101 -0.00103 -0.00119
198982.270 0.00103 -0.00120 -0.00086
198982.274 0.00209 -0.00094 -0.00075
198982.278 0.00298 -0.00073 -0.00044
198982.282 0.00141 0.00021 -0.00126
198982.286 0.00113 -0.00148 -0.00147
198982.290 0.00063 -0.00131 -0.00138
198982.294 0.00124 -0.00052 -0.00059
198982.298 0.00169 0.00042 0.00019
198982.302 0.00152 0.00082 -0.00033
198982.306 0.00042 -0.00026 -0.00063
198982.310 0.00012 -0.00040 0.00003
198982.314 0.00141 -0.00014 0.00037
198982.318 0.00145 0.00007 -0.00103
198982.322 0.00161 -0.00091 -0.00126
198982.326 0.00225 -0.00028 -0.00087
198982.330 0.00166 -0.00010 -0.00075
198982.334 0.00136 0.00023 -0.00089
198982.338 0.00082 -0.00117 -0.00106
198982.342 0.00129 -0.00185 -0.00051
198982.346 0.00126 -0.00051 0.00096
198982.349 0.00080 -0.00077 -0.00133
198982.354 0.00068 -0.00038 -0.00119
198982.358 -0.00023 -0.00119 0.00019
198982.362 0.00026 -0.00169 -0.00079
198982.366 0.00115 -0.00033 -0.00089
198982.370 0.00093 0.00093 -0.00061
198982.374 0.00133 -0.00038 -0.00145
198982.378 0.00173 -0.00134 -0.00106
198982.382 0.00152 -0.00204 -0.00187
198982.386 0.00117 -0.00176 -0.00117
198982.390 0.00138 -0.00094 -0.00129
198982.394 0.00188 -0.00073 -0.00026
198982.398 0.00157 -0.00082 -0.00152
198982.402 0.00133 -0.00115 0.00026
198982.406 0.00157 0.00040 -0.00122
198982.410 0.00133 0.00007 -0.00086
198982.414 0.00098 -0.00091 -0.00136
198982.418 0.00178 -0.00162 -0.00225
198982.422 0.00108 -0.00075 -0.00173
198982.426 0.00152 -0.00068 -0.00143
198982.430 0.00147 -0.00021 -0.00091
198982.434 0.00101 -0.00038 -0.00077
198982.438 0.00059 -0.00180 -0.00134
198982.442 0.00138 -0.00230 -0.00164
198982.446 0.00113 -0.00124 -0.00157
198982.450 0.00093 -0.00065 -0.00230
198982.454 0.00117 -0.00126 -0.00279
198982.458 0.00183 -0.00141 -0.00141
198982.462 0.00246 -0.00145 -0.00061
198982.466 0.00141 -0.00072 -0.00113
198982.470 0.00115 -0.00066 -0.00054
198982.474 0.00031 -0.00141 -0.00143
198982.478 0.00131 -0.00099 -0.00136
198982.482 0.00066 -0.00073 -0.00059
198982.486 0.00003 0.00005 -0.00099
198982.490 0.00079 -0.00016 -0.00094
198982.494 0.00129 -0.00038 -0.00124
198982.498 0.00096 -0.00103 -0.00026
198982.502 0.00058 -0.00075 -0.00045
198982.506 0.00077 -0.00098 -0.00080
198982.509 0.00173 -0.00134 -0.00105
198982.514 0.00197 -0.00143 -0.00096
198982.518 0.00220 -0.00115 -0.00215
198982.522 0.00195 -0.00079 -0.00140
198982.526 0.00159 0.00035 -0.00136
198982.530 0.00255 -0.00009 -0.00134
198982.534 0.00129 -0.00141 -0.00180
198982.538 0.00141 -0.00086 -0.00115
198982.542 0.00084 -0.00024 -0.00113
198982.546 0.00129 -0.00070 -0.00038
198982.550 0.00187 -0.00035 -0.00094
198982.554 0.00096 -0.00119 -0.00169
198982.558 0.00148 -0.00033 -0.00098
198982.562 0.00147 -0.00042 -0.00169
198982.566 0.00070 -0.00030 -0.00084
198982.569 0.00126 -0.00147 -0.00059
198982.574 0.00171 -0.00147 -0.00024
198982.578 0.00168 -0.00056 -0.00180
198982.582 0.00211 -0.00183 -0.00131
198982.586 0.00194 -0.00112 -0.00117
198982.591 0.00113 -0.00047 -0.00084
198982.593 0.00093 -0.00075 -0.00105
198982.598 0.00056 -0.00113 -0.00066
198982.602 0.00106 -0.00138 -0.00010
198982.606 0.00136 -0.00070 -0.00131
198982.610 0.00098 -0.00096 -0.00178
198982.614 0.00164 -0.00014 -0.00054
198982.618 0.00120 -0.00143 -0.00159
198982.622 0.00124 -0.00161 -0.00126
198982.626 0.00230 -0.00120 -0.00072
198982.630 0.00183 -0.00155 -0.00147
198982.634 0.00169 -0.00105 -0.00183
198982.638 0.00183 -0.00134 -0.00192
198982.642 0.00215 -0.00084 -0.00119
198982.646 0.00164 -0.00176 -0.00161
198982.650 0.00134 -0.00185 -0.00155
198982.654 0.00068 -0.00005 -0.00079
198982.658 0.00080 -0.00080 -0.00089
198982.662 0.00038 -0.00084 -0.00122
198982.666 0.00148 -0.00101 -0.00190
198982.669 0.00101 -0.00089 -0.00300
198982.674 0.00119 0.00002 -0.00222
198982.678 0.00079 -0.00122 -0.00127
198982.682 0.00098 -0.00140 -0.00133
198982.686 0.00103 -0.00176 -0.00133
198982.690 0.00089 -0.00108 0.00016
198982.694 0.00206 -0.00136 0.00054
198982.698 0.00131 -0.00220 -0.00038
198982.702 0.00007 -0.00195 0.00024
198982.706 0.00019 -0.00070 0.00042
198982.710 0.00068 -0.00051 -0.00073
198982.714 0.00065 -0.00122 -0.00028
198982.718 0.00140 -0.00171 -0.00136
198982.722 0.00129 -0.00154 -0.00120
198982.726 0.00141 0.00030 -0.00070
198982.729 0.00190 0.00049 -0.00026
198982.734 0.00127 -0.00080 -0.00061
198982.738 0.00126 -0.00084 -0.00054
198982.742 0.00155 -0.00131 -0.00204
198982.746 0.00058 -0.00112 -0.00122
198982.750 -0.00026 -0.00047 -0.00056
198982.754 0.00099 -0.00045 -0.00098
198982.758 0.00180 -0.00120 -0.00185
198982.762 0.00124 0.00023 -0.00117
198982.766 0.00094 -0.00042 -0.00084
198982.770 0.00087 -0.00148 -0.00120
198982.774 0.00161 -0.00073 -0.00115
198982.778 0.00150 -0.00066 -0.00084
198982.782 0.00147 -0.00051 -0.00105
198982.786 0.00072 -0.00031 -0.00021
198982.789 0.00112 -0.00042 0.00241
198982.794 0.00136 -0.00089 0.00052
198982.798 0.00159 -0.00072 -0.00009
198982.802 0.00103 -0.00021 0.00017
198982.806 0.00089 -0.00070 -0.00065
198982.810 0.00056 -0.00187 -0.00115
198982.814 0.00093 -0.00007 -0.00009
198982.818 0.00101 -0.00096 -0.00190
198982.822 0.00089 -0.00087 -0.00105
198982.826 0.00131 -0.00147 -0.00080
198982.830 0.00171 -0.00026 -0.00164
198982.834 0.00122 -0.00070 -0.00187
198982.838 0.00094 -0.00052 -0.00148
198982.842 0.00087 -0.00106 -0.00122
198982.846 0.00161 -0.00016 -0.00101
198982.850 0.00180 -0.00068 -0.00094
198982.854 0.00215 -0.00051 -0.00169
198982.858 0.00134 -0.00091 -0.00143
198982.862 0.00218 -0.00133 -0.00152
198982.866 0.00134 -0.00007 -0.00122
198982.870 0.00068 -0.00140 -0.00147
198982.874 0.00110 -0.00070 -0.00168
198982.878 0.00166 -0.00096 -0.00157
198982.882 0.00166 -0.00164 -0.00110
198982.886 0.00136 0.00000 0.00021
198982.890 0.00143 -0.00003 -0.00093
198982.894 0.00115 -0.00003 0.00040
198982.898 0.00063 -0.00019 -0.00087
198982.902 0.00215 0.00096 -0.00061
198982.906 0.00148 -0.00007 -0.00024
198982.910 0.00101 -0.00201 -0.00059
198982.914 0.00223 -0.00131 -0.00070
198982.918 0.00243 -0.00173 -0.00072
198982.922 0.00216 0.00024 -0.00028
198982.926 0.00134 -0.00117 -0.00166
198982.930 0.00082 -0.00033 -0.00218
198982.934 0.00145 -0.00056 -0.00155
198982.939 0.00024 -0.00169 -0.00169
198982.942 0.00099 -0.00093 -0.00113
198982.946 0.00134 -0.00028 -0.00038
198982.949 0.00098 -0.00086 -0.00017
198982.954 0.00119 0.00063 -0.00059
198982.958 0.00154 0.00087 -0.00084
198982.962 0.00103 0.00033 -0.00075
198982.966 0.00269 0.00140 -0.00087
198982.970 0.00223 0.00122 -0.00093
198982.974 0.00105 0.00058 -0.00154
198982.978 0.00134 0.00131 -0.00169
198982.982 0.00218 0.00257 -0.00218
198982.986 0.00195 0.00077 -0.00185
198982.990 0.00188 0.00120 -0.00162
198982.994 0.00173 0.00148 -0.00080
198982.998 0.00152 0.00230 -0.00120
198983.002 0.00058 0.00101 -0.00070
198983.006 0.00183 0.00112 -0.00056
198983.010 0.00230 0.00175 -0.00052
198983.014 0.00106 0.00012 -0.00113
198983.018 0.00182 0.00014 -0.00098
198983.022 0.00185 -0.00014 -0.00185
198983.026 0.00246 -0.00037 -0.00162
198983.030 0.00232 -0.00223 -0.00187
198983.034 0.00199 -0.00302 -0.00117
198983.038 0.00070 -0.00323 -0.00234
198983.042 -0.00009 -0.00435 -0.00236
198983.046 -0.00014 -0.00433 -0.00054
198983.050 0.00044 -0.00417 -0.00009
198983.054 -0.00014 -0.00398 0.00003
198983.058 0.00014 -0.00468 -0.00143
198983.062 0.00035 -0.00351 -0.00045
198983.066 0.00058 -0.00335 -0.00096
198983.070 0.00017 -0.00332 -0.00049
198983.074 0.00112 -0.00255 -0.00021
198983.078 0.00016 -0.00175 -0.00014
198983.082 0.00127 -0.00124 -0.00087
198983.086 0.00141 -0.00112 -0.00106
198983.090 0.00084 -0.00288 -0.00112
198983.094 0.00024 -0.00229 -0.00082
