198891.426 0.00077 -0.00497 -0.00143
198891.430 -0.00012 -0.00424 -0.00072
198891.434 0.00068 -0.00525 -0.00068
198891.438 0.00014 -0.00447 -0.00157
198891.442 -0.00044 -0.00426 -0.00136
198891.446 0.00075 -0.00298 -0.00054
198891.450 0.00061 -0.00312 -0.00108
198891.454 0.00133 -0.00361 -0.00033
198891.458 0.00136 -0.00328 -0.00087
198891.462 0.00047 -0.00351 -0.00117
198891.466 0.00023 -0.00309 -0.00019
198891.470 0.00077 -0.00300 -0.00086
198891.474 0.00197 -0.00356 -0.00162
198891.478 0.00154 -0.00267 -0.00122
198891.482 0.00171 -0.00333 -0.00155
198891.486 0.00131 -0.00260 -0.00211
198891.490 0.00136 -0.00241 -0.00089
198891.494 0.00047 -0.00297 -0.00058
198891.498 0.00068 -0.00386 -0.00065
198891.502 0.00150 -0.00349 -0.00187
198891.506 0.00126 -0.00279 -0.00173
198891.510 0.00119 -0.00262 -0.00035
198891.514 0.00058 -0.00243 0.00016
198891.518 -0.00002 -0.00297 -0.00059
198891.522 0.00056 -0.00312 -0.00035
198891.526 0.00010 -0.00391 -0.00103
198891.530 0.00000 -0.00321 -0.00136
198891.534 -0.00047 -0.00347 -0.00070
198891.538 0.00059 -0.00340 -0.00112
198891.542 0.00101 -0.00278 -0.00140
198891.546 0.00068 -0.00291 -0.00040
198891.549 -0.00014 -0.00279 -0.00089
198891.554 0.00023 -0.00262 -0.00058
198891.558 0.00002 -0.00347 -0.00065
198891.562 -0.00016 -0.00325 -0.00096
198891.566 0.00021 -0.00274 -0.00089
198891.570 0.00108 -0.00246 0.00002
198891.574 0.00086 -0.00328 -0.00065
198891.578 0.00094 -0.00304 -0.00035
198891.582 0.00157 -0.00358 -0.00119
198891.586 0.00173 -0.00208 -0.00005
198891.591 0.00147 -0.00213 -0.00066
198891.594 0.00094 -0.00229 -0.00127
198891.598 0.00051 -0.00159 -0.00157
198891.602 0.00115 -0.00230 -0.00136
198891.606 0.00087 -0.00250 -0.00220
198891.609 0.00019 -0.00239 -0.00047
198891.614 0.00000 -0.00326 -0.00122
198891.618 0.00072 -0.00349 0.00009
198891.622 -0.00028 -0.00356 -0.00152
198891.626 -0.00024 -0.00342 -0.00180
198891.630 0.00140 -0.00248 -0.00096
198891.634 0.00124 -0.00328 -0.00164
198891.638 0.00058 -0.00229 -0.00077
198891.642 0.00087 -0.00339 -0.00159
198891.646 0.00094 -0.00307 -0.00061
198891.650 0.00096 -0.00374 -0.00051
198891.654 0.00037 -0.00302 -0.00047
198891.658 0.00005 -0.00283 -0.00122
198891.662 0.00028 -0.00187 -0.00126
198891.666 0.00003 -0.00342 -0.00157
198891.670 -0.00002 -0.00384 -0.00136
198891.674 0.00010 -0.00229 -0.00070
198891.678 0.00075 -0.00264 -0.00023
198891.682 0.00106 -0.00227 -0.00070
198891.686 0.00115 -0.00248 -0.00007
198891.690 0.00117 -0.00283 -0.00066
198891.694 0.00012 -0.00382 -0.00096
198891.698 0.00014 -0.00394 -0.00089
198891.702 0.00061 -0.00337 -0.00133
198891.706 0.00042 -0.00276 -0.00070
198891.710 0.00082 -0.00276 0.00007
198891.714 0.00003 -0.00230 -0.00033
198891.718 0.00058 -0.00309 -0.00087
198891.722 0.00072 -0.00389 -0.00178
198891.727 0.00030 -0.00260 -0.00141
198891.730 0.00035 -0.00272 -0.00086
198891.734 0.00051 -0.00305 -0.00087
198891.738 0.00084 -0.00148 -0.00058
198891.742 0.00079 -0.00213 -0.00124
198891.746 0.00017 -0.00244 -0.00157
198891.750 0.00091 -0.00342 -0.00166
198891.754 0.00065 -0.00232 -0.00093
198891.758 0.00028 -0.00234 -0.00103
198891.762 0.00063 -0.00325 -0.00077
198891.766 -0.00016 -0.00243 -0.00070
198891.770 0.00082 -0.00176 -0.00098
198891.774 0.00017 -0.00265 -0.00150
198891.778 0.00045 -0.00213 -0.00103
198891.782 0.00099 -0.00319 -0.00152
198891.786 0.00082 -0.00272 -0.00223
198891.790 0.00093 -0.00230 -0.00229
198891.794 0.00126 -0.00293 -0.00140
198891.798 0.00075 -0.00311 -0.00040
198891.802 0.00045 -0.00255 -0.00089
198891.806 0.00084 -0.00134 -0.00073
198891.810 0.00003 -0.00253 -0.00052
198891.814 -0.00047 -0.00316 -0.00017
198891.818 -0.00014 -0.00300 -0.00175
198891.822 0.00023 -0.00328 -0.00110
198891.826 0.00122 -0.00380 -0.00049
198891.829 0.00059 -0.00272 0.00042
198891.834 0.00042 -0.00230 -0.00038
198891.838 0.00037 -0.00309 -0.00044
198891.842 0.00021 -0.00300 -0.00077
198891.846 0.00182 -0.00297 -0.00113
198891.850 0.00164 -0.00311 -0.00140
198891.854 0.00115 -0.00284 -0.00101
198891.858 0.00117 -0.00278 -0.00061
198891.862 -0.00002 -0.00321 -0.00035
198891.866 0.00010 -0.00272 -0.00073
198891.870 0.00134 -0.00260 -0.00023
198891.874 0.00122 -0.00347 -0.00145
198891.878 0.00103 -0.00340 -0.00178
198891.882 0.00129 -0.00248 -0.00051
198891.886 0.00105 -0.00237 -0.00122
198891.890 0.00009 -0.00311 -0.00037
198891.894 0.00028 -0.00239 0.00059
198891.898 0.00079 -0.00220 -0.00138
198891.902 0.00047 -0.00291 -0.00176
198891.906 -0.00021 -0.00264 -0.00216
198891.910 0.00051 -0.00304 -0.00152
198891.914 0.00054 -0.00103 0.00016
198891.918 0.00086 -0.00244 -0.00120
198891.922 0.00065 -0.00269 -0.00066
198891.926 0.00044 -0.00349 -0.00096
198891.930 -0.00037 -0.00220 -0.00150
198891.934 0.00061 -0.00262 -0.00089
198891.939 0.00133 -0.00241 -0.00026
198891.942 0.00241 -0.00281 -0.00131
198891.946 0.00225 -0.00187 -0.00159
198891.950 0.00190 -0.00147 -0.00152
198891.954 0.00136 -0.00302 -0.00073
198891.958 0.00093 -0.00237 -0.00038
198891.962 0.00096 -0.00176 -0.00089
198891.966 0.00096 -0.00145 -0.00148
198891.970 0.00082 -0.00211 -0.00073
198891.974 0.00154 -0.00274 -0.00068
198891.978 0.00127 -0.00290 -0.00157
198891.982 0.00030 -0.00281 -0.00182
198891.986 0.00049 -0.00262 -0.00096
198891.989 0.00115 -0.00318 0.00000
198891.994 0.00056 -0.00227 0.00054
198891.998 0.00010 -0.00157 0.00009
198892.002 0.00075 -0.00305 -0.00182
198892.006 0.00106 -0.00283 -0.00082
198892.010 0.00054 -0.00414 0.00003
198892.014 0.00070 -0.00297 -0.00049
198892.018 0.00150 -0.00325 -0.00093
198892.022 0.00080 -0.00410 -0.00103
198892.026 0.00168 -0.00250 -0.00106
198892.030 0.00131 -0.00209 -0.00077
198892.034 0.00045 -0.00318 -0.00175
198892.038 0.00007 -0.00332 -0.00155
198892.042 0.00058 -0.00305 -0.00164
198892.046 0.00162 -0.00389 -0.00213
198892.050 0.00084 -0.00396 -0.00166
198892.054 0.00079 -0.00201 -0.00031
198892.058 0.00077 -0.00227 -0.00058
198892.062 0.00152 -0.00323 -0.00094
198892.066 0.00096 -0.00272 -0.00119
198892.070 0.00066 -0.00321 -0.00171
198892.074 0.00105 -0.00197 -0.00140
198892.078 0.00113 -0.00225 -0.00161
198892.082 0.00072 -0.00218 -0.00136
198892.086 0.00105 -0.00230 -0.00070
198892.090 0.00145 -0.00339 -0.00098
198892.094 0.00169 -0.00262 -0.00105
198892.098 0.00147 -0.00302 -0.00152
198892.102 0.00110 -0.00328 -0.00225
198892.106 0.00070 -0.00244 -0.00183
198892.109 0.00075 -0.00283 -0.00068
198892.114 0.00047 -0.00232 -0.00082
198892.118 -0.00051 -0.00309 -0.00101
198892.122 0.00012 -0.00360 -0.00166
198892.126 0.00045 -0.00387 -0.00199
198892.130 0.00098 -0.00349 -0.00056
198892.134 0.00082 -0.00295 -0.00183
198892.138 -0.00026 -0.00386 -0.00232
198892.142 0.00079 -0.00456 -0.00126
198892.146 0.00047 -0.00323 -0.00082
198892.150 0.00070 -0.00288 -0.00070
198892.154 0.00059 -0.00295 -0.00159
198892.158 0.00042 -0.00220 -0.00182
198892.162 0.00066 -0.00155 -0.00171
198892.166 0.00164 -0.00244 -0.00065
198892.170 0.00099 -0.00342 -0.00096
198892.174 0.00127 -0.00127 -0.00014
198892.178 0.00075 -0.00192 -0.00113
198892.182 0.00045 -0.00223 -0.00094
198892.186 0.00009 -0.00157 -0.00105
198892.190 0.00028 -0.00094 -0.00152
198892.194 0.00049 -0.00168 -0.00119
198892.198 -0.00003 -0.00173 -0.00155
198892.202 -0.00079 -0.00143 -0.00105
198892.206 -0.00009 -0.00166 -0.00077
198892.210 0.00054 -0.00187 -0.00054
198892.214 0.00101 -0.00283 -0.00033
198892.218 0.00098 -0.00262 -0.00058
198892.222 0.00066 -0.00272 -0.00080
198892.226 0.00030 -0.00319 -0.00024
198892.230 -0.00010 -0.00227 -0.00056
198892.234 0.00009 -0.00248 -0.00140
198892.238 -0.00045 -0.00178 -0.00086
198892.242 0.00089 -0.00311 -0.00117
198892.246 0.00110 -0.00346 -0.00019
198892.250 0.00070 -0.00159 -0.00099
198892.254 0.00075 -0.00169 -0.00045
198892.258 0.00106 -0.00187 -0.00091
198892.262 0.00038 -0.00253 -0.00089
198892.266 -0.00007 -0.00269 -0.00133
198892.270 0.00040 -0.00274 -0.00084
198892.274 0.00098 -0.00110 -0.00072
198892.278 -0.00037 -0.00096 -0.00098
198892.282 0.00002 -0.00169 -0.00030
198892.286 -0.00047 -0.00218 -0.00058
198892.291 0.00105 -0.00305 -0.00110
198892.294 0.00159 -0.00269 -0.00154
198892.298 0.00038 -0.00288 -0.00105
198892.302 -0.00082 -0.00250 -0.00168
198892.306 0.00035 -0.00269 0.00026
198892.310 0.00021 -0.00183 -0.00042
198892.314 0.00077 -0.00222 -0.00091
198892.318 0.00152 -0.00276 -0.00042
198892.322 0.00080 -0.00307 -0.00045
198892.326 0.00017 -0.00283 -0.00031
198892.329 0.00045 -0.00368 -0.00133
198892.334 0.00084 -0.00255 -0.00099
198892.338 0.00154 -0.00255 -0.00134
198892.342 0.00052 -0.00255 -0.00099
198892.346 0.00099 -0.00255 -0.00120
198892.350 0.00052 -0.00316 -0.00051
198892.354 -0.00003 -0.00316 -0.00063
198892.358 0.00024 -0.00241 -0.00171
198892.362 0.00079 -0.00372 -0.00183
198892.366 0.00002 -0.00150 -0.00173
198892.370 0.00101 -0.00227 -0.00110
198892.374 0.00129 -0.00157 -0.00168
198892.378 0.00225 -0.00335 -0.00199
198892.382 0.00131 -0.00353 -0.00131
198892.386 0.00136 -0.00236 -0.00038
198892.390 0.00106 -0.00175 -0.00044
198892.394 0.00115 -0.00234 -0.00091
198892.398 0.00147 -0.00129 -0.00087
198892.402 0.00169 -0.00283 -0.00117
198892.406 0.00192 -0.00368 -0.00065
198892.410 0.00077 -0.00360 -0.00037
198892.414 0.00106 -0.00208 -0.00028
198892.418 0.00068 -0.00213 -0.00072
198892.422 0.00045 -0.00305 -0.00098
198892.426 0.00052 -0.00267 -0.00150
198892.430 0.00010 -0.00138 -0.00148
198892.434 0.00030 -0.00271 -0.00087
198892.438 0.00049 -0.00154 -0.00028
198892.442 0.00129 -0.00274 -0.00010
198892.446 0.00091 -0.00215 -0.00082
198892.450 0.00110 -0.00290 -0.00070
198892.454 0.00056 -0.00264 -0.00052
198892.458 -0.00124 -0.00227 0.00026
198892.462 -0.00005 -0.00173 -0.00103
198892.466 0.00115 -0.00234 -0.00091
198892.470 0.00162 -0.00250 -0.00103
198892.474 0.00159 -0.00194 0.00000
198892.478 0.00068 -0.00239 -0.00094
198892.482 0.00119 -0.00190 -0.00044
198892.486 0.00133 -0.00269 -0.00075
198892.489 0.00122 -0.00169 -0.00054
198892.494 0.00073 -0.00264 -0.00229
198892.498 0.00061 -0.00211 -0.00185
198892.502 0.00133 -0.00199 -0.00143
198892.506 0.00061 -0.00134 -0.00072
198892.510 0.00042 -0.00269 -0.00098
198892.514 0.00007 -0.00229 -0.00091
198892.518 -0.00030 -0.00264 0.00002
198892.522 0.00093 -0.00347 -0.00140
198892.526 0.00051 -0.00386 -0.00115
198892.530 0.00040 -0.00365 -0.00003
198892.534 0.00098 -0.00208 -0.00051
198892.538 0.00096 -0.00349 -0.00077
198892.542 0.00052 -0.00264 -0.00099
198892.546 0.00010 -0.00318 -0.00045
198892.549 0.00059 -0.00272 -0.00106
198892.554 0.00101 -0.00215 -0.00106
198892.558 0.00175 -0.00199 -0.00077
198892.562 0.00056 -0.00225 -0.00129
198892.566 0.00042 -0.00218 -0.00143
198892.570 0.00037 -0.00396 -0.00176
198892.574 0.00021 -0.00278 -0.00096
198892.578 0.00047 -0.00171 -0.00119
198892.582 0.00084 -0.00248 -0.00035
198892.586 0.00094 -0.00344 0.00000
198892.590 0.00021 -0.00279 -0.00065
198892.594 0.00061 -0.00291 -0.00051
198892.598 0.00103 -0.00311 -0.00079
198892.602 0.00038 -0.00269 -0.00070
198892.606 0.00082 -0.00274 -0.00098
198892.610 0.00108 -0.00260 -0.00045
198892.614 0.00161 -0.00227 -0.00061
198892.618 0.00129 -0.00216 -0.00080
198892.622 0.00059 -0.00216 -0.00086
198892.626 0.00012 -0.00183 -0.00012
198892.630 0.00014 -0.00237 0.00021
198892.634 0.00120 -0.00236 -0.00119
198892.639 0.00119 -0.00220 -0.00080
198892.642 0.00133 -0.00185 -0.00070
198892.646 0.00197 -0.00253 -0.00007
198892.650 0.00077 -0.00255 -0.00112
198892.654 0.00122 -0.00271 -0.00079
198892.658 0.00073 -0.00305 -0.00129
198892.662 -0.00073 -0.00222 -0.00098
198892.666 -0.00007 -0.00248 -0.00059
198892.670 0.00054 -0.00192 -0.00035
198892.674 0.00026 -0.00298 -0.00089
198892.678 0.00154 -0.00326 -0.00103
198892.682 0.00082 -0.00183 -0.00091
198892.686 0.00093 -0.00131 -0.00044
198892.690 0.00080 -0.00162 0.00028
198892.694 0.00093 -0.00246 -0.00026
198892.698 0.00051 -0.00283 -0.00056
198892.702 0.00054 -0.00309 -0.00155
198892.706 0.00040 -0.00269 -0.00059
198892.709 0.00068 -0.00288 -0.00035
198892.714 0.00030 -0.00309 -0.00012
198892.718 0.00079 -0.00269 0.00021
198892.722 -0.00042 -0.00274 -0.00073
198892.726 -0.00014 -0.00410 -0.00159
198892.730 0.00127 -0.00236 0.00028
198892.734 0.00166 -0.00145 0.00047
198892.738 0.00099 -0.00227 0.00007
198892.742 0.00173 -0.00218 -0.00122
198892.746 0.00162 -0.00246 -0.00096
198892.750 0.00068 -0.00312 -0.00059
198892.754 0.00150 -0.00316 -0.00140
198892.758 0.00096 -0.00225 -0.00101
198892.762 0.00096 -0.00323 -0.00120
198892.766 0.00052 -0.00347 -0.00112
198892.770 0.00040 -0.00295 -0.00093
198892.774 0.00037 -0.00145 -0.00119
198892.778 0.00037 -0.00227 -0.00155
198892.782 0.00021 -0.00278 0.00044
198892.786 0.00031 -0.00232 -0.00007
198892.790 0.00169 -0.00218 -0.00066
198892.794 0.00101 -0.00351 -0.00098
198892.798 0.00127 -0.00281 -0.00150
198892.802 0.00241 -0.00291 -0.00134
198892.806 0.00164 -0.00311 -0.00129
198892.810 0.00145 -0.00284 -0.00038
198892.814 0.00079 -0.00232 0.00014
198892.818 0.00108 -0.00339 -0.00045
198892.822 0.00070 -0.00307 -0.00031
198892.826 -0.00014 -0.00298 -0.00028
198892.829 0.00127 -0.00297 -0.00176
198892.834 0.00059 -0.00190 -0.00216
198892.838 0.00028 -0.00162 -0.00120
198892.842 0.00033 -0.00232 -0.00066
198892.846 0.00035 -0.00264 -0.00052
198892.850 0.00051 -0.00168 -0.00063
198892.854 0.00040 -0.00171 -0.00035
198892.858 0.00007 -0.00264 -0.00103
198892.862 0.00087 -0.00288 -0.00122
198892.866 0.00110 -0.00143 -0.00096
198892.870 0.00086 -0.00286 -0.00120
198892.874 0.00003 -0.00293 -0.00005
198892.878 0.00028 -0.00206 -0.00126
198892.882 -0.00024 -0.00166 -0.00098
198892.886 0.00049 -0.00278 -0.00075
198892.890 0.00040 -0.00230 -0.00084
198892.894 -0.00007 -0.00204 -0.00086
198892.898 0.00145 -0.00272 -0.00072
198892.902 0.00110 -0.00290 -0.00127
198892.906 0.00070 -0.00204 -0.00068
198892.910 0.00030 -0.00211 -0.00037
198892.914 0.00079 -0.00304 -0.00028
198892.918 0.00168 -0.00253 0.00063
198892.922 0.00251 -0.00316 0.00026
198892.926 0.00258 -0.00302 -0.00058
198892.930 0.00229 -0.00297 -0.00094
198892.934 0.00131 -0.00312 -0.00059
198892.938 0.00091 -0.00225 -0.00051
198892.942 0.00094 -0.00262 -0.00093
198892.946 0.00052 -0.00363 -0.00028
198892.950 -0.00003 -0.00298 -0.00042
198892.954 0.00145 -0.00297 -0.00045
198892.958 0.00140 -0.00176 -0.00045
198892.962 0.00063 -0.00204 -0.00061
198892.966 -0.00016 -0.00166 -0.00065
198892.970 0.00098 -0.00293 -0.00096
198892.974 0.00066 -0.00356 -0.00134
198892.978 0.00014 -0.00222 -0.00084
198892.982 0.00075 -0.00141 -0.00010
198892.986 0.00152 -0.00180 -0.00082
198892.991 0.00096 -0.00220 -0.00086
198892.994 0.00082 -0.00171 -0.00026
198892.998 0.00122 -0.00264 0.00002
198893.002 0.00044 -0.00227 -0.00049
198893.006 -0.00037 -0.00218 -0.00061
198893.010 -0.00042 -0.00276 -0.00141
198893.014 -0.00073 -0.00290 -0.00070
198893.018 0.00052 -0.00295 -0.00157
198893.022 0.00070 -0.00340 -0.00241
198893.026 0.00030 -0.00262 -0.00082
198893.030 0.00140 -0.00302 -0.00115
198893.034 0.00093 -0.00358 -0.00094
198893.038 0.00126 -0.00297 -0.00180
198893.042 0.00030 -0.00386 -0.00126
198893.046 0.00124 -0.00185 -0.00037
198893.049 0.00014 -0.00222 -0.00073
198893.054 0.00030 -0.00412 -0.00145
198893.058 0.00079 -0.00372 -0.00147
198893.062 0.00077 -0.00195 -0.00117
198893.066 0.00106 -0.00300 -0.00201
198893.070 0.00115 -0.00267 -0.00192
198893.074 0.00131 -0.00229 -0.00084
198893.078 0.00061 -0.00234 -0.00206
198893.082 0.00058 -0.00295 -0.00194
198893.086 0.00056 -0.00281 -0.00145
198893.090 0.00176 -0.00321 -0.00147
198893.094 0.00133 -0.00393 -0.00103
198893.098 0.00120 -0.00367 -0.00166
198893.102 0.00089 -0.00255 -0.00108
198893.106 0.00080 -0.00225 -0.00002
198893.110 0.00047 -0.00141 -0.00005
198893.114 0.00159 -0.00120 -0.00035
198893.118 0.00143 -0.00190 -0.00044
198893.122 0.00065 -0.00253 -0.00166
198893.126 0.00012 -0.00148 -0.00077
198893.130 0.00120 -0.00288 -0.00040
198893.134 0.00058 -0.00295 -0.00030
198893.138 0.00072 -0.00250 0.00002
198893.142 0.00105 -0.00344 0.00040
198893.146 0.00099 -0.00384 -0.00084
198893.150 0.00082 -0.00335 -0.00117
198893.154 0.00138 -0.00380 -0.00080
198893.158 0.00108 -0.00318 -0.00115
198893.162 -0.00019 -0.00377 -0.00110
198893.166 0.00051 -0.00302 -0.00033
198893.170 0.00099 -0.00342 -0.00073
198893.174 0.00098 -0.00279 -0.00143
198893.178 0.00127 -0.00155 -0.00117
198893.182 0.00120 -0.00260 -0.00126
198893.186 0.00087 -0.00272 -0.00098
198893.190 0.00110 -0.00305 -0.00075
198893.194 0.00054 -0.00283 -0.00070
198893.198 0.00101 -0.00202 -0.00052
198893.202 0.00129 -0.00316 -0.00154
198893.206 0.00059 -0.00241 -0.00134
198893.209 0.00223 -0.00206 0.00019
198893.214 0.00099 -0.00257 0.00000
198893.218 0.00052 -0.00257 -0.00019
198893.222 0.00070 -0.00209 0.00019
198893.226 0.00045 -0.00288 -0.00119
198893.230 0.00129 -0.00325 -0.00110
198893.234 0.00136 -0.00274 -0.00108
198893.238 0.00182 -0.00230 -0.00063
198893.242 0.00225 -0.00264 -0.00096
198893.246 0.00176 -0.00258 -0.00030
198893.250 0.00042 -0.00195 0.00031
198893.254 0.00098 -0.00271 -0.00056
198893.258 0.00052 -0.00183 -0.00049
198893.262 0.00024 -0.00147 -0.00122
198893.266 0.00093 -0.00120 -0.00051
198893.270 -0.00007 -0.00220 -0.00138
198893.274 0.00070 -0.00246 -0.00070
198893.278 0.00105 -0.00148 -0.00037
198893.282 0.00023 -0.00182 -0.00059
198893.286 0.00047 -0.00222 -0.00051
198893.290 0.00084 -0.00201 -0.00108
198893.294 0.00079 -0.00120 -0.00138
198893.298 0.00093 -0.00326 -0.00115
198893.302 0.00005 -0.00274 -0.00049
198893.306 0.00073 -0.00367 -0.00077
198893.310 0.00016 -0.00298 -0.00084
198893.314 0.00150 -0.00131 -0.00086
198893.318 0.00112 -0.00147 -0.00042
198893.322 0.00086 -0.00272 0.00000
198893.326 0.00108 -0.00260 -0.00019
198893.330 0.00129 -0.00318 0.00003
198893.334 0.00182 -0.00211 -0.00017
198893.339 0.00089 -0.00213 -0.00068
198893.342 0.00094 -0.00229 -0.00052
198893.346 0.00007 -0.00323 -0.00063
198893.350 0.00028 -0.00213 -0.00066
198893.354 0.00065 -0.00215 -0.00007
198893.358 0.00089 -0.00305 -0.00035
198893.362 0.00019 -0.00208 -0.00028
198893.366 0.00047 -0.00213 0.00017
198893.370 0.00129 -0.00140 -0.00044
198893.374 0.00075 -0.00150 -0.00045
198893.378 0.00122 -0.00288 -0.00061
198893.382 0.00028 -0.00188 -0.00126
198893.386 -0.00010 -0.00087 -0.00098
198893.390 -0.00019 -0.00091 -0.00059
198893.394 -0.00052 -0.00106 -0.00110
198893.398 0.00028 -0.00171 -0.00093
198893.402 -0.00040 -0.00264 -0.00073
198893.406 0.00016 -0.00333 -0.00098
198893.410 0.00045 -0.00319 -0.00059
198893.414 0.00038 -0.00257 -0.00110
198893.418 0.00066 -0.00286 -0.00168
198893.422 0.00014 -0.00218 -0.00079
198893.426 0.00180 -0.00201 -0.00084
198893.429 0.00239 -0.00391 -0.00117
198893.434 0.00073 -0.00412 -0.00126
198893.438 0.00061 -0.00281 -0.00082
198893.442 0.00073 -0.00293 -0.00056
198893.446 0.00061 -0.00175 0.00040
198893.450 0.00208 -0.00159 -0.00143
198893.454 0.00171 -0.00079 -0.00162
198893.458 0.00115 -0.00105 0.00028
198893.462 0.00058 -0.00276 -0.00072
198893.466 0.00042 -0.00230 -0.00007
198893.470 0.00143 -0.00309 -0.00127
198893.474 0.00124 -0.00269 -0.00068
198893.478 0.00089 -0.00290 -0.00066
198893.482 0.00019 -0.00279 -0.00157
198893.486 0.00047 -0.00278 -0.00136
198893.490 0.00099 -0.00216 -0.00054
198893.494 0.00068 -0.00185 -0.00033
198893.498 0.00119 -0.00297 -0.00087
198893.502 0.00162 -0.00281 -0.00178
198893.506 0.00145 -0.00201 -0.00066
198893.510 0.00079 -0.00241 -0.00051
198893.514 0.00077 -0.00312 -0.00122
198893.518 0.00091 -0.00195 -0.00126
198893.522 0.00065 -0.00255 -0.00112
198893.526 0.00089 -0.00134 -0.00140
198893.530 0.00126 -0.00239 -0.00190
198893.534 0.00105 -0.00251 -0.00204
198893.538 0.00175 -0.00284 -0.00087
198893.542 0.00117 -0.00278 -0.00147
198893.546 0.00103 -0.00246 -0.00058
198893.549 0.00082 -0.00178 -0.00065
198893.554 0.00154 -0.00250 -0.00112
198893.558 0.00171 -0.00269 -0.00093
198893.562 0.00147 -0.00304 -0.00089
198893.566 0.00035 -0.00208 -0.00162
198893.570 0.00171 -0.00152 -0.00106
198893.574 0.00162 -0.00288 -0.00077
198893.578 0.00143 -0.00370 -0.00159
198893.582 0.00065 -0.00271 -0.00182
198893.586 0.00073 -0.00199 -0.00127
198893.590 0.00150 -0.00255 -0.00113
198893.594 0.00080 -0.00271 -0.00019
198893.598 0.00168 -0.00335 -0.00009
198893.602 0.00010 -0.00351 0.00007
198893.606 0.00119 -0.00281 -0.00002
198893.610 0.00028 -0.00262 -0.00169
198893.614 0.00079 -0.00182 -0.00140
198893.618 0.00093 -0.00222 -0.00101
198893.622 0.00080 -0.00155 -0.00030
198893.626 0.00079 -0.00229 -0.00042
198893.630 0.00136 -0.00127 -0.00059
198893.634 0.00168 -0.00283 -0.00051
198893.638 0.00145 -0.00216 -0.00063
198893.642 0.00079 -0.00215 -0.00066
198893.646 0.00093 -0.00230 -0.00021
198893.650 0.00005 -0.00279 -0.00009
198893.654 0.00012 -0.00201 0.00007
198893.658 0.00134 -0.00150 0.00026
198893.662 0.00093 -0.00288 -0.00058
198893.666 0.00035 -0.00250 -0.00079
198893.670 0.00110 -0.00360 -0.00161
198893.674 0.00010 -0.00342 -0.00091
198893.678 -0.00014 -0.00232 -0.00028
198893.682 -0.00082 -0.00234 -0.00026
198893.686 0.00051 -0.00265 -0.00072
198893.691 0.00054 -0.00227 -0.00143
198893.694 0.00010 -0.00278 -0.00283
198893.698 0.00105 -0.00230 -0.00199
198893.702 -0.00019 -0.00234 -0.00222
198893.706 0.00096 -0.00265 -0.00227
198893.709 0.00127 -0.00333 -0.00290
198893.714 0.00166 -0.00215 -0.00110
198893.718 0.00054 -0.00276 -0.00063
198893.722 0.00161 -0.00215 -0.00005
198893.726 0.00188 -0.00140 -0.00021
198893.730 0.00091 -0.00209 -0.00084
198893.734 0.00065 -0.00229 -0.00101
198893.738 0.00044 -0.00248 -0.00091
198893.742 0.00159 -0.00148 -0.00133
198893.746 0.00023 -0.00168 -0.00024
198893.750 0.00122 -0.00096 -0.00101
198893.754 0.00180 -0.00108 -0.00061
198893.758 0.00148 -0.00171 -0.00094
198893.762 0.00140 -0.00188 -0.00209
198893.766 0.00079 -0.00178 -0.00073
198893.770 0.00002 -0.00340 -0.00054
198893.774 0.00087 -0.00291 -0.00017
198893.778 0.00080 -0.00325 -0.00070
198893.782 0.00047 -0.00258 -0.00052
198893.786 0.00054 -0.00286 -0.00017
198893.790 0.00086 -0.00234 0.00019
198893.794 0.00199 -0.00159 -0.00014
198893.798 0.00258 -0.00290 0.00005
198893.802 0.00140 -0.00279 -0.00002
198893.806 0.00199 -0.00246 -0.00094
198893.810 0.00049 -0.00148 0.00014
198893.814 -0.00005 -0.00168 -0.00059
198893.818 -0.00003 -0.00216 -0.00096
198893.822 0.00054 -0.00045 0.00014
198893.826 0.00106 -0.00075 0.00024
198893.829 0.00182 -0.00084 -0.00017
198893.834 0.00155 -0.00115 0.00016
198893.838 0.00073 -0.00229 -0.00033
198893.842 0.00127 -0.00079 -0.00063
198893.846 0.00110 -0.00038 -0.00010
198893.850 0.00031 -0.00134 0.00002
198893.854 0.00115 -0.00113 -0.00023
198893.858 0.00108 -0.00093 -0.00075
198893.862 0.00000 -0.00073 -0.00044
198893.866 0.00047 0.00021 -0.00126
198893.870 0.00045 0.00016 -0.00176
198893.874 0.00089 0.00000 -0.00115
198893.878 0.00042 -0.00213 -0.00159
198893.882 0.00119 -0.00255 -0.00110
198893.886 0.00140 -0.00175 -0.00127
198893.890 0.00098 -0.00019 0.00016
198893.894 0.00208 -0.00023 0.00024
198893.898 0.00178 -0.00084 -0.00093
198893.902 0.00199 -0.00175 -0.00197
198893.906 0.00099 0.00009 0.00028
198893.910 0.00119 -0.00030 0.00028
198893.914 0.00138 -0.00040 0.00042
198893.918 0.00129 -0.00075 0.00045
198893.922 0.00187 0.00037 0.00093
198893.926 0.00157 -0.00023 0.00000
198893.929 0.00044 -0.00054 -0.00009
198893.934 0.00134 -0.00077 -0.00101
198893.938 0.00127 -0.00129 -0.00065
198893.942 0.00216 -0.00141 -0.00101
198893.946 0.00119 -0.00024 -0.00201
198893.950 0.00183 0.00019 -0.00106
198893.954 0.00080 -0.00103 -0.00112
198893.958 0.00113 -0.00241 -0.00113
198893.962 -0.00026 -0.00262 -0.00127
198893.966 0.00086 -0.00101 -0.00028
198893.970 0.00024 -0.00089 -0.00016
198893.974 0.00068 -0.00176 -0.00042
198893.978 0.00141 -0.00155 -0.00124
198893.982 0.00099 -0.00119 -0.00101
198893.986 0.00089 -0.00094 -0.00141
198893.989 0.00190 -0.00133 -0.00016
198893.994 0.00188 -0.00023 0.00002
198893.998 0.00066 -0.00023 -0.00007
198894.002 0.00110 0.00019 0.00063
198894.006 0.00182 -0.00044 0.00007
198894.010 0.00126 -0.00105 -0.00052
198894.014 0.00065 -0.00136 -0.00007
198894.018 0.00065 -0.00099 -0.00086
198894.022 0.00124 -0.00044 -0.00120
198894.026 0.00094 -0.00225 -0.00145
198894.030 0.00087 -0.00152 -0.00197
198894.034 0.00161 -0.00119 -0.00150
198894.039 0.00225 -0.00169 -0.00122
198894.042 0.00182 -0.00063 -0.00056
198894.046 0.00126 -0.00003 -0.00204
198894.050 0.00155 -0.00065 -0.00091
198894.054 0.00117 0.00054 -0.00063
198894.058 0.00154 -0.00049 -0.00086
198894.062 0.00073 -0.00016 -0.00106
198894.066 -0.00007 -0.00082 -0.00141
198894.070 0.00061 -0.00115 -0.00091
198894.074 -0.00010 -0.00079 -0.00093
198894.078 0.00000 -0.00024 -0.00138
198894.082 0.00063 -0.00009 -0.00059
198894.086 0.00033 0.00038 -0.00024
198894.090 0.00042 0.00005 -0.00030
198894.094 0.00058 -0.00031 -0.00061
198894.098 0.00093 -0.00101 -0.00054
198894.102 0.00072 -0.00120 -0.00113
198894.106 0.00157 -0.00094 -0.00129
198894.110 0.00194 -0.00058 -0.00162
198894.114 0.00098 -0.00063 -0.00126
198894.118 0.00044 -0.00019 -0.00176
198894.122 -0.00030 -0.00038 -0.00131
198894.126 0.00175 -0.00044 -0.00103
198894.130 0.00154 0.00014 -0.00051
198894.134 0.00042 -0.00059 -0.00127
198894.138 0.00119 -0.00003 -0.00072
198894.142 0.00049 0.00145 -0.00192
198894.146 0.00134 0.00049 -0.00194
198894.149 0.00234 -0.00171 -0.00255
198894.154 0.00168 -0.00154 -0.00166
198894.158 0.00182 -0.00058 -0.00082
198894.162 0.00215 -0.00154 -0.00105
198894.166 0.00209 -0.00073 -0.00155
198894.170 0.00147 -0.00066 -0.00140
198894.174 0.00086 -0.00112 -0.00211
198894.178 0.00161 -0.00031 -0.00124
198894.182 0.00150 -0.00192 -0.00056
198894.186 0.00072 -0.00204 -0.00173
198894.190 0.00051 -0.00010 -0.00159
198894.194 0.00182 0.00007 -0.00094
198894.198 0.00080 -0.00077 -0.00094
198894.202 0.00129 -0.00052 -0.00154
198894.206 0.00157 -0.00077 -0.00108
198894.210 0.00073 -0.00188 -0.00173
198894.214 0.00096 -0.00127 -0.00098
198894.218 0.00178 -0.00037 -0.00079
198894.222 0.00183 -0.00012 -0.00075
198894.226 0.00201 0.00023 -0.00133
198894.230 0.00206 -0.00208 -0.00239
198894.234 0.00147 -0.00133 -0.00131
198894.238 0.00115 -0.00084 -0.00133
198894.242 0.00138 -0.00009 -0.00012
198894.246 0.00143 -0.00051 -0.00042
198894.250 0.00070 -0.00106 -0.00065
198894.254 0.00155 -0.00061 -0.00070
198894.258 0.00208 -0.00003 -0.00058
198894.262 0.00208 -0.00080 -0.00054
198894.266 0.00117 -0.00038 -0.00157
198894.269 0.00168 -0.00028 -0.00216
198894.274 0.00091 -0.00101 -0.00110
198894.278 0.00072 -0.00105 -0.00141
198894.282 0.00157 -0.00075 -0.00241
198894.286 0.00194 -0.00084 -0.00131
198894.290 0.00127 -0.00010 -0.00087
198894.294 0.00171 -0.00021 -0.00122
198894.298 0.00152 -0.00068 -0.00070
198894.302 0.00117 -0.00066 -0.00072
198894.306 0.00063 -0.00065 -0.00133
198894.310 0.00169 -0.00080 0.00000
198894.314 0.00288 0.00003 -0.00052
198894.318 0.00122 0.00087 -0.00159
198894.322 0.00094 -0.00040 -0.00169
198894.326 0.00162 -0.00073 -0.00113
198894.330 0.00225 -0.00037 0.00035
198894.334 0.00136 0.00000 -0.00028
198894.338 0.00084 -0.00077 -0.00136
198894.342 0.00234 -0.00009 -0.00134
198894.346 0.00169 -0.00110 -0.00105
198894.350 0.00211 -0.00047 -0.00141
198894.354 0.00194 -0.00091 -0.00091
198894.358 0.00218 -0.00087 -0.00168
198894.362 0.00089 -0.00192 -0.00264
198894.366 0.00070 -0.00113 -0.00197
198894.370 0.00080 -0.00063 -0.00120
198894.374 0.00009 -0.00110 -0.00010
198894.378 0.00080 -0.00093 -0.00056
198894.382 0.00098 -0.00087 -0.00084
198894.386 0.00133 -0.00117 -0.00106
198894.391 0.00173 -0.00049 0.00037
198894.393 0.00168 0.00028 -0.00012
198894.398 0.00106 -0.00161 -0.00103
198894.402 0.00016 -0.00150 -0.00065
198894.406 0.00096 0.00002 -0.00086
198894.410 0.00117 -0.00017 -0.00077
198894.414 0.00124 -0.00052 -0.00058
198894.418 0.00080 0.00012 -0.00145
198894.422 0.00143 -0.00045 -0.00077
198894.426 0.00161 0.00014 -0.00134
198894.429 0.00089 -0.00073 -0.00269
198894.434 0.00115 0.00005 -0.00260
198894.438 0.00077 0.00028 -0.00182
198894.442 0.00082 -0.00131 -0.00206
198894.446 0.00175 -0.00248 -0.00152
198894.450 0.00108 -0.00098 -0.00049
198894.454 0.00091 0.00045 -0.00005
198894.458 0.00026 -0.00112 -0.00115
198894.462 0.00038 -0.00017 -0.00084
198894.466 0.00119 -0.00023 -0.00075
198894.470 0.00079 -0.00145 -0.00073
198894.474 0.00098 -0.00026 -0.00058
198894.478 0.00103 0.00019 -0.00129
198894.482 0.00105 0.00000 -0.00103
198894.486 0.00030 -0.00077 -0.00126
198894.489 0.00115 0.00019 -0.00087
198894.494 0.00017 -0.00073 0.00058
198894.498 0.00007 -0.00023 0.00096
198894.502 0.00110 -0.00009 0.00030
198894.506 0.00120 -0.00141 -0.00150
198894.510 0.00110 -0.00099 -0.00154
198894.514 0.00061 -0.00059 -0.00094
198894.518 0.00213 -0.00094 0.00026
198894.522 0.00194 -0.00044 -0.00016
198894.526 0.00159 -0.00134 -0.00119
198894.530 0.00103 -0.00023 -0.00190
198894.534 0.00014 -0.00115 -0.00148
198894.538 0.00051 -0.00093 -0.00197
198894.542 0.00061 -0.00042 -0.00075
198894.546 0.00215 -0.00059 -0.00089
198894.549 0.00253 -0.00003 -0.00061
198894.554 0.00113 -0.00169 -0.00145
198894.558 0.00168 -0.00063 -0.00077
198894.562 0.00061 -0.00019 -0.00089
198894.566 0.00017 -0.00009 -0.00138
198894.570 0.00007 -0.00126 -0.00105
198894.574 0.00079 -0.00035 -0.00051
198894.578 0.00173 -0.00119 -0.00157
198894.582 0.00168 -0.00065 -0.00140
198894.586 0.00197 -0.00096 -0.00091
198894.590 0.00113 -0.00028 -0.00047
198894.594 0.00093 -0.00056 -0.00141
198894.598 0.00087 0.00010 -0.00091
198894.602 0.00086 0.00000 -0.00197
198894.606 0.00129 0.00040 -0.00061
198894.610 0.00096 0.00007 0.00019
198894.614 0.00117 -0.00002 -0.00003
198894.618 0.00017 0.00010 -0.00024
198894.622 0.00098 -0.00105 -0.00044
198894.626 0.00058 -0.00152 -0.00141
198894.630 0.00077 -0.00073 -0.00150
198894.634 0.00143 -0.00141 -0.00154
198894.638 0.00131 -0.00176 -0.00154
198894.642 0.00066 -0.00094 -0.00033
198894.646 0.00049 -0.00119 -0.00077
198894.649 0.00166 -0.00065 -0.00148
198894.654 0.00045 -0.00005 -0.00063
198894.658 0.00105 -0.00019 0.00003
198894.662 0.00120 0.00005 -0.00066
198894.666 0.00065 -0.00045 -0.00117
198894.670 0.00003 -0.00061 -0.00084
198894.674 0.00019 0.00086 -0.00182
198894.678 0.00007 0.00017 -0.00131
198894.682 0.00065 0.00016 -0.00103
198894.686 0.00049 -0.00028 -0.00035
198894.690 0.00059 -0.00115 -0.00183
198894.694 0.00003 -0.00140 -0.00192
198894.698 0.00169 -0.00250 -0.00178
198894.702 0.00093 -0.00234 -0.00176
198894.706 0.00117 -0.00140 -0.00086
198894.709 0.00122 0.00003 -0.00091
198894.714 0.00110 -0.00002 0.00042
198894.718 0.00091 -0.00049 -0.00058
198894.722 0.00147 -0.00045 -0.00084
198894.726 0.00161 0.00089 -0.00136
198894.730 0.00195 -0.00054 -0.00194
198894.734 0.00129 -0.00168 -0.00044
198894.739 0.00096 -0.00061 -0.00155
198894.742 0.00133 -0.00110 -0.00124
198894.746 0.00007 -0.00122 -0.00115
198894.750 0.00065 -0.00140 -0.00099
198894.754 0.00140 -0.00054 -0.00080
198894.758 0.00188 0.00026 -0.00059
198894.762 0.00187 0.00002 -0.00054
198894.766 0.00232 0.00087 -0.00098
198894.770 0.00213 -0.00056 -0.00094
198894.774 0.00133 0.00010 -0.00017
198894.778 0.00127 0.00000 -0.00058
198894.782 0.00096 0.00040 -0.00024
198894.786 0.00058 -0.00007 -0.00105
198894.790 0.00108 -0.00019 -0.00112
198894.794 0.00075 -0.00068 -0.00098
198894.798 0.00037 -0.00037 -0.00079
198894.802 0.00058 -0.00119 -0.00089
198894.806 0.00077 -0.00049 -0.00093
198894.810 0.00098 0.00058 -0.00138
198894.814 0.00028 0.00056 -0.00044
198894.818 0.00024 0.00056 -0.00019
198894.822 0.00159 -0.00003 -0.00105
198894.826 0.00148 -0.00049 -0.00126
198894.830 0.00072 -0.00120 -0.00131
198894.834 0.00080 -0.00065 -0.00148
198894.838 0.00023 -0.00019 -0.00152
198894.842 0.00038 -0.00084 -0.00183
198894.846 0.00058 0.00065 -0.00101
198894.850 0.00031 0.00042 -0.00171
198894.854 0.00026 0.00052 -0.00159
198894.858 0.00115 0.00099 -0.00126
198894.862 0.00093 -0.00112 -0.00072
198894.866 0.00133 -0.00047 -0.00058
198894.869 0.00052 -0.00045 -0.00023
198894.874 0.00031 0.00000 -0.00059
198894.878 0.00161 -0.00049 -0.00070
198894.882 0.00150 -0.00061 -0.00072
198894.886 0.00147 -0.00169 -0.00042
198894.890 0.00072 -0.00183 -0.00169
198894.894 0.00096 -0.00021 -0.00113
198894.898 0.00148 -0.00023 -0.00068
198894.902 0.00056 -0.00099 -0.00133
198894.906 0.00168 -0.00105 -0.00042
198894.910 0.00077 -0.00227 -0.00140
198894.914 0.00037 -0.00093 -0.00016
198894.918 0.00012 -0.00162 -0.00087
198894.922 0.00051 -0.00197 -0.00136
198894.926 0.00106 -0.00099 -0.00180
198894.930 0.00091 -0.00028 -0.00131
198894.934 0.00072 -0.00072 -0.00148
198894.938 0.00080 -0.00112 -0.00168
198894.942 0.00113 -0.00138 -0.00157
198894.946 0.00138 -0.00054 -0.00140
198894.950 0.00159 0.00042 -0.00136
198894.954 0.00209 0.00021 -0.00089
198894.958 0.00117 -0.00087 -0.00243
198894.962 0.00124 0.00017 -0.00087
198894.966 0.00169 0.00045 -0.00152
198894.970 0.00122 0.00023 -0.00183
198894.974 0.00169 0.00031 -0.00087
198894.978 0.00182 -0.00070 -0.00091
198894.982 0.00094 -0.00021 -0.00047
198894.986 0.00072 0.00049 0.00007
198894.989 0.00066 -0.00080 -0.00082
198894.994 0.00110 0.00051 -0.00105
198894.998 0.00075 0.00068 -0.00112
198895.002 0.00098 0.00044 -0.00068
198895.006 0.00087 0.00023 -0.00117
198895.010 0.00131 -0.00087 -0.00129
198895.014 0.00112 0.00017 -0.00072
198895.018 0.00106 0.00075 -0.00087
198895.022 0.00105 0.00000 -0.00077
198895.026 0.00105 -0.00047 -0.00194
198895.030 0.00134 -0.00120 -0.00164
198895.034 0.00127 -0.00155 -0.00066
198895.038 0.00096 -0.00044 -0.00206
198895.042 0.00192 0.00059 -0.00168
198895.046 0.00173 -0.00017 -0.00157
198895.050 0.00093 -0.00068 -0.00155
198895.054 0.00147 0.00007 -0.00140
198895.058 0.00131 0.00000 -0.00195
198895.062 0.00051 -0.00079 -0.00120
198895.066 0.00016 -0.00084 -0.00086
198895.070 0.00096 -0.00145 -0.00106
198895.074 0.00103 0.00017 -0.00126
198895.078 0.00089 -0.00044 -0.00026
198895.082 0.00115 -0.00045 -0.00091
198895.086 0.00183 -0.00045 -0.00077
198895.091 0.00126 -0.00105 -0.00103
198895.094 0.00096 0.00133 -0.00141
198895.098 0.00133 0.00166 -0.00059
198895.102 0.00098 -0.00035 -0.00054
198895.106 0.00012 -0.00087 -0.00068
198895.110 0.00096 -0.00026 -0.00087
198895.114 0.00042 -0.00024 0.00012
198895.118 0.00073 -0.00099 -0.00019
198895.122 0.00157 0.00014 -0.00119
198895.126 0.00178 -0.00014 -0.00115
198895.130 0.00094 -0.00066 -0.00159
198895.134 0.00133 -0.00051 -0.00126
198895.138 0.00187 -0.00002 -0.00086
198895.142 0.00096 -0.00019 -0.00106
198895.146 0.00178 -0.00038 -0.00141
198895.149 0.00049 -0.00087 -0.00091
198895.154 0.00075 0.00017 -0.00122
198895.158 0.00141 0.00000 -0.00161
198895.162 0.00086 -0.00002 -0.00201
198895.166 0.00115 -0.00003 -0.00120
198895.170 0.00093 -0.00124 -0.00145
198895.174 0.00101 0.00023 -0.00122
198895.178 0.00089 -0.00042 -0.00190
198895.182 0.00024 -0.00075 -0.00164
198895.186 0.00024 -0.00113 -0.00082
198895.190 0.00024 -0.00033 -0.00075
198895.194 0.00068 -0.00056 -0.00028
198895.198 0.00155 -0.00033 -0.00272
198895.202 0.00089 -0.00010 -0.00185
198895.206 -0.00003 -0.00157 -0.00117
198895.209 0.00120 -0.00119 -0.00084
198895.214 0.00140 -0.00049 -0.00150
198895.218 0.00054 -0.00091 -0.00108
198895.222 0.00031 0.00016 -0.00112
198895.226 -0.00033 0.00045 -0.00173
198895.230 0.00084 0.00007 -0.00113
198895.234 0.00084 -0.00061 -0.00129
198895.238 0.00084 -0.00140 -0.00133
198895.242 0.00084 -0.00145 -0.00103
198895.246 0.00084 -0.00040 -0.00155
198895.250 0.00009 -0.00134 -0.00169
198895.254 0.00126 -0.00159 -0.00188
198895.258 0.00185 -0.00075 -0.00148
198895.262 0.00051 -0.00234 -0.00108
198895.266 0.00061 -0.00003 -0.00202
198895.270 0.00033 0.00129 -0.00045
198895.274 0.00101 0.00030 -0.00051
198895.278 0.00089 -0.00010 -0.00096
198895.282 0.00147 0.00052 -0.00049
198895.286 0.00101 -0.00049 -0.00112
198895.290 0.00073 -0.00031 -0.00143
198895.294 0.00082 0.00079 -0.00061
198895.298 0.00129 -0.00073 -0.00115
198895.302 0.00187 -0.00052 -0.00188
198895.306 0.00126 -0.00106 -0.00164
198895.310 0.00051 -0.00031 -0.00080
198895.314 0.00045 0.00047 -0.00014
198895.318 0.00059 -0.00096 -0.00133
198895.322 0.00183 -0.00014 -0.00119
198895.326 0.00187 -0.00021 -0.00040
198895.330 0.00066 0.00019 0.00024
198895.334 0.00140 0.00000 -0.00017
198895.338 0.00084 -0.00122 -0.00073
198895.342 0.00129 -0.00155 -0.00223
198895.346 0.00187 -0.00103 -0.00187
198895.350 0.00112 -0.00166 -0.00103
198895.354 0.00122 -0.00106 -0.00110
198895.358 0.00065 -0.00152 -0.00143
198895.362 0.00079 -0.00103 -0.00166
198895.366 0.00113 -0.00075 -0.00173
198895.369 0.00138 -0.00052 -0.00098
198895.374 0.00113 -0.00033 -0.00110
198895.378 0.00152 0.00047 -0.00113
198895.382 0.00162 -0.00080 -0.00052
198895.386 0.00075 -0.00040 -0.00127
198895.390 0.00112 -0.00089 -0.00087
198895.394 0.00031 -0.00101 -0.00077
198895.398 0.00131 -0.00075 -0.00058
198895.402 0.00126 -0.00113 -0.00129
198895.406 0.00201 -0.00183 -0.00087
198895.410 0.00099 -0.00080 -0.00122
198895.414 0.00103 -0.00070 -0.00145
198895.418 0.00105 0.00007 -0.00257
198895.422 0.00105 -0.00077 -0.00166
198895.426 0.00059 -0.00113 -0.00187
198895.429 0.00093 -0.00033 -0.00058
198895.434 0.00012 -0.00056 -0.00098
198895.439 0.00126 -0.00079 -0.00110
198895.442 0.00260 -0.00054 -0.00066
198895.446 0.00297 -0.00077 -0.00147
198895.450 0.00185 -0.00129 -0.00168
198895.454 0.00216 0.00023 -0.00082
198895.458 0.00119 -0.00176 -0.00150
198895.462 0.00108 -0.00201 -0.00138
198895.466 0.00091 -0.00024 -0.00180
198895.470 0.00026 -0.00099 -0.00070
198895.474 0.00054 -0.00091 0.00017
198895.478 0.00031 -0.00072 -0.00124
198895.482 0.00026 -0.00143 -0.00131
198895.486 0.00070 -0.00024 -0.00208
198895.490 0.00080 -0.00040 -0.00183
198895.494 0.00054 -0.00014 -0.00072
198895.498 0.00106 -0.00007 -0.00026
198895.502 0.00091 -0.00096 -0.00091
198895.506 0.00086 0.00016 -0.00047
198895.510 0.00131 -0.00044 -0.00080
198895.514 0.00096 -0.00120 -0.00091
198895.518 0.00192 -0.00110 -0.00152
198895.522 0.00234 -0.00182 -0.00108
198895.526 0.00154 -0.00187 -0.00141
198895.530 0.00148 -0.00066 -0.00106
198895.534 0.00072 -0.00096 -0.00021
198895.538 0.00112 -0.00073 -0.00119
198895.542 0.00182 -0.00098 -0.00054
198895.546 0.00140 -0.00089 -0.00068
198895.550 0.00159 0.00077 0.00002
198895.554 0.00073 -0.00028 -0.00082
198895.558 0.00112 -0.00056 -0.00150
198895.562 0.00152 -0.00033 -0.00154
198895.566 0.00087 0.00136 -0.00063
198895.570 0.00145 0.00077 -0.00161
198895.574 0.00024 -0.00058 -0.00096
198895.578 0.00188 -0.00138 -0.00138
198895.582 0.00187 -0.00115 -0.00075
198895.586 0.00216 -0.00017 -0.00073
198895.589 0.00089 -0.00068 -0.00012
198895.594 0.00131 0.00007 -0.00103
198895.598 0.00127 -0.00031 -0.00096
198895.602 0.00065 0.00002 -0.00124
198895.606 0.00126 -0.00108 -0.00026
198895.610 0.00080 -0.00136 -0.00061
198895.614 0.00054 -0.00054 0.00049
198895.618 0.00016 -0.00227 -0.00101
198895.622 0.00066 -0.00124 -0.00126
198895.626 0.00080 0.00068 -0.00131
198895.630 0.00038 -0.00014 -0.00103
198895.634 0.00148 -0.00023 -0.00141
198895.638 0.00192 -0.00038 -0.00120
198895.642 0.00127 0.00030 -0.00099
198895.646 0.00112 0.00049 -0.00003
198895.650 0.00106 0.00009 -0.00040
198895.654 0.00136 -0.00031 -0.00033
198895.658 0.00143 -0.00040 -0.00154
198895.662 0.00129 -0.00014 -0.00033
198895.666 0.00171 -0.00112 -0.00168
198895.670 0.00077 -0.00229 -0.00082
198895.674 0.00143 -0.00063 -0.00059
198895.678 0.00070 0.00038 -0.00099
198895.682 0.00155 0.00066 -0.00094
198895.686 0.00000 -0.00091 -0.00108
198895.690 0.00197 0.00016 -0.00127
198895.694 0.00054 -0.00044 -0.00208
198895.698 0.00168 0.00028 -0.00168
198895.702 0.00061 0.00063 -0.00068
198895.706 0.00049 -0.00047 -0.00087
198895.709 0.00150 0.00014 -0.00136
198895.714 0.00026 -0.00014 -0.00195
198895.718 0.00054 -0.00098 -0.00044
198895.722 0.00136 -0.00105 -0.00035
198895.726 0.00038 -0.00166 -0.00079
198895.730 0.00223 -0.00106 -0.00014
198895.734 0.00182 0.00028 -0.00058
198895.738 0.00230 0.00049 -0.00068
198895.742 0.00229 -0.00035 -0.00042
198895.746 0.00138 -0.00028 -0.00049
198895.750 0.00159 -0.00010 -0.00112
198895.754 0.00195 0.00068 -0.00098
198895.758 0.00143 -0.00030 -0.00110
198895.762 0.00054 0.00017 -0.00112
198895.766 0.00002 -0.00044 -0.00143
198895.770 0.00047 -0.00119 -0.00120
198895.774 0.00075 -0.00035 -0.00070
198895.778 0.00066 -0.00117 -0.00101
198895.782 0.00126 0.00070 -0.00080
198895.786 0.00140 0.00044 -0.00075
198895.791 0.00159 -0.00007 0.00000
198895.793 0.00073 -0.00005 -0.00038
198895.798 0.00112 0.00099 -0.00079
198895.802 0.00061 0.00021 -0.00209
198895.806 0.00154 0.00106 -0.00124
198895.810 0.00058 -0.00005 -0.00131
198895.814 0.00108 0.00054 -0.00223
198895.818 0.00075 -0.00124 -0.00157
198895.822 0.00098 -0.00066 -0.00155
198895.826 0.00073 -0.00126 -0.00019
198895.830 0.00066 -0.00037 -0.00044
198895.834 0.00080 -0.00012 -0.00080
198895.838 0.00054 -0.00112 -0.00089
198895.842 0.00045 -0.00093 -0.00138
198895.846 0.00120 0.00016 -0.00150
198895.850 0.00065 -0.00044 -0.00122
198895.854 0.00169 -0.00075 0.00003
198895.858 0.00257 0.00066 -0.00007
198895.862 0.00250 0.00058 -0.00101
198895.866 0.00112 -0.00003 -0.00096
198895.869 0.00106 -0.00124 -0.00017
198895.874 0.00075 -0.00021 -0.00058
198895.878 0.00143 -0.00023 -0.00009
198895.882 0.00070 0.00049 0.00033
198895.886 0.00065 -0.00035 -0.00150
198895.890 0.00140 -0.00133 -0.00122
198895.894 0.00175 -0.00082 -0.00072
198895.898 0.00033 -0.00175 -0.00058
198895.902 0.00101 -0.00003 -0.00068
198895.906 0.00089 -0.00094 -0.00117
198895.910 0.00056 -0.00133 -0.00264
198895.914 0.00077 -0.00218 -0.00213
198895.918 0.00098 -0.00091 -0.00110
198895.922 0.00223 -0.00056 -0.00082
198895.926 0.00211 -0.00138 -0.00045
198895.929 0.00312 -0.00115 -0.00126
198895.934 0.00265 -0.00124 -0.00010
198895.938 0.00147 -0.00185 -0.00192
198895.942 0.00131 -0.00066 -0.00014
198895.946 0.00037 -0.00021 -0.00072
198895.950 0.00133 -0.00024 0.00016
198895.954 0.00082 -0.00054 -0.00108
198895.958 0.00143 0.00042 0.00007
198895.962 0.00175 0.00007 -0.00080
198895.966 0.00183 -0.00106 -0.00136
198895.970 0.00140 -0.00031 -0.00134
198895.974 0.00113 -0.00072 -0.00164
198895.978 0.00108 -0.00052 -0.00007
198895.982 0.00059 0.00058 -0.00054
198895.986 0.00124 -0.00079 -0.00234
198895.989 0.00185 -0.00038 -0.00161
198895.994 0.00096 -0.00133 -0.00171
198895.998 0.00072 -0.00159 -0.00113
198896.002 0.00066 -0.00150 -0.00084
198896.006 0.00215 -0.00103 0.00044
198896.010 0.00059 -0.00045 0.00002
198896.014 0.00138 -0.00089 -0.00082
198896.018 0.00159 -0.00072 -0.00075
198896.022 0.00105 0.00007 -0.00073
198896.026 0.00209 -0.00166 -0.00164
198896.030 0.00058 -0.00061 -0.00110
198896.034 -0.00010 0.00040 -0.00009
198896.038 0.00014 -0.00068 -0.00024
198896.042 0.00066 -0.00066 -0.00030
198896.047 0.00155 -0.00005 -0.00016
198896.050 0.00058 -0.00003 0.00031
198896.054 0.00122 0.00024 0.00014
198896.058 0.00094 0.00031 -0.00065
198896.062 0.00117 0.00035 -0.00010
198896.066 0.00183 -0.00054 -0.00026
198896.070 0.00035 -0.00047 -0.00150
198896.074 0.00206 0.00012 -0.00049
198896.078 0.00072 0.00014 -0.00005
198896.082 0.00096 -0.00134 -0.00070
198896.086 0.00103 -0.00023 -0.00042
198896.089 0.00105 -0.00129 -0.00080
198896.094 0.00089 -0.00127 -0.00089
198896.098 0.00161 -0.00066 -0.00031
198896.102 0.00164 -0.00065 -0.00138
198896.106 0.00136 -0.00126 -0.00089
198896.110 0.00068 -0.00127 -0.00047
198896.114 0.00110 -0.00035 -0.00051
198896.118 0.00152 -0.00119 -0.00066
198896.122 0.00162 -0.00033 -0.00072
198896.126 0.00166 -0.00101 -0.00042
198896.130 0.00120 -0.00045 -0.00094
198896.134 0.00140 -0.00030 -0.00154
198896.139 0.00188 -0.00010 -0.00124
198896.142 0.00112 -0.00005 -0.00026
198896.146 0.00091 0.00009 -0.00091
198896.149 0.00086 -0.00211 -0.00122
198896.154 0.00176 -0.00058 -0.00147
198896.158 0.00154 -0.00108 -0.00122
198896.162 0.00133 -0.00122 -0.00131
198896.166 0.00232 -0.00094 -0.00133
198896.170 0.00093 -0.00194 -0.00148
198896.174 0.00087 -0.00054 -0.00063
198896.178 0.00086 -0.00063 0.00019
198896.182 0.00009 -0.00110 -0.00033
198896.186 0.00005 -0.00047 0.00010
198896.190 0.00033 -0.00091 -0.00019
198896.194 0.00147 -0.00012 -0.00119
198896.198 0.00147 -0.00096 -0.00115
198896.202 0.00101 -0.00134 -0.00129
198896.206 0.00089 -0.00007 0.00002
198896.210 0.00026 -0.00126 0.00051
198896.214 -0.00051 -0.00187 -0.00054
198896.218 0.00110 -0.00157 -0.00038
198896.222 0.00091 -0.00119 -0.00124
198896.226 0.00056 -0.00155 -0.00070
198896.230 0.00063 -0.00164 -0.00072
198896.234 0.00033 -0.00061 -0.00103
198896.238 0.00086 -0.00124 -0.00155
198896.242 -0.00019 -0.00126 -0.00185
198896.246 0.00117 0.00052 -0.00056
198896.250 0.00108 -0.00049 -0.00129
198896.254 0.00091 -0.00016 -0.00178
198896.258 0.00040 -0.00007 -0.00161
198896.262 0.00073 -0.00096 -0.00126
198896.266 0.00157 -0.00058 -0.00101
198896.270 0.00073 -0.00108 -0.00080
198896.274 0.00157 -0.00016 -0.00105
198896.278 0.00134 -0.00068 -0.00126
198896.282 0.00112 -0.00126 -0.00147
198896.286 0.00152 0.00098 -0.00138
198896.290 0.00208 0.00007 -0.00089
198896.294 0.00147 -0.00106 -0.00017
198896.298 0.00147 -0.00152 -0.00103
198896.302 0.00070 -0.00028 -0.00126
198896.306 0.00096 -0.00070 -0.00147
198896.310 0.00058 -0.00096 -0.00106
198896.314 0.00077 -0.00028 -0.00082
198896.318 0.00023 -0.00040 0.00014
198896.322 0.00188 -0.00134 -0.00005
198896.326 0.00218 -0.00007 -0.00010
198896.330 0.00255 -0.00005 -0.00010
198896.334 0.00145 -0.00065 -0.00012
198896.338 0.00206 -0.00019 -0.00087
198896.342 0.00237 0.00065 -0.00002
198896.346 0.00124 -0.00016 -0.00068
198896.350 0.00065 -0.00113 -0.00087
198896.354 0.00140 -0.00002 -0.00136
198896.358 0.00113 -0.00169 -0.00195
198896.362 0.00017 -0.00047 -0.00030
198896.366 0.00052 0.00000 -0.00045
198896.370 0.00045 0.00056 0.00007
198896.374 0.00014 0.00161 -0.00126
198896.378 0.00066 -0.00112 -0.00117
198896.382 0.00094 0.00042 -0.00009
198896.386 0.00058 -0.00007 -0.00056
198896.390 0.00168 -0.00065 -0.00054
198896.394 0.00122 -0.00171 -0.00038
198896.398 0.00049 -0.00122 -0.00063
198896.402 0.00075 -0.00080 -0.00115
198896.406 0.00127 0.00019 -0.00054
198896.410 0.00141 -0.00028 -0.00127
198896.414 0.00175 -0.00040 -0.00087
198896.418 0.00079 -0.00059 -0.00031
198896.422 0.00127 -0.00063 0.00042
198896.426 0.00171 -0.00110 -0.00103
198896.429 0.00197 -0.00168 -0.00110
198896.434 0.00175 0.00042 -0.00098
198896.438 0.00108 -0.00052 -0.00094
198896.442 0.00075 -0.00063 -0.00094
198896.446 0.00113 0.00084 -0.00033
198896.450 0.00077 -0.00101 -0.00138
198896.454 0.00082 -0.00164 -0.00030
198896.458 0.00113 0.00028 0.00058
198896.462 0.00152 -0.00010 -0.00038
198896.466 0.00072 0.00023 -0.00033
198896.470 0.00141 -0.00101 -0.00199
198896.474 0.00190 -0.00075 -0.00105
198896.478 0.00143 0.00005 -0.00080
198896.482 0.00159 0.00012 -0.00045
198896.486 0.00194 0.00044 -0.00080
198896.491 0.00129 -0.00021 -0.00089
198896.494 0.00005 0.00035 -0.00002
198896.498 0.00110 -0.00113 -0.00024
198896.502 0.00150 -0.00154 -0.00105
198896.506 0.00162 -0.00223 -0.00096
198896.510 0.00120 -0.00182 -0.00108
198896.514 0.00260 -0.00066 -0.00157
198896.518 0.00086 -0.00126 -0.00124
198896.522 0.00054 -0.00051 -0.00115
198896.526 0.00077 -0.00077 -0.00084
198896.530 0.00037 -0.00175 -0.00016
198896.534 0.00147 0.00010 0.00002
198896.538 0.00117 -0.00091 -0.00084
198896.542 0.00077 0.00002 -0.00075
198896.546 0.00113 -0.00063 -0.00164
198896.550 0.00106 -0.00169 -0.00141
198896.554 0.00120 -0.00002 -0.00061
198896.558 0.00049 -0.00033 0.00003
198896.562 0.00030 -0.00012 0.00037
198896.566 0.00101 0.00007 -0.00089
198896.570 0.00225 0.00012 -0.00152
198896.574 0.00150 -0.00044 -0.00138
198896.578 0.00162 -0.00120 -0.00134
198896.582 0.00180 -0.00110 -0.00134
198896.586 0.00124 0.00042 -0.00089
198896.589 0.00140 -0.00127 -0.00106
198896.594 0.00145 -0.00141 -0.00096
198896.598 0.00145 0.00017 -0.00079
198896.602 0.00145 0.00152 0.00000
198896.606 0.00070 0.00096 0.00035
198896.610 0.00066 -0.00143 -0.00073
198896.614 0.00126 -0.00086 -0.00058
198896.618 0.00140 0.00047 -0.00099
198896.622 0.00129 0.00129 0.00009
198896.626 0.00157 -0.00014 -0.00126
198896.630 0.00073 0.00037 -0.00042
198896.634 0.00037 -0.00023 -0.00155
198896.638 0.00042 -0.00129 -0.00154
198896.642 0.00180 -0.00007 -0.00124
198896.646 0.00079 0.00070 -0.00010
198896.649 0.00159 -0.00016 -0.00117
198896.654 0.00148 -0.00082 -0.00099
198896.658 0.00101 -0.00040 -0.00215
198896.662 0.00134 -0.00058 -0.00155
198896.666 0.00082 -0.00033 -0.00079
198896.670 0.00279 -0.00012 -0.00089
198896.674 0.00182 0.00023 -0.00077
198896.678 0.00155 -0.00087 0.00000
198896.682 0.00000 0.00047 -0.00068
198896.686 0.00077 -0.00035 -0.00147
198896.690 0.00007 -0.00103 -0.00077
198896.694 0.00094 -0.00059 -0.00148
198896.698 0.00056 -0.00065 -0.00213
198896.702 0.00213 -0.00065 -0.00169
198896.706 0.00133 -0.00126 -0.00113
198896.709 0.00112 -0.00051 -0.00234
198896.714 0.00197 -0.00045 -0.00250
198896.718 0.00024 -0.00045 -0.00164
198896.722 0.00084 -0.00091 -0.00157
198896.726 0.00084 0.00047 -0.00080
198896.730 0.00220 -0.00051 0.00014
198896.734 0.00166 -0.00120 -0.00110
198896.738 0.00061 -0.00035 -0.00098
198896.742 0.00093 -0.00133 -0.00049
198896.746 0.00223 -0.00009 -0.00080
198896.750 0.00150 -0.00080 -0.00091
198896.754 0.00162 0.00080 -0.00061
198896.758 0.00195 0.00002 -0.00086
198896.762 0.00113 -0.00077 -0.00045
198896.766 0.00093 -0.00038 0.00023
198896.770 0.00042 -0.00089 -0.00138
198896.774 0.00194 -0.00026 -0.00045
198896.778 0.00127 -0.00024 -0.00005
198896.782 0.00096 -0.00070 -0.00054
198896.786 0.00192 0.00007 -0.00113
198896.790 0.00173 -0.00045 -0.00068
198896.794 0.00154 -0.00105 -0.00012
198896.798 0.00162 0.00028 0.00047
198896.802 0.00075 0.00002 -0.00086
198896.806 0.00052 0.00058 -0.00106
198896.809 0.00091 0.00010 -0.00066
198896.814 0.00162 -0.00059 -0.00056
198896.818 0.00089 -0.00079 -0.00113
198896.822 0.00101 -0.00054 -0.00084
198896.826 0.00119 -0.00108 -0.00105
198896.830 0.00124 -0.00061 -0.00096
198896.834 0.00215 -0.00065 -0.00138
198896.839 0.00119 0.00023 -0.00166
198896.842 0.00154 0.00047 -0.00082
198896.846 0.00073 0.00023 -0.00150
198896.850 0.00096 -0.00101 -0.00124
198896.854 0.00042 -0.00030 -0.00131
198896.858 0.00059 0.00033 -0.00162
198896.862 0.00063 -0.00009 -0.00141
198896.866 0.00108 -0.00126 -0.00106
198896.869 0.00106 -0.00171 -0.00080
198896.874 0.00120 -0.00213 -0.00136
198896.878 0.00154 -0.00103 -0.00044
198896.882 0.00133 -0.00075 0.00054
198896.886 0.00082 -0.00143 0.00065
198896.890 0.00264 -0.00190 -0.00051
198896.894 0.00042 -0.00234 -0.00082
198896.898 0.00028 -0.00035 0.00044
198896.902 0.00040 0.00016 -0.00072
198896.906 0.00044 0.00000 -0.00042
198896.910 0.00194 -0.00122 -0.00080
198896.914 0.00204 -0.00126 -0.00089
198896.918 0.00101 -0.00005 -0.00077
198896.922 0.00089 0.00009 -0.00103
198896.926 0.00099 0.00044 -0.00021
198896.930 0.00180 -0.00021 0.00000
198896.934 0.00169 -0.00023 -0.00009
198896.938 0.00168 -0.00070 -0.00072
198896.942 -0.00012 -0.00080 0.00002
198896.946 0.00058 -0.00040 -0.00023
198896.950 0.00138 -0.00089 -0.00119
198896.954 0.00175 -0.00086 -0.00099
198896.958 0.00077 -0.00026 -0.00155
198896.962 0.00037 0.00019 -0.00260
198896.966 0.00042 0.00031 -0.00120
198896.970 0.00028 -0.00115 -0.00131
198896.974 0.00024 0.00010 -0.00028
198896.978 0.00099 0.00000 0.00044
198896.982 0.00000 -0.00017 -0.00026
198896.986 -0.00026 0.00021 -0.00061
198896.989 0.00056 -0.00133 -0.00145
198896.994 0.00106 -0.00068 -0.00106
198896.998 0.00045 -0.00066 -0.00082
198897.002 -0.00014 -0.00035 -0.00105
198897.006 -0.00030 -0.00058 -0.00112
198897.010 0.00024 -0.00138 -0.00234
198897.014 0.00099 -0.00099 -0.00115
198897.018 0.00028 -0.00045 -0.00143
198897.022 0.00086 0.00030 -0.00061
198897.026 0.00204 -0.00040 -0.00113
198897.030 0.00147 -0.00119 -0.00159
198897.034 0.00176 -0.00049 -0.00126
198897.038 0.00290 -0.00061 -0.00147
198897.042 0.00213 0.00009 -0.00106
198897.046 0.00058 0.00014 -0.00096
198897.050 0.00077 -0.00105 -0.00110
198897.054 0.00188 -0.00030 -0.00096
198897.058 0.00096 0.00093 -0.00019
198897.062 0.00162 -0.00038 0.00091
198897.066 0.00075 -0.00028 -0.00075
198897.070 0.00112 -0.00176 -0.00148
198897.074 0.00168 -0.00033 -0.00108
198897.078 0.00182 -0.00087 -0.00157
198897.082 0.00035 -0.00115 -0.00155
198897.086 0.00056 -0.00079 -0.00169
198897.090 0.00122 -0.00070 -0.00113
198897.094 0.00169 0.00007 -0.00127
198897.098 0.00122 0.00028 -0.00042
198897.102 0.00049 -0.00010 -0.00094
198897.106 0.00045 -0.00110 -0.00124
198897.110 0.00150 -0.00017 -0.00086
198897.114 0.00117 0.00005 -0.00016
198897.118 0.00017 -0.00002 -0.00103
198897.122 0.00127 0.00009 -0.00155
198897.126 0.00066 -0.00030 -0.00094
198897.130 0.00155 -0.00101 0.00010
198897.134 0.00073 -0.00209 -0.00080
198897.138 0.00112 -0.00103 -0.00166
198897.142 0.00136 -0.00091 -0.00187
198897.146 0.00218 -0.00087 -0.00178
198897.149 0.00209 -0.00026 -0.00129
198897.154 0.00117 -0.00086 -0.00087
198897.158 0.00140 -0.00070 -0.00077
198897.162 0.00113 -0.00037 -0.00103
198897.166 0.00093 0.00031 -0.00096
198897.170 0.00056 0.00079 -0.00003
198897.174 0.00229 -0.00058 -0.00115
198897.178 0.00168 0.00056 -0.00084
198897.182 0.00227 -0.00049 -0.00091
198897.186 0.00197 -0.00077 -0.00152
198897.191 0.00188 -0.00098 -0.00108
198897.194 0.00127 0.00000 -0.00007
198897.198 0.00216 -0.00168 -0.00040
198897.202 0.00239 -0.00077 -0.00169
198897.206 0.00201 0.00019 -0.00098
198897.209 0.00190 -0.00178 -0.00094
198897.214 0.00098 -0.00065 -0.00093
198897.218 0.00028 -0.00051 -0.00063
198897.222 0.00115 0.00012 -0.00040
198897.226 0.00108 0.00103 -0.00065
198897.230 0.00166 0.00023 -0.00176
198897.234 0.00166 -0.00087 -0.00250
198897.238 0.00091 -0.00086 -0.00089
198897.242 0.00237 -0.00056 0.00042
198897.246 0.00094 -0.00108 0.00002
198897.250 0.00087 -0.00257 -0.00143
198897.254 0.00145 -0.00099 -0.00166
198897.258 0.00176 0.00000 -0.00141
198897.262 0.00094 -0.00079 -0.00182
198897.266 0.00162 -0.00009 -0.00101
198897.270 0.00030 -0.00126 -0.00155
198897.274 0.00161 -0.00096 -0.00110
198897.278 0.00164 -0.00044 -0.00082
198897.282 0.00241 -0.00045 -0.00136
198897.286 0.00126 -0.00120 -0.00148
198897.290 0.00260 -0.00035 -0.00077
198897.294 0.00147 0.00031 -0.00089
198897.298 0.00040 -0.00115 -0.00122
198897.302 0.00087 -0.00079 -0.00072
198897.306 0.00056 -0.00084 -0.00087
198897.309 0.00213 0.00033 -0.00031
198897.314 0.00119 0.00005 0.00026
198897.318 0.00047 -0.00136 -0.00045
198897.322 0.00195 -0.00070 -0.00080
198897.326 0.00175 0.00052 -0.00030
198897.330 0.00108 0.00054 -0.00077
198897.334 0.00016 0.00056 0.00016
198897.338 0.00082 -0.00063 -0.00079
198897.342 0.00129 -0.00110 0.00014
198897.346 0.00202 -0.00002 -0.00094
198897.350 0.00190 0.00056 -0.00019
198897.354 0.00173 0.00010 0.00000
198897.358 0.00063 -0.00091 -0.00159
198897.362 0.00079 -0.00042 -0.00110
198897.366 0.00127 -0.00073 -0.00157
198897.369 0.00005 -0.00007 -0.00201
198897.374 0.00094 -0.00110 -0.00106
198897.378 0.00178 -0.00002 -0.00066
198897.382 0.00108 0.00024 -0.00086
198897.386 0.00152 0.00108 -0.00016
198897.390 0.00222 -0.00094 -0.00042
198897.394 0.00150 -0.00148 -0.00094
198897.398 0.00117 -0.00087 -0.00093
198897.402 0.00215 -0.00056 -0.00183
198897.406 0.00208 -0.00047 -0.00162
198897.410 -0.00002 -0.00091 -0.00080
198897.414 0.00136 -0.00087 -0.00120
198897.418 0.00054 -0.00101 -0.00131
198897.422 0.00091 0.00014 -0.00087
198897.426 0.00026 -0.00164 -0.00136
198897.429 0.00129 -0.00182 -0.00148
198897.434 0.00066 -0.00126 -0.00079
198897.438 0.00035 -0.00141 -0.00164
198897.442 0.00147 -0.00054 -0.00066
198897.446 0.00281 -0.00122 -0.00101
198897.450 0.00045 -0.00080 -0.00126
198897.454 0.00075 -0.00070 -0.00131
198897.458 0.00096 0.00007 -0.00162
198897.462 0.00237 0.00073 -0.00037
198897.466 0.00155 0.00045 -0.00047
198897.470 0.00117 0.00007 -0.00112
198897.474 0.00124 -0.00106 -0.00127
198897.478 -0.00024 -0.00120 -0.00087
198897.482 -0.00033 -0.00094 -0.00077
198897.486 -0.00051 -0.00164 -0.00073
198897.490 0.00079 -0.00166 -0.00103
198897.494 0.00129 -0.00197 -0.00096
198897.498 0.00187 -0.00115 -0.00108
198897.502 0.00112 -0.00033 -0.00098
198897.506 0.00016 -0.00072 -0.00094
198897.510 0.00037 -0.00021 -0.00063
198897.514 0.00133 -0.00038 -0.00145
198897.518 0.00112 -0.00058 -0.00136
198897.522 0.00136 0.00010 -0.00059
198897.526 0.00143 -0.00016 -0.00009
198897.530 0.00145 -0.00052 -0.00026
198897.534 0.00131 -0.00138 -0.00136
198897.539 0.00096 -0.00024 -0.00059
198897.542 0.00012 -0.00084 -0.00070
198897.546 0.00096 -0.00056 -0.00072
198897.550 0.00087 -0.00079 0.00077
198897.554 0.00131 -0.00068 -0.00033
198897.558 0.00216 -0.00126 -0.00047
198897.562 0.00000 -0.00157 -0.00005
198897.566 0.00106 -0.00150 -0.00056
198897.570 0.00045 -0.00147 -0.00098
198897.574 0.00059 -0.00026 -0.00079
198897.578 0.00183 0.00049 -0.00119
198897.582 0.00246 -0.00096 -0.00086
198897.586 0.00141 -0.00044 -0.00061
198897.589 0.00099 -0.00075 -0.00129
198897.594 0.00089 0.00066 -0.00119
198897.598 0.00086 0.00103 -0.00099
198897.602 -0.00033 -0.00051 -0.00094
198897.606 0.00113 -0.00017 -0.00079
198897.610 0.00031 -0.00023 0.00000
198897.614 -0.00063 -0.00070 0.00005
198897.618 0.00016 -0.00096 -0.00007
198897.622 0.00187 -0.00119 -0.00056
198897.626 0.00141 -0.00033 -0.00143
198897.630 0.00204 -0.00012 -0.00106
198897.634 0.00117 0.00023 -0.00082
198897.638 0.00138 -0.00042 -0.00075
198897.642 0.00279 -0.00044 -0.00028
198897.646 0.00286 -0.00089 -0.00031
198897.650 0.00077 -0.00117 0.00012
198897.654 0.00098 -0.00140 -0.00110
198897.658 0.00103 -0.00038 -0.00037
198897.662 0.00014 -0.00044 -0.00108
198897.666 0.00080 0.00014 -0.00066
198897.670 0.00024 0.00045 -0.00056
198897.674 0.00084 0.00112 -0.00023
198897.678 0.00054 0.00024 -0.00075
198897.682 0.00002 -0.00042 -0.00209
198897.686 0.00063 -0.00105 -0.00124
198897.690 0.00033 -0.00091 -0.00040
198897.694 0.00101 0.00002 -0.00019
198897.698 0.00134 0.00056 -0.00044
198897.702 0.00098 0.00010 -0.00065
198897.706 0.00162 0.00044 -0.00131
198897.709 0.00075 0.00021 -0.00237
198897.714 0.00037 0.00031 -0.00117
198897.718 0.00072 0.00080 -0.00113
198897.722 0.00096 0.00061 -0.00054
198897.726 0.00192 0.00042 -0.00023
198897.730 0.00173 0.00021 -0.00089
198897.734 0.00138 0.00047 -0.00122
198897.738 0.00084 -0.00066 -0.00056
198897.742 0.00204 -0.00096 -0.00038
198897.746 0.00206 -0.00103 -0.00124
198897.750 0.00133 -0.00059 -0.00026
198897.754 0.00127 -0.00080 0.00014
198897.758 0.00171 -0.00068 -0.00126
198897.762 0.00106 -0.00021 -0.00026
198897.766 0.00136 -0.00009 0.00028
198897.770 0.00068 -0.00005 0.00000
198897.774 0.00110 0.00054 0.00005
198897.778 0.00075 -0.00079 -0.00052
198897.782 0.00127 -0.00068 -0.00173
198897.786 0.00126 0.00037 -0.00129
198897.790 0.00126 -0.00009 -0.00012
198897.794 0.00230 -0.00096 -0.00087
198897.798 0.00229 -0.00119 -0.00031
198897.802 0.00061 -0.00124 -0.00031
198897.806 0.00079 -0.00080 -0.00047
198897.810 0.00098 -0.00054 -0.00112
198897.814 0.00119 -0.00002 -0.00023
198897.818 0.00063 -0.00108 -0.00105
198897.822 0.00079 -0.00031 -0.00021
198897.826 0.00113 -0.00056 -0.00028
198897.830 0.00106 0.00026 0.00042
198897.834 0.00061 -0.00056 -0.00058
198897.838 0.00168 0.00040 -0.00009
198897.842 0.00152 0.00051 -0.00040
198897.846 0.00148 0.00024 -0.00080
198897.850 0.00086 -0.00040 -0.00089
198897.854 0.00086 -0.00134 -0.00077
198897.858 0.00070 -0.00098 -0.00103
198897.862 0.00141 -0.00030 -0.00037
198897.866 0.00024 -0.00086 -0.00047
198897.869 0.00129 -0.00101 0.00037
198897.874 0.00157 -0.00120 -0.00089
198897.878 0.00133 -0.00065 -0.00168
198897.882 0.00157 0.00054 -0.00112
198897.886 0.00089 0.00024 -0.00159
198897.891 0.00056 0.00047 -0.00094
198897.894 0.00061 -0.00110 -0.00140
198897.898 0.00065 0.00010 -0.00089
198897.902 0.00110 -0.00014 -0.00077
198897.906 0.00045 0.00202 -0.00014
198897.910 0.00059 0.00017 0.00017
198897.914 0.00093 0.00000 -0.00094
198897.918 0.00117 -0.00047 -0.00183
198897.922 0.00154 -0.00120 -0.00117
198897.926 0.00073 0.00054 -0.00054
198897.929 0.00112 0.00010 -0.00038
198897.934 0.00136 0.00012 -0.00017
198897.938 0.00068 -0.00030 0.00000
198897.942 0.00094 -0.00131 -0.00009
198897.946 0.00194 0.00005 0.00017
198897.950 0.00113 0.00014 0.00010
198897.954 0.00138 0.00059 -0.00005
198897.958 0.00159 0.00010 -0.00056
198897.962 0.00134 0.00000 0.00035
198897.966 0.00052 -0.00063 0.00030
198897.970 0.00077 -0.00126 -0.00059
198897.974 0.00112 -0.00037 -0.00040
198897.978 0.00136 0.00016 -0.00017
198897.982 0.00188 -0.00105 -0.00044
198897.986 0.00173 -0.00091 -0.00019
198897.990 0.00138 -0.00056 0.00045
198897.994 0.00143 -0.00049 0.00002
198897.998 0.00161 -0.00120 -0.00068
198898.002 0.00105 -0.00080 -0.00026
198898.006 0.00075 -0.00099 -0.00045
198898.010 0.00112 0.00030 -0.00035
198898.014 0.00152 -0.00024 -0.00063
198898.018 0.00208 -0.00040 -0.00040
198898.022 0.00162 -0.00073 -0.00019
198898.026 0.00195 0.00096 -0.00028
198898.029 0.00068 -0.00129 -0.00061
198898.034 0.00140 -0.00021 -0.00099
198898.038 0.00175 -0.00009 -0.00019
198898.042 0.00154 -0.00051 -0.00073
198898.046 -0.00002 -0.00106 -0.00073
198898.050 0.00047 -0.00002 -0.00028
198898.054 0.00150 -0.00003 -0.00016
198898.058 0.00162 -0.00079 -0.00103
198898.062 0.00134 -0.00220 -0.00126
198898.066 0.00052 -0.00091 -0.00222
198898.070 0.00152 -0.00026 -0.00157
198898.074 0.00176 0.00063 -0.00065
198898.078 0.00079 0.00133 0.00033
198898.082 0.00143 0.00045 -0.00059
198898.086 0.00054 -0.00021 -0.00024
198898.089 0.00002 0.00051 -0.00180
198898.094 0.00108 -0.00065 -0.00086
198898.098 0.00211 -0.00187 0.00012
198898.102 0.00133 -0.00141 0.00084
198898.106 0.00173 -0.00070 -0.00045
198898.110 0.00213 -0.00187 -0.00155
198898.114 0.00119 -0.00143 -0.00140
198898.118 0.00108 -0.00024 -0.00059
198898.122 0.00075 -0.00070 -0.00070
198898.126 0.00082 -0.00037 -0.00117
198898.130 0.00129 -0.00087 -0.00084
198898.134 0.00112 0.00017 -0.00075
198898.138 0.00106 0.00030 -0.00134
198898.142 0.00045 -0.00070 -0.00148
198898.146 0.00059 0.00127 -0.00063
198898.149 0.00047 0.00000 -0.00010
198898.154 0.00059 0.00086 0.00063
198898.158 0.00138 -0.00040 -0.00007
198898.162 0.00054 -0.00059 -0.00024
198898.166 0.00031 0.00054 -0.00120
198898.170 0.00026 -0.00033 -0.00190
198898.174 0.00145 -0.00058 -0.00014
198898.178 0.00131 0.00010 -0.00087
198898.182 0.00202 -0.00030 -0.00122
198898.186 0.00145 -0.00010 -0.00070
198898.190 0.00220 -0.00112 -0.00058
198898.194 0.00045 0.00042 -0.00054
198898.198 0.00134 0.00021 -0.00052
198898.202 0.00218 0.00106 -0.00052
198898.206 0.00105 0.00068 -0.00082
198898.210 0.00089 0.00044 -0.00061
198898.214 0.00056 0.00007 -0.00115
198898.218 0.00138 -0.00016 -0.00052
198898.222 0.00159 0.00005 0.00021
198898.226 0.00180 0.00073 0.00026
198898.230 0.00154 -0.00030 -0.00031
198898.234 0.00119 -0.00192 -0.00106
198898.239 0.00093 -0.00264 -0.00127
198898.242 0.00267 -0.00042 -0.00117
198898.246 0.00298 -0.00014 -0.00070
198898.250 0.00126 -0.00037 0.00002
198898.254 -0.00038 -0.00148 -0.00143
198898.258 0.00112 -0.00026 -0.00061
198898.262 0.00093 0.00079 0.00035
198898.266 0.00176 0.00061 -0.00014
198898.270 0.00033 -0.00108 -0.00028
198898.274 0.00072 -0.00120 -0.00061
198898.278 0.00080 -0.00051 0.00003
198898.282 0.00054 -0.00075 0.00037
198898.286 0.00091 -0.00023 0.00045
198898.290 0.00056 -0.00099 0.00031
198898.294 0.00017 -0.00030 0.00075
198898.298 0.00082 -0.00101 0.00024
198898.302 0.00129 0.00059 0.00012
198898.306 0.00141 0.00026 -0.00051
198898.309 0.00070 0.00063 -0.00052
198898.314 0.00110 0.00087 -0.00187
198898.318 0.00197 0.00049 -0.00042
198898.322 0.00220 0.00023 0.00009
198898.326 0.00134 0.00033 -0.00021
198898.330 0.00066 0.00003 -0.00030
198898.334 0.00051 -0.00002 0.00000
198898.338 0.00075 0.00086 -0.00009
198898.342 0.00143 0.00093 -0.00010
198898.346 0.00099 0.00065 -0.00087
198898.350 0.00000 -0.00077 -0.00122
198898.354 0.00168 -0.00084 -0.00070
198898.358 0.00257 -0.00056 -0.00058
198898.362 0.00265 -0.00033 -0.00113
198898.366 0.00237 -0.00072 -0.00084
198898.370 0.00199 -0.00173 -0.00075
198898.374 0.00175 -0.00229 -0.00073
198898.378 0.00138 -0.00138 -0.00178
198898.382 0.00218 -0.00054 -0.00131
198898.386 0.00255 0.00117 -0.00087
198898.390 0.00309 0.00192 -0.00031
198898.394 0.00204 0.00030 -0.00031
198898.398 0.00131 -0.00024 -0.00031
198898.402 0.00051 0.00185 -0.00031
198898.406 0.00152 0.00044 0.00056
198898.410 0.00117 -0.00037 0.00051
198898.414 -0.00010 -0.00058 0.00079
198898.418 0.00059 0.00040 -0.00003
198898.422 0.00138 -0.00052 -0.00038
198898.426 0.00023 -0.00002 -0.00094
198898.429 0.00159 -0.00079 -0.00063
198898.434 0.00180 -0.00113 -0.00054
198898.438 0.00065 -0.00049 -0.00054
198898.442 0.00185 0.00133 -0.00007
198898.446 0.00291 0.00105 0.00003
198898.450 0.00140 -0.00035 -0.00068
198898.454 0.00159 -0.00073 -0.00026
198898.458 0.00119 -0.00098 -0.00091
198898.462 0.00108 0.00045 -0.00093
198898.466 0.00195 -0.00037 -0.00093
198898.470 0.00113 -0.00148 -0.00063
198898.474 0.00138 -0.00133 -0.00040
198898.478 0.00143 -0.00127 -0.00019
198898.482 0.00115 -0.00066 -0.00073
198898.486 0.00047 0.00009 -0.00103
198898.490 0.00195 0.00012 -0.00019
198898.494 0.00218 -0.00044 0.00014
198898.498 0.00119 -0.00059 -0.00080
198898.502 0.00140 -0.00094 -0.00075
198898.506 0.00175 -0.00073 -0.00073
198898.510 0.00122 -0.00007 -0.00058
198898.514 0.00094 -0.00065 -0.00113
198898.518 0.00117 -0.00005 -0.00129
198898.522 0.00183 0.00038 -0.00103
198898.526 0.00080 -0.00052 -0.00110
198898.530 0.00129 -0.00061 -0.00143
198898.534 -0.00007 -0.00019 -0.00016
198898.538 -0.00044 -0.00023 -0.00042
198898.542 -0.00009 -0.00068 -0.00140
198898.546 0.00000 -0.00066 -0.00059
198898.550 0.00243 -0.00021 -0.00115
198898.554 0.00262 0.00035 -0.00113
198898.558 0.00222 0.00035 0.00021
198898.562 0.00211 0.00080 -0.00063
198898.566 0.00208 0.00031 -0.00086
198898.570 0.00208 -0.00040 0.00000
198898.574 0.00162 -0.00044 0.00005
198898.578 0.00105 0.00028 -0.00082
198898.582 0.00150 0.00003 -0.00091
198898.586 0.00206 -0.00063 -0.00108
198898.591 0.00251 -0.00080 -0.00096
198898.594 0.00250 -0.00009 -0.00108
198898.598 0.00202 -0.00201 -0.00023
198898.602 0.00040 -0.00131 -0.00134
198898.606 0.00058 -0.00037 -0.00073
198898.610 0.00168 -0.00117 -0.00133
198898.614 0.00152 -0.00019 0.00000
198898.618 0.00117 -0.00052 -0.00038
198898.622 0.00122 -0.00093 0.00010
198898.626 0.00185 0.00061 -0.00096
198898.630 0.00171 -0.00061 -0.00019
198898.634 0.00182 -0.00126 0.00059
198898.638 0.00171 0.00068 -0.00066
198898.642 0.00077 0.00028 -0.00072
198898.646 0.00082 0.00003 -0.00012
198898.649 -0.00110 0.00101 -0.00072
198898.654 -0.00086 -0.00037 0.00002
198898.658 0.00024 -0.00119 -0.00007
198898.662 0.00190 -0.00094 -0.00026
198898.666 0.00052 -0.00178 -0.00061
198898.670 0.00016 -0.00246 -0.00054
198898.674 0.00037 -0.00248 -0.00038
198898.678 0.00012 -0.00204 -0.00049
198898.682 0.00035 -0.00101 -0.00007
198898.686 0.00162 -0.00075 -0.00054
198898.690 0.00059 0.00005 -0.00129
198898.694 0.00093 -0.00031 -0.00087
198898.698 0.00087 -0.00131 -0.00031
198898.702 0.00054 -0.00068 -0.00106
198898.706 0.00152 -0.00035 -0.00082
198898.710 0.00178 -0.00028 -0.00150
198898.714 0.00049 -0.00070 -0.00108
198898.718 0.00166 0.00007 -0.00023
198898.722 0.00061 -0.00061 -0.00073
198898.726 0.00140 -0.00110 -0.00012
198898.730 0.00098 -0.00017 0.00017
198898.734 0.00059 -0.00143 -0.00049
198898.738 0.00017 -0.00010 -0.00066
198898.742 0.00082 0.00007 -0.00010
198898.746 0.00115 0.00014 -0.00010
198898.750 0.00106 -0.00016 -0.00042
198898.754 0.00106 0.00037 -0.00049
198898.758 0.00059 -0.00009 -0.00037
198898.762 0.00093 0.00023 -0.00124
198898.766 0.00101 0.00002 -0.00086
198898.770 0.00014 -0.00079 -0.00091
198898.774 0.00021 0.00019 -0.00047
198898.778 0.00143 -0.00028 -0.00021
198898.782 0.00175 -0.00010 -0.00073
198898.786 0.00049 -0.00066 0.00016
198898.790 0.00059 -0.00080 0.00054
198898.794 0.00079 -0.00054 0.00080
198898.798 0.00188 -0.00108 0.00042
198898.802 0.00141 -0.00168 -0.00073
198898.806 0.00054 -0.00122 -0.00148
198898.809 0.00197 -0.00140 -0.00093
198898.814 0.00250 -0.00070 -0.00079
198898.818 0.00143 0.00082 -0.00180
198898.822 0.00040 0.00063 -0.00086
198898.826 0.00117 -0.00077 -0.00106
198898.830 0.00108 0.00005 -0.00037
198898.834 0.00016 0.00026 -0.00033
198898.838 0.00157 0.00093 -0.00047
198898.842 0.00223 0.00096 -0.00112
198898.846 0.00271 0.00141 -0.00037
198898.850 0.00073 0.00047 -0.00094
198898.854 0.00202 -0.00216 -0.00124
198898.858 0.00099 -0.00150 -0.00086
198898.862 -0.00016 0.00061 -0.00061
198898.866 0.00000 -0.00002 0.00019
198898.869 0.00106 -0.00063 0.00010
198898.874 0.00075 -0.00005 -0.00066
198898.878 0.00082 0.00038 -0.00056
198898.882 0.00145 0.00112 -0.00129
198898.886 0.00086 0.00010 0.00047
198898.890 0.00129 0.00044 -0.00086
198898.894 0.00173 0.00082 -0.00106
198898.898 0.00093 -0.00010 -0.00112
198898.902 0.00131 -0.00021 -0.00143
198898.906 0.00112 -0.00159 -0.00166
198898.910 0.00077 -0.00150 -0.00112
198898.914 0.00143 -0.00133 -0.00113
198898.918 0.00024 -0.00113 -0.00098
198898.922 0.00024 -0.00093 -0.00003
198898.926 0.00084 -0.00178 -0.00054
198898.930 0.00145 -0.00035 -0.00023
198898.934 0.00099 -0.00058 0.00030
198898.939 0.00089 0.00024 -0.00016
198898.942 0.00161 0.00031 -0.00089
198898.946 0.00164 -0.00009 -0.00016
198898.950 0.00105 -0.00037 -0.00073
198898.954 0.00120 -0.00012 -0.00058
198898.958 0.00065 0.00007 -0.00023
198898.962 0.00033 -0.00002 -0.00059
198898.966 0.00087 -0.00003 -0.00115
198898.970 -0.00003 -0.00124 -0.00068
198898.974 0.00091 -0.00080 0.00002
198898.978 0.00237 0.00049 -0.00082
198898.982 0.00185 0.00113 -0.00091
198898.986 0.00216 -0.00003 -0.00047
198898.990 0.00194 0.00024 0.00023
198898.994 0.00143 -0.00026 -0.00031
198898.998 0.00175 0.00049 -0.00063
198899.002 0.00093 -0.00094 -0.00040
198899.006 0.00162 -0.00119 -0.00094
198899.010 0.00044 -0.00003 -0.00108
198899.014 -0.00030 0.00024 -0.00066
198899.018 -0.00124 0.00047 -0.00010
198899.022 -0.00014 -0.00066 -0.00056
198899.026 0.00073 -0.00065 -0.00098
198899.029 0.00157 -0.00126 -0.00169
198899.034 0.00194 -0.00112 -0.00113
198899.038 0.00084 -0.00122 -0.00084
198899.042 -0.00035 -0.00185 -0.00075
198899.046 0.00084 -0.00098 -0.00044
198899.050 0.00084 -0.00178 0.00054
198899.054 0.00009 -0.00155 -0.00054
198899.058 0.00019 -0.00089 0.00021
198899.062 0.00066 0.00063 0.00056
198899.066 0.00262 -0.00045 0.00019
198899.070 0.00176 -0.00075 0.00010
198899.074 0.00063 -0.00218 -0.00066
198899.078 0.00108 -0.00045 -0.00010
198899.082 0.00061 -0.00059 -0.00056
198899.086 0.00108 -0.00049 -0.00009
198899.090 0.00182 -0.00166 -0.00042
198899.094 0.00019 -0.00136 -0.00019
198899.098 0.00098 -0.00129 -0.00044
198899.102 0.00148 -0.00112 -0.00094
198899.106 0.00176 -0.00017 -0.00094
198899.110 0.00124 0.00035 -0.00108
198899.114 0.00065 -0.00052 -0.00143
198899.118 0.00230 -0.00061 -0.00075
198899.122 0.00213 0.00009 -0.00119
198899.126 0.00162 0.00028 -0.00099
198899.130 0.00180 -0.00010 -0.00155
198899.134 0.00140 0.00038 -0.00079
198899.138 0.00070 0.00080 -0.00014
198899.142 0.00065 -0.00012 -0.00133
198899.146 0.00124 0.00037 -0.00012
198899.149 0.00126 -0.00054 -0.00028
198899.154 0.00080 0.00012 0.00044
198899.158 0.00038 0.00059 0.00031
198899.162 -0.00091 -0.00154 0.00014
198899.166 0.00038 -0.00223 -0.00019
198899.170 0.00087 -0.00091 -0.00073
198899.174 -0.00003 -0.00028 -0.00058
198899.178 0.00166 -0.00040 -0.00054
198899.182 0.00257 -0.00073 -0.00023
198899.186 0.00234 -0.00098 -0.00014
198899.190 0.00335 -0.00164 -0.00162
198899.194 0.00209 -0.00182 -0.00051
198899.198 0.00208 -0.00066 -0.00082
198899.202 0.00222 -0.00019 0.00028
198899.206 0.00195 -0.00098 0.00012
198899.210 0.00038 0.00014 -0.00051
198899.214 0.00058 -0.00044 -0.00037
198899.218 0.00229 0.00014 0.00070
198899.222 0.00047 -0.00075 -0.00094
198899.226 0.00089 -0.00023 -0.00094
198899.230 0.00070 -0.00070 -0.00108
198899.234 0.00096 -0.00037 -0.00052
198899.238 0.00087 -0.00044 -0.00066
198899.242 0.00145 -0.00030 -0.00072
198899.246 0.00086 0.00033 -0.00087
198899.250 0.00131 -0.00054 0.00042
198899.254 0.00096 -0.00168 0.00031
198899.258 0.00162 -0.00017 0.00028
198899.262 0.00120 0.00096 -0.00031
198899.266 0.00094 0.00037 -0.00061
198899.270 0.00147 -0.00024 -0.00115
198899.274 0.00176 -0.00009 -0.00129
198899.278 0.00108 -0.00066 -0.00087
198899.282 0.00016 -0.00035 -0.00031
198899.286 0.00127 -0.00042 -0.00016
198899.291 0.00080 0.00014 -0.00058
198899.294 0.00143 -0.00089 -0.00129
198899.298 0.00251 -0.00117 -0.00103
198899.302 0.00157 -0.00110 -0.00005
198899.306 0.00223 0.00058 -0.00010
198899.309 0.00182 0.00010 -0.00101
198899.314 0.00215 0.00028 -0.00065
198899.318 0.00298 -0.00010 -0.00070
198899.322 0.00291 0.00052 -0.00087
198899.326 0.00244 0.00009 -0.00077
198899.330 0.00112 -0.00031 0.00000
198899.334 -0.00012 -0.00026 -0.00113
198899.338 0.00180 -0.00070 -0.00084
198899.342 0.00199 -0.00037 -0.00045
198899.346 0.00204 0.00091 -0.00021
198899.350 0.00222 0.00005 -0.00089
198899.354 0.00105 -0.00093 -0.00152
198899.358 0.00180 -0.00042 -0.00033
198899.362 0.00094 -0.00105 -0.00017
198899.366 0.00072 -0.00016 -0.00058
198899.369 0.00112 -0.00037 0.00019
198899.374 0.00243 0.00030 0.00010
198899.378 0.00051 -0.00010 -0.00066
198899.382 0.00061 -0.00005 -0.00176
198899.386 -0.00024 -0.00124 -0.00175
198899.390 0.00024 -0.00112 -0.00145
198899.394 -0.00003 -0.00063 0.00012
198899.398 0.00166 0.00070 0.00024
198899.402 0.00152 0.00044 -0.00031
198899.406 0.00103 0.00007 -0.00093
198899.410 0.00105 0.00028 -0.00017
198899.414 0.00059 0.00017 -0.00028
198899.418 0.00154 -0.00044 -0.00030
198899.422 0.00208 -0.00089 -0.00077
198899.426 0.00208 -0.00087 -0.00103
198899.429 0.00117 -0.00117 -0.00096
198899.434 0.00108 -0.00003 -0.00063
198899.438 0.00182 0.00056 -0.00040
198899.442 0.00126 0.00009 -0.00035
198899.446 0.00171 0.00044 -0.00017
198899.450 0.00106 0.00127 0.00030
198899.454 0.00106 0.00075 -0.00030
198899.458 0.00120 0.00000 0.00087
198899.462 0.00185 0.00072 0.00028
198899.466 0.00201 0.00030 0.00012
198899.470 0.00326 0.00003 -0.00051
198899.474 0.00194 -0.00093 -0.00127
198899.478 0.00007 -0.00103 -0.00133
198899.482 0.00094 -0.00075 -0.00073
198899.486 0.00133 -0.00038 -0.00012
198899.490 0.00202 0.00016 0.00031
198899.494 0.00040 -0.00119 -0.00014
198899.498 0.00192 0.00040 0.00016
198899.502 0.00204 -0.00038 -0.00049
198899.506 0.00176 0.00016 -0.00021
198899.510 0.00063 -0.00059 -0.00028
198899.514 0.00140 -0.00017 -0.00031
198899.518 0.00204 -0.00052 -0.00138
198899.522 0.00147 0.00056 -0.00030
198899.526 0.00115 -0.00002 -0.00106
198899.529 0.00168 -0.00079 0.00007
198899.534 0.00243 0.00005 0.00037
198899.538 0.00201 -0.00061 0.00016
198899.542 0.00220 -0.00065 -0.00110
198899.546 0.00150 -0.00005 -0.00007
198899.550 0.00192 -0.00019 0.00003
198899.554 0.00143 0.00005 -0.00037
198899.558 0.00175 -0.00061 -0.00183
198899.562 0.00169 -0.00140 -0.00117
198899.566 0.00152 -0.00038 -0.00023
198899.570 0.00072 0.00105 -0.00075
198899.574 0.00021 0.00007 0.00000
198899.578 0.00098 -0.00016 0.00035
198899.582 0.00103 -0.00037 0.00014
198899.586 0.00164 -0.00028 -0.00019
198899.589 0.00136 -0.00115 -0.00014
198899.594 0.00082 -0.00094 0.00002
198899.598 0.00068 -0.00117 -0.00082
198899.602 0.00141 -0.00140 -0.00106
198899.606 0.00220 -0.00084 -0.00021
198899.610 0.00209 -0.00010 -0.00075
198899.614 0.00178 -0.00080 -0.00058
198899.618 0.00003 -0.00099 -0.00038
198899.622 -0.00010 -0.00014 -0.00003
198899.626 0.00134 0.00052 0.00019
198899.630 0.00098 -0.00019 -0.00033
198899.634 0.00133 0.00021 -0.00063
198899.639 0.00218 0.00016 -0.00024
198899.642 0.00120 -0.00103 -0.00105
198899.646 0.00093 -0.00061 -0.00051
198899.650 0.00192 -0.00079 -0.00098
198899.654 0.00143 -0.00099 -0.00108
198899.658 0.00129 0.00016 -0.00052
198899.662 0.00096 0.00089 -0.00037
198899.666 0.00162 -0.00009 0.00026
198899.670 0.00195 0.00038 0.00117
198899.674 0.00099 0.00080 0.00037
198899.678 0.00073 -0.00012 0.00000
198899.682 0.00157 0.00023 -0.00009
198899.686 0.00133 0.00045 -0.00040
198899.690 0.00098 -0.00080 -0.00110
198899.694 0.00119 0.00080 0.00021
198899.698 0.00079 0.00016 -0.00017
198899.702 0.00023 0.00059 0.00091
198899.706 0.00038 0.00056 -0.00044
198899.710 0.00117 -0.00003 0.00009
198899.714 0.00168 0.00024 0.00007
198899.718 0.00106 -0.00012 -0.00021
198899.722 0.00091 -0.00096 -0.00073
198899.726 0.00072 -0.00028 -0.00089
198899.730 0.00005 0.00033 -0.00047
198899.734 0.00244 -0.00024 0.00068
198899.738 0.00141 0.00110 0.00113
198899.742 0.00204 0.00190 0.00035
198899.746 0.00206 -0.00044 0.00014
198899.749 0.00117 0.00000 -0.00035
198899.754 0.00063 -0.00093 -0.00168
198899.758 0.00108 -0.00087 -0.00173
198899.762 0.00182 -0.00026 -0.00143
198899.766 0.00080 -0.00024 -0.00166
198899.770 0.00218 -0.00040 -0.00066
198899.774 0.00150 -0.00028 0.00033
198899.778 0.00101 -0.00026 0.00030
198899.782 0.00134 0.00003 0.00000
198899.786 0.00157 0.00072 -0.00038
198899.790 0.00255 0.00014 -0.00063
198899.794 0.00129 0.00000 -0.00026
198899.798 -0.00007 0.00026 0.00044
198899.802 0.00014 -0.00117 -0.00012
198899.806 0.00127 -0.00003 -0.00026
198899.810 0.00110 0.00115 -0.00045
198899.814 0.00122 -0.00049 -0.00080
198899.818 0.00049 0.00014 -0.00150
198899.822 0.00241 -0.00075 -0.00047
198899.826 0.00155 -0.00007 0.00038
198899.830 0.00194 -0.00065 -0.00058
198899.834 0.00023 0.00023 -0.00038
198899.838 0.00068 -0.00101 -0.00094
198899.842 0.00155 0.00000 -0.00063
198899.846 0.00178 0.00010 -0.00040
198899.850 0.00124 -0.00045 0.00099
198899.854 0.00080 -0.00030 0.00031
198899.858 0.00099 -0.00026 0.00044
198899.862 0.00042 0.00079 -0.00026
198899.866 0.00089 -0.00058 -0.00045
198899.869 0.00115 -0.00138 -0.00035
198899.874 0.00093 0.00035 0.00026
198899.878 0.00147 -0.00038 -0.00061
198899.882 0.00131 0.00045 -0.00054
198899.886 0.00141 0.00113 -0.00023
198899.890 0.00099 -0.00108 -0.00134
198899.894 0.00134 -0.00077 -0.00134
198899.898 0.00127 0.00005 -0.00119
198899.902 0.00126 -0.00122 -0.00129
198899.906 -0.00023 -0.00080 -0.00178
198899.910 0.00115 -0.00084 -0.00086
198899.914 0.00154 -0.00101 -0.00061
198899.918 0.00133 0.00044 -0.00145
198899.922 0.00187 0.00037 -0.00047
198899.926 0.00096 0.00051 -0.00035
198899.929 0.00117 -0.00019 -0.00017
198899.934 0.00047 -0.00023 -0.00012
198899.938 0.00120 -0.00009 -0.00103
198899.942 0.00124 -0.00080 -0.00096
198899.946 0.00110 -0.00024 -0.00033
198899.950 0.00166 0.00094 0.00072
198899.954 0.00166 0.00066 -0.00065
198899.958 0.00091 0.00058 0.00003
198899.962 0.00161 0.00040 -0.00112
198899.966 0.00209 0.00021 -0.00068
198899.970 0.00103 -0.00073 -0.00072
198899.974 0.00148 -0.00007 0.00047
198899.978 0.00208 0.00054 -0.00026
198899.982 0.00087 -0.00019 -0.00075
198899.986 0.00145 -0.00113 -0.00089
198899.991 0.00070 0.00056 -0.00106
198899.994 0.00066 0.00072 -0.00096
198899.998 0.00140 -0.00014 -0.00003
198900.002 0.00129 -0.00023 -0.00054
198900.006 0.00171 -0.00009 0.00021
198900.010 0.00183 -0.00066 0.00010
198900.014 0.00035 0.00009 -0.00021
198900.018 0.00101 -0.00061 -0.00119
198900.022 0.00119 -0.00033 -0.00115
198900.026 0.00169 0.00031 0.00005
198900.029 0.00288 0.00003 0.00037
198900.034 0.00304 -0.00031 0.00016
198900.038 0.00157 -0.00010 0.00070
198900.042 0.00148 0.00066 -0.00005
198900.046 0.00147 0.00089 -0.00040
198900.050 0.00086 -0.00009 -0.00049
198900.054 0.00070 -0.00005 -0.00112
198900.058 0.00005 0.00070 -0.00023
198900.062 0.00110 -0.00030 -0.00134
198900.066 0.00091 -0.00026 0.00000
198900.070 0.00040 -0.00040 -0.00038
198900.074 0.00103 -0.00089 0.00056
198900.078 0.00105 -0.00147 -0.00068
198900.082 0.00089 -0.00086 -0.00058
198900.086 0.00115 0.00017 -0.00038
198900.089 0.00183 -0.00103 -0.00140
198900.094 0.00216 0.00000 0.00000
198900.098 0.00209 0.00010 0.00005
198900.102 0.00192 0.00119 -0.00112
198900.106 0.00143 0.00056 -0.00113
198900.110 0.00054 0.00026 -0.00068
198900.114 0.00045 0.00093 -0.00042
198900.118 0.00134 -0.00038 -0.00094
198900.122 0.00052 -0.00014 -0.00033
198900.126 0.00091 0.00066 -0.00047
198900.130 0.00056 -0.00120 -0.00126
198900.134 0.00138 -0.00003 -0.00162
198900.138 0.00143 -0.00094 -0.00112
198900.142 0.00175 -0.00087 -0.00037
198900.146 0.00169 -0.00010 -0.00033
198900.149 0.00152 -0.00082 -0.00122
198900.154 0.00176 -0.00009 -0.00147
198900.158 0.00154 0.00038 -0.00016
198900.162 0.00237 0.00005 -0.00073
198900.166 0.00140 0.00012 -0.00162
198900.170 0.00204 -0.00120 -0.00187
198900.174 0.00147 -0.00080 -0.00072
198900.178 0.00176 -0.00009 -0.00103
198900.182 0.00154 0.00112 -0.00066
198900.186 0.00269 0.00147 0.00003
198900.190 0.00162 0.00003 -0.00068
198900.194 0.00180 0.00042 -0.00042
198900.198 0.00169 -0.00066 -0.00049
198900.202 0.00182 -0.00066 -0.00037
198900.206 0.00126 0.00024 0.00010
198900.210 0.00140 -0.00072 -0.00171
198900.214 0.00145 -0.00052 -0.00054
198900.218 0.00220 0.00101 -0.00082
198900.222 0.00209 0.00052 -0.00150
198900.226 0.00162 0.00054 -0.00093
198900.230 0.00180 0.00010 -0.00033
198900.234 0.00003 -0.00045 0.00056
198900.238 0.00124 -0.00120 -0.00009
198900.242 0.00110 -0.00094 -0.00026
198900.246 0.00122 -0.00087 -0.00045
198900.249 0.00049 -0.00176 -0.00096
198900.254 0.00014 -0.00005 -0.00065
198900.258 0.00007 0.00054 -0.00086
198900.262 0.00033 -0.00049 -0.00045
198900.266 0.00101 -0.00077 -0.00112
198900.270 0.00105 -0.00038 -0.00082
198900.274 0.00150 -0.00119 -0.00150
198900.278 0.00058 0.00054 -0.00033
198900.282 0.00031 0.00161 0.00012
198900.286 0.00131 0.00113 -0.00066
198900.290 0.00141 -0.00063 -0.00101
198900.294 0.00070 -0.00051 -0.00065
198900.298 0.00051 0.00012 -0.00056
198900.302 0.00136 -0.00089 -0.00098
198900.306 0.00084 -0.00101 -0.00049
198900.309 0.00068 -0.00059 -0.00096
198900.314 0.00080 -0.00049 -0.00094
198900.318 0.00084 0.00012 -0.00079
198900.322 0.00113 -0.00075 -0.00014
198900.326 0.00108 0.00051 0.00017
198900.330 -0.00028 -0.00019 -0.00124
198900.334 0.00070 -0.00099 -0.00086
198900.339 0.00171 -0.00044 -0.00120
198900.342 0.00106 -0.00044 -0.00101
198900.346 0.00150 -0.00105 -0.00065
198900.350 0.00208 -0.00045 -0.00056
198900.354 0.00251 -0.00030 -0.00068
198900.358 0.00234 -0.00056 -0.00147
198900.362 0.00124 0.00010 0.00026
198900.366 0.00080 0.00059 -0.00031
198900.370 0.00052 -0.00002 -0.00047
198900.374 0.00061 -0.00049 -0.00005
198900.378 0.00093 -0.00166 -0.00086
198900.382 0.00237 -0.00016 -0.00031
198900.386 0.00215 -0.00068 0.00012
198900.390 0.00194 -0.00096 0.00038
198900.394 0.00127 0.00016 -0.00087
198900.398 0.00066 0.00014 -0.00093
198900.402 0.00185 -0.00014 -0.00138
198900.406 0.00066 -0.00052 -0.00180
198900.410 0.00003 -0.00031 -0.00056
198900.414 0.00140 -0.00072 -0.00068
198900.418 0.00113 -0.00143 -0.00042
198900.422 0.00093 -0.00101 -0.00049
198900.426 0.00072 0.00030 -0.00051
198900.429 0.00157 -0.00010 -0.00202
198900.434 0.00134 -0.00005 -0.00093
198900.438 0.00202 0.00009 -0.00077
198900.442 0.00222 -0.00045 -0.00028
198900.446 0.00195 -0.00075 -0.00091
198900.450 0.00143 -0.00068 -0.00077
198900.454 0.00129 -0.00051 -0.00028
198900.458 0.00262 -0.00031 -0.00061
198900.462 0.00176 -0.00056 -0.00099
198900.466 0.00168 -0.00033 -0.00080
198900.470 0.00122 0.00031 -0.00014
198900.474 0.00140 0.00094 -0.00026
198900.478 0.00175 -0.00054 -0.00045
198900.482 0.00168 0.00026 -0.00080
198900.486 0.00016 0.00017 -0.00134
198900.490 0.00066 -0.00073 -0.00089
198900.494 0.00155 0.00052 -0.00031
198900.498 0.00012 -0.00003 0.00042
198900.502 0.00065 -0.00110 0.00031
198900.506 0.00140 -0.00017 -0.00016
198900.510 0.00129 -0.00037 0.00002
198900.514 -0.00007 -0.00164 -0.00098
198900.518 0.00000 0.00267 -0.00124
198900.522 0.00227 0.01314 -0.00131
198900.526 0.00438 0.01696 -0.00117
198900.530 0.00237 0.00182 -0.00054
198900.534 0.00049 -0.00529 -0.00023
198900.538 0.00134 -0.00548 -0.00195
198900.542 0.00113 -0.00508 -0.00105
198900.546 0.00017 -0.00150 -0.00096
198900.550 0.00082 0.00031 -0.00093
198900.554 0.00234 0.00080 -0.00033
198900.558 0.00199 0.00031 -0.00047
198900.562 0.00129 -0.00161 -0.00021
198900.566 0.00066 -0.00332 -0.00044
198900.570 -0.00024 -0.00330 -0.00155
198900.574 0.00026 -0.00209 -0.00169
198900.578 0.00129 -0.00208 -0.00098
198900.582 0.00157 -0.00208 -0.00094
198900.586 0.00058 -0.00223 -0.00079
198900.589 0.00122 -0.00272 -0.00059
198900.594 0.00065 -0.00194 -0.00129
198900.598 0.00110 -0.00143 -0.00117
198900.602 0.00061 -0.00086 -0.00099
