3399.682 -0.00107 0.00107 0.00213
3399.687 -0.00959 0.00639 -0.00320
3399.693 0.00000 -0.01278 0.00852
3399.698 0.00426 0.00426 -0.00107
3399.703 -0.00533 0.00107 0.00107
3399.708 -0.00533 -0.00320 0.00000
3399.713 -0.00320 -0.00959 -0.00107
3399.718 -0.00639 0.00533 0.00000
3399.723 -0.00213 0.00107 -0.00107
3399.728 -0.00213 -0.01065 -0.00107
3399.733 0.00000 -0.00213 -0.00320
3399.738 -0.00107 -0.00107 0.00320
3399.743 0.01491 0.00000 0.00533
3399.748 0.00000 -0.00107 -0.00746
3399.753 0.00000 -0.00213 -0.00426
3399.758 -0.00746 0.00000 -0.00213
3399.763 -0.00426 -0.00746 0.00213
3399.768 -0.00426 0.00533 0.00000
3399.773 0.00107 0.00107 -0.00320
3399.778 0.00000 -0.00320 0.00000
3399.783 -0.01065 -0.01172 -0.00213
3399.788 -0.00639 0.00320 -0.00320
3399.793 -0.00320 -0.00426 0.00746
3399.798 -0.00852 0.00213 -0.00213
3399.803 -0.00107 0.00000 -0.00533
3399.808 -0.00959 -0.01172 0.00320
3399.813 -0.00852 0.00213 -0.00320
3399.818 -0.00107 -0.00533 -0.00959
3399.823 -0.00533 -0.01065 0.00213
3399.828 0.00000 0.00639 0.00000
3399.833 0.00639 -0.00320 0.00320
3399.838 0.00639 -0.00320 -0.00213
3399.843 -0.00533 0.00000 -0.00426
3399.848 -0.00107 0.00107 -0.00107
3399.853 -0.00639 0.00213 -0.00213
3399.858 0.01172 -0.00107 0.00639
3399.863 -0.00213 0.00533 -0.00213
3399.868 -0.00639 -0.00426 -0.00213
3399.873 -0.00107 -0.00320 -0.00320
3399.878 0.00213 0.00000 0.00213
3399.883 -0.00426 0.00213 -0.00213
3399.888 -0.00746 -0.00107 0.00639
3399.894 -0.00852 -0.00639 -0.00959
3399.899 -0.00426 -0.00746 0.00320
3399.904 0.00426 -0.00107 0.00213
3399.909 0.01385 -0.00107 -0.00746
3399.914 0.00000 0.00213 -0.00426
3399.919 -0.00959 0.00213 -0.00852
3399.924 0.00107 0.00107 0.00213
3399.929 0.00426 0.00000 0.00000
3399.934 -0.00533 -0.00852 -0.00213
3399.939 -0.01278 -0.00852 -0.00320
3399.944 0.00959 0.00000 0.00000
3399.949 -0.01385 0.00000 -0.00320
3399.954 -0.00213 -0.00426 0.00107
3399.959 -0.00320 0.00107 0.00959
3399.964 0.00000 -0.00107 -0.00320
3399.969 0.00107 0.00000 0.00213
3399.974 -0.00107 0.00852 -0.00107
3399.979 -0.00107 -0.00107 0.00533
3399.984 -0.00426 0.00000 -0.00426
3399.989 0.00213 0.00320 0.00107
3399.994 -0.00426 0.00107 -0.00852
3399.999 0.00000 0.00107 -0.00107
3400.004 0.00107 -0.00746 0.01065
3400.009 -0.00213 0.00533 0.00639
3400.014 0.00107 0.00533 -0.00426
3400.019 0.00746 -0.00426 -0.00107
3400.024 0.00533 -0.00213 -0.00213
3400.029 0.00000 -0.00639 -0.00320
3400.034 -0.00959 -0.00426 -0.00213
3400.039 -0.00852 -0.00639 -0.00107
3400.045 -0.00320 0.00107 -0.00107
3400.050 0.00000 -0.00426 0.00000
3400.055 -0.00213 -0.00639 -0.00213
3400.060 0.00426 -0.00213 -0.00213
3400.065 -0.00746 -0.00426 -0.00107
3400.070 -0.00320 -0.00426 0.00107
3400.075 0.00107 0.01065 0.00213
3400.080 0.00426 -0.00746 -0.00533
3400.085 0.00213 -0.00533 0.00533
3400.090 -0.00320 0.01172 0.00107
3400.095 0.00107 -0.00213 -0.00533
3400.100 -0.00213 0.00000 -0.00107
3400.105 -0.00426 -0.00852 -0.00852
3400.110 -0.00639 -0.00320 0.00000
3400.115 0.00426 0.00000 0.00000
3400.120 0.00533 0.00000 -0.00639
3400.125 -0.01278 -0.00107 -0.00213
3400.130 -0.00213 0.00000 -0.00959
3400.135 0.00000 -0.00320 -0.00639
3400.140 0.00107 -0.00320 0.01385
3400.145 -0.00426 -0.00213 -0.00426
3400.150 0.01065 -0.00213 0.00000
3400.155 -0.01704 -0.01172 0.00213
3400.160 0.00639 -0.00320 0.00639
3400.165 -0.00107 0.01172 -0.00107
3400.170 0.00426 -0.00426 -0.00107
3400.175 0.00000 -0.00533 -0.00213
3400.180 -0.00107 -0.00107 0.00213
3400.185 -0.00852 0.00000 0.00107
3400.190 -0.00320 0.00107 0.00107
3400.195 -0.00746 -0.00533 0.00746
3400.200 -0.00639 -0.00852 0.00107
3400.206 -0.00852 -0.00320 -0.00320
3400.211 -0.00426 0.00000 0.00426
3400.216 -0.00852 -0.00533 -0.00320
3400.221 -0.00107 -0.00639 -0.00746
3400.226 -0.00213 -0.00213 0.00639
3400.231 -0.00639 -0.00533 -0.00852
3400.236 -0.00852 0.00320 0.00426
3400.241 0.00426 0.00000 0.00107
3400.246 0.00533 0.00213 -0.00426
3400.251 -0.00426 -0.00320 0.01065
3400.256 0.00213 -0.00107 -0.00426
3400.261 0.00213 0.00320 0.00213
3400.266 -0.00107 0.00000 0.00533
3400.271 0.00213 -0.00533 0.00107
3400.276 0.00320 -0.00426 -0.00107
3400.281 -0.00533 -0.00320 -0.00107
3400.286 -0.01065 -0.00533 -0.00639
3400.291 0.00320 -0.00213 -0.00426
3400.296 -0.00320 0.00107 0.00000
3400.301 0.00426 0.00107 -0.00320
3400.306 -0.00320 -0.00959 0.00107
3400.311 -0.00426 0.00320 -0.00320
3400.316 -0.00639 -0.00107 -0.00213
3400.321 -0.00107 0.00959 -0.00213
3400.326 -0.00959 -0.00213 -0.00320
3400.331 -0.00213 -0.00107 0.00959
3400.336 0.00533 0.00000 -0.00213
3400.341 0.00000 -0.00639 0.00852
3400.346 -0.00320 0.00107 -0.00533
3400.351 -0.00213 -0.00746 0.00000
3400.356 0.00213 0.01172 0.00320
3400.361 -0.00746 -0.01065 -0.00639
3400.366 0.00959 0.00107 0.00107
3400.371 -0.01065 -0.00959 -0.00426
3400.377 -0.00426 0.00533 -0.00426
3400.382 -0.00320 0.00000 -0.01172
3400.387 0.00426 -0.00320 -0.00320
3400.392 -0.00213 0.00746 0.00107
3400.397 0.00639 -0.00533 0.00426
3400.402 -0.00426 -0.00426 0.00746
3400.407 0.00107 0.00533 0.00107
3400.412 -0.00426 0.00533 0.00320
3400.417 0.00107 0.00533 -0.00320
3400.422 -0.00533 -0.00107 -0.00746
3400.427 -0.00639 -0.00852 -0.00852
3400.432 0.00000 0.00639 -0.00746
3400.437 -0.00639 -0.00107 0.00533
3400.442 0.00426 -0.00107 -0.00320
3400.447 0.00000 -0.00107 -0.00639
3400.452 0.00746 0.00213 0.00000
3400.457 -0.00320 0.00639 0.00107
3400.462 0.00107 0.00213 0.00107
3400.467 0.00000 -0.00320 0.01278
3400.472 -0.00426 -0.00320 0.00426
3400.477 -0.00213 -0.00533 0.00213
3400.482 0.00000 0.00000 -0.00533
3400.487 0.00320 -0.00107 -0.00852
3400.492 0.00213 -0.00107 -0.00639
3400.497 -0.00852 0.00213 0.00213
3400.502 0.00000 -0.00107 0.00000
3400.507 -0.00213 -0.01278 -0.00107
3400.512 0.00639 0.00107 0.00213
3400.517 -0.00320 -0.00533 -0.00426
3400.522 -0.00533 -0.00533 -0.00639
3400.528 0.00320 -0.00426 0.00320
3400.533 0.00107 0.00000 0.01172
3400.538 -0.01065 -0.00533 -0.00213
3400.543 0.00320 0.00320 -0.00959
3400.548 -0.00320 0.00852 0.00426
3400.553 -0.00639 0.00426 -0.00746
3400.558 0.00320 0.00426 0.01065
3400.563 -0.00107 0.00746 0.00852
3400.568 -0.01172 -0.00107 -0.00533
3400.573 0.00000 -0.00852 -0.00320
3400.578 0.00107 -0.00213 -0.00426
3400.583 0.00213 0.00107 -0.00320
3400.588 -0.00107 -0.00213 0.00533
3400.593 -0.00533 0.00107 -0.00213
3400.598 -0.00639 -0.00320 0.00639
3400.603 -0.00213 0.00000 -0.00426
3400.608 -0.00639 -0.00746 -0.00746
3400.613 0.00320 0.00107 0.00639
3400.618 0.00107 -0.00107 0.00000
3400.623 0.00107 -0.00533 0.00000
3400.628 -0.01065 -0.00426 0.00000
3400.633 0.00426 0.00107 -0.00639
3400.638 -0.00533 0.00213 0.00426
3400.643 -0.01704 -0.00533 0.00426
3400.648 -0.00213 -0.00426 0.00000
3400.653 0.00213 0.00107 -0.00533
3400.659 -0.00320 -0.00213 -0.00426
3400.664 0.00533 -0.00320 0.00107
3400.669 -0.00426 0.00533 0.00320
3400.674 0.00000 -0.00533 0.00320
3400.679 0.00639 0.00320 0.00320
3400.684 -0.00320 -0.00320 0.00213
3400.689 -0.00213 0.00320 0.00107
3400.694 0.00852 0.00000 0.00213
3400.699 -0.01065 -0.00426 -0.01385
3400.704 0.00320 -0.00107 0.00107
3400.709 0.00000 -0.00213 -0.00320
3400.714 -0.01278 -0.00426 0.00533
3400.719 -0.00107 -0.00533 -0.00213
3400.724 -0.00533 0.00533 0.00746
3400.729 -0.00426 -0.01065 0.00000
3400.734 -0.00639 0.00852 -0.00852
3400.739 0.00213 0.00426 0.00000
3400.744 -0.01172 -0.01065 0.00000
3400.749 -0.01065 0.00107 -0.00107
3400.754 0.00213 0.00107 -0.00320
3400.759 0.00000 0.00426 0.00213
3400.764 0.00000 0.00852 0.00320
3400.769 0.00000 -0.01065 0.00852
3400.774 0.00213 0.00000 -0.00320
3400.779 0.00533 0.00533 0.00000
3400.784 0.00320 0.00000 0.00107
3400.789 -0.00533 0.00320 0.00639
3400.794 0.00320 -0.00107 0.00000
3400.799 0.00000 -0.00639 -0.00107
3400.804 -0.00533 0.00213 0.00107
3400.809 0.00107 0.00533 -0.00213
3400.814 0.00426 0.00000 -0.00639
3400.820 -0.00746 0.00746 0.00320
3400.825 0.00107 0.00000 0.00639
3400.830 -0.00426 -0.00639 -0.00852
3400.835 0.00213 -0.00107 0.00213
3400.840 0.01172 -0.00107 -0.00107
3400.845 -0.01172 -0.01385 -0.00107
3400.850 -0.00852 0.00213 0.00000
3400.855 0.00533 0.00533 -0.00107
3400.860 0.00320 -0.00107 -0.00852
3400.865 -0.00852 0.00213 -0.00213
3400.870 -0.00107 0.00000 -0.00852
3400.875 -0.00639 -0.00213 -0.00320
3400.880 0.00426 0.00107 0.00000
3400.885 -0.00746 0.00107 -0.00320
3400.890 0.00107 0.00639 -0.00639
3400.895 -0.00320 -0.00746 -0.00426
3400.900 -0.00320 0.00746 0.00107
3400.905 0.00533 0.00426 0.00320
3400.910 -0.00959 0.00107 0.00000
3400.915 -0.00746 0.00320 0.00107
3400.920 -0.00746 -0.00639 -0.00426
3400.925 0.00426 0.00320 -0.00213
3400.930 -0.00639 -0.00426 -0.00320
3400.935 -0.00533 -0.00107 -0.00959
3400.940 -0.00320 -0.00426 -0.00746
3400.945 -0.00533 -0.00107 0.00107
3400.950 -0.00639 0.00320 0.00000
3400.955 0.00533 -0.00639 -0.00213
3400.960 -0.00959 -0.01385 -0.00533
3400.965 -0.00107 -0.01172 0.00959
3400.970 -0.00213 -0.00320 0.00320
3400.975 -0.00852 0.00107 0.00000
3400.981 -0.00852 0.00639 0.00426
3400.986 0.00000 -0.00107 0.00000
3400.991 0.00107 -0.00107 -0.00320
3400.996 0.00746 -0.00213 0.00426
3401.001 0.01172 0.00000 0.00533
3401.006 -0.00320 -0.00213 0.00426
3401.011 -0.00533 -0.00107 -0.00213
3401.016 -0.00746 -0.00533 -0.00107
3401.021 0.00213 -0.00746 0.00213
3401.026 -0.00320 -0.00426 -0.00320
3401.031 -0.00320 -0.00107 -0.00426
3401.036 -0.00320 -0.00746 -0.00107
3401.041 -0.02131 0.00107 0.00213
3401.046 0.00213 -0.00107 -0.00107
3401.051 -0.00320 -0.00746 -0.00320
3401.056 0.00213 0.00746 -0.00426
3401.061 0.00107 0.00746 0.00000
3401.066 -0.00639 0.00639 0.00426
3401.071 0.00107 -0.00639 0.00000
3401.076 -0.00426 0.00213 -0.00533
3401.081 0.00107 -0.00426 -0.01172
3401.086 -0.00107 -0.00213 0.00107
3401.091 -0.00107 0.00000 -0.00107
3401.096 -0.00107 -0.00533 0.00000
3401.101 -0.00213 -0.00426 0.00000
3401.106 -0.00320 0.00000 -0.00107
3401.111 -0.01172 -0.00213 -0.00426
3401.116 -0.01385 -0.00426 0.00107
3401.121 0.00426 0.00746 -0.00533
3401.126 -0.00213 0.00320 0.00000
3401.131 -0.00533 -0.00213 0.00000
3401.136 -0.00320 0.00320 0.00107
3401.141 -0.00852 -0.00639 0.00107
3401.146 -0.00959 -0.00852 -0.00426
3401.152 0.00533 0.00107 -0.00426
3401.157 -0.00107 0.00533 0.00000
3401.162 -0.00107 -0.00213 -0.00320
3401.167 -0.00639 -0.00639 -0.00107
3401.172 -0.00107 0.00639 0.00213
3401.177 -0.00320 0.00320 0.00426
3401.182 0.00107 0.00000 -0.00213
3401.187 -0.00320 0.00000 -0.00426
3401.192 -0.00533 -0.00213 0.00320
3401.197 0.00107 0.00000 0.00107
3401.202 -0.00320 -0.00426 -0.00533
3401.207 -0.01704 -0.00213 -0.00533
3401.212 -0.00107 -0.00533 0.00320
3401.217 0.00320 0.00000 0.00639
3401.222 -0.00320 -0.00852 0.00213
3401.227 0.00426 0.00000 -0.00959
3401.232 -0.00213 -0.00320 0.00107
3401.237 -0.00426 -0.00107 -0.00107
3401.242 -0.00107 -0.00213 -0.00320
3401.247 0.00213 -0.00639 0.00107
3401.252 0.00213 0.00320 0.00107
3401.257 0.00213 -0.00320 0.00107
3401.262 -0.00746 0.00000 0.00426
3401.267 0.00213 0.00107 -0.00320
3401.272 -0.00746 0.00213 -0.00533
3401.277 0.00533 0.00107 0.00213
3401.282 0.00639 0.00000 -0.00426
3401.287 0.00213 0.00320 0.00107
3401.292 -0.00320 0.00320 -0.00320
3401.297 0.00213 -0.00639 -0.00426
3401.302 0.00213 -0.00213 0.00107
3401.307 -0.00213 -0.00426 0.00320
3401.312 0.00107 -0.00107 0.00107
3401.317 0.00213 -0.00107 -0.00213
3401.323 0.00213 -0.01172 -0.00107
3401.328 -0.00107 0.00639 -0.00320
3401.333 -0.00533 0.00000 0.00107
3401.338 -0.00320 -0.00213 -0.00533
3401.343 0.00000 0.00852 0.00000
3401.348 -0.00213 0.00000 -0.00426
3401.353 -0.00746 0.00320 -0.01065
3401.358 -0.01172 -0.00320 0.00746
3401.363 0.00107 -0.00320 0.00746
3401.368 0.00746 0.00000 0.00107
3401.373 -0.00320 -0.01065 -0.00320
3401.378 0.00320 0.00107 0.00000
3401.383 -0.00213 -0.00320 0.00320
3401.388 -0.00107 -0.00213 0.00320
3401.393 -0.00213 -0.00320 0.00000
3401.398 0.00000 -0.00320 -0.01172
3401.403 -0.00320 -0.01598 -0.00107
3401.408 -0.00320 0.00746 0.00213
3401.413 0.00852 0.00639 -0.00107
3401.418 -0.02131 -0.00959 0.00000
3401.423 -0.00213 -0.00746 0.00000
3401.428 0.00320 0.00107 -0.00746
3401.433 0.00320 -0.00320 -0.00213
3401.438 -0.00107 0.00000 -0.00107
3401.443 -0.00107 -0.00107 -0.00426
3401.448 -0.00746 -0.00426 -0.00107
3401.453 0.00320 0.00213 0.00320
3401.458 -0.00533 -0.00107 -0.00533
3401.463 -0.00107 0.00320 0.00746
3401.468 -0.00213 0.00107 -0.00320
3401.473 -0.00533 0.00320 0.00213
3401.478 -0.00107 -0.00320 -0.00107
3401.484 -0.00533 0.00213 0.00639
3401.489 0.00107 -0.00320 0.00000
3401.494 -0.00426 -0.00533 0.00320
3401.499 -0.00426 -0.00426 -0.00426
3401.504 -0.00213 -0.00852 -0.00213
3401.509 0.00426 0.00000 0.00639
3401.514 0.00000 -0.01172 0.00533
3401.519 0.00746 -0.00320 -0.00320
3401.524 -0.00107 0.00213 -0.00320
3401.529 -0.00320 -0.00533 -0.00320
3401.534 0.00213 -0.00320 0.00426
3401.539 0.00107 -0.00107 0.00213
3401.544 -0.00213 -0.00533 0.00320
3401.549 0.00320 -0.00213 0.00107
3401.554 0.00639 -0.00959 -0.00107
3401.559 0.00107 -0.00533 0.00000
3401.564 -0.00213 0.00213 -0.00320
3401.569 -0.00426 -0.00746 -0.01065
3401.574 0.00639 0.00107 0.00107
3401.579 0.00000 -0.00107 0.00320
3401.584 0.00000 -0.00213 0.00959
3401.589 -0.00107 0.00533 -0.00639
3401.594 -0.00746 0.00533 -0.00320
3401.599 -0.00107 -0.00107 -0.00426
3401.604 0.00000 0.00533 -0.00107
3401.609 -0.00213 0.00107 -0.00213
3401.614 0.00213 -0.00533 -0.00426
3401.619 -0.00426 -0.00320 -0.00213
3401.624 0.01172 0.00426 0.00746
3401.629 0.00000 0.00852 0.00000
3401.634 -0.00320 -0.00213 0.00213
3401.639 0.00426 0.00533 -0.00107
3401.644 -0.00426 -0.00213 -0.00426
3401.649 -0.00213 0.00320 0.00213
3401.654 -0.00639 -0.00426 -0.00213
3401.659 -0.00426 0.00000 -0.00107
3401.665 -0.00426 -0.01065 -0.00426
3401.670 -0.00426 -0.00320 -0.00639
3401.675 0.00320 -0.00213 -0.00533
3401.680 0.00213 -0.00213 -0.00639
3401.685 0.00000 0.00107 0.00426
3401.690 -0.00213 -0.00320 -0.00320
3401.695 0.00213 0.00000 -0.00107
3401.700 0.00107 -0.01065 -0.00426
3401.705 -0.00213 -0.00746 0.00107
3401.710 0.00746 0.00959 0.00000
3401.715 0.00107 -0.00320 0.01917
3401.720 0.00000 0.00852 -0.00107
3401.725 -0.00639 -0.00320 -0.00426
3401.730 -0.00213 0.00107 0.00000
3401.735 0.00000 -0.00426 -0.00107
3401.740 0.00000 0.00107 -0.00320
3401.745 -0.00639 0.00533 0.00000
3401.750 -0.00107 0.00107 -0.00213
3401.755 -0.00213 -0.00746 -0.00320
3401.760 0.00000 -0.00320 0.00213
3401.765 -0.00426 0.00426 -0.00426
3401.770 0.00107 -0.00320 0.00639
3401.775 0.00746 -0.00746 0.00533
3401.780 0.00320 -0.00852 0.00000
3401.785 -0.00426 0.00639 -0.00320
3401.790 -0.00639 -0.00852 -0.00852
3401.795 -0.00213 -0.00320 -0.01385
3401.800 -0.00959 -0.00533 -0.00320
3401.806 0.00213 0.00000 0.00426
3401.811 0.00639 -0.00213 -0.00107
3401.816 -0.00746 -0.01065 0.00107
3401.821 -0.00852 -0.00213 0.00000
3401.826 -0.00426 -0.00320 0.00000
3401.831 0.00213 0.00000 0.00107
3401.836 0.00852 0.00533 -0.00959
3401.841 -0.00107 -0.00533 -0.00320
3401.846 -0.00426 -0.00426 -0.00426
3401.851 -0.00213 -0.01278 -0.00533
3401.856 0.00107 0.01065 -0.00213
3401.861 -0.00746 0.00320 0.00320
3401.866 -0.00213 -0.00213 -0.00107
3401.871 0.00746 0.00107 0.00746
3401.876 -0.00320 -0.00320 0.00213
3401.881 0.00639 0.00000 -0.00746
3401.886 0.00213 -0.00852 0.00959
3401.891 -0.00213 0.00426 0.00639
3401.896 0.00533 0.00107 -0.00320
3401.901 -0.00320 -0.00213 -0.00426
3401.906 -0.00320 0.00107 -0.00959
3401.911 0.00213 -0.00320 -0.01172
3401.916 -0.00320 0.00000 0.00107
3401.921 0.00000 0.00426 0.00000
3401.926 -0.00852 -0.01704 -0.00639
3401.931 -0.00107 -0.00107 0.01065
3401.936 -0.00533 0.00533 0.00213
3401.941 -0.00426 0.00000 0.00000
3401.946 -0.00320 -0.00959 0.00213
3401.951 -0.00320 0.00639 -0.00213
3401.957 -0.00426 -0.00107 0.00000
3401.962 0.00000 -0.00107 -0.00213
3401.967 -0.00213 -0.00213 0.00426
3401.972 0.00533 -0.00746 -0.00639
3401.977 0.01065 0.00107 -0.00746
3401.982 -0.00426 -0.00533 0.00320
3401.987 0.00000 -0.00533 0.00533
3401.992 0.01065 -0.00213 0.00000
3401.997 0.00000 -0.00320 -0.00426
3402.002 0.00639 -0.00320 -0.00639
3402.007 0.00213 -0.00426 0.00213
3402.012 -0.00426 -0.00533 -0.00107
3402.017 -0.00639 0.00107 0.00639
3402.022 0.00000 -0.00959 -0.00320
3402.027 -0.00533 -0.00533 -0.00852
3402.032 0.00107 -0.00107 0.00000
3402.037 -0.00852 -0.00959 -0.00320
3402.042 0.01172 -0.00107 -0.00320
3402.047 -0.00959 -0.00533 -0.00213
3402.052 -0.00426 -0.00213 0.00639
3402.057 0.00426 0.00213 0.00000
3402.062 0.00533 -0.00426 -0.01172
3402.067 -0.00107 -0.00320 0.00320
3402.072 0.00320 -0.00107 0.00639
3402.077 -0.00107 0.01065 0.00000
3402.082 -0.00107 -0.00213 -0.00959
3402.087 0.00639 0.00533 0.00000
3402.092 -0.00107 0.00959 -0.00320
3402.097 -0.00213 -0.00213 0.00852
3402.102 -0.00107 0.00000 0.00000
3402.107 -0.00107 -0.00107 -0.00639
3402.112 -0.00107 0.00426 0.00000
3402.117 -0.00533 0.00000 -0.00852
3402.122 0.00000 -0.00533 -0.00320
3402.127 0.00000 0.00000 0.00213
3402.132 -0.00852 -0.00320 -0.00213
3402.137 0.00639 -0.00213 0.00107
3402.142 0.00639 0.00213 0.00213
3402.147 -0.00107 -0.00426 -0.00107
3402.152 0.00213 0.00107 -0.00320
3402.158 -0.00746 -0.01598 0.00213
3402.163 -0.00533 -0.00213 0.00426
3402.168 0.00746 0.00320 -0.00746
3402.173 -0.00107 -0.00426 0.00107
3402.178 0.00107 0.00639 0.00533
3402.183 0.00320 0.00107 -0.00320
3402.188 0.00213 0.00213 -0.00213
3402.193 -0.00426 -0.00533 -0.01065
3402.198 0.00107 0.00533 0.00426
3402.203 0.00320 0.00320 0.00000
3402.208 0.00107 -0.00426 -0.00959
3402.213 0.00213 -0.00107 -0.00746
3402.218 -0.00533 -0.01065 -0.01385
3402.223 -0.00320 -0.00320 -0.00639
3402.228 -0.00320 0.00320 0.00107
3402.233 -0.01172 -0.00320 0.00320
3402.238 -0.00107 0.00320 -0.00533
3402.243 0.01065 -0.00426 0.00107
3402.248 0.00107 -0.00213 0.00533
3402.253 -0.01385 -0.00426 -0.00533
3402.258 -0.00213 -0.00959 0.00107
3402.263 -0.00852 0.00852 -0.00852
3402.268 -0.00213 -0.00320 -0.00426
3402.273 -0.00426 0.00320 0.00107
3402.278 -0.00320 -0.00426 0.00213
3402.283 0.00107 0.00320 -0.00533
3402.288 -0.00320 -0.00639 0.00107
3402.293 -0.01917 -0.00107 -0.00533
3402.298 0.00213 -0.00426 -0.00107
3402.303 0.00213 0.01065 0.00000
3402.308 -0.00320 -0.00320 0.00533
3402.313 -0.00746 0.00213 -0.00533
3402.319 0.00107 -0.00426 -0.00533
3402.324 -0.00320 -0.00213 -0.00213
3402.329 -0.00107 -0.00107 -0.00213
3402.334 -0.00639 -0.00426 -0.00213
3402.339 0.00426 -0.00320 0.00107
3402.344 -0.00639 0.00000 0.00000
3402.349 -0.00746 0.00000 -0.00107
3402.354 -0.00959 -0.00213 -0.00107
3402.359 0.00320 0.00746 0.00852
3402.364 -0.00746 0.00320 0.00213
3402.369 -0.00320 -0.00213 -0.00107
3402.374 0.00000 0.01278 -0.00107
3402.379 -0.00213 -0.00852 -0.00746
3402.384 -0.00320 -0.00107 -0.00852
3402.389 -0.00320 -0.00426 -0.00213
3402.394 -0.00320 -0.00639 -0.00426
3402.399 -0.00107 0.00533 -0.00959
3402.404 0.00000 -0.00107 0.00213
3402.409 -0.01172 0.00639 -0.00107
3402.414 -0.00746 0.00000 -0.00320
3402.419 0.00852 -0.00213 -0.01065
3402.424 -0.00320 -0.00320 0.00426
3402.429 0.00000 -0.00320 -0.00320
3402.434 0.00000 -0.00213 0.00000
3402.439 -0.00639 -0.00320 0.00213
3402.444 0.00107 0.00000 -0.00107
3402.449 -0.01491 0.00000 -0.00746
3402.454 0.00000 0.00320 0.00533
3402.460 -0.01172 -0.00426 -0.00533
3402.465 0.00107 -0.00746 0.00320
3402.470 0.00213 -0.00533 0.00426
3402.475 0.00320 -0.00426 0.00107
3402.480 -0.00533 0.00639 -0.00107
3402.485 -0.00213 0.01491 0.00107
3402.490 -0.00213 -0.00639 -0.00107
3402.495 0.00959 -0.00107 0.00000
3402.500 0.00000 -0.00320 -0.00426
3402.505 -0.00426 0.00320 0.00107
3402.510 -0.00107 0.00107 0.01491
3402.515 -0.00746 -0.00213 0.00426
3402.520 -0.00426 -0.00639 0.00959
3402.525 -0.00320 0.00107 0.00000
3402.530 0.01065 0.00426 -0.01172
3402.535 0.00320 0.00107 -0.01065
3402.540 0.00213 -0.00426 0.00000
3402.545 0.00852 -0.00213 -0.00746
3402.550 0.01278 0.00213 -0.00213
3402.555 0.00852 -0.01172 0.00107
3402.560 -0.00107 -0.00533 -0.00639
3402.565 0.00533 -0.00852 -0.00213
3402.570 -0.00639 -0.00320 0.00426
3402.575 -0.01385 -0.00320 0.00320
3402.580 0.00213 -0.00639 0.00213
3402.585 -0.01598 -0.00107 -0.00107
3402.590 0.00320 -0.00426 0.00000
3402.595 0.00000 0.00000 -0.00107
3402.600 -0.00320 0.00320 -0.00746
3402.605 -0.00320 -0.00320 0.00533
3402.610 -0.00746 0.00320 0.00000
3402.615 -0.00639 0.00746 0.00320
3402.621 -0.00426 -0.00107 0.00000
3402.625 0.00000 -0.00852 -0.00533
3402.631 -0.00107 -0.00320 0.00533
3402.636 -0.01065 -0.00107 0.00852
3402.641 0.00213 -0.00639 0.00320
3402.646 0.00426 -0.00107 0.00533
3402.651 -0.00959 -0.00426 -0.00639
3402.656 0.00107 0.00320 -0.00533
3402.661 0.00000 -0.00320 -0.00426
3402.666 0.00320 0.00320 -0.00107
3402.671 -0.00533 0.00000 -0.00213
3402.676 -0.00320 -0.01172 -0.00107
3402.681 -0.00852 0.00959 -0.00107
3402.686 -0.00320 0.00213 -0.00533
3402.691 -0.00213 -0.00320 -0.00533
3402.696 -0.00107 0.00746 -0.00107
3402.701 0.00000 0.00000 -0.00320
3402.706 -0.00426 -0.00746 0.00000
3402.711 0.00000 -0.00426 0.00107
3402.716 -0.00213 0.02131 -0.00213
3402.721 -0.00852 -0.00320 -0.00107
3402.726 0.00639 -0.00320 -0.00213
3402.731 0.00426 0.00213 0.00426
3402.736 0.00213 -0.00639 -0.00320
3402.741 -0.00426 -0.00320 0.00426
3402.746 0.00426 -0.00107 0.00426
3402.751 -0.00533 0.00746 -0.00213
3402.756 0.00639 -0.00107 -0.00533
3402.761 -0.00746 -0.00959 0.00107
3402.766 0.00426 -0.00213 0.00000
3402.771 0.00000 -0.00639 -0.00426
3402.776 -0.00852 0.00107 0.00000
3402.781 0.00213 0.00426 -0.00107
3402.786 -0.00533 -0.00639 -0.00533
3402.792 -0.00746 0.00426 -0.00320
3402.797 -0.00213 0.00000 -0.00426
3402.802 -0.00213 0.00320 0.00320
3402.807 0.00000 -0.00533 -0.00320
3402.812 -0.00213 -0.00213 0.00107
3402.817 -0.00746 -0.00213 -0.00213
3402.822 -0.00533 -0.00426 -0.00639
3402.827 0.00639 -0.00533 -0.00107
3402.832 -0.00426 0.00533 -0.00213
3402.837 0.00533 -0.01278 0.00107
3402.842 0.00000 -0.00107 0.00852
3402.847 -0.01172 -0.00959 -0.00959
3402.852 -0.00213 0.00320 0.00320
3402.857 -0.00107 0.00320 0.00213
3402.862 0.00426 -0.00852 -0.00426
3402.867 0.00213 -0.00107 -0.00852
3402.872 -0.00639 0.00213 0.00533
3402.877 0.00533 -0.00213 -0.00533
3402.882 0.00852 0.00107 -0.00426
3402.887 -0.00213 -0.00107 -0.00107
3402.892 0.00107 0.00107 0.00107
3402.897 -0.01172 -0.01172 0.00320
3402.902 -0.00746 0.00107 0.00426
3402.907 -0.00320 -0.00426 -0.00746
3402.912 0.00107 0.00746 0.00320
3402.917 0.00746 0.00320 -0.00746
3402.922 0.00426 -0.01278 -0.01278
3402.927 0.00959 0.00213 0.00000
3402.932 -0.00426 0.00000 0.00107
3402.937 -0.00213 0.00320 -0.00320
3402.943 -0.00320 0.00852 0.00746
3402.948 -0.00320 -0.00107 -0.00320
3402.953 -0.00107 -0.00426 0.00000
3402.958 0.00213 -0.00533 -0.00426
3402.963 -0.01385 -0.00852 0.00000
3402.968 0.00107 -0.00107 0.00639
3402.973 -0.00107 0.00639 -0.00213
3402.978 0.00533 0.00533 -0.00533
3402.983 0.00000 0.00213 -0.00320
3402.988 -0.00320 0.00320 -0.00107
3402.993 0.00213 -0.00320 0.00639
3402.998 -0.00746 0.00426 -0.00213
3403.003 -0.00639 -0.00107 0.00320
3403.008 0.00213 -0.00639 0.00213
3403.013 0.00426 0.00746 0.00426
3403.018 0.00213 -0.00213 -0.00320
3403.023 0.00852 0.00107 -0.00107
3403.028 0.00000 -0.00213 -0.00533
3403.033 -0.01278 -0.00320 -0.00639
3403.038 -0.00639 -0.00639 0.00852
3403.043 -0.00533 -0.00320 -0.00533
3403.048 0.00426 -0.00426 0.00213
3403.053 0.00000 0.00213 0.00107
3403.058 0.00533 -0.00426 -0.00533
3403.063 -0.00320 0.00213 -0.00213
3403.068 -0.00213 -0.00852 -0.00213
3403.073 -0.00107 -0.00533 -0.00320
3403.078 -0.00639 0.00213 -0.00426
3403.083 0.00000 -0.00852 -0.00320
3403.088 -0.00746 -0.00107 0.00000
3403.093 0.00107 -0.00320 0.00746
3403.098 -0.00746 -0.00426 -0.00639
3403.103 -0.00320 0.00107 0.00852
3403.108 -0.00959 -0.00852 0.00107
3403.113 -0.00107 0.00426 0.00213
3403.118 -0.00533 -0.00426 -0.00746
3403.123 0.00000 -0.00959 0.00000
3403.128 0.00000 0.00107 0.00213
3403.134 0.00426 0.00533 -0.00320
3403.138 0.00533 -0.00852 -0.00320
3403.144 0.00000 -0.01065 -0.00320
3403.149 -0.00320 0.00320 0.00107
3403.154 0.00000 -0.00746 0.00320
3403.159 -0.00639 -0.01704 0.00533
3403.164 0.00107 0.00426 -0.00959
3403.169 -0.00107 0.00426 -0.00107
3403.174 -0.00852 -0.00213 0.00107
3403.179 -0.00426 -0.00852 -0.00107
3403.184 -0.00213 -0.00639 0.00000
3403.189 0.00107 -0.00426 0.00213
3403.194 -0.00533 -0.00533 -0.00533
3403.199 0.00107 0.01065 0.00213
3403.204 -0.00213 -0.00107 0.00213
3403.209 -0.00213 0.00213 -0.00213
3403.214 -0.00746 -0.00320 -0.00959
3403.219 -0.00107 0.00107 0.00639
3403.224 -0.01065 -0.00533 0.00107
3403.229 0.00639 0.00320 0.00746
3403.234 -0.00852 -0.00533 -0.00320
3403.239 -0.00213 -0.01172 0.00426
3403.244 -0.00213 -0.00533 -0.00320
3403.249 -0.00426 -0.00107 0.00746
3403.254 -0.00533 0.00107 -0.00533
3403.259 0.00000 0.00107 0.00107
3403.265 -0.00852 -0.00320 -0.00213
3403.270 0.00852 -0.00746 -0.00107
3403.275 -0.00320 -0.01065 -0.00533
3403.280 0.00107 -0.00959 0.00107
3403.285 0.00000 0.00426 -0.00107
3403.290 -0.00959 -0.00746 -0.01065
3403.295 -0.00746 0.00213 0.00426
3403.300 -0.00213 -0.00213 0.00000
3403.305 -0.00746 -0.00213 -0.00213
3403.310 -0.00213 -0.00107 0.00639
3403.315 0.00107 -0.01491 -0.00639
3403.320 -0.00639 -0.00213 -0.00639
3403.325 0.00000 -0.00533 -0.00533
3403.330 0.00107 0.00107 -0.01598
3403.335 -0.00213 0.00000 -0.00533
3403.340 -0.00746 -0.00639 0.00000
3403.345 0.00000 0.00533 0.00000
3403.350 -0.00213 0.00852 0.00320
3403.355 -0.00426 0.01704 -0.00426
3403.360 -0.00107 0.00852 0.00426
3403.365 0.00320 -0.00320 0.00320
3403.370 -0.01065 0.00107 -0.00639
3403.375 0.01278 0.00533 -0.00639
3403.380 -0.00320 -0.00107 -0.00426
3403.385 -0.00426 0.00639 -0.00746
3403.390 -0.00213 0.00639 0.00533
3403.395 -0.00426 0.00107 -0.00426
3403.400 0.00213 0.00426 0.00000
3403.405 -0.00639 -0.00107 0.00107
3403.410 -0.00320 0.00213 0.00533
3403.415 0.00107 -0.00639 -0.00320
3403.420 0.00000 0.00320 0.00213
3403.425 0.00107 -0.00639 0.00000
3403.430 -0.00959 -0.00533 0.00852
3403.436 -0.00959 -0.00107 0.00000
3403.441 0.00000 -0.00213 0.00213
3403.446 -0.00852 -0.00533 -0.00213
3403.451 -0.00639 -0.00533 0.00213
3403.456 -0.00959 0.00000 -0.00320
3403.461 0.00320 0.00000 -0.00213
3403.466 0.00320 0.01065 0.01385
3403.471 0.00320 0.00000 -0.00107
3403.476 -0.00213 0.00213 0.00000
3403.481 0.00533 0.00533 0.00107
3403.486 -0.00107 -0.00533 0.00426
3403.491 0.00213 -0.00639 0.00000
3403.496 -0.00107 -0.00746 -0.00213
3403.501 0.00320 -0.00320 0.00639
3403.506 0.00107 0.00746 0.00107
3403.511 -0.01065 -0.00746 0.00107
3403.516 -0.00213 -0.00213 -0.00639
3403.521 0.00000 0.00000 -0.00639
3403.526 0.00000 -0.00746 0.00320
3403.531 0.00533 -0.00213 0.00000
3403.536 -0.00426 0.01065 0.00320
3403.541 -0.00533 -0.01385 -0.00533
3403.546 0.00533 0.00320 -0.00213
3403.551 -0.00320 0.00107 0.00746
3403.556 0.00320 -0.00107 -0.00959
3403.561 0.00213 0.00213 0.00107
3403.566 -0.00213 0.00639 0.00320
3403.571 0.00426 0.00320 0.00213
3403.576 0.00000 -0.00320 0.00320
3403.581 0.00320 0.00000 0.00320
3403.586 0.00000 0.00852 -0.00746
3403.591 -0.00213 0.00426 0.00000
3403.597 -0.00213 0.00320 -0.00533
3403.602 0.00000 -0.00213 0.00533
3403.607 0.00000 0.00426 -0.00320
3403.611 0.00107 -0.00426 0.00320
3403.617 -0.00426 0.00746 -0.00639
3403.622 -0.00213 0.00000 0.00746
3403.627 -0.00213 0.00000 -0.00320
3403.632 -0.00107 0.00320 -0.00107
3403.637 -0.00320 0.00533 0.00107
3403.642 0.00639 -0.00639 0.00426
3403.647 -0.00639 0.00213 -0.00852
3403.652 -0.00213 -0.00107 0.00000
3403.657 0.00000 -0.00320 0.00213
3403.662 -0.00107 -0.00746 -0.00107
3403.667 0.00320 0.00533 -0.01172
3403.672 -0.00320 -0.00639 -0.00426
3403.677 0.00533 0.00213 -0.00746
3403.682 -0.00639 -0.00639 -0.00107
3403.687 -0.01917 0.00320 -0.00213
3403.692 -0.00213 0.01172 0.00000
3403.697 -0.00107 -0.00426 0.00000
3403.702 -0.00533 -0.00639 0.00213
3403.707 -0.00213 -0.00533 0.00320
3403.712 -0.00533 0.00000 -0.00320
3403.717 0.00000 -0.00107 -0.00107
3403.722 -0.00746 -0.00320 0.00107
3403.727 -0.00107 0.00000 0.00426
3403.732 0.00426 0.00000 0.00746
3403.737 -0.00213 -0.00107 -0.00213
3403.742 0.00213 -0.01065 -0.00533
3403.747 0.00320 0.00000 -0.00426
3403.752 0.00426 0.00320 -0.00107
3403.757 -0.00959 0.00000 0.00213
3403.762 0.00533 -0.00426 -0.00320
3403.768 0.00639 -0.00746 0.00213
3403.773 -0.00320 0.00213 0.00000
3403.778 0.00533 -0.00639 0.00107
3403.783 0.00959 0.00000 0.00533
3403.788 0.00107 0.00320 -0.00746
3403.793 -0.00426 -0.00213 -0.00746
3403.798 0.00639 -0.00320 0.00746
3403.803 0.00213 0.00213 0.00107
3403.808 -0.00533 0.01278 0.00426
3403.813 -0.00746 0.00000 -0.00213
3403.818 -0.00107 -0.00320 0.00213
3403.823 0.00426 0.00426 -0.00852
3403.828 -0.00533 0.00000 -0.00533
3403.833 0.00000 -0.00107 0.00320
3403.838 -0.00213 0.00000 -0.00107
3403.843 0.00533 -0.00533 0.00000
3403.848 -0.00107 -0.00213 0.00000
3403.853 0.00320 0.00107 0.00107
3403.858 -0.00320 -0.00320 0.00746
3403.863 -0.00213 0.00000 0.00426
3403.868 -0.00107 0.00000 0.00426
3403.873 -0.00639 -0.00107 -0.01065
3403.878 0.00107 0.00852 0.00746
3403.883 0.00639 0.00639 0.00213
3403.888 -0.00533 -0.00852 -0.00213
3403.893 -0.00959 -0.00852 -0.00107
3403.898 -0.00320 -0.00533 -0.00213
3403.903 0.00426 0.00959 -0.00426
3403.908 0.00426 0.00000 0.00213
3403.913 0.00426 -0.00320 -0.01278
3403.918 -0.00426 -0.01172 0.00107
3403.923 0.00639 0.00107 0.00533
3403.928 0.00320 0.00533 -0.00213
3403.933 -0.00426 -0.00213 -0.00746
3403.939 -0.00746 0.00213 -0.00426
3403.944 0.00426 -0.00107 -0.00213
3403.949 -0.00533 -0.00213 0.00213
3403.954 -0.00533 -0.00213 0.00639
3403.959 0.00107 -0.00426 0.00320
3403.964 0.00213 0.00320 0.00426
3403.969 -0.00426 -0.00852 0.00426
3403.974 0.00320 0.00000 0.00213
3403.979 0.00426 -0.00533 0.00533
3403.984 -0.00107 -0.00107 -0.00533
3403.989 -0.00213 -0.00213 -0.00320
3403.994 0.00320 -0.00533 -0.01065
3403.999 0.00213 -0.00320 -0.00320
3404.004 -0.00639 -0.00426 -0.00320
3404.009 0.00320 0.00000 0.00107
3404.014 0.00426 0.00426 0.00213
3404.019 0.00107 -0.00320 0.00639
3404.024 0.00000 0.00213 0.00533
3404.029 -0.00426 0.00107 0.00639
3404.034 0.00213 -0.00533 0.00320
3404.039 -0.00426 -0.00213 0.00426
3404.044 0.00000 0.00426 0.00213
3404.049 -0.00639 0.00213 0.00852
3404.054 0.00426 0.00426 0.00000
3404.059 -0.00746 0.00426 0.01491
3404.064 -0.00852 -0.00320 0.00533
3404.069 0.00639 -0.00639 0.00213
3404.074 0.00107 0.00533 0.00426
3404.079 -0.00639 -0.00639 0.00213
3404.084 0.00320 0.00000 0.00107
3404.090 0.00107 0.00426 -0.00320
3404.095 -0.00746 -0.00107 -0.00320
3404.100 -0.00959 0.00639 0.00213
3404.105 0.00107 0.00000 0.00320
3404.110 0.00107 -0.01598 0.00320
3404.115 -0.00533 -0.00639 -0.01065
3404.120 -0.00533 0.00426 -0.00107
3404.125 -0.00533 -0.00533 -0.00533
3404.130 0.00213 -0.00746 -0.00746
3404.135 0.00639 -0.00639 -0.00533
3404.140 0.00639 -0.00107 0.00107
3404.145 -0.00639 -0.00852 -0.00320
3404.150 -0.00533 0.00533 0.00426
3404.155 -0.00533 -0.00107 -0.00107
3404.160 0.00320 -0.00107 0.01917
3404.165 -0.00320 0.00000 -0.00320
3404.170 -0.00852 0.00213 0.00107
3404.175 -0.00852 -0.00213 0.00213
3404.180 -0.00107 0.00107 -0.00426
3404.185 -0.00213 0.00107 -0.00320
3404.190 0.00000 0.00000 -0.00107
3404.195 0.00000 -0.00320 0.00426
3404.200 -0.01385 -0.00213 -0.00213
3404.205 -0.00533 -0.00639 0.01811
3404.210 -0.00213 -0.00746 -0.00213
3404.215 -0.00426 -0.01172 -0.01065
3404.220 -0.00107 0.00107 0.00107
3404.225 0.00426 -0.00320 0.00107
3404.230 -0.00320 0.00000 -0.00320
3404.235 0.00107 -0.00533 0.00320
3404.241 0.00320 -0.00213 -0.00107
3404.246 0.00107 -0.00107 -0.00639
3404.251 -0.00320 -0.00213 -0.00533
3404.256 0.00213 -0.00213 -0.00107
3404.261 -0.00107 0.00533 0.00533
3404.266 -0.00533 0.00213 -0.00213
3404.271 -0.00107 -0.00213 -0.00107
3404.276 -0.00107 -0.00320 -0.00107
3404.281 -0.00320 -0.00426 -0.00426
3404.286 -0.00107 0.00746 0.00426
3404.291 0.00213 0.00000 0.00107
3404.296 0.00107 0.00000 0.00639
3404.301 0.01811 0.00107 -0.00320
3404.306 -0.00639 -0.00213 -0.00426
3404.311 -0.00213 -0.00533 0.00213
3404.316 -0.00959 0.00320 0.00000
3404.321 -0.00426 -0.00639 0.00107
3404.326 0.00426 0.00213 -0.00107
3404.331 -0.00533 -0.00533 0.00000
3404.336 0.00000 0.00107 -0.00320
3404.341 -0.00426 -0.01065 -0.00107
3404.346 0.00320 -0.00426 0.00000
3404.351 -0.00107 -0.00320 0.00107
3404.356 -0.00213 -0.00320 0.00000
3404.361 0.00107 0.00320 -0.00107
3404.366 -0.00213 0.00320 -0.00852
3404.371 0.00213 -0.00639 0.00000
3404.376 0.00533 -0.00320 -0.00320
3404.381 0.00533 -0.00533 0.00107
3404.386 -0.00639 -0.00426 -0.00426
3404.391 -0.00852 0.00213 0.00107
3404.396 -0.00213 -0.01385 0.00000
3404.401 0.00426 -0.00426 -0.00426
3404.406 -0.00959 0.00107 0.01278
3404.411 0.00107 0.00746 0.00213
3404.416 0.00320 -0.00533 -0.00107
3404.421 -0.00959 -0.00533 0.00639
3404.426 0.00320 -0.00639 -0.00852
3404.431 0.00107 0.00533 -0.00533
3404.436 -0.00213 -0.00426 -0.00320
3404.442 0.00639 0.00639 0.00107
3404.447 0.00852 -0.00426 -0.00852
3404.452 0.00000 -0.00107 0.01598
3404.457 0.00426 0.00426 -0.00320
3404.462 0.00000 -0.00533 -0.00320
3404.467 -0.00320 -0.00320 -0.00746
3404.472 -0.00639 -0.00213 0.00320
3404.477 0.00000 -0.00107 -0.00426
3404.482 -0.00426 -0.00959 0.00000
3404.487 -0.00213 -0.00426 -0.00107
3404.492 -0.00426 0.00426 -0.00107
3404.497 0.00107 0.00107 -0.01811
3404.502 -0.00213 -0.00107 0.00852
3404.507 -0.00533 -0.00107 -0.00107
3404.512 -0.00426 -0.00639 -0.00107
3404.517 0.00533 -0.00426 -0.00320
3404.522 -0.00320 -0.00320 0.00107
3404.527 0.00107 0.00533 -0.00320
3404.532 -0.00213 0.00000 0.00320
3404.537 0.01065 -0.00213 0.00533
3404.542 -0.01065 0.00000 0.00000
3404.547 -0.00639 -0.00639 -0.00426
3404.552 -0.00852 -0.00213 -0.00639
3404.557 0.00426 -0.00320 -0.00107
3404.562 -0.00533 0.00000 -0.00213
3404.567 0.00426 -0.00746 -0.00320
3404.572 -0.00959 -0.01065 -0.00426
3404.577 0.00107 -0.00852 0.00213
3404.582 -0.00320 0.00107 0.00426
3404.587 -0.00213 0.00426 -0.00639
3404.592 -0.00320 -0.00426 -0.00320
3404.597 0.00107 -0.00639 -0.00746
3404.602 0.00107 -0.00746 -0.00107
3404.607 0.00426 -0.00426 -0.00426
3404.612 -0.00213 -0.00533 0.00000
3404.617 -0.00320 0.00320 0.00213
3404.623 0.00320 0.00107 -0.00426
3404.628 -0.00852 0.00320 0.00000
3404.633 0.00107 -0.00213 0.00639
3404.638 -0.00533 0.00639 0.00213
3404.643 -0.00746 -0.00959 -0.00533
3404.648 -0.00320 -0.00959 -0.00533
3404.653 0.00107 -0.00213 0.00852
3404.658 -0.00213 -0.00426 0.00746
3404.663 -0.00959 -0.00852 -0.00213
3404.668 0.00107 0.00000 -0.00107
3404.673 -0.00320 0.00000 -0.00320
3404.678 -0.00213 -0.00426 0.00107
3404.683 0.00000 -0.00107 -0.00533
3404.688 0.00107 -0.00107 0.00000
3404.693 -0.00213 0.00213 0.00533
3404.698 0.00426 -0.00213 0.00213
3404.703 0.00320 -0.00639 -0.00320
3404.708 0.00107 -0.00533 -0.00533
3404.713 0.00426 0.00107 0.00533
3404.718 0.00000 0.00426 0.00107
3404.723 -0.00426 -0.00213 -0.00426
3404.728 0.00533 0.00107 -0.00320
3404.733 0.00426 0.00107 0.00213
3404.738 -0.00746 -0.00533 0.00107
3404.744 -0.01172 -0.00107 0.01065
3404.748 0.00107 -0.00426 -0.00107
3404.754 0.00213 -0.01172 0.00426
3404.759 0.00959 0.00213 0.00533
3404.764 -0.00639 0.00426 0.00533
3404.769 0.00107 -0.00533 -0.00639
3404.774 0.00426 0.00107 0.00000
3404.779 0.00213 0.00107 0.00000
3404.784 0.00000 0.00426 0.00213
3404.789 0.00533 -0.00533 0.00426
3404.794 -0.00533 0.00213 -0.00107
3404.799 0.00320 0.00746 0.00000
3404.804 -0.00639 -0.00533 0.00320
3404.809 -0.00533 -0.00533 -0.00533
3404.814 -0.00213 -0.00639 0.00320
3404.819 0.00426 0.00639 0.00426
3404.824 -0.00746 0.00959 -0.00107
3404.829 -0.00639 0.00213 0.00000
3404.834 -0.00107 -0.01172 -0.00213
3404.839 -0.00426 0.00959 -0.00213
3404.844 0.00320 -0.00213 0.00107
3404.849 -0.00320 -0.00320 -0.00533
3404.854 -0.00107 -0.00320 0.00000
3404.859 -0.00107 0.00000 -0.00320
3404.864 -0.00320 -0.00426 0.00320
3404.869 0.01172 -0.00107 0.01065
3404.874 0.00107 0.01065 -0.00213
3404.879 0.00000 -0.00426 0.00107
3404.885 0.00000 -0.00426 -0.00213
3404.890 0.00213 0.00320 0.00000
3404.895 -0.00746 0.00107 0.00213
3404.900 -0.00213 0.00639 0.00426
3404.905 0.00426 0.00426 0.00107
3404.910 -0.00213 -0.00213 0.00320
3404.915 -0.00639 -0.00426 0.00533
3404.920 -0.00639 0.00107 0.00213
3404.925 0.00213 0.00107 -0.00533
3404.930 -0.00533 -0.00107 -0.00320
3404.935 -0.00533 0.00000 -0.00107
3404.940 -0.00107 -0.00426 0.00213
3404.945 0.00426 0.01172 0.00107
3404.950 0.00426 0.00320 -0.00107
3404.955 -0.00639 0.00639 0.00213
3404.960 -0.01065 -0.00213 0.00000
3404.965 0.00320 0.00000 0.00533
3404.970 -0.00107 -0.00107 0.00533
3404.975 -0.00959 0.00426 0.00213
3404.980 -0.00959 0.00000 0.00320
3404.985 -0.00426 0.01065 -0.00320
3404.990 0.00426 0.00213 -0.01065
3404.995 0.00213 0.00107 -0.00107
3405.000 -0.00107 0.00107 -0.00213
3405.005 -0.00320 -0.00320 -0.00533
3405.010 -0.00959 0.00320 -0.00852
3405.015 -0.00213 -0.00107 0.00852
3405.020 0.00320 0.00213 0.00639
3405.025 0.00426 -0.00746 -0.00639
3405.030 -0.00639 0.00746 0.00320
3405.035 0.00213 -0.00426 -0.00639
3405.040 0.00320 0.00107 -0.00426
3405.045 -0.00107 -0.00533 -0.00320
3405.050 0.00426 0.00107 -0.00107
3405.056 -0.00639 0.00426 0.00000
3405.061 0.00107 -0.00426 0.00213
3405.066 -0.00852 0.00107 0.00213
3405.071 -0.00213 0.00213 -0.00107
3405.076 -0.00746 0.00426 -0.00852
3405.081 0.00000 0.00320 0.00213
3405.086 -0.00852 0.00000 -0.00107
3405.091 -0.00533 0.00639 -0.00746
3405.096 -0.00746 -0.00213 0.00533
3405.101 0.00426 0.00426 0.00000
3405.106 0.00320 0.00107 -0.00426
3405.111 -0.00639 0.00000 -0.00852
3405.116 0.00107 -0.00213 0.01065
3405.121 0.00107 0.00213 0.00213
3405.126 -0.00533 0.00000 -0.00639
3405.131 -0.00107 -0.01065 0.00107
3405.136 -0.00639 0.00000 0.00000
3405.141 -0.00533 0.00746 -0.00213
3405.146 -0.00213 -0.00533 0.00746
3405.151 -0.00533 0.00426 0.00000
3405.156 -0.00639 -0.00213 -0.00107
3405.161 0.00107 0.00213 -0.00320
3405.166 -0.00320 -0.01065 -0.00213
3405.171 0.00000 -0.00107 0.00213
3405.176 -0.00639 0.00213 0.00107
3405.181 -0.00426 0.00000 0.00213
3405.186 0.00213 -0.00959 0.00000
3405.191 -0.00213 -0.00213 -0.00320
3405.196 -0.00533 -0.00426 0.00000
3405.201 0.00107 0.00107 -0.00533
3405.206 -0.00426 -0.00746 -0.00213
3405.211 -0.01385 -0.00320 -0.00320
3405.217 -0.00320 0.00320 0.00107
3405.222 0.00959 -0.00852 0.00107
3405.227 -0.00852 0.00320 -0.00426
3405.232 0.00852 0.00213 0.00000
3405.237 -0.00533 -0.00213 -0.01278
3405.242 -0.00320 0.01065 0.00320
3405.247 0.00320 -0.00639 -0.00320
3405.252 0.00320 0.00000 -0.00533
3405.257 -0.00746 -0.00639 0.00426
3405.262 0.00107 -0.00320 -0.01065
3405.267 0.00000 0.00000 0.00107
3405.272 -0.00639 0.00000 0.00000
3405.277 -0.00320 -0.00533 -0.00852
3405.282 0.00107 -0.00107 -0.00533
3405.287 0.00426 0.00426 -0.00426
3405.292 -0.00426 0.00107 -0.00107
3405.297 -0.00213 -0.00107 0.00107
3405.302 0.00000 0.00107 0.00107
3405.307 0.00320 -0.00426 -0.00107
3405.312 -0.01385 -0.01065 0.00107
3405.317 -0.00213 -0.00746 -0.00320
3405.322 -0.00533 -0.00320 0.00107
3405.327 -0.00320 -0.00533 -0.00107
3405.332 -0.00107 -0.00213 -0.00426
3405.337 0.00320 -0.00320 -0.02131
3405.342 -0.00533 -0.00107 0.00426
3405.347 -0.01278 0.00000 0.00107
3405.352 -0.00533 0.00107 -0.00320
3405.357 0.00000 -0.01598 0.00107
3405.362 0.00320 -0.00107 0.00213
3405.367 -0.00852 -0.00852 -0.00426
3405.372 0.00000 -0.00426 -0.00107
3405.378 0.00746 -0.00639 0.00000
3405.383 -0.00107 0.00213 -0.00107
3405.388 0.00426 0.00426 0.00213
3405.393 0.00533 0.00000 0.00639
3405.398 -0.00320 -0.00959 -0.00639
3405.403 -0.00533 -0.00213 -0.00852
3405.408 0.00000 0.00000 -0.00107
3405.413 0.00320 0.00107 -0.00533
3405.418 0.00107 -0.00320 0.00000
3405.423 -0.00320 -0.00533 -0.00107
3405.428 -0.00639 -0.00746 0.00107
3405.433 0.00107 -0.00533 0.00107
3405.438 -0.00639 0.00000 -0.00746
3405.443 0.00533 0.01172 -0.00213
3405.448 -0.00639 -0.00107 0.00426
3405.453 -0.00959 -0.00746 -0.00746
3405.458 0.00107 0.00426 0.00533
3405.463 -0.00107 0.00213 -0.00320
3405.468 0.00746 0.00852 -0.00107
3405.473 -0.00852 -0.00852 0.00320
3405.478 -0.00746 -0.00107 0.00000
3405.483 0.00852 0.00213 0.00959
3405.488 -0.00533 -0.00746 0.00000
3405.493 0.00746 -0.00959 0.00213
3405.498 -0.00320 -0.00213 0.00107
3405.503 0.00746 0.00000 -0.00213
3405.508 -0.00639 0.00107 0.00213
3405.513 0.00213 0.00000 0.00107
3405.518 0.00107 0.00639 -0.00213
3405.523 0.00533 0.00213 -0.00959
3405.528 0.00533 0.00000 -0.01385
3405.533 0.00000 -0.00426 -0.00213
3405.538 -0.00320 -0.00426 0.00107
3405.543 0.00000 0.00213 -0.00107
3405.548 0.00320 -0.00320 -0.00213
3405.553 -0.00213 -0.00213 -0.00107
3405.559 0.00533 -0.00213 -0.00107
3405.564 -0.00639 -0.00426 -0.00852
3405.569 -0.00213 -0.00533 -0.00533
3405.574 0.00107 -0.00213 0.00000
3405.579 0.00213 -0.00533 0.00107
3405.584 -0.00426 -0.01811 0.00000
3405.589 0.00320 -0.00213 0.00213
3405.594 -0.00107 0.00320 0.00107
3405.599 -0.00107 -0.00107 0.00213
3405.604 0.00320 0.00533 -0.00533
3405.609 0.00107 0.00107 0.00000
3405.614 -0.00107 0.00959 0.00213
3405.619 -0.00320 -0.00213 0.00000
3405.624 0.00213 -0.01172 0.00213
3405.629 0.00000 -0.00426 0.00320
3405.634 -0.00746 0.00852 0.00213
3405.639 -0.00320 -0.00107 -0.00107
3405.644 0.00639 -0.00533 0.00000
3405.649 0.00320 -0.00320 0.00533
3405.654 0.00213 -0.00213 -0.00426
3405.659 0.00320 -0.00533 -0.00107
3405.664 -0.00213 -0.00320 0.00213
3405.669 -0.00213 0.00426 -0.00533
3405.674 0.00000 -0.00320 -0.01598
3405.679 -0.00320 0.00320 0.00213
3405.684 0.00107 0.00959 -0.00746
3405.689 -0.00852 -0.00426 -0.00426
3405.694 0.00000 -0.00533 0.00320
3405.699 0.00213 -0.00533 0.00213
3405.704 0.00426 0.00000 0.00107
3405.710 0.00107 -0.00639 -0.00107
3405.715 -0.00213 0.00107 -0.00426
3405.720 -0.00639 -0.00426 0.00000
3405.725 -0.00746 -0.00746 -0.00213
3405.730 -0.00320 0.00426 -0.00213
3405.735 0.00107 -0.00107 -0.00852
3405.740 0.00000 -0.00533 0.00533
3405.745 0.00320 0.00213 -0.00320
3405.750 -0.00533 0.00107 0.00107
3405.755 0.00320 0.00533 -0.00107
3405.760 -0.00746 -0.00533 0.00213
3405.765 -0.01172 -0.00533 0.00320
3405.770 -0.00533 0.00852 0.00320
3405.775 -0.00533 -0.00107 0.00426
3405.780 0.00533 0.00426 0.00107
3405.785 -0.00533 -0.00320 0.00000
3405.790 0.00000 0.00426 0.00320
3405.795 -0.00320 0.00107 0.00213
3405.800 0.00000 -0.00320 -0.00107
3405.805 -0.00213 0.00426 0.00107
3405.810 -0.00746 -0.00746 -0.00533
3405.815 -0.00426 -0.00852 -0.00746
3405.820 -0.00639 -0.00639 -0.00959
3405.825 -0.01278 -0.01065 -0.00107
3405.830 0.00107 -0.00213 0.00746
3405.835 -0.00746 0.00213 0.00000
3405.840 -0.00213 0.00320 0.00213
3405.845 -0.00107 0.00107 -0.00320
3405.850 0.00000 -0.00852 0.00213
3405.855 -0.00320 -0.00533 -0.00426
3405.861 0.00000 0.00000 0.00213
3405.865 -0.00959 0.00213 -0.00533
3405.871 0.00426 0.00213 -0.00107
3405.876 0.00213 0.00000 0.00746
3405.881 -0.00639 -0.01172 -0.00426
3405.886 0.00000 0.00213 -0.00107
3405.891 -0.00107 0.00426 0.00107
3405.896 -0.01278 -0.00213 -0.00213
3405.901 0.00107 0.00533 -0.00533
3405.906 -0.00959 -0.00746 -0.00320
3405.911 -0.00746 0.00000 0.00852
3405.916 -0.00213 0.00533 -0.00107
3405.921 0.00107 -0.00213 0.00000
3405.926 0.00107 -0.00320 0.00107
3405.931 0.00320 -0.00320 -0.00213
3405.936 -0.01704 -0.00213 -0.00213
3405.941 0.00639 0.00639 0.00000
3405.946 0.00320 0.00213 -0.00959
3405.951 0.00426 -0.00639 -0.00213
3405.956 -0.00639 -0.00959 -0.00852
3405.961 -0.00959 -0.00426 0.00426
3405.966 0.00107 0.00533 0.00320
3405.971 0.00426 -0.00213 -0.00107
3405.976 -0.00639 0.00000 0.00000
3405.981 0.00533 -0.00852 0.00107
3405.986 0.00639 -0.00426 -0.00107
3405.991 0.00639 0.00107 -0.01385
3405.996 0.00000 0.00746 0.00320
3406.001 -0.00533 -0.00107 -0.00213
3406.006 0.00320 -0.00426 -0.00107
3406.011 -0.00426 0.00213 -0.00213
3406.016 -0.00639 -0.00959 0.00000
3406.021 -0.01172 -0.00320 0.00000
3406.026 0.00107 -0.00533 -0.00426
3406.031 -0.00639 -0.00213 -0.00320
3406.036 -0.00107 0.00000 -0.00213
3406.042 0.00107 0.00639 -0.00533
3406.047 -0.00320 0.00213 0.00533
3406.052 -0.00639 -0.00959 -0.00213
3406.057 -0.00107 -0.00107 0.00107
3406.062 0.00533 0.00107 -0.00959
3406.067 0.00000 0.00000 0.00107
3406.072 0.00000 0.00320 0.00533
3406.077 0.00533 0.00000 0.00426
3406.082 -0.00426 0.00533 -0.00107
3406.087 -0.00107 0.00320 0.00000
3406.092 -0.00639 0.00320 0.00000
3406.097 -0.01811 0.00213 -0.00639
3406.102 -0.00746 0.00213 0.00959
3406.107 -0.00107 -0.00852 -0.00426
3406.112 0.00213 0.00746 0.00213
3406.117 -0.00213 -0.00852 0.00000
3406.122 -0.00852 -0.00426 -0.00746
3406.127 -0.00213 -0.00320 -0.00426
3406.132 -0.00426 0.00426 -0.00107
3406.137 0.00746 -0.00639 0.00000
3406.142 0.01172 -0.00213 0.00426
3406.147 -0.00107 -0.00533 -0.00426
3406.152 0.00213 -0.01172 0.00107
3406.157 -0.00959 -0.00639 -0.00852
3406.162 0.00426 -0.00533 -0.00320
3406.167 -0.00213 -0.00320 -0.00107
3406.172 -0.00213 0.01065 0.00107
3406.177 0.00426 -0.00107 0.00213
3406.183 -0.00213 -0.00639 0.00320
3406.187 -0.00213 -0.00107 0.00426
3406.193 0.00213 -0.00213 0.01385
3406.198 0.00107 -0.00426 0.00107
3406.203 -0.00213 -0.00320 0.00000
3406.207 0.01065 0.00000 -0.00320
3406.213 0.00107 -0.00213 0.00639
3406.218 0.01172 0.00426 0.00639
3406.222 -0.00426 -0.00639 0.00107
3406.227 -0.01065 -0.00533 -0.00213
3406.233 0.00107 0.00213 0.00000
3406.238 -0.00320 0.00213 -0.00426
3406.243 -0.00320 -0.00533 0.00320
3406.248 -0.00639 0.00000 -0.00213
3406.253 0.00533 0.00533 -0.00426
3406.258 0.00533 0.00000 -0.00533
3406.263 -0.00320 0.01172 -0.00746
3406.268 0.00320 0.00000 0.00107
3406.273 -0.01598 -0.00213 0.00320
3406.278 -0.00533 -0.00107 0.00000
3406.283 -0.00213 -0.00107 -0.00320
3406.288 0.00426 0.00107 -0.00213
3406.293 0.00959 -0.00213 -0.00107
3406.298 -0.00213 -0.00426 -0.00533
3406.303 -0.00852 -0.00107 0.00320
3406.308 -0.01491 -0.00639 0.00000
3406.313 -0.00533 -0.00213 0.00000
3406.318 0.00107 0.00213 -0.00639
3406.323 -0.00959 -0.00107 0.00107
3406.328 -0.00320 0.00320 0.00000
3406.333 0.00000 0.00426 0.00107
3406.338 0.00213 -0.00959 -0.00107
3406.344 0.00320 0.00000 -0.00426
3406.349 0.00000 -0.00533 0.00107
3406.354 0.00533 0.00000 0.00320
3406.359 0.00000 0.00000 -0.00533
3406.364 -0.00107 -0.00213 -0.00213
3406.369 0.00533 -0.00107 -0.00107
3406.374 -0.00426 0.00000 0.00213
3406.379 0.00533 -0.00426 -0.00213
3406.384 0.00320 0.00213 -0.00320
3406.389 0.00426 -0.00107 0.00000
3406.394 0.00000 -0.00107 0.00000
3406.399 0.00426 0.00852 0.00213
3406.404 0.00320 -0.00107 0.00320
3406.409 0.00959 0.00320 -0.00320
3406.414 0.00213 -0.00426 0.00426
3406.419 0.00000 -0.00213 -0.00852
3406.424 -0.00107 -0.00426 -0.00213
3406.429 0.00000 -0.00213 0.00320
3406.434 -0.00320 -0.00533 0.00000
3406.439 -0.00107 0.00320 -0.00426
3406.444 -0.00213 0.00107 -0.00107
3406.449 -0.00533 0.00213 -0.00320
3406.454 0.00639 -0.00320 -0.00746
3406.459 0.00213 -0.00533 -0.00746
3406.464 0.00000 -0.00320 -0.01385
3406.469 0.00107 -0.00107 0.00000
3406.474 -0.00213 0.00320 -0.00107
3406.479 0.00213 0.00426 0.00107
3406.484 -0.00533 -0.00107 0.00852
3406.489 -0.00213 0.00746 0.00107
3406.494 0.00426 -0.00213 0.00426
3406.499 0.00000 0.00107 0.00000
3406.504 0.00320 -0.00320 -0.00639
3406.509 0.00107 0.00213 -0.00533
3406.515 0.00426 -0.00213 -0.00213
3406.520 0.00639 -0.00533 -0.00107
3406.525 -0.00639 -0.00533 0.00000
3406.530 -0.00426 0.00213 -0.00426
3406.535 -0.00746 -0.00320 -0.00320
3406.540 0.00213 -0.00320 -0.00320
3406.545 0.00107 -0.00213 0.00426
3406.550 -0.00639 -0.00107 0.01491
3406.555 -0.00213 -0.00426 -0.00213
3406.560 0.00107 0.00107 0.01278
3406.565 0.00639 0.00533 0.00000
3406.570 -0.00320 0.00533 0.00320
3406.575 -0.00213 0.00533 -0.00107
3406.580 -0.00852 -0.00533 0.00213
3406.585 0.00320 0.00639 0.00107
3406.590 0.00426 -0.01065 -0.00746
3406.595 -0.00320 0.00000 0.00107
3406.600 -0.00320 -0.00213 0.00320
3406.605 -0.00533 0.01172 0.00107
3406.610 -0.00426 -0.00959 -0.00426
3406.615 0.00107 -0.00320 -0.00320
3406.620 -0.00426 -0.00639 0.00000
3406.625 -0.00107 -0.00426 -0.00213
3406.630 -0.00107 0.00107 0.00000
3406.635 -0.00533 0.00213 0.00213
3406.640 0.00959 0.00000 0.00000
3406.645 -0.00320 0.00213 0.00639
3406.650 -0.00320 0.01172 -0.00639
3406.655 -0.00213 0.00107 -0.00426
3406.660 0.00107 -0.00320 -0.01172
3406.666 -0.00533 0.00000 -0.00426
3406.671 -0.00852 -0.00320 -0.00533
3406.676 -0.00320 -0.00107 -0.00320
3406.681 -0.00107 0.00639 -0.00213
3406.686 0.00426 -0.00320 -0.00533
3406.691 0.00533 -0.00746 0.00213
3406.696 0.00852 -0.00639 0.00533
3406.701 -0.00426 0.00213 0.00426
3406.706 -0.01065 -0.00213 0.00213
3406.711 0.00639 -0.00426 -0.00533
3406.716 0.00320 -0.00639 0.00000
3406.721 0.00320 -0.00852 -0.00107
3406.726 -0.00746 0.01278 -0.00213
3406.731 -0.01172 -0.00320 -0.00320
3406.736 0.00213 -0.00213 -0.00320
3406.741 -0.00426 0.00000 0.00107
3406.746 0.00426 0.00852 -0.00426
3406.751 -0.00533 0.00533 0.00533
3406.756 -0.00320 -0.00107 0.00533
3406.761 0.00213 -0.00213 0.00107
3406.766 -0.00213 0.01172 -0.00320
3406.771 -0.00533 0.00107 -0.00426
3406.776 0.00107 0.00426 0.00426
3406.781 -0.00852 -0.00746 0.00320
3406.786 0.00213 -0.00213 0.01172
3406.791 0.00107 -0.00426 0.00107
3406.796 -0.00746 -0.00959 -0.00639
3406.801 -0.01065 0.00426 0.00426
3406.806 0.00000 -0.00107 -0.00213
3406.811 0.00213 0.00107 0.00320
3406.816 0.00107 0.00000 -0.00639
3406.821 -0.00213 -0.00426 0.00426
3406.827 -0.00533 0.00213 -0.00533
3406.831 -0.00213 0.00320 0.00213
3406.837 0.00320 0.00213 0.00107
3406.842 -0.00426 -0.00320 0.00320
3406.847 -0.00639 -0.00320 0.00000
3406.852 0.01065 -0.00639 -0.00107
3406.857 0.01172 0.00107 0.00320
3406.862 0.00959 0.00320 0.00426
3406.867 -0.01172 -0.00533 -0.00107
3406.872 0.00213 0.00639 0.00320
3406.877 0.00000 -0.00426 -0.00213
3406.882 0.00000 -0.00426 -0.00107
3406.887 0.00107 0.00320 0.00426
3406.892 0.01278 0.00320 -0.00213
3406.897 0.00639 0.00320 0.00107
3406.902 0.00000 -0.00107 0.00426
3406.907 -0.00107 0.00000 -0.00213
3406.912 -0.00746 -0.00320 -0.00746
3406.917 -0.00320 -0.01278 0.00426
3406.922 0.00639 -0.00107 0.00426
3406.927 -0.00320 -0.01278 0.00213
3406.932 0.00746 -0.00639 -0.00639
3406.937 0.00213 -0.00533 -0.00213
3406.942 0.00320 -0.00426 0.00213
3406.947 0.00533 0.02131 0.00213
3406.952 -0.00959 -0.00746 0.00000
3406.957 -0.00533 -0.00213 0.00107
3406.962 0.00639 -0.00852 -0.00320
3406.967 -0.00107 -0.00852 -0.00320
3406.972 0.00639 -0.00107 -0.00533
3406.977 -0.00320 -0.00320 0.00533
3406.982 0.01065 -0.00746 -0.00426
3406.987 -0.00213 0.00213 -0.00213
3406.992 0.00000 -0.00533 -0.00426
3406.997 -0.00107 0.00639 0.00213
3407.002 0.00533 -0.00320 -0.00639
3407.008 -0.00426 0.00426 -0.00320
3407.013 0.00107 -0.00533 0.00533
3407.018 -0.00426 0.00426 0.00000
3407.023 -0.00107 -0.00639 0.00000
3407.028 0.00107 -0.00959 0.00320
3407.033 -0.00107 0.00107 -0.00320
3407.038 -0.00533 -0.00426 -0.00107
3407.043 -0.00426 0.00107 0.00320
3407.048 0.00320 0.00000 -0.00320
3407.053 0.00426 0.00213 0.00320
3407.058 -0.00533 -0.01491 0.00533
3407.063 -0.00426 0.00639 -0.00107
3407.068 0.00320 0.00320 0.00213
3407.073 0.00320 0.00000 0.00107
3407.078 -0.00426 0.00000 0.00000
3407.083 0.00426 -0.00533 -0.00852
3407.088 0.00107 -0.00107 -0.00213
3407.093 0.00213 -0.00213 -0.00426
3407.098 0.00000 -0.01491 0.00107
3407.103 -0.00213 -0.00426 0.00533
3407.108 -0.00213 0.00426 0.00107
3407.113 -0.00107 -0.01172 0.00746
3407.118 -0.00213 -0.00426 -0.00426
3407.123 -0.00426 0.00746 0.00000
3407.128 0.00320 -0.00107 -0.00852
3407.133 0.00320 0.00639 0.00107
3407.138 -0.01065 -0.01172 -0.00320
3407.143 0.01598 -0.00852 -0.00107
3407.148 -0.00213 -0.00107 -0.00426
3407.153 -0.00213 0.00107 -0.00533
3407.158 0.00000 -0.00107 -0.00213
3407.163 0.00213 -0.00533 -0.00426
3407.169 -0.00959 -0.00320 -0.00320
3407.174 -0.00533 0.00639 0.00107
3407.179 -0.00639 0.00213 -0.00213
3407.184 -0.00213 -0.00320 0.00320
3407.189 0.00959 -0.00107 0.00213
3407.194 -0.00426 -0.00213 0.00533
3407.199 -0.01172 -0.00107 0.00213
3407.204 -0.00320 0.00320 0.00000
3407.209 0.00213 0.00639 -0.00213
3407.214 -0.00426 -0.00320 0.00320
3407.219 0.00426 -0.00107 -0.00107
3407.224 -0.01065 -0.00320 0.00000
3407.229 -0.00959 0.00426 -0.00959
3407.234 -0.00320 -0.00639 -0.00533
3407.239 0.00320 -0.01385 -0.00639
3407.244 -0.00426 -0.00213 -0.00320
3407.249 -0.00320 0.00746 0.00107
3407.254 0.00426 0.00213 0.00533
3407.259 -0.00320 -0.00107 0.00959
3407.264 0.00213 0.00746 -0.00320
3407.269 0.00107 0.00107 0.00533
3407.274 0.00000 -0.00107 0.00426
3407.279 0.00000 0.00533 -0.00639
3407.284 -0.00107 0.00852 0.00213
3407.289 -0.00320 -0.00213 0.00320
3407.294 -0.00213 -0.00107 0.00000
3407.299 0.00746 -0.00213 -0.00213
3407.304 -0.00107 0.00426 -0.00320
3407.309 0.00746 -0.00426 0.00213
3407.314 -0.00533 -0.00426 -0.01598
3407.319 0.00426 0.00000 0.00213
3407.324 0.00107 0.00959 -0.01385
3407.329 -0.00320 -0.00320 0.00000
3407.334 0.00533 -0.00107 0.00426
3407.339 0.00107 -0.00213 -0.00639
3407.344 0.00213 0.00213 0.00320
3407.349 0.00426 -0.00320 0.00107
3407.354 -0.00852 0.00639 0.00107
3407.359 -0.00533 -0.00107 -0.00426
3407.364 -0.00426 -0.00533 0.00213
3407.370 0.00000 -0.00107 -0.00426
3407.375 0.00320 0.00746 -0.00746
3407.380 0.00213 -0.00213 0.00213
3407.385 -0.00533 -0.00639 0.00533
3407.390 -0.00533 -0.00639 -0.00320
3407.395 0.00320 0.00213 -0.00107
3407.400 -0.00213 -0.00852 -0.00426
3407.405 -0.00107 0.00852 0.00213
3407.410 -0.00426 0.00107 0.00000
3407.415 0.00426 0.00426 0.00852
3407.420 -0.01172 -0.01065 -0.00107
3407.425 -0.00959 -0.00213 0.00000
3407.430 -0.00639 0.00213 0.00000
3407.435 -0.01491 -0.00533 -0.01491
3407.440 0.00426 0.00107 0.00320
3407.445 -0.00426 -0.00213 -0.00107
3407.450 -0.00107 -0.00852 0.00533
3407.455 0.00426 -0.00426 -0.00320
3407.460 0.00000 -0.00426 -0.01278
3407.465 0.00533 0.00533 -0.00533
3407.470 0.00213 0.00000 0.00426
3407.475 0.00107 -0.00107 0.00107
3407.480 0.00107 -0.00852 0.00533
3407.485 -0.00533 -0.00213 -0.00320
3407.490 0.00107 0.00213 -0.00639
3407.495 0.00533 0.00000 0.00213
3407.500 0.00000 0.00320 -0.00639
3407.505 0.00320 -0.00426 -0.00320
3407.510 0.00107 -0.00107 -0.00213
3407.515 0.00213 -0.00639 -0.00320
3407.520 -0.00426 0.00426 -0.00852
3407.525 0.00213 0.00107 -0.00426
3407.531 -0.01172 -0.00533 0.00213
3407.536 0.00000 -0.00107 0.00320
3407.541 -0.00213 -0.00746 -0.00426
3407.546 0.00639 -0.00107 -0.01065
3407.551 -0.00213 0.00000 0.01172
3407.556 -0.00213 -0.00533 0.00213
3407.561 0.00426 -0.00426 0.00639
3407.566 0.00213 -0.00107 -0.00320
3407.571 -0.00213 0.00213 0.00000
3407.576 -0.00107 0.00639 0.00426
3407.581 0.00000 0.00107 -0.00107
3407.586 -0.00639 -0.01065 0.00000
3407.591 -0.00320 0.00107 0.00107
3407.596 -0.00533 0.00000 0.00000
3407.601 0.00320 0.00320 -0.00213
3407.606 0.00320 0.00107 0.00213
3407.611 -0.00533 0.00107 -0.00107
3407.616 -0.00426 0.00000 0.00000
3407.621 0.00639 0.00320 0.00107
3407.626 0.00000 -0.00426 0.00426
3407.631 -0.00107 -0.00959 -0.00852
3407.636 -0.00107 -0.00320 0.00000
3407.642 0.00000 0.00426 0.00107
3407.647 -0.00426 0.00000 -0.00107
3407.652 0.00000 0.00426 0.00000
3407.657 0.00426 -0.00107 -0.00107
3407.662 0.00639 0.00959 0.00213
3407.667 -0.01065 -0.00107 -0.00320
3407.672 0.00213 -0.00426 0.00213
3407.677 -0.00852 0.00000 0.00107
3407.682 0.00533 -0.00107 0.01385
3407.687 0.00000 0.00213 -0.00320
3407.692 -0.00426 -0.00639 0.00213
3407.697 0.00959 0.00320 0.00213
3407.702 0.00533 -0.00320 -0.00107
3407.707 0.00852 -0.00320 -0.00213
3407.712 -0.00213 -0.00426 0.00213
3407.717 -0.00107 -0.00107 -0.00107
3407.722 0.00426 -0.00533 0.00320
3407.727 -0.00426 -0.00107 -0.00107
3407.732 -0.00320 -0.00107 -0.00213
3407.737 0.00959 0.00213 -0.00533
3407.742 0.00107 -0.00959 0.00000
3407.747 0.00000 -0.00320 -0.00213
3407.752 0.00000 -0.00746 -0.00320
3407.757 0.00107 0.00107 -0.00107
3407.762 0.00000 0.00852 -0.00639
3407.767 -0.00533 0.00107 -0.00533
3407.772 0.00426 0.00107 -0.00426
3407.777 0.00213 0.00000 0.00533
3407.782 0.00213 -0.00426 -0.00213
3407.787 0.00000 0.00426 -0.00320
3407.792 0.00213 0.00213 -0.00107
3407.797 -0.00426 -0.00213 -0.00426
3407.802 -0.01811 -0.00533 0.00213
3407.807 -0.00107 -0.00107 0.00000
3407.812 0.00426 -0.00426 -0.00639
3407.817 0.01598 -0.00533 -0.00107
3407.822 0.00639 0.01704 -0.00426
3407.827 -0.00107 -0.00426 -0.00533
3407.833 -0.00533 0.00746 -0.00213
3407.838 -0.00533 -0.00426 -0.00426
3407.843 -0.00320 0.00959 -0.00107
3407.848 -0.00959 -0.00533 0.00852
3407.853 -0.00426 -0.00213 0.00000
3407.858 0.00000 0.00426 0.00213
3407.863 0.00746 0.00533 -0.00426
3407.868 0.00107 -0.00107 -0.00426
3407.873 0.00213 0.00746 0.00320
3407.878 -0.00959 -0.00639 0.00213
3407.883 -0.00852 -0.00533 -0.00533
3407.888 0.00213 -0.00746 0.00107
3407.893 -0.00213 -0.00426 -0.00426
3407.898 0.00639 -0.00213 0.00213
3407.903 -0.00639 -0.00320 0.00107
3407.908 0.00426 0.00426 -0.00107
3407.913 -0.00426 0.00426 -0.00533
3407.918 0.00533 -0.00852 0.00852
3407.923 -0.00533 -0.00426 0.00639
3407.928 -0.00533 0.00746 0.00320
3407.933 0.00107 0.00746 -0.00426
3407.938 -0.00746 0.00107 -0.00107
3407.943 -0.01172 -0.00746 -0.00426
3407.948 0.00639 0.00639 -0.00533
3407.953 -0.01065 -0.00213 -0.00107
3407.958 0.00107 0.00213 0.00213
3407.963 -0.00533 -0.00320 -0.00426
3407.968 0.00320 -0.00213 0.00213
3407.974 -0.00107 -0.00639 0.00320
3407.979 -0.00426 -0.00213 -0.00213
3407.984 -0.00639 0.00533 0.00213
3407.989 -0.00107 -0.00533 -0.00639
3407.994 -0.00213 -0.01065 0.00639
3407.999 0.00533 -0.00107 -0.00639
3408.004 -0.00107 -0.00426 -0.00213
3408.009 -0.00213 0.00000 0.00213
3408.014 0.00107 0.00000 -0.00426
3408.019 -0.00107 -0.00320 0.00213
3408.024 0.00533 -0.00107 0.00320
3408.029 -0.00639 -0.00959 -0.00320
3408.034 -0.00107 0.00107 0.00107
3408.039 -0.01065 -0.00639 0.00426
3408.044 -0.00533 0.00000 0.00320
3408.049 -0.00320 -0.00639 -0.00426
3408.054 0.00426 0.00959 0.00000
3408.059 -0.00852 -0.00533 0.00533
3408.064 -0.00639 -0.00639 -0.00213
3408.069 0.00746 -0.00107 0.00107
3408.074 -0.00533 -0.00107 -0.00852
3408.079 -0.00320 -0.00533 -0.00852
3408.084 -0.00639 0.00533 -0.00426
3408.089 -0.01598 0.00000 -0.00320
3408.094 -0.00320 -0.00320 0.00213
3408.099 0.00639 0.00107 0.00426
3408.104 -0.00213 -0.00639 0.00107
3408.109 0.00107 0.00107 -0.00426
3408.114 0.00320 0.00852 -0.00533
3408.119 -0.00426 0.00107 -0.00533
3408.124 -0.00213 -0.00213 -0.00852
3408.129 0.00533 0.00107 0.00959
3408.134 -0.00852 -0.00213 -0.01172
3408.139 -0.01065 -0.00533 -0.00107
3408.144 0.01065 0.00533 -0.00320
3408.149 -0.00213 -0.00213 -0.00533
3408.155 0.00000 -0.00852 0.00107
3408.160 0.00426 -0.00213 0.00213
3408.165 0.00639 0.00107 0.00000
3408.170 0.00107 -0.00107 0.00107
3408.175 -0.00107 0.00213 -0.00213
3408.180 0.00000 -0.00320 -0.00426
3408.185 -0.00213 -0.00426 0.00000
3408.190 0.00959 0.00639 0.00426
3408.195 -0.00639 -0.00639 0.00320
3408.200 0.01385 0.00320 0.00213
3408.205 0.00107 -0.00959 -0.00213
3408.210 0.00000 0.00213 -0.00746
3408.215 0.00320 -0.00639 0.00107
3408.220 -0.00746 -0.00426 0.00213
3408.225 0.00320 -0.00107 0.00000
3408.230 0.00320 0.00959 0.00000
3408.235 0.00213 -0.00533 0.00426
3408.240 -0.00213 -0.00959 -0.00320
3408.245 0.00213 0.00320 0.00000
3408.250 -0.00320 -0.00426 0.00107
3408.255 0.00426 0.00000 -0.00320
3408.260 0.00426 0.00852 0.00639
3408.265 0.00107 -0.00107 -0.00320
3408.270 0.00320 -0.00213 0.00000
3408.275 -0.00107 -0.00533 -0.00107
3408.280 0.00213 -0.00213 -0.00639
3408.285 -0.01278 -0.00533 -0.00320
3408.290 0.00533 -0.00320 -0.00852
3408.295 -0.00213 -0.00639 -0.00320
3408.300 0.00426 -0.00320 -0.00746
3408.306 0.00107 0.00107 0.00000
3408.311 -0.00213 0.00213 -0.01065
3408.316 -0.00213 -0.00107 -0.00107
3408.321 -0.00533 0.00213 0.00213
3408.326 -0.00107 0.00107 0.00426
3408.331 -0.00320 0.00107 0.00000
3408.336 0.00320 -0.00639 0.00000
3408.341 -0.01385 -0.01491 0.00213
3408.346 0.00107 -0.01065 0.00000
3408.351 -0.00852 -0.00426 0.00426
3408.356 0.00107 0.00107 -0.00320
3408.361 0.01065 0.00000 0.00000
3408.366 0.00320 -0.00426 -0.00213
3408.371 -0.00320 -0.00533 0.00639
3408.376 0.00533 0.00320 0.00213
3408.381 0.00213 -0.00320 -0.00107
3408.386 -0.00426 -0.00107 0.00107
3408.391 0.00000 -0.00107 -0.00746
3408.396 -0.00852 0.00107 0.01065
3408.401 0.00426 -0.00107 -0.00426
3408.406 -0.00426 -0.00746 -0.00852
3408.411 -0.00426 0.00426 0.00213
3408.416 0.00000 -0.01065 0.00213
3408.421 -0.00213 -0.00320 0.00639
3408.426 -0.00426 0.00107 0.00533
3408.431 0.00426 0.00533 -0.00107
3408.436 -0.00320 0.00320 -0.00107
3408.441 -0.00213 -0.00639 -0.00746
3408.446 -0.00107 0.00213 -0.00320
3408.451 -0.01385 -0.01065 0.00213
3408.457 0.00320 0.00426 0.00107
3408.462 -0.00533 0.00107 0.00639
3408.467 -0.00426 -0.00426 -0.00213
3408.472 0.00426 0.00000 -0.00320
3408.477 -0.00533 0.00107 -0.00320
3408.482 -0.00107 0.00000 -0.00426
3408.487 -0.00533 0.00426 -0.00426
3408.492 -0.00959 -0.00959 0.00000
3408.497 0.00533 -0.00746 -0.00639
3408.502 0.00426 0.00107 -0.01065
3408.507 -0.00426 0.00639 0.00213
3408.512 0.00426 0.00746 0.00107
3408.517 0.00000 -0.00107 -0.00320
3408.522 -0.00426 -0.01065 0.00533
3408.527 -0.00959 0.00107 0.00533
3408.532 0.00320 0.01704 -0.00213
3408.537 -0.00213 -0.00746 -0.00426
3408.542 0.00533 0.00639 -0.00213
3408.547 -0.00213 -0.00107 -0.00320
3408.552 0.00426 0.00000 0.00107
3408.557 0.00213 -0.00213 0.00320
3408.562 -0.00426 -0.00746 0.00107
3408.567 -0.00639 -0.00533 -0.00639
3408.572 -0.01172 -0.00639 0.00426
3408.577 -0.01065 0.00639 -0.00320
3408.582 0.00107 0.00533 -0.00107
3408.587 -0.00107 -0.00533 -0.00426
3408.592 -0.00852 0.00213 0.00426
3408.597 -0.00533 -0.00213 -0.00639
3408.602 -0.00320 0.00000 -0.00320
3408.607 -0.00533 -0.00107 0.00426
3408.612 -0.01065 -0.00533 0.00107
3408.617 0.00213 -0.00320 -0.00852
3408.622 0.00213 0.00000 -0.00426
3408.628 -0.00426 0.00639 -0.00639
3408.633 -0.01172 -0.00639 -0.00533
3408.638 0.00746 0.00426 -0.00320
3408.643 0.00213 0.00000 0.00213
3408.648 -0.00852 -0.00426 0.00107
3408.653 -0.00213 0.00639 0.00426
3408.658 0.00213 -0.00213 0.00107
3408.663 -0.01278 -0.00639 -0.00320
3408.668 -0.00639 -0.00107 -0.00320
3408.673 0.00533 0.00000 0.00639
3408.678 -0.00107 -0.00107 0.00213
3408.683 0.00320 -0.00746 0.00426
3408.688 0.00639 -0.00320 0.00107
3408.693 -0.00746 -0.00746 -0.00426
3408.698 -0.00746 -0.00426 0.00426
3408.703 0.00320 -0.00959 -0.00533
3408.708 0.00426 0.00107 0.00000
3408.713 -0.00746 -0.00746 0.00426
3408.718 0.00320 -0.01065 -0.00639
3408.723 -0.00852 0.00107 -0.00107
3408.728 0.00000 0.00213 0.00213
3408.733 -0.00533 0.00426 -0.00107
3408.738 -0.00320 -0.00107 0.00320
3408.743 -0.00426 -0.00426 -0.00107
3408.748 0.00000 -0.00213 -0.00639
3408.753 -0.00213 0.00000 0.00107
3408.758 -0.00959 0.00746 -0.00320
3408.763 0.00746 -0.00852 -0.00852
3408.768 -0.00533 -0.00852 0.00320
3408.773 -0.00107 0.00000 0.00639
3408.778 -0.00852 -0.00107 0.00107
3408.783 0.00426 -0.00320 -0.00852
3408.789 0.00852 -0.00533 0.00320
3408.794 -0.00533 0.00320 -0.00107
3408.799 0.00320 0.00000 0.00746
3408.804 -0.00213 0.00213 -0.00107
3408.809 -0.00107 -0.00213 0.00320
3408.814 0.00000 -0.00533 0.00320
3408.819 -0.00213 -0.01065 -0.00639
3408.824 -0.00320 -0.00320 -0.00320
3408.829 -0.00426 -0.00746 -0.00852
3408.834 0.00107 0.00639 -0.00533
3408.839 -0.00852 -0.00533 -0.00320
3408.844 0.00320 0.00320 0.00320
3408.849 0.00426 0.00000 -0.00533
3408.854 -0.01172 -0.00320 -0.00320
3408.859 -0.00533 -0.00426 0.00000
3408.864 -0.00320 -0.00746 0.00320
3408.869 -0.00852 -0.01385 -0.00639
3408.874 0.00746 -0.00533 0.00000
3408.879 -0.00107 -0.00320 -0.00107
3408.884 0.00852 -0.00320 -0.00213
3408.889 0.01172 0.00426 -0.00320
3408.894 -0.00320 0.00320 0.00000
3408.899 -0.00107 0.00746 0.00320
3408.904 0.00426 0.00213 0.00533
3408.909 0.00213 -0.00533 -0.00107
3408.914 -0.00213 -0.00320 0.00107
3408.919 0.00426 0.00852 0.00000
3408.924 -0.00426 -0.00639 0.00320
3408.929 -0.00639 -0.00533 0.00213
3408.934 -0.00213 0.00107 -0.00107
3408.940 -0.00213 -0.00213 0.00107
3408.945 0.00107 -0.00426 0.00000
3408.950 -0.00213 0.00107 -0.00426
3408.955 -0.00213 0.00639 -0.00107
3408.960 0.00213 -0.00320 0.00533
3408.965 -0.00959 0.00320 -0.00107
3408.970 0.00213 0.00000 -0.00639
3408.975 0.00746 0.00107 0.00320
3408.980 0.00107 -0.00426 0.00639
3408.985 0.00213 0.00639 0.00000
3408.990 -0.00533 -0.00533 -0.00426
3408.995 0.00107 -0.00213 0.01065
3409.000 -0.01065 0.00746 0.00000
3409.005 0.00107 -0.00107 0.00533
3409.010 -0.00426 0.00426 0.00320
3409.015 0.00426 0.00320 0.00426
3409.020 0.00213 -0.00320 -0.01172
3409.025 -0.00639 0.00320 -0.00213
3409.030 -0.00852 -0.00426 0.00213
3409.035 0.00639 0.00107 -0.00959
3409.040 0.00107 0.00533 0.00320
3409.045 0.00426 -0.00746 -0.00213
3409.050 0.00639 -0.00320 0.00320
3409.055 0.00213 -0.00746 0.00426
3409.060 -0.00213 0.00959 -0.00107
3409.065 -0.00426 0.00320 -0.00533
3409.070 0.00107 -0.00107 0.00533
3409.075 -0.00746 -0.00852 0.00107
3409.080 0.00639 -0.00213 -0.00320
3409.085 -0.00320 -0.00213 -0.00107
3409.090 -0.00426 0.00107 0.00213
3409.095 0.00107 -0.00213 -0.00959
3409.100 0.00320 0.00639 0.00000
3409.105 -0.00320 -0.00746 -0.00533
3409.111 0.01065 0.00000 0.00533
3409.116 0.00426 0.00107 0.00320
3409.121 -0.00959 -0.00107 -0.00959
3409.126 0.00107 -0.00533 -0.00107
3409.131 -0.00107 0.00639 -0.00213
3409.136 0.00213 -0.01172 0.00959
3409.141 0.00107 0.00213 -0.00746
3409.146 0.00213 0.00852 0.00959
3409.151 -0.00426 0.00107 -0.00320
3409.156 -0.00213 -0.00320 -0.00213
3409.161 0.01704 0.00426 0.00426
3409.166 0.00533 0.00000 0.00213
3409.171 -0.00533 -0.00320 -0.00107
3409.176 -0.00746 -0.00426 0.00107
3409.181 -0.00426 0.00426 -0.00533
3409.186 0.00320 -0.00533 -0.00213
3409.191 -0.00746 -0.00213 -0.00107
3409.196 -0.00533 0.00426 0.00107
3409.201 0.00000 -0.00639 0.00213
3409.206 -0.00213 -0.00746 0.00426
3409.211 0.00213 0.00959 0.00107
3409.216 -0.00107 0.00426 -0.00213
3409.221 -0.00852 0.00107 -0.00959
3409.226 -0.00107 0.00639 -0.00107
3409.231 0.00533 0.00533 -0.00639
3409.236 -0.00959 0.00320 -0.00213
3409.241 0.00426 -0.00533 0.00107
3409.246 0.00320 0.00000 -0.00107
3409.251 0.00107 -0.00959 -0.00426
3409.256 0.00107 -0.00107 0.00000
3409.262 -0.00746 -0.00746 0.00107
3409.266 0.00213 0.00107 -0.00639
3409.272 0.00000 -0.00213 0.00213
3409.277 0.00852 0.00213 0.00213
3409.282 0.00107 -0.00320 -0.01172
3409.287 -0.01811 -0.00533 -0.00320
3409.292 -0.00426 0.00320 -0.00852
3409.297 -0.00213 -0.00213 -0.00107
3409.302 0.00107 0.00320 0.00107
3409.307 -0.00533 -0.00426 0.00426
3409.312 -0.00213 -0.00320 -0.00533
3409.317 0.00000 -0.00852 -0.00107
3409.322 -0.00320 -0.00213 -0.00426
3409.327 -0.00639 -0.00852 -0.00852
3409.332 0.00107 -0.00107 -0.00320
3409.337 0.01065 0.00639 -0.00533
3409.342 0.00107 0.00213 0.00746
3409.347 0.00107 0.00107 0.00213
3409.352 -0.00426 -0.01385 -0.00213
3409.357 0.00320 -0.00852 0.00533
3409.362 0.00213 0.00107 -0.00107
3409.367 -0.00639 -0.00746 -0.00533
3409.372 -0.00213 -0.00533 0.00213
3409.377 0.00426 -0.00107 0.00107
3409.382 0.00213 0.00213 -0.00213
3409.387 -0.01065 -0.00213 0.00533
3409.392 0.00213 0.00107 -0.00213
3409.397 -0.00533 0.00213 -0.00107
3409.402 -0.00213 0.00746 0.00639
3409.407 -0.00639 0.00107 0.00000
3409.412 -0.00426 0.00426 0.00107
3409.417 -0.00746 0.00000 0.00320
3409.422 0.00426 -0.00320 -0.00107
3409.427 0.00639 0.00320 0.00213
3409.432 -0.00639 -0.00959 0.00107
3409.437 0.00533 -0.00426 -0.00426
3409.442 -0.00426 -0.00213 -0.00533
3409.447 0.00000 -0.00213 -0.00213
3409.452 0.00213 -0.00639 0.00320
3409.457 -0.00639 -0.00426 -0.00426
3409.462 0.00320 -0.00959 0.00107
3409.467 -0.00639 -0.00426 -0.00320
3409.472 0.00320 0.00213 0.00426
3409.477 -0.00533 0.00533 -0.00213
3409.482 -0.00746 -0.00213 -0.00320
3409.487 -0.00852 -0.01172 0.00000
3409.492 -0.00213 0.00107 0.00426
3409.497 -0.00746 0.00000 -0.00107
3409.502 -0.00533 -0.00213 -0.00426
3409.507 0.00213 0.00639 -0.00107
3409.513 0.00000 0.00959 0.00000
3409.518 -0.00426 -0.00852 -0.00107
3409.523 -0.00959 -0.00213 -0.00639
3409.528 -0.00107 0.00320 -0.01385
3409.533 0.00107 0.00320 -0.00107
3409.538 -0.00213 -0.00107 -0.00746
3409.543 0.00533 -0.00107 0.00213
3409.548 -0.00852 0.00213 -0.00426
3409.553 0.00000 0.00213 -0.00107
3409.558 -0.00426 -0.00426 -0.01065
3409.563 0.00320 0.00213 0.00213
3409.568 0.00000 0.00107 0.00426
3409.573 -0.00852 -0.00107 0.00213
3409.578 -0.00107 -0.00213 -0.00213
3409.583 0.00000 0.00426 -0.00426
3409.588 -0.00107 0.00000 0.00213
3409.594 -0.00746 0.00639 -0.00107
3409.599 -0.00533 -0.00320 -0.00426
3409.604 -0.00213 0.00213 -0.00213
3409.609 0.00959 0.00000 0.00000
3409.614 -0.00320 0.00213 -0.00107
3409.619 0.00959 0.00213 0.00852
3409.624 -0.00107 -0.00533 -0.00213
3409.629 0.00000 -0.00533 0.01172
3409.634 0.00213 -0.00107 -0.00107
3409.639 -0.00746 -0.00533 0.00852
3409.644 0.00107 0.00107 0.00213
3409.649 0.00107 -0.00107 -0.00213
3409.654 -0.00639 0.00000 0.00533
3409.659 -0.00639 -0.00213 -0.00107
3409.664 -0.00320 0.00000 0.00000
3409.669 0.00959 0.00426 0.00000
3409.674 -0.00959 0.00426 0.00000
3409.679 0.00213 0.00533 -0.00639
3409.684 -0.00320 -0.00107 -0.00746
3409.689 0.00000 0.00000 0.00000
3409.694 -0.00426 0.00320 0.00213
3409.699 -0.00639 -0.00107 0.00426
3409.704 -0.00213 0.00213 0.00746
3409.709 0.00320 -0.01917 -0.00213
3409.714 -0.00852 0.00107 -0.00639
3409.719 -0.00639 -0.01065 -0.00320
3409.725 -0.00533 0.00426 -0.00426
3409.730 -0.01065 -0.00533 -0.00107
3409.735 0.00213 -0.00639 -0.00213
3409.740 0.00852 -0.00320 -0.00426
3409.745 0.00746 0.00000 0.00213
3409.750 0.00213 0.00000 0.00320
3409.755 0.00426 0.00000 0.00746
3409.760 0.00426 0.00320 0.00000
3409.765 0.00213 -0.00107 0.00852
3409.770 0.00320 -0.00320 -0.00107
3409.775 -0.00213 -0.00746 0.00852
3409.780 0.00107 0.00213 0.00320
3409.785 0.00852 -0.00320 0.00107
3409.790 -0.00213 -0.00639 0.00107
3409.795 0.00000 0.00320 -0.00107
3409.800 0.00320 0.00533 -0.00639
3409.805 -0.00533 -0.00107 0.00000
3409.810 -0.00320 0.00320 0.00320
3409.815 -0.00213 0.00107 -0.00107
3409.820 0.00000 -0.00639 -0.00426
3409.825 -0.00320 -0.00320 0.00000
3409.830 -0.01811 -0.00639 -0.00107
3409.835 -0.00639 -0.00426 0.00107
3409.840 -0.00426 0.00320 -0.00533
3409.845 -0.00107 0.00107 -0.00533
3409.850 -0.00213 -0.00426 -0.00107
3409.855 -0.00746 0.00852 -0.01491
3409.860 -0.00959 -0.00213 -0.00426
3409.866 -0.00639 0.00639 0.01278
3409.870 0.00320 -0.00426 0.00107
3409.876 0.00000 -0.01172 0.00107
3409.881 0.00000 -0.00533 0.00533
3409.886 0.00000 0.00000 0.00320
3409.891 0.00213 -0.00426 0.00213
3409.896 0.00000 -0.00426 0.00107
3409.901 0.00000 0.00000 -0.00213
3409.906 -0.00107 0.00320 -0.00107
3409.911 0.00000 0.00320 -0.00107
3409.916 0.00959 -0.00320 0.00107
3409.921 0.00533 -0.00639 0.00000
3409.926 0.00320 -0.00320 -0.00213
3409.931 -0.00320 -0.00852 -0.00320
3409.936 0.00000 -0.00320 0.00320
3409.941 -0.00426 0.01065 0.00107
3409.946 -0.00533 0.00000 -0.00426
3409.951 -0.00746 0.00426 -0.00320
3409.956 0.00107 0.00426 -0.01491
3409.961 -0.00107 0.00426 0.00213
3409.966 0.00107 -0.00533 0.00639
3409.971 -0.00320 -0.00213 0.00107
3409.976 0.00107 0.00320 -0.00639
3409.981 -0.00639 0.00107 0.00213
3409.986 0.00000 -0.00213 -0.00959
3409.991 -0.00959 0.00320 -0.00107
3409.996 -0.00320 0.00213 -0.00213
3410.001 -0.00852 -0.00213 0.00320
3410.006 -0.00639 -0.00426 -0.00426
3410.011 0.00320 0.00213 0.00213
3410.016 0.00000 0.00107 0.00213
3410.021 -0.00320 0.00107 -0.00107
3410.026 0.00213 -0.00213 0.00426
3410.031 0.00320 -0.00320 0.00000
3410.037 0.01065 0.00426 -0.01172
3410.042 0.00320 0.00000 0.00000
3410.047 0.00107 0.00213 -0.00533
3410.052 0.00107 -0.00107 0.00213
3410.057 -0.00639 -0.00639 -0.01172
3410.062 -0.00320 -0.00426 0.00107
3410.067 0.00533 0.00320 -0.00213
3410.072 -0.00533 0.00533 0.00000
3410.077 0.00533 0.00000 0.00213
3410.082 0.00000 0.00107 -0.00959
3410.087 0.00746 0.00000 -0.00107
3410.092 -0.01278 -0.00533 -0.00639
3410.097 0.00213 0.00213 0.00213
3410.102 0.00107 0.00213 -0.00852
3410.107 -0.00426 0.00426 0.00533
3410.112 0.00000 0.00533 0.00213
3410.117 -0.01065 -0.01172 0.00107
3410.122 -0.00639 0.00000 -0.00746
3410.127 -0.00107 -0.00213 -0.00533
3410.132 -0.00426 -0.00426 0.00213
3410.137 0.00107 0.00000 -0.00959
3410.142 -0.00426 -0.00213 -0.00213
3410.147 -0.00852 -0.00107 0.00107
3410.152 -0.00320 -0.00426 0.00533
3410.157 -0.00426 0.00426 0.00426
3410.162 0.02344 0.01065 0.00213
3410.167 0.00426 -0.00639 -0.00320
3410.172 0.00639 -0.00107 0.00639
3410.177 -0.00107 -0.00320 -0.00213
3410.182 -0.00426 0.00000 0.00213
