3282.479 -0.00852 0.00107 -0.00107
3282.484 -0.00959 -0.00852 -0.01065
3282.489 0.00533 0.01278 0.00746
3282.494 -0.00213 -0.00426 0.00746
3282.500 -0.00320 0.00533 -0.00320
3282.505 -0.00533 -0.00320 -0.00107
3282.510 -0.00213 0.00000 -0.00213
3282.515 0.00852 -0.01491 -0.00107
3282.520 -0.01385 -0.00426 0.00213
3282.525 0.00320 0.00213 0.00000
3282.530 -0.00426 -0.00426 -0.00107
3282.535 -0.00639 -0.00852 -0.00213
3282.540 -0.01172 -0.00320 -0.00746
3282.545 0.00959 0.00000 0.00000
3282.550 -0.00320 -0.00533 0.00000
3282.555 -0.00213 -0.01065 0.00639
3282.560 -0.00639 -0.00746 0.00213
3282.565 0.00426 0.00320 0.00213
3282.570 -0.00533 0.00320 0.00000
3282.575 -0.00213 -0.00426 -0.00213
3282.580 0.00320 0.00959 -0.00426
3282.585 -0.00426 0.00746 -0.00213
3282.590 0.00000 0.00320 -0.00533
3282.595 -0.00426 -0.00107 -0.00320
3282.600 0.00533 0.00320 0.00000
3282.605 -0.00320 -0.00320 0.00107
3282.610 -0.00107 -0.00639 -0.00213
3282.615 -0.00213 -0.00213 0.00320
3282.620 -0.00320 -0.00320 -0.00639
3282.625 0.00213 -0.00639 -0.01278
3282.630 -0.00533 0.00213 0.00000
3282.635 0.00000 -0.00213 -0.00426
3282.640 0.00533 -0.01065 0.00426
3282.645 -0.00107 -0.00746 0.00107
3282.650 0.00000 0.00426 0.00320
3282.655 -0.00320 -0.00533 0.00107
3282.660 -0.00213 0.00107 0.00213
3282.665 -0.00639 -0.00746 -0.00533
3282.670 -0.00852 0.00000 -0.00533
3282.675 -0.00426 -0.00746 0.00107
3282.680 0.00959 -0.00639 -0.00107
3282.685 0.00000 -0.00213 -0.00533
3282.691 0.00213 0.00320 0.00320
3282.696 -0.00533 -0.00959 0.00107
3282.701 -0.00639 -0.00426 0.00213
3282.706 0.00107 -0.00533 0.00533
3282.711 0.00213 -0.00320 -0.00213
3282.716 0.00320 -0.00533 -0.00426
3282.721 -0.00533 -0.00533 0.00107
3282.726 -0.00320 -0.00320 -0.00746
3282.731 0.00213 -0.01172 -0.00426
3282.736 0.00000 -0.00852 0.00107
3282.741 -0.00639 -0.00959 0.00213
3282.746 -0.00107 0.00213 0.00000
3282.751 -0.00533 -0.00107 0.00000
3282.756 -0.00533 -0.00213 0.00000
3282.761 -0.00533 0.00107 0.00639
3282.766 0.00426 -0.00107 -0.00213
3282.771 0.00213 -0.01385 0.00000
3282.776 -0.00533 -0.00852 0.00852
3282.781 -0.00426 0.00107 -0.00213
3282.786 -0.00107 -0.00107 -0.00320
3282.791 -0.00107 0.00426 0.00107
3282.796 0.00426 0.00320 0.00213
3282.801 0.00107 -0.00852 -0.00852
3282.806 -0.01172 0.01172 -0.00426
3282.811 -0.00213 0.00213 -0.00639
3282.816 0.00213 -0.00426 0.00533
3282.821 -0.00107 -0.01172 0.00320
3282.826 0.00639 -0.00107 0.00107
3282.831 0.00426 0.00426 -0.00639
3282.836 -0.00107 -0.00107 -0.00533
3282.841 -0.00639 0.00000 0.01491
3282.846 -0.00639 -0.00639 -0.00320
3282.851 0.00320 -0.00213 -0.00213
3282.856 0.00213 -0.00426 -0.00320
3282.861 -0.01065 -0.00533 0.00107
3282.866 -0.00426 0.00746 -0.00426
3282.872 -0.00959 -0.00746 -0.00107
3282.877 -0.00533 -0.01065 0.00213
3282.882 0.00000 0.00320 -0.00639
3282.887 -0.01278 -0.00107 0.00213
3282.892 0.00107 -0.00320 -0.00426
3282.897 0.00320 -0.00213 -0.00107
3282.902 0.00107 -0.00426 0.00107
3282.907 -0.00107 -0.00533 -0.00213
3282.912 0.00107 -0.00639 -0.00320
3282.917 0.00000 -0.00107 0.00426
3282.922 -0.00426 0.00320 -0.00320
3282.927 -0.00533 0.00852 -0.00107
3282.932 0.00000 0.00107 -0.00746
3282.937 -0.00426 -0.00639 -0.00639
3282.942 0.00852 0.00107 -0.00213
3282.947 0.00213 -0.00213 0.00213
3282.952 -0.00213 -0.00533 -0.00426
3282.957 0.00107 -0.00852 -0.01172
3282.962 0.00320 0.00213 0.00107
3282.967 -0.00426 -0.00959 0.00213
3282.972 -0.00213 -0.01065 -0.00213
3282.977 0.00000 0.00213 -0.00320
3282.982 0.00320 0.00000 -0.00426
3282.987 -0.00746 -0.00320 -0.00213
3282.992 -0.00107 -0.00213 0.00213
3282.997 0.00213 0.00533 0.00426
3283.002 -0.00959 -0.00852 -0.00320
3283.007 -0.00533 -0.00213 0.00426
3283.012 0.00107 -0.00320 0.00746
3283.017 -0.00426 0.00000 -0.00426
3283.022 0.01598 0.00320 0.00746
3283.027 -0.00426 -0.00320 0.00107
3283.032 -0.00107 0.01491 0.00320
3283.037 -0.00959 -0.00639 -0.00852
3283.043 -0.00852 0.00320 -0.00107
3283.047 0.00320 -0.00320 -0.00107
3283.053 -0.00852 0.00107 -0.00320
3283.058 -0.00107 0.00426 0.00426
3283.063 -0.00426 0.00213 0.00320
3283.068 -0.00320 0.00320 -0.00320
3283.073 0.00426 -0.00213 0.00213
3283.078 0.00000 0.00000 0.00426
3283.083 0.00320 -0.00959 0.00533
3283.088 -0.00320 -0.00533 -0.00426
3283.093 0.00213 0.00213 -0.00426
3283.098 0.00320 -0.00852 0.00426
3283.103 -0.00426 -0.00107 -0.01172
3283.108 -0.00426 0.00107 -0.00107
3283.113 -0.00107 0.00000 -0.00213
3283.118 -0.00426 0.00320 -0.00213
3283.123 0.00000 0.00213 -0.00213
3283.128 -0.00426 -0.00320 0.00000
3283.133 -0.00639 -0.00107 -0.00533
3283.138 0.00639 -0.00213 0.00107
3283.143 0.00639 -0.00426 -0.00213
3283.148 -0.00533 0.00959 -0.00320
3283.153 -0.00533 0.00320 -0.00746
3283.158 -0.00107 0.00320 -0.01172
3283.163 0.00320 0.00000 -0.00213
3283.168 -0.00533 0.00000 0.00426
3283.173 -0.00320 0.00533 -0.00213
3283.178 -0.00213 -0.00426 -0.00320
3283.183 0.00107 -0.00852 0.00320
3283.188 -0.00426 -0.00426 -0.00426
3283.193 0.00533 -0.00107 -0.00533
3283.198 -0.00533 -0.00320 0.00107
3283.203 -0.00533 -0.00213 -0.00107
3283.208 -0.00320 -0.00320 -0.00107
3283.214 0.00959 -0.00107 -0.00533
3283.219 0.00000 -0.00426 -0.00107
3283.224 0.01385 -0.00959 0.00107
3283.229 -0.00320 -0.01172 -0.00533
3283.234 0.00107 0.00639 0.00746
3283.239 -0.00639 -0.01065 -0.00213
3283.244 -0.00107 -0.00746 0.00320
3283.249 0.00000 0.00107 -0.00320
3283.254 0.00000 0.00213 0.00426
3283.259 0.00213 0.00000 0.00639
3283.264 0.00426 0.01172 -0.00320
3283.269 0.00746 -0.00320 0.01278
3283.274 0.00000 -0.00533 0.00107
3283.279 0.00213 0.00000 0.00213
3283.284 0.00426 0.00213 0.00852
3283.289 0.00426 -0.00426 0.00213
3283.294 0.00746 0.00000 -0.00107
3283.299 0.00000 0.00213 0.00000
3283.304 -0.00320 -0.00213 -0.00852
3283.309 0.00107 -0.00959 -0.00213
3283.314 -0.00639 -0.00320 0.00107
3283.319 -0.00107 0.00107 0.00107
3283.324 0.00533 0.00213 0.00107
3283.329 -0.00213 -0.00746 0.00426
3283.334 0.00000 -0.01491 -0.00426
3283.339 -0.00107 0.00426 0.00426
3283.344 -0.00213 -0.00213 -0.00746
3283.349 0.00107 -0.00426 0.00107
3283.354 -0.00533 -0.00213 0.00213
3283.359 0.00000 -0.00107 0.00213
3283.364 -0.00533 -0.01278 -0.00533
3283.369 0.01065 -0.00107 -0.00107
3283.374 0.00000 -0.00213 0.00213
3283.379 0.00639 -0.00213 0.00533
3283.385 0.00000 -0.00639 -0.00852
3283.390 -0.00426 -0.00426 0.00426
3283.395 0.00320 -0.00107 -0.00639
3283.400 0.00320 0.00000 -0.00746
3283.405 0.00320 -0.00320 -0.00213
3283.410 -0.00213 -0.00533 0.00746
3283.415 -0.00533 -0.00320 -0.00426
3283.420 -0.00852 -0.01065 0.00320
3283.425 -0.00852 -0.00213 -0.00213
3283.430 0.00426 0.00533 0.00213
3283.435 -0.00213 -0.00213 -0.00852
3283.440 0.00533 0.00000 0.00320
3283.445 0.00107 0.00426 -0.00852
3283.450 -0.00107 -0.00533 -0.00852
3283.455 0.00107 -0.00959 0.00107
3283.460 -0.00320 -0.00639 -0.01172
3283.465 0.01278 -0.00426 0.00213
3283.470 -0.00426 -0.00426 -0.00533
3283.475 -0.00107 0.00000 -0.00213
3283.480 0.00000 0.00107 -0.00213
3283.485 -0.00959 0.00107 -0.00320
3283.490 0.00533 0.01065 0.00213
3283.496 -0.00533 -0.00852 -0.00426
3283.501 -0.00426 0.00213 -0.00852
3283.506 0.00000 -0.00320 0.00213
3283.511 0.00320 -0.00533 -0.00426
3283.516 0.00000 0.00320 0.00213
3283.521 0.00213 0.01065 0.00533
3283.526 0.00213 -0.00746 -0.00320
3283.531 -0.00746 -0.00852 0.00213
3283.536 -0.00852 -0.00852 -0.00426
3283.541 0.00000 -0.00320 -0.00426
3283.546 -0.00213 -0.00639 0.00959
3283.551 -0.00107 0.00000 0.00852
3283.556 -0.00213 -0.00426 -0.00639
3283.561 -0.00639 0.00320 -0.00320
3283.566 0.00107 -0.01065 0.00000
3283.571 0.00320 -0.00107 0.00320
3283.576 -0.01385 -0.00320 0.00426
3283.581 -0.00533 -0.00746 0.00107
3283.586 -0.00639 -0.00639 -0.00533
3283.591 -0.00426 0.00213 0.00320
3283.596 0.00320 -0.00426 0.00746
3283.601 -0.00213 -0.00213 -0.00213
3283.606 0.00426 -0.00852 -0.00107
3283.611 0.01172 -0.00533 0.00426
3283.616 -0.00533 -0.00746 -0.00639
3283.621 0.00213 -0.00320 -0.00320
3283.626 0.00426 -0.00533 -0.00320
3283.631 -0.00852 0.00213 -0.00852
3283.636 -0.00213 0.00107 -0.00320
3283.641 -0.00533 -0.00320 0.00746
3283.646 0.00000 0.00213 -0.00107
3283.651 -0.00959 -0.00533 0.00746
3283.657 -0.00213 -0.00426 -0.00533
3283.662 0.00426 0.00320 -0.00639
3283.667 0.00533 0.00533 0.00533
3283.672 0.00213 0.00213 0.00107
3283.677 0.00107 -0.00213 -0.00959
3283.682 -0.00639 0.00959 0.00213
3283.687 -0.00852 -0.00213 -0.00426
3283.692 -0.00213 0.00213 -0.00107
3283.697 0.00533 0.00107 -0.00426
3283.702 -0.00213 -0.00213 0.00213
3283.707 0.00213 0.00852 -0.01278
3283.712 -0.00746 -0.00959 -0.00320
3283.717 -0.00639 0.00107 0.00000
3283.722 -0.00533 -0.00746 -0.00426
3283.727 -0.00107 -0.00533 -0.00320
3283.732 0.00426 -0.00107 -0.00320
3283.737 0.00000 -0.00426 -0.00320
3283.742 -0.00852 -0.00426 -0.00533
3283.747 -0.01172 -0.00320 0.00213
3283.752 -0.00213 0.01385 -0.00213
3283.757 -0.00320 -0.00213 0.00000
3283.762 -0.00852 0.00000 0.00213
3283.767 0.00107 -0.00639 0.00000
3283.772 -0.00746 -0.00852 -0.00213
3283.777 0.00320 -0.00107 -0.00533
3283.782 0.00426 0.00213 0.00213
3283.787 -0.00107 -0.01065 0.00000
3283.792 0.00533 0.00107 0.00213
3283.797 -0.00213 0.00107 -0.00533
3283.802 0.00746 0.00000 -0.00213
3283.808 0.00107 0.00533 0.00213
3283.813 -0.00213 0.00107 0.00000
3283.818 -0.00320 -0.00639 -0.00426
3283.823 -0.00320 -0.01385 0.00213
3283.828 -0.00746 0.00000 0.00639
3283.833 -0.00533 -0.00213 0.00852
3283.838 -0.01172 -0.00426 -0.00746
3283.843 -0.00213 -0.00852 0.00320
3283.848 -0.00213 0.00320 -0.00107
3283.853 -0.00107 0.00959 0.00852
3283.858 0.00000 0.00320 -0.00320
3283.863 -0.00426 -0.00852 -0.00320
3283.868 -0.00320 -0.00639 0.00000
3283.873 0.00320 -0.00426 0.00000
3283.878 0.00000 -0.00320 0.00320
3283.883 -0.00213 -0.00426 -0.01065
3283.888 0.00000 0.00107 0.00426
3283.893 -0.00533 -0.00320 0.00107
3283.898 0.00533 0.00746 -0.00746
3283.903 -0.00852 0.00320 0.00107
3283.908 0.00107 -0.00213 0.00000
3283.913 -0.00533 0.00213 0.00000
3283.918 0.00320 0.00000 -0.00213
3283.923 0.00639 -0.00320 -0.01065
3283.928 -0.00213 -0.00533 -0.00533
3283.933 -0.00746 0.00107 -0.00213
3283.938 0.00000 -0.00426 0.00107
3283.943 -0.00107 -0.00533 -0.00213
3283.948 -0.00426 0.00320 0.00107
3283.953 0.00107 -0.00533 -0.00533
3283.958 -0.00320 -0.00107 -0.00107
3283.963 -0.00213 -0.00852 0.00533
3283.968 -0.00746 -0.00639 -0.00746
3283.973 0.00320 -0.00107 -0.00107
3283.979 -0.00426 0.00320 -0.00107
3283.984 -0.00107 0.00213 -0.00959
3283.989 0.00000 0.00639 -0.00852
3283.994 0.00213 -0.00852 0.00639
3283.999 -0.00320 0.00213 -0.00639
3284.004 0.00213 0.00213 -0.00533
3284.009 0.00107 0.00639 -0.00213
3284.014 0.00852 -0.00213 -0.00107
3284.019 0.00213 0.00213 -0.00533
3284.024 0.00426 0.00533 -0.00426
3284.029 -0.00320 -0.00213 -0.00213
3284.034 0.00746 -0.00107 -0.00213
3284.039 -0.00213 0.00107 0.00000
3284.044 0.00107 0.00000 0.00000
3284.049 -0.00320 0.00000 0.00213
3284.054 -0.00320 -0.00852 0.00107
3284.059 0.00959 0.00107 0.00533
3284.064 0.00000 0.00213 0.00213
3284.069 0.00533 -0.00426 0.00426
3284.074 -0.00746 -0.01278 -0.00320
3284.079 -0.00852 -0.00533 -0.00639
3284.084 0.00000 -0.00107 0.00852
3284.089 -0.00107 -0.00426 -0.00213
3284.094 0.00746 0.00426 0.00213
3284.099 0.00000 -0.00533 -0.00533
3284.104 0.00107 0.00000 0.00107
3284.109 -0.00426 -0.00107 0.00107
3284.114 -0.00852 -0.00107 0.00213
3284.119 -0.00746 0.00213 -0.00107
3284.124 -0.00107 0.00426 -0.00107
3284.129 0.00533 0.00213 -0.00533
3284.134 -0.00107 -0.00533 0.00320
3284.140 -0.00639 0.00320 0.00213
3284.144 -0.00107 -0.00107 -0.00320
3284.150 0.00000 0.00533 -0.00639
3284.155 -0.00426 -0.00213 0.00000
3284.160 -0.00426 0.00533 -0.00426
3284.165 0.00213 -0.00426 -0.00320
3284.170 0.00852 -0.00107 -0.00320
3284.175 0.00213 0.00213 -0.00746
3284.180 -0.00533 0.00533 -0.00213
3284.185 -0.00320 -0.00320 0.00213
3284.190 0.00107 -0.00320 -0.00213
3284.195 0.00213 -0.00746 0.00000
3284.200 0.00000 -0.00533 -0.00426
3284.205 -0.00320 -0.00213 0.00320
3284.210 -0.00426 -0.00426 -0.00639
3284.215 -0.00320 -0.00533 0.00320
3284.220 -0.00213 0.00107 -0.00320
3284.225 0.00533 -0.00320 0.00320
3284.230 -0.00426 0.00320 -0.00639
3284.235 0.00107 0.00107 -0.00959
3284.240 -0.00107 -0.00107 -0.00320
3284.245 0.00320 0.00426 -0.00107
3284.250 -0.00533 0.00000 -0.00213
3284.255 0.00533 0.00320 -0.00746
3284.260 -0.00426 -0.00639 0.00426
3284.265 0.00639 0.00107 -0.00959
3284.270 -0.00320 0.00852 -0.00639
3284.275 -0.00533 0.00107 -0.00746
3284.280 -0.00107 -0.00213 0.00639
3284.285 0.00000 -0.00639 0.00320
3284.290 0.00639 0.00000 -0.00426
3284.295 0.00000 -0.00213 -0.00426
3284.300 -0.00959 -0.00746 -0.00107
3284.305 -0.00320 -0.00426 -0.00426
3284.310 0.00213 -0.00107 0.00107
3284.315 -0.00533 -0.00426 0.00000
3284.320 -0.00320 -0.00639 -0.00213
3284.325 0.00107 -0.00213 0.00107
3284.330 -0.00533 -0.00107 0.00213
3284.335 0.00000 -0.00426 -0.00746
3284.341 0.00533 0.00000 0.00000
3284.346 0.00107 -0.00320 0.00107
3284.351 0.00213 -0.00107 -0.00533
3284.356 -0.00107 -0.00852 -0.00533
3284.361 -0.00426 -0.00426 0.00533
3284.366 -0.00320 -0.00320 0.00426
3284.371 -0.00426 -0.00213 -0.00639
3284.376 0.00426 -0.00107 0.00000
3284.381 -0.00320 -0.00107 0.00107
3284.386 0.01704 -0.00107 0.00320
3284.391 0.00213 -0.00959 -0.00107
3284.396 -0.00639 -0.00320 0.00320
3284.401 -0.00533 0.00000 0.00000
3284.406 -0.00107 0.00213 -0.00533
3284.411 -0.00213 0.00213 -0.00639
3284.416 -0.00639 -0.00426 -0.00213
3284.421 0.01491 0.00533 0.00000
3284.426 0.00107 0.00000 0.00426
3284.431 0.00639 0.00213 0.00213
3284.436 0.00320 0.00746 0.00213
3284.441 0.00320 -0.00852 -0.00107
3284.446 -0.00852 0.00000 -0.00107
3284.452 -0.00852 -0.00213 0.00320
3284.457 0.00107 0.00000 -0.00320
3284.462 0.00746 -0.01598 -0.00107
3284.467 -0.00320 -0.00426 0.00213
3284.472 -0.00320 -0.00533 0.00746
3284.477 -0.00213 -0.00852 0.00639
3284.482 -0.00426 0.00107 0.00533
3284.487 -0.00533 0.00107 -0.00320
3284.492 -0.00852 0.00426 -0.00746
3284.497 0.00000 0.00533 -0.00426
3284.502 -0.00746 0.00639 0.00213
3284.507 -0.00320 0.00959 0.00000
3284.512 -0.00213 -0.00639 0.00000
3284.517 -0.00746 -0.00213 -0.00852
3284.522 0.00639 -0.00213 -0.00533
3284.527 0.00639 0.00533 -0.00746
3284.532 -0.00213 -0.00533 0.00107
3284.537 -0.00639 -0.00213 -0.00213
3284.542 0.00107 -0.00426 -0.00533
3284.547 -0.00959 -0.00107 0.00639
3284.552 -0.00533 0.00000 -0.00107
3284.557 -0.00959 0.00213 -0.00426
3284.562 -0.00426 0.00213 0.00533
3284.567 -0.00320 0.00107 0.00107
3284.572 -0.00107 -0.00107 -0.01385
3284.577 0.00320 -0.00320 -0.00959
3284.582 0.00107 0.00426 0.00426
3284.587 0.00000 -0.00107 -0.00533
3284.592 -0.00959 0.00213 -0.01065
3284.597 -0.00213 -0.00639 0.00000
3284.602 -0.00746 -0.00213 -0.00213
3284.607 -0.00320 -0.01278 0.00107
3284.612 0.00107 -0.00320 0.00533
3284.617 -0.00107 -0.00213 -0.00533
3284.623 0.00107 0.00107 -0.00320
3284.628 0.00533 -0.00639 0.00746
3284.633 0.00639 -0.00213 0.00000
3284.638 -0.00320 0.00000 0.00000
3284.643 0.00320 0.00213 0.00107
3284.648 0.00107 -0.00959 -0.01172
3284.653 0.00000 -0.00639 -0.00533
3284.658 -0.00213 -0.01385 0.00320
3284.663 -0.00533 0.00000 -0.00320
3284.668 0.00320 0.00426 0.00533
3284.673 -0.00320 -0.00533 0.00000
3284.678 0.00213 -0.01172 0.00213
3284.683 -0.00426 -0.00852 -0.00426
3284.688 0.00959 0.00000 0.00320
3284.693 -0.00746 -0.00959 0.00320
3284.698 -0.00320 0.00320 -0.00107
3284.703 -0.00959 -0.00213 -0.00639
3284.708 -0.00639 0.00320 -0.00959
3284.713 0.00426 -0.00426 -0.00213
3284.718 0.00426 -0.00533 0.00533
3284.723 -0.00426 -0.00959 -0.00320
3284.728 -0.00213 -0.00320 0.00000
3284.733 -0.00426 -0.00320 0.00000
3284.738 0.00639 -0.00426 -0.00639
3284.743 -0.00533 0.00000 0.00107
3284.748 -0.00320 0.00000 0.00213
3284.753 -0.00746 -0.00746 -0.01065
3284.758 0.00852 0.00320 -0.00107
3284.763 0.00746 0.00320 -0.00639
3284.768 -0.00320 0.00213 0.00107
3284.773 -0.00213 -0.00107 0.00107
3284.778 -0.00533 -0.00213 -0.00107
3284.783 -0.00107 -0.00426 -0.00107
3284.788 0.00533 -0.00213 -0.00213
3284.793 0.00320 -0.00213 -0.00426
3284.798 0.01172 0.00213 -0.00639
3284.803 0.00000 -0.00533 0.00107
3284.808 0.00320 -0.01065 -0.00426
3284.814 0.00320 0.00107 0.00000
3284.819 -0.00213 -0.00639 0.00746
3284.824 -0.00426 -0.00213 0.00107
3284.829 0.00320 -0.01172 0.00000
3284.834 0.00533 0.00852 0.00320
3284.839 0.00746 -0.01172 -0.00213
3284.844 -0.00959 0.00533 -0.00107
3284.849 0.00852 -0.00213 -0.00533
3284.854 -0.00107 0.00107 -0.00959
3284.859 -0.00320 0.00000 -0.00533
3284.864 0.00533 -0.00533 -0.01065
3284.869 -0.00320 0.00107 0.00107
3284.874 -0.00959 -0.00107 0.00639
3284.879 -0.00426 -0.00533 -0.00426
3284.884 -0.00746 -0.00213 0.00107
3284.889 -0.00213 -0.00213 0.00320
3284.894 0.00852 0.00107 -0.00746
3284.899 -0.00533 -0.00959 -0.01065
3284.904 0.00320 0.00533 -0.00533
3284.909 0.00000 -0.00426 0.00107
3284.914 -0.00320 -0.00213 0.00746
3284.919 -0.00746 -0.00107 -0.00426
3284.924 -0.00107 0.00107 0.00426
3284.929 -0.00533 0.00213 -0.00639
3284.934 -0.00213 0.00107 0.00107
3284.939 -0.00426 -0.00213 0.00320
3284.944 0.00213 0.00000 0.00746
3284.949 0.00213 0.01491 0.00107
3284.954 0.00000 -0.00213 0.00107
3284.959 0.00107 -0.00107 0.00533
3284.965 -0.00533 -0.00852 0.00852
3284.970 -0.00107 -0.00852 -0.00426
3284.975 -0.00959 -0.00320 -0.00426
3284.980 -0.00213 -0.00852 0.01065
3284.985 -0.00533 0.00213 -0.00320
3284.990 0.00000 0.00426 0.00320
3284.995 0.00320 0.01385 -0.00213
3285.000 -0.00320 0.00213 0.00000
3285.005 0.00746 -0.00213 -0.00746
3285.010 -0.00959 -0.01278 0.00000
3285.015 -0.00746 -0.00852 -0.00533
3285.020 0.00000 0.00320 0.00320
3285.025 -0.00746 -0.01172 -0.01065
3285.030 0.00426 -0.00639 -0.00107
3285.035 0.00213 0.00107 -0.00426
3285.040 0.00639 0.00320 -0.00320
3285.045 -0.00533 -0.01065 0.00320
3285.050 -0.01278 -0.00533 0.00213
3285.055 0.00000 -0.00107 0.00000
3285.060 0.00107 0.00320 0.00213
3285.065 -0.00639 -0.00426 0.00000
3285.070 0.00107 0.00107 0.00320
3285.075 -0.00213 0.00639 0.00320
3285.080 0.00107 0.00533 0.00213
3285.085 0.00533 -0.00639 0.00000
3285.090 0.00746 0.00213 -0.00213
3285.095 -0.00959 -0.00426 0.00213
3285.100 0.00426 -0.00320 0.00213
3285.105 0.00320 0.00852 -0.00213
3285.110 -0.00320 -0.00320 -0.01065
3285.116 0.00107 -0.00426 0.00000
3285.121 0.00533 0.00533 0.00320
3285.126 -0.00213 0.00320 0.00533
3285.131 0.00000 0.00320 0.00213
3285.136 -0.00533 0.00320 -0.00107
3285.141 -0.00320 0.00320 -0.00107
3285.146 0.00000 -0.00852 -0.00639
3285.151 0.00107 -0.00959 0.00107
3285.156 0.00213 -0.00426 -0.00320
3285.161 -0.00426 0.00000 0.00213
3285.166 -0.00320 -0.00320 0.00852
3285.171 -0.00852 -0.00107 -0.00533
3285.176 -0.00320 -0.00320 0.00107
3285.181 0.00000 -0.00533 -0.00320
3285.186 -0.00320 -0.00213 -0.00426
3285.191 -0.00426 -0.00213 -0.00213
3285.196 -0.01065 -0.00107 0.00533
3285.201 -0.00426 -0.01172 0.00746
3285.206 -0.00107 0.00746 0.00426
3285.211 -0.00746 -0.01278 -0.00213
3285.216 0.00000 -0.00107 0.00213
3285.221 -0.00426 -0.00639 0.00107
3285.226 -0.01598 -0.00746 0.00639
3285.231 -0.00107 0.00107 0.00107
3285.236 0.00000 -0.00107 -0.00213
3285.241 -0.00959 -0.00852 -0.00320
3285.246 0.00320 0.00746 0.00426
3285.251 -0.00107 0.01172 0.00852
3285.256 0.00533 -0.00426 0.00107
3285.261 0.00000 -0.00320 -0.00426
3285.267 0.00852 -0.00533 -0.00746
3285.272 0.00000 0.00000 0.00107
3285.277 -0.00213 -0.00533 -0.00426
3285.282 -0.00107 0.00000 -0.00213
3285.287 0.00320 -0.00746 -0.00426
3285.292 -0.00746 0.00107 0.00000
3285.297 -0.00746 0.00426 -0.00213
3285.302 -0.00107 -0.00107 -0.00107
3285.307 0.00426 -0.00107 0.00533
3285.312 0.00000 0.00213 -0.00213
3285.317 0.00000 -0.00426 -0.00426
3285.322 0.00320 0.00320 -0.00107
3285.327 -0.00533 -0.00746 0.00213
3285.332 -0.00639 -0.00107 -0.00533
3285.337 0.00746 -0.00213 0.00533
3285.342 -0.00533 0.00320 0.00000
3285.347 -0.00639 0.00107 0.00213
3285.352 -0.00213 -0.00959 -0.00639
3285.357 0.00107 0.00533 -0.00959
3285.362 0.00107 -0.01385 0.00000
3285.367 -0.01065 -0.00213 0.00000
3285.372 0.00213 0.00107 -0.00107
3285.377 0.00533 -0.00107 0.00213
3285.382 -0.00213 0.00213 -0.00320
3285.387 -0.00639 -0.00426 0.00107
3285.392 -0.01065 0.00107 -0.00533
3285.397 -0.00107 0.00107 -0.01065
3285.402 0.00000 0.00639 -0.00426
3285.407 0.00426 0.00107 -0.00107
3285.412 0.00213 0.00000 -0.00533
3285.417 -0.00320 -0.00213 0.00213
3285.422 -0.00320 0.00107 -0.00639
3285.427 -0.00852 -0.00959 -0.00426
3285.432 0.00107 -0.00107 -0.00533
3285.437 0.01385 -0.00107 -0.00426
3285.442 0.00000 0.01172 0.00107
3285.448 -0.00213 -0.00639 -0.00533
3285.453 0.00533 -0.00426 -0.00320
3285.458 0.00213 0.00213 -0.00320
3285.463 -0.00107 -0.00320 -0.00213
3285.468 -0.01172 -0.00107 0.00213
3285.473 0.00213 0.00107 0.00533
3285.478 0.00000 -0.00426 0.00107
3285.483 -0.00107 -0.00533 -0.00852
3285.488 0.00000 -0.00107 0.00000
3285.493 -0.00107 -0.00426 0.00213
3285.498 -0.00746 0.00213 -0.00533
3285.503 0.00213 0.00000 -0.00213
3285.508 0.00107 -0.00320 -0.00746
3285.513 0.00639 0.01065 -0.00213
3285.518 -0.00426 0.00959 0.00320
3285.523 0.00000 -0.00213 0.00426
3285.528 0.00320 -0.01065 -0.00107
3285.533 -0.00107 -0.00320 0.00213
3285.538 0.00639 0.00426 -0.00533
3285.543 0.00320 -0.00533 -0.01172
3285.548 -0.00426 -0.00320 0.00213
3285.553 0.00000 -0.01811 -0.00320
3285.558 -0.00320 -0.00213 -0.00213
3285.563 -0.00320 -0.00107 0.00213
3285.568 0.00107 0.00107 0.00426
3285.573 0.00746 0.00000 0.00320
3285.578 -0.00107 -0.00213 -0.00959
3285.583 -0.00639 0.00000 -0.00426
3285.589 0.00000 -0.00320 -0.00107
3285.594 -0.00426 0.00320 -0.00213
3285.599 0.00639 0.00000 -0.00213
3285.604 -0.00533 -0.00533 0.00000
3285.609 -0.00213 -0.00533 -0.00213
3285.614 0.00000 -0.00213 0.00320
3285.619 0.00959 -0.00320 -0.00533
3285.624 -0.00426 -0.00533 -0.00426
3285.629 -0.00533 -0.00533 -0.00107
3285.634 -0.00426 -0.00320 0.00213
3285.639 -0.00107 0.00320 -0.00639
3285.644 0.01172 0.00426 -0.00852
3285.649 0.00639 -0.00426 0.00000
3285.654 -0.00746 -0.00213 -0.00959
3285.659 0.00426 -0.00320 -0.00107
3285.664 -0.00320 -0.00213 -0.00533
3285.669 0.00000 -0.00639 -0.00639
3285.674 -0.00426 0.00107 -0.01065
3285.679 0.00320 -0.00107 -0.00107
3285.684 0.00000 0.00426 0.00213
3285.689 -0.00320 -0.00107 0.00107
3285.694 -0.00107 -0.00107 0.00000
3285.699 0.00746 0.00320 -0.00107
3285.704 0.00000 -0.01278 0.00533
3285.709 -0.00533 0.00000 -0.00107
3285.714 -0.00533 0.01065 0.00426
3285.719 -0.01278 0.00426 0.00533
3285.724 -0.00213 0.01278 0.00213
3285.729 0.00320 -0.00639 -0.00426
3285.734 0.00213 0.00533 -0.00746
3285.739 0.00000 -0.00639 0.00533
3285.744 -0.00320 0.00639 0.00320
3285.750 0.00107 -0.00213 0.00639
3285.755 -0.00639 -0.01065 0.00426
3285.760 -0.00959 -0.00320 -0.00213
3285.765 0.00426 -0.00320 -0.00213
3285.770 -0.00533 0.00533 -0.00426
3285.775 -0.00852 0.00320 -0.00213
3285.780 -0.00320 -0.00959 -0.00213
3285.785 0.00320 0.00213 0.00426
3285.790 0.00107 0.00000 -0.00107
3285.795 0.00320 -0.00533 -0.00852
3285.800 -0.00639 -0.00213 0.00107
3285.805 0.00320 -0.00533 -0.00426
3285.810 -0.00320 -0.00320 -0.00639
3285.815 -0.00533 0.00320 0.00107
3285.820 0.00533 -0.00107 -0.00426
3285.825 0.00746 0.00533 0.00213
3285.830 0.00213 -0.00533 0.00639
3285.835 -0.00107 0.00107 0.00107
3285.840 -0.00320 -0.00639 -0.00320
3285.845 0.00000 -0.00533 0.00000
3285.850 -0.00107 0.00107 0.00213
3285.855 -0.00639 -0.00852 -0.00320
3285.860 -0.00320 -0.01065 -0.00107
3285.865 0.00213 0.00746 -0.00213
3285.870 0.00107 0.00213 0.00320
3285.875 -0.00213 -0.00213 -0.00320
3285.880 0.00213 -0.00213 -0.00533
3285.885 0.00426 0.00107 0.00533
3285.890 -0.00426 -0.00320 -0.00213
3285.895 0.00533 -0.00213 0.00746
3285.900 -0.00107 -0.00426 -0.00213
3285.905 0.00639 -0.00320 0.00639
3285.910 -0.00426 -0.00107 0.00107
3285.915 -0.00320 0.00320 -0.00320
3285.920 -0.00426 0.00000 -0.00213
3285.925 -0.00426 0.00000 0.00213
3285.931 -0.00107 0.00320 -0.00107
3285.936 -0.00213 -0.00320 -0.00213
3285.941 -0.00426 -0.00107 0.00320
3285.946 -0.00320 -0.00639 0.00107
3285.951 -0.01278 -0.00426 -0.00746
3285.956 0.00107 0.00639 0.00639
3285.961 -0.00213 -0.00107 -0.00320
3285.966 0.00213 0.00320 -0.00639
3285.971 0.00107 0.00320 -0.00746
3285.976 0.00213 0.00213 -0.00107
3285.981 -0.00320 -0.00213 0.00107
3285.986 -0.00320 -0.00959 -0.00746
3285.991 -0.00746 -0.00213 0.00107
3285.996 0.00639 0.00320 0.00320
3286.001 -0.00959 0.00107 -0.01172
3286.006 0.00000 -0.00320 0.00320
3286.011 -0.00426 0.00426 -0.00639
3286.016 -0.00746 -0.00213 -0.00320
3286.021 0.00426 -0.00533 0.00320
3286.026 0.01278 -0.00213 0.00000
3286.031 -0.00533 -0.01065 -0.00426
3286.036 -0.00533 -0.01278 0.00320
3286.041 -0.00107 -0.00320 0.00533
3286.046 -0.00107 0.00746 0.00107
3286.051 0.00213 -0.00639 0.00533
3286.056 0.00213 0.00533 -0.00213
3286.061 -0.00746 -0.01065 0.00746
3286.066 -0.00746 0.00320 -0.00533
3286.071 -0.00107 0.00000 -0.00107
3286.076 0.00107 -0.00639 0.00000
3286.081 0.00107 0.01065 -0.00107
3286.086 -0.00107 0.00000 -0.00107
3286.092 -0.00533 0.00426 -0.00213
3286.096 0.00213 -0.00213 0.00426
3286.102 0.00533 0.00213 -0.00320
3286.107 0.00639 -0.00213 0.00852
3286.112 -0.00959 0.00639 0.00000
3286.117 0.00533 0.00320 0.00107
3286.122 -0.00746 -0.00426 0.00107
3286.127 -0.00746 -0.00213 -0.00426
3286.132 0.00107 0.00852 -0.00213
3286.137 0.00320 0.00320 0.00213
3286.142 -0.00639 0.00000 0.00426
3286.147 -0.00107 -0.00426 0.00000
3286.152 0.00746 0.00213 0.00533
3286.157 -0.01065 -0.01065 -0.00533
3286.162 0.00213 -0.00426 0.00213
3286.167 -0.00107 0.00107 0.00320
3286.172 0.00533 0.00959 -0.00213
3286.177 0.00107 0.00107 0.00213
3286.182 -0.00320 0.00426 0.00213
3286.187 -0.01385 -0.00213 0.00639
3286.192 -0.00639 -0.01172 -0.00959
3286.197 0.01385 0.00426 -0.00639
3286.202 0.00746 -0.00107 -0.00533
3286.207 -0.00533 -0.00320 0.00000
3286.212 -0.00533 -0.00746 0.00213
3286.217 -0.00107 -0.00213 0.01172
3286.222 0.00213 0.00213 -0.00320
3286.227 -0.00852 -0.00533 -0.00213
3286.232 0.00639 -0.00320 -0.00426
3286.237 -0.00320 -0.00533 0.00320
3286.242 0.00107 -0.00533 0.00426
3286.247 0.00107 -0.00959 -0.00107
3286.253 -0.00107 -0.00746 0.00213
3286.257 0.00320 0.00213 -0.00746
3286.263 -0.00852 0.00107 0.00426
3286.268 -0.00320 0.00000 -0.00639
3286.273 -0.00107 0.00107 0.00639
3286.278 -0.00426 -0.00426 -0.00426
3286.283 -0.00107 -0.00107 -0.00107
3286.288 -0.00639 -0.00213 -0.00852
3286.293 0.00959 -0.00320 0.00000
3286.298 0.00320 -0.00107 0.00533
3286.303 -0.00213 0.00746 -0.00213
3286.308 0.00320 -0.00107 -0.00426
3286.313 0.00639 -0.00959 -0.01278
3286.318 0.00000 -0.00959 0.00533
3286.323 -0.00959 0.00213 -0.00107
3286.328 -0.00852 0.01065 0.00213
3286.333 -0.00959 0.00107 -0.00107
3286.338 0.00107 0.00959 0.00107
3286.343 0.00959 0.00320 -0.00213
3286.348 -0.00320 -0.00107 -0.00107
3286.353 -0.00213 0.00426 0.00426
3286.358 0.00426 0.00107 0.01172
3286.363 0.00320 -0.00426 0.00213
3286.368 -0.00426 0.00533 0.00852
3286.373 -0.00533 0.00000 0.00000
3286.378 -0.00320 0.00320 -0.00426
3286.383 0.00639 -0.00426 0.00213
3286.388 -0.00107 0.00107 -0.00320
3286.393 0.00426 -0.00533 0.00213
3286.398 -0.00213 -0.00213 -0.00213
3286.404 0.00000 0.00426 0.00426
3286.409 0.00000 0.00107 -0.00213
3286.414 -0.00959 -0.00959 -0.00107
3286.419 0.00000 -0.00320 0.00107
3286.424 -0.00852 0.00320 -0.00639
3286.429 0.00000 0.00000 0.00000
3286.434 0.00852 0.00959 0.00000
3286.439 -0.00639 0.00426 0.00426
3286.444 0.00426 -0.00213 0.00320
3286.449 -0.00746 -0.01172 -0.00320
3286.454 -0.01491 -0.00533 0.00426
3286.459 0.00426 -0.01598 -0.00959
3286.464 -0.00533 -0.00107 0.00852
3286.469 -0.00746 0.00426 -0.01065
3286.474 -0.00426 -0.00107 -0.00107
3286.479 0.00213 -0.00213 0.00107
3286.484 -0.00639 0.00107 0.00320
3286.489 -0.00426 0.00852 0.00320
3286.494 -0.00746 0.00426 0.00320
3286.499 -0.00746 -0.00320 0.00000
3286.504 -0.00213 -0.00107 -0.01278
3286.509 -0.00639 -0.00213 0.00959
3286.514 -0.00746 -0.00320 -0.01065
3286.519 0.00107 -0.00107 -0.00852
3286.524 -0.00213 0.00213 0.00000
3286.529 0.00107 0.00213 -0.00426
3286.534 0.00107 0.00107 -0.00107
3286.539 0.00000 -0.00959 0.00000
3286.544 -0.00533 -0.00852 -0.00533
3286.549 0.00000 0.00107 0.00107
3286.555 -0.01065 -0.00320 -0.00320
3286.559 -0.00320 0.00000 -0.00107
3286.565 0.00213 -0.00320 0.00213
3286.570 0.00107 -0.00213 -0.00639
3286.575 -0.00852 -0.00213 0.00213
3286.580 -0.00320 -0.00852 0.00000
3286.585 0.01278 0.00000 0.00746
3286.590 -0.01065 0.00107 -0.00639
3286.595 -0.00426 0.00320 -0.01065
3286.600 -0.00533 -0.00533 -0.00320
3286.605 -0.00107 -0.00746 -0.00107
3286.610 -0.00320 -0.00107 0.00000
3286.615 -0.00107 -0.00639 -0.00320
3286.620 0.01172 -0.00426 0.00000
3286.625 -0.00107 0.00213 0.00426
3286.630 -0.00213 -0.00320 0.00107
3286.635 -0.01065 -0.00959 0.00213
3286.640 -0.00107 -0.00959 -0.01385
3286.645 -0.00320 0.00000 -0.00426
3286.650 -0.00426 -0.00213 -0.00533
3286.655 -0.00639 -0.00426 0.00213
3286.660 -0.00426 0.00426 -0.00213
3286.665 -0.00213 0.00107 0.00320
3286.670 -0.01278 -0.00320 -0.00213
3286.675 0.00000 0.00000 0.00000
3286.680 -0.00639 -0.00426 -0.00426
3286.685 -0.00107 -0.00213 -0.00107
3286.690 -0.00213 -0.00639 0.00000
3286.695 -0.00426 0.00426 -0.00107
3286.700 0.00000 -0.00746 -0.00426
3286.705 0.00746 0.01065 0.00533
3286.710 0.00107 0.00533 0.00320
3286.715 -0.00213 0.00107 0.00639
3286.720 -0.00107 0.00639 -0.00320
3286.725 -0.00533 -0.00107 0.00213
3286.730 -0.00426 -0.00213 0.00107
3286.735 -0.00213 -0.00639 0.00107
3286.740 0.00107 -0.00107 -0.00320
3286.746 -0.00639 0.00426 0.00107
3286.751 -0.00426 -0.00107 0.00213
3286.756 -0.00852 0.00213 -0.00320
3286.761 0.00000 0.00533 -0.00639
3286.766 -0.00746 -0.00426 -0.00213
3286.771 -0.00107 0.00426 -0.00426
3286.776 -0.00107 0.00426 -0.00639
3286.781 0.00000 0.00000 0.00639
3286.786 -0.00320 -0.00320 0.00639
3286.791 0.00213 -0.00213 -0.00213
3286.796 0.01278 0.00320 -0.02450
3286.801 -0.00320 0.00107 0.00533
3286.806 0.00213 0.00213 0.00107
3286.811 0.00426 0.00107 0.00320
3286.816 -0.00426 -0.01385 -0.00639
3286.821 0.00107 -0.00852 -0.00639
3286.826 -0.00107 0.00426 0.00639
3286.831 0.00107 0.00000 0.00000
3286.836 -0.00639 0.00746 -0.00213
3286.841 0.00320 -0.00533 0.00639
3286.846 0.00213 0.00000 0.00533
3286.851 0.00533 -0.00426 -0.00107
3286.856 -0.00426 0.00533 -0.00213
3286.861 0.00000 -0.00213 -0.00320
3286.866 0.00426 -0.00213 -0.00213
3286.871 -0.01385 -0.00213 0.00107
3286.876 0.00107 0.00426 0.00852
3286.881 -0.00533 -0.00426 0.00000
3286.886 -0.01065 -0.00533 -0.00213
3286.891 -0.00107 -0.00320 -0.00426
3286.897 -0.00533 -0.01385 0.00213
3286.902 -0.00746 -0.00320 -0.00533
3286.907 0.00533 0.00959 0.00213
3286.912 0.00639 0.00213 0.00426
3286.917 -0.00320 -0.00107 -0.00746
3286.922 -0.00213 -0.00533 -0.00107
3286.927 0.00746 -0.01598 0.00000
3286.932 -0.00746 0.00639 -0.00213
3286.937 0.00107 -0.00107 -0.00320
3286.942 -0.00959 -0.00107 -0.00213
3286.947 0.00000 -0.00213 -0.00107
3286.952 -0.00426 -0.00426 -0.00533
3286.957 0.00107 0.00213 -0.00959
3286.962 -0.00426 -0.00320 0.00107
3286.967 -0.00107 -0.00107 0.00213
3286.972 -0.00426 0.00320 -0.00213
3286.977 -0.00107 -0.00320 -0.00213
3286.982 -0.00107 -0.00426 0.00320
3286.987 0.00426 -0.00746 0.00107
3286.992 0.00320 0.00000 -0.00213
3286.997 0.00000 0.00746 0.00426
3287.002 -0.00213 0.00426 0.00426
3287.007 0.00107 -0.00533 0.00746
3287.012 0.00426 0.00639 -0.00107
3287.017 0.00000 -0.00533 0.00000
3287.022 0.00000 -0.00533 0.00107
3287.027 -0.00320 -0.00107 0.00107
3287.032 -0.01172 0.00107 0.00107
3287.037 0.00000 0.00320 -0.00533
3287.042 0.00213 0.00746 -0.00533
3287.047 -0.01065 -0.00639 -0.00320
3287.052 0.00107 0.00320 0.00107
3287.057 0.00107 0.00320 0.00107
3287.062 -0.00426 -0.00533 -0.00213
3287.067 -0.00426 0.00000 0.00107
3287.072 -0.00213 -0.00213 -0.00852
3287.078 0.00000 -0.00746 -0.00639
3287.083 -0.00852 -0.00320 -0.00426
3287.088 -0.00959 0.00000 0.00746
3287.093 -0.00320 -0.00852 0.00107
3287.098 -0.00213 -0.00746 0.00000
3287.103 0.00000 -0.00746 -0.00213
3287.108 -0.00533 -0.00213 -0.00639
3287.113 -0.00320 -0.00320 0.00107
3287.118 -0.00639 -0.01172 0.00639
3287.123 -0.00107 0.00533 -0.00746
3287.128 0.00000 -0.00107 0.00320
3287.133 0.00107 -0.00639 0.00426
3287.138 0.00639 -0.00533 -0.00213
3287.143 -0.00426 0.00000 -0.00533
3287.148 0.00533 0.00000 0.00213
3287.153 -0.00426 -0.00426 0.00320
3287.158 0.00639 -0.00107 0.00533
3287.163 -0.00746 0.00213 0.00000
3287.168 -0.00320 0.00320 0.00107
3287.173 0.00213 0.00000 0.00426
3287.178 0.00746 0.00320 -0.00107
3287.183 -0.00320 0.00320 0.00107
3287.188 0.00852 0.00320 0.00320
3287.193 0.00107 0.00000 -0.00320
3287.198 0.00213 0.00639 0.00213
3287.203 0.00426 0.00426 0.00107
3287.208 -0.00959 -0.00746 0.00320
3287.213 0.00852 -0.00107 0.00000
3287.218 -0.00746 -0.00639 -0.00320
3287.223 -0.00639 0.00000 0.00426
3287.229 0.00000 0.00426 -0.00213
3287.234 0.00426 -0.00320 0.00746
3287.239 0.00107 -0.00107 0.00320
3287.244 -0.00320 -0.00426 -0.01385
3287.249 0.00213 0.00852 -0.00107
3287.254 -0.00107 -0.00213 -0.00213
3287.259 0.00213 -0.00746 0.00000
3287.264 0.00533 0.00107 0.00000
3287.269 -0.01065 -0.00746 -0.00213
3287.274 0.00320 -0.01172 0.00107
3287.279 -0.00213 -0.00426 -0.00107
3287.284 -0.00426 -0.00426 -0.00107
3287.289 0.00426 -0.00107 -0.00959
3287.294 -0.00746 -0.00107 -0.00533
3287.299 0.00320 0.00426 -0.00320
3287.304 0.00000 0.00000 0.00639
3287.309 0.00107 -0.00639 0.00107
3287.314 0.00000 -0.00213 0.00320
3287.319 0.00213 0.00320 -0.00107
3287.324 -0.00320 -0.00746 0.00107
3287.329 0.00320 -0.00639 -0.00213
3287.334 -0.00426 0.00107 -0.00959
3287.339 -0.01172 -0.00426 -0.00213
3287.344 -0.00533 0.00107 0.00213
3287.349 -0.00639 -0.00213 0.00320
3287.354 -0.00107 -0.00107 -0.00959
3287.359 0.00533 0.00426 0.00959
3287.364 -0.00213 -0.00533 -0.00107
3287.369 -0.00213 -0.00852 0.00320
3287.374 0.00213 -0.00533 0.00533
3287.379 -0.00213 -0.00533 -0.00852
3287.384 -0.00533 -0.00213 0.00107
3287.390 0.00107 -0.00959 -0.00746
3287.395 -0.00213 -0.00107 0.00320
3287.400 0.00107 0.00426 0.00533
3287.405 0.00107 -0.00320 0.00533
3287.410 -0.00639 -0.00213 0.00426
3287.415 -0.00213 -0.00107 -0.00426
3287.420 -0.00959 -0.00107 0.00107
3287.425 0.00213 -0.00426 -0.00213
3287.430 0.00107 -0.00320 0.00426
3287.435 -0.01917 -0.00107 -0.00213
3287.440 -0.00320 -0.00746 0.00320
3287.445 -0.01172 -0.00320 -0.01172
3287.450 -0.00533 -0.00320 0.00426
3287.455 -0.00213 -0.00639 0.01065
3287.460 -0.00107 -0.01385 -0.00533
3287.465 -0.00746 0.00320 -0.00107
3287.470 -0.00533 0.00000 -0.00533
3287.475 -0.00213 -0.00533 0.00107
3287.480 -0.00533 -0.00213 0.00000
3287.485 -0.00533 -0.00426 0.00213
3287.490 -0.00320 -0.00107 -0.00746
3287.495 0.00213 -0.00213 -0.00639
3287.500 -0.00533 -0.00533 -0.00107
3287.505 0.00000 -0.00213 0.00426
3287.510 0.00639 -0.00320 0.00000
3287.515 -0.01278 -0.00533 0.00000
3287.520 0.00639 -0.00213 -0.00320
3287.525 0.00426 -0.00533 -0.00213
3287.530 0.00107 0.00213 0.00000
3287.535 -0.00213 -0.00107 -0.01172
3287.540 0.00426 -0.00533 -0.00320
3287.545 0.00426 -0.00426 -0.00959
3287.550 0.00213 0.00320 -0.00213
3287.555 0.01278 -0.00426 0.00533
3287.561 -0.01385 -0.00320 0.00213
3287.566 0.00000 -0.00213 0.00320
3287.571 -0.00107 0.00426 -0.00639
3287.576 -0.00533 0.00426 -0.00533
3287.581 0.00320 -0.00107 -0.00213
3287.586 -0.00213 0.00000 0.00639
3287.591 0.00959 -0.00320 0.01385
3287.596 -0.00320 0.00107 0.00213
3287.601 -0.00320 -0.00320 -0.00213
3287.606 -0.00533 -0.00533 0.00746
3287.611 0.00426 0.00533 0.00107
3287.616 -0.00107 0.00320 -0.00426
3287.621 -0.00107 0.00107 -0.00107
3287.626 0.00000 0.00426 -0.00959
3287.631 -0.00213 -0.00426 -0.00107
3287.636 -0.00533 -0.00320 -0.00426
3287.641 0.00533 -0.00213 -0.00213
3287.646 0.00107 -0.00959 0.00000
3287.651 -0.00107 -0.00213 0.00213
3287.656 0.00533 0.00426 -0.00533
3287.661 0.00320 -0.00426 0.00213
3287.666 0.00000 0.00213 -0.00426
3287.671 0.00107 0.00107 0.00213
3287.676 0.00639 0.00000 -0.00320
3287.681 0.01278 -0.01172 0.00107
3287.686 -0.00107 0.01172 0.00213
3287.691 0.00213 0.00000 0.01491
3287.696 0.00213 -0.00320 0.00107
3287.701 0.00426 0.00000 0.00533
3287.706 -0.00533 -0.00426 -0.00533
3287.711 -0.00107 -0.00213 -0.00213
3287.716 0.00000 0.00320 0.00959
3287.722 -0.00213 0.00852 0.00533
3287.727 0.00213 -0.00107 -0.00320
3287.731 0.01172 0.00426 0.00426
3287.736 -0.00426 -0.00320 -0.00213
3287.742 -0.00639 -0.00107 -0.00533
3287.747 0.00213 -0.00852 -0.00426
3287.752 -0.00107 0.00320 -0.00213
3287.757 -0.00213 -0.00533 0.00320
3287.762 0.00000 -0.01278 -0.00639
3287.767 -0.00639 -0.00213 0.00639
3287.772 0.01172 -0.00746 0.00320
3287.777 0.00000 -0.00533 0.00320
3287.782 0.00320 0.00639 -0.00426
3287.787 0.00000 0.00000 -0.00852
3287.792 0.00107 0.00320 -0.00320
3287.797 -0.00426 0.00426 0.00000
3287.802 0.00000 0.00852 -0.00107
3287.807 -0.00107 0.00320 0.00000
3287.812 0.00426 -0.00426 0.00426
3287.817 -0.00639 0.00107 -0.00213
3287.822 -0.00639 -0.00213 -0.00533
3287.827 0.00107 0.00639 0.00107
3287.832 0.00213 -0.01065 0.00000
3287.837 0.00000 -0.00213 0.00213
3287.842 -0.00959 0.00000 0.00107
3287.847 0.00320 -0.00213 -0.00320
3287.852 0.00533 0.00746 0.00320
3287.857 -0.00107 0.00107 -0.00746
3287.863 0.00107 -0.00426 0.00213
3287.868 -0.00959 -0.00426 -0.00107
3287.873 -0.00426 0.00320 0.00213
3287.878 0.00107 -0.00320 -0.00746
3287.883 0.00000 0.00107 0.00213
3287.888 -0.00320 -0.00426 0.00639
3287.893 -0.00533 -0.00533 0.00000
3287.898 -0.00107 -0.01065 0.00107
3287.903 -0.00320 0.00000 0.00320
3287.908 -0.00107 0.00533 0.00107
3287.913 0.00320 -0.00426 -0.00959
3287.918 -0.00213 0.00320 0.00213
3287.923 -0.00533 -0.00320 -0.00533
3287.928 -0.00533 -0.00426 0.00426
3287.933 -0.00320 -0.00959 -0.00213
3287.938 0.00746 0.00000 0.00533
3287.943 -0.00746 -0.00107 0.00107
3287.948 -0.00852 -0.00107 0.00639
3287.953 0.00320 -0.00213 -0.00107
3287.958 -0.00213 -0.00426 0.00000
3287.963 -0.00533 0.00213 0.00639
3287.968 -0.00320 0.00213 -0.00107
3287.973 0.01278 0.00107 -0.00426
3287.978 -0.00213 0.00213 -0.00320
3287.983 -0.00213 -0.00213 0.00746
3287.988 -0.00213 -0.01065 -0.00426
3287.993 0.00000 -0.00533 0.00959
3287.998 -0.00533 -0.00107 0.00639
3288.003 0.00213 0.00320 -0.00533
3288.008 -0.00320 -0.01065 0.00107
3288.014 -0.00959 0.00213 0.00426
3288.019 -0.00959 0.00213 -0.01278
3288.023 -0.00746 0.00213 0.00000
3288.028 -0.00746 -0.00746 0.00213
3288.033 -0.00213 -0.00533 -0.00107
3288.038 0.00426 -0.00213 -0.00426
3288.043 -0.00533 -0.00213 0.00000
3288.048 -0.00426 -0.00959 0.00000
3288.054 0.00639 -0.00533 0.00533
3288.059 -0.00426 -0.00746 -0.00213
3288.064 0.00107 0.00000 -0.00426
3288.069 0.00213 -0.00213 -0.00213
3288.074 0.00852 0.00107 0.00746
3288.079 -0.01065 0.00320 0.00533
3288.084 -0.00213 -0.00959 0.00000
3288.089 -0.00426 0.00000 0.00213
3288.094 0.00213 0.00107 -0.00639
3288.099 0.00213 -0.00746 0.00107
3288.104 -0.00426 -0.00107 0.00000
3288.109 0.00639 0.00000 -0.00533
3288.114 0.00000 0.00746 0.00639
3288.119 0.00320 -0.00213 -0.00107
3288.124 0.00000 0.00213 -0.00213
3288.129 -0.00107 -0.00320 -0.01385
3288.134 0.00107 -0.00639 0.00213
3288.139 -0.01172 -0.00639 -0.00533
3288.144 0.00107 0.00426 -0.00213
3288.149 0.00533 -0.00639 0.00320
3288.154 0.00213 0.00320 -0.00107
3288.159 0.00320 0.00000 0.00320
3288.164 0.00320 -0.00426 0.00107
3288.169 -0.00107 0.00000 0.00959
3288.174 -0.00746 -0.00107 0.01278
3288.179 -0.00213 0.00639 0.00000
3288.184 -0.00426 -0.00213 0.00533
3288.189 -0.00213 -0.00852 0.00213
3288.194 -0.00426 0.00213 0.00000
3288.199 -0.00533 -0.00959 -0.00320
3288.204 0.00533 -0.00533 -0.00213
3288.209 -0.00639 -0.00533 0.00000
3288.214 0.00320 -0.00426 0.00533
3288.219 -0.00107 0.00107 0.00000
3288.224 0.00107 -0.00533 -0.00107
3288.229 0.00213 0.00213 0.00213
3288.235 0.00746 0.00320 0.00107
3288.240 0.00959 -0.00107 -0.00746
3288.245 0.00320 -0.00107 0.00533
3288.250 0.00746 0.00639 0.00107
3288.255 0.00213 0.00959 -0.00107
3288.260 -0.00213 0.00426 0.00107
3288.265 0.00213 0.00213 0.00000
3288.270 0.00213 0.00639 -0.00213
3288.275 -0.00852 -0.00639 -0.01704
3288.280 0.00213 0.00000 0.00000
3288.285 -0.00746 0.00533 -0.00320
3288.290 -0.01065 0.00107 0.00000
3288.295 -0.00213 -0.00639 -0.00107
3288.300 -0.00107 -0.00426 -0.00426
3288.305 -0.00107 -0.00213 -0.00533
3288.310 -0.00959 -0.00320 -0.00107
3288.315 0.00639 0.00107 -0.00746
3288.320 0.00320 -0.00320 0.00107
3288.325 -0.00426 -0.01385 0.00320
3288.330 -0.00639 0.00107 0.00320
3288.335 0.00959 0.00746 0.00426
3288.340 0.00213 0.00213 -0.00426
3288.345 0.00426 0.00533 0.00000
3288.350 0.00213 0.00426 0.00746
3288.356 -0.00320 0.00000 0.00852
3288.360 -0.00426 0.00000 0.00746
3288.366 -0.00426 0.00000 -0.00320
3288.371 -0.00213 -0.00213 -0.00320
3288.376 0.00000 0.00213 0.00320
3288.381 -0.00107 -0.00213 0.00426
3288.386 -0.00107 0.00213 -0.00107
3288.391 -0.00959 -0.00639 -0.00639
3288.396 0.00107 0.00533 -0.00213
3288.401 -0.00746 -0.00213 -0.00426
3288.406 -0.00426 -0.00426 0.00000
3288.411 -0.00213 0.00320 -0.00533
3288.416 -0.00107 0.00107 0.00213
3288.421 -0.00107 -0.00426 -0.00959
3288.426 -0.00213 -0.00320 -0.00213
3288.431 0.00426 -0.00533 0.00639
3288.436 -0.00320 -0.00426 -0.00746
3288.441 0.00213 0.00639 -0.00746
3288.446 0.01172 -0.00533 -0.00213
3288.451 0.00533 0.00000 0.00426
3288.456 -0.00639 -0.00107 -0.00746
3288.461 -0.00107 0.00852 -0.00320
3288.466 -0.00320 -0.00107 0.00000
3288.471 -0.00213 0.00000 0.00746
3288.476 -0.00213 -0.00213 0.00107
3288.481 0.00533 0.01065 0.00533
3288.486 -0.00959 -0.00107 -0.00107
3288.491 -0.00746 -0.00320 0.00426
3288.496 0.00213 -0.00746 0.00533
3288.501 0.00320 -0.00213 -0.00959
3288.506 -0.00213 0.00107 -0.00426
3288.511 0.00000 -0.00320 -0.00320
3288.517 0.00320 0.00426 -0.00107
3288.522 0.00000 -0.00639 0.00852
3288.527 0.00533 -0.00320 -0.00107
3288.532 0.00000 0.00426 0.00213
3288.537 -0.00320 -0.00852 0.00107
3288.542 -0.00320 -0.00107 0.00533
3288.547 -0.00213 0.00852 0.00533
3288.552 -0.00213 -0.00746 0.00000
3288.557 0.00213 -0.00107 0.00107
3288.562 -0.00533 -0.00639 0.00107
3288.567 -0.00746 -0.00533 -0.00213
3288.572 0.00213 -0.00213 0.00000
3288.577 -0.00320 -0.00639 -0.00746
3288.582 -0.01385 -0.00426 -0.00320
3288.587 0.00426 0.00639 -0.00213
3288.592 -0.00426 -0.00107 0.00107
3288.597 -0.00533 0.00533 -0.00426
3288.602 -0.00426 -0.00533 -0.00852
3288.607 -0.00533 -0.00426 0.00000
3288.612 -0.00320 -0.00213 -0.00107
3288.617 0.00213 -0.00533 -0.00320
3288.622 0.00426 -0.00746 -0.00213
3288.627 -0.00746 -0.00426 -0.00213
3288.632 -0.00107 -0.00213 -0.00426
3288.637 -0.00852 -0.00426 -0.00746
3288.642 0.00000 0.00213 -0.00320
3288.647 0.00426 0.00533 -0.00213
3288.652 0.00320 -0.00852 0.00533
3288.657 0.00320 -0.00852 -0.00426
3288.662 0.00000 -0.00320 0.00533
3288.668 0.00959 -0.00107 0.00426
3288.673 0.00320 -0.00320 0.00107
3288.678 0.00213 -0.00213 -0.00533
3288.683 -0.00959 -0.00426 -0.00107
3288.688 -0.00639 0.00213 0.00000
3288.693 0.00000 -0.00107 0.00107
3288.698 -0.00533 0.00000 -0.00639
3288.703 0.00426 0.00533 -0.00959
3288.708 0.00107 0.00000 -0.00426
3288.713 0.00533 -0.00426 0.00107
3288.718 -0.00533 -0.00639 -0.00213
3288.723 0.00533 0.00533 0.00000
3288.728 0.00000 0.00000 -0.00533
3288.733 -0.00639 -0.00426 -0.00107
3288.738 -0.01172 -0.00213 0.00533
3288.743 -0.00107 -0.00213 0.00320
3288.748 -0.00320 -0.00107 0.00639
3288.753 -0.00213 -0.00320 0.00107
3288.758 -0.00213 -0.00533 -0.00852
3288.763 -0.01065 -0.00746 -0.00639
3288.768 -0.00320 -0.00533 -0.01704
3288.773 -0.00320 0.00107 0.00213
3288.778 -0.00320 0.00213 -0.00852
3288.783 -0.00533 0.00213 -0.00107
3288.788 -0.01278 0.00213 0.00000
3288.793 -0.00213 -0.00426 0.00533
3288.798 0.00746 0.00000 -0.00426
3288.803 0.00852 0.00959 -0.01065
3288.808 -0.00213 0.00639 -0.00320
3288.813 0.00000 -0.00852 0.00000
3288.818 -0.00426 -0.00639 -0.00107
3288.823 0.00000 -0.00533 0.00533
3288.828 -0.00320 0.00426 -0.00426
3288.833 -0.00533 -0.00746 -0.00639
3288.838 -0.00213 -0.00107 -0.00320
3288.843 0.00107 -0.00213 -0.00107
3288.849 -0.00320 -0.00107 -0.00533
3288.854 0.00000 0.00107 0.00107
3288.859 0.00852 -0.00639 -0.00533
3288.864 0.00107 -0.00107 0.00426
3288.869 -0.00213 0.00000 -0.00639
3288.874 -0.00533 0.00213 -0.00107
3288.879 0.00639 -0.00320 0.00426
3288.884 0.00426 0.00000 -0.00213
3288.889 0.00213 0.00533 0.00000
3288.894 -0.00639 -0.00852 -0.00107
3288.899 -0.00320 -0.00107 -0.00213
3288.904 0.00107 0.00426 0.00107
3288.909 0.00000 -0.00213 -0.00213
3288.914 -0.00213 0.00000 -0.00746
3288.919 0.01172 0.00000 0.00320
3288.924 -0.00639 -0.01065 -0.00320
3288.929 0.00107 -0.00639 0.00426
3288.934 -0.00852 0.00852 0.00746
3288.939 0.00107 0.00959 -0.00213
3288.944 0.00639 -0.00107 -0.00639
3288.949 -0.00426 -0.00213 -0.00639
3288.954 0.00000 0.00746 -0.00107
3288.959 -0.00852 -0.00320 0.00426
3288.964 0.00320 -0.00426 -0.00107
3288.969 0.00320 0.00533 0.00213
3288.974 -0.00852 -0.00213 0.00000
3288.979 -0.00639 -0.00107 -0.00213
3288.984 -0.00213 -0.00107 0.00213
3288.989 -0.00959 -0.00426 -0.00426
3288.994 0.00639 0.00639 -0.00426
3288.999 -0.00959 -0.00746 -0.00746
3289.004 0.00852 0.00426 0.00107
3289.009 -0.00639 0.00000 0.00426
3289.014 -0.00639 0.00107 -0.00320
3289.020 -0.00213 -0.00746 -0.00639
3289.025 -0.00426 -0.00107 -0.00320
3289.030 0.00320 -0.00213 -0.00213
3289.035 0.00746 -0.01172 0.00107
3289.040 -0.00959 0.00000 0.00746
3289.045 -0.00107 -0.00213 -0.00533
3289.050 -0.01065 -0.00213 -0.00639
3289.055 0.00426 0.00320 0.00320
3289.060 0.00746 -0.00639 -0.00533
3289.065 -0.00426 -0.00426 -0.00746
3289.070 0.00533 0.00852 0.00746
3289.075 -0.00533 -0.00533 -0.00107
3289.080 -0.00320 0.00746 -0.00426
3289.085 0.00213 0.00213 0.00746
3289.090 0.01065 -0.00107 -0.00213
3289.095 -0.00107 0.00107 -0.00213
3289.100 0.00533 -0.00746 -0.00213
3289.105 -0.00639 -0.00852 -0.01385
3289.110 -0.00533 -0.00107 -0.00107
3289.115 0.00000 -0.00746 -0.00959
3289.120 -0.01065 0.00213 0.00107
3289.125 -0.00639 -0.00320 -0.00533
3289.130 0.00320 0.00320 -0.00639
3289.135 -0.00959 -0.00107 0.00107
3289.140 -0.00320 0.00000 0.00107
3289.145 -0.00533 -0.01598 0.00320
3289.150 0.00320 -0.00959 -0.00746
3289.155 -0.00426 -0.00639 -0.00213
3289.160 -0.00107 0.00107 -0.00852
3289.165 0.00000 -0.00213 0.00107
3289.170 -0.00320 0.00533 -0.00639
3289.175 0.00746 -0.00107 -0.00639
3289.181 -0.01598 -0.01172 0.00320
3289.186 0.00107 0.00426 0.00000
3289.190 0.00107 0.00000 0.00320
3289.195 0.00533 -0.00107 0.00426
3289.200 0.00000 -0.00426 -0.00639
3289.205 -0.00320 0.00107 -0.00639
3289.210 -0.00746 0.00000 0.00107
3289.215 -0.00213 0.00000 0.00107
3289.220 -0.00320 0.00533 0.00107
3289.225 0.00320 0.00107 0.00213
3289.231 -0.00320 0.00000 -0.00746
3289.236 -0.01065 0.00213 -0.00107
3289.241 0.00107 0.00107 -0.01172
3289.246 0.00320 -0.00213 -0.00107
3289.251 0.00107 -0.00213 -0.00426
3289.256 0.00426 0.00000 0.00320
3289.261 0.00320 -0.00639 -0.00213
3289.266 -0.00107 0.00639 0.00000
3289.271 0.00213 -0.00107 -0.00852
3289.276 0.00107 -0.00107 -0.00533
3289.281 -0.00213 -0.00320 -0.00320
3289.286 -0.00533 -0.00426 -0.00320
3289.291 0.00639 -0.00533 0.00107
3289.296 0.00213 -0.00213 -0.00533
3289.301 0.00000 -0.00746 0.00213
3289.306 0.00107 -0.00107 -0.00746
3289.311 -0.01278 -0.00213 -0.00533
3289.316 0.00639 -0.00213 -0.00533
3289.321 -0.00320 0.00426 0.00320
3289.326 -0.00213 -0.00320 -0.00533
3289.331 0.00000 0.00320 0.00213
3289.336 0.00107 -0.00746 0.00533
3289.342 0.00000 0.00000 -0.00746
3289.346 -0.00426 -0.00320 -0.00213
3289.351 0.00320 -0.00320 0.00320
3289.356 0.00320 -0.00107 0.00533
3289.362 0.00320 0.00000 0.00000
3289.367 -0.00746 -0.01385 0.00213
3289.372 -0.00746 0.01385 -0.00320
3289.377 0.00426 -0.00107 -0.00746
3289.382 0.00213 0.00107 0.00213
3289.387 -0.00107 -0.00533 0.00426
3289.392 -0.00639 0.00107 -0.00213
3289.397 -0.00320 0.00533 -0.01065
3289.402 -0.00213 0.00852 -0.00107
3289.407 -0.00107 -0.00107 0.00107
3289.412 -0.00107 -0.00639 -0.00426
3289.417 0.00107 -0.00639 -0.00320
3289.422 0.00000 0.00213 -0.00533
3289.427 0.00213 -0.00426 -0.00426
3289.432 0.00107 0.00000 -0.00639
3289.437 -0.00107 0.00426 0.00107
3289.442 -0.00107 0.00107 0.00320
3289.447 -0.00213 0.00320 -0.00533
3289.452 0.00852 -0.00533 0.00533
3289.457 0.00213 -0.00107 -0.00533
3289.462 -0.00639 -0.00320 -0.00533
3289.467 0.00107 0.00107 0.00107
3289.472 -0.00959 -0.00533 0.00000
3289.477 -0.00639 0.00852 0.00320
3289.482 0.00213 0.00746 -0.00533
3289.487 -0.00639 -0.01491 -0.00639
3289.493 -0.00639 0.00533 -0.00959
3289.498 0.00320 -0.00320 0.00852
3289.503 -0.00746 0.00107 -0.00213
3289.508 0.00000 0.00213 -0.00959
3289.513 0.00000 -0.00107 0.00426
3289.518 -0.00213 0.00000 -0.01917
3289.523 0.00320 -0.00213 0.00320
3289.528 -0.00213 -0.00107 -0.00320
3289.533 -0.00852 -0.00213 0.00000
3289.538 0.00000 0.00107 -0.00107
3289.543 -0.01065 -0.00320 -0.00320
3289.548 0.00320 -0.00426 -0.00533
3289.553 -0.00426 -0.00639 0.00000
3289.558 0.00639 0.00533 -0.00213
3289.563 0.01491 -0.00107 0.00000
3289.568 0.00107 0.00213 -0.00213
3289.573 0.00426 0.00213 -0.00533
3289.578 -0.00426 -0.00852 -0.00639
3289.583 0.00426 -0.00213 0.00213
3289.588 -0.00107 -0.00426 -0.00852
3289.593 -0.00426 0.00000 0.00000
3289.598 -0.00107 0.00000 -0.00320
3289.603 -0.00213 0.00959 0.00320
3289.608 0.00320 -0.00959 -0.00107
3289.613 0.00959 0.00213 0.00213
3289.618 -0.00746 -0.00852 -0.00426
3289.623 -0.00320 -0.00639 0.00213
3289.628 -0.00639 0.00000 0.00000
3289.633 0.00320 -0.00746 -0.00107
3289.638 -0.00213 0.00213 0.00320
3289.644 -0.01065 -0.00213 0.00213
3289.648 -0.01598 -0.00320 0.00107
3289.654 -0.00426 0.00107 0.00426
3289.659 0.00000 -0.00746 0.00213
3289.664 0.00213 0.00213 0.00107
3289.669 0.00000 -0.00213 -0.00426
3289.674 -0.00746 0.00852 0.00107
3289.679 -0.00320 0.00000 0.00959
3289.684 0.00000 -0.00426 0.00426
3289.689 0.00000 -0.00746 -0.00639
3289.694 -0.01172 -0.00746 -0.00426
3289.699 0.00320 -0.00213 -0.00213
3289.704 0.00213 0.00320 0.00000
3289.709 -0.00533 0.00533 0.00107
3289.714 -0.00533 -0.00746 0.00533
3289.719 0.00533 0.00107 -0.00107
3289.724 0.00107 0.00746 0.00533
3289.729 -0.00320 -0.00426 0.00107
3289.734 0.00107 0.00000 0.00000
3289.739 -0.00639 -0.00746 0.00107
3289.744 0.00426 -0.00107 -0.00107
3289.749 -0.00426 0.00107 0.00107
3289.754 -0.00533 0.00107 -0.00639
3289.759 -0.00107 0.00426 0.00000
3289.764 -0.00213 0.00107 -0.00426
3289.769 0.00852 0.00213 -0.00213
3289.774 -0.00107 0.00533 0.00107
3289.779 -0.00852 -0.00959 -0.00852
3289.784 -0.00639 0.00320 -0.00213
3289.789 -0.00852 -0.00107 0.00320
3289.794 -0.00107 0.00746 0.00213
3289.799 -0.00426 -0.00533 -0.01065
3289.804 -0.00213 -0.00107 0.00213
3289.809 0.00533 -0.00852 -0.00533
3289.815 -0.00533 -0.00213 -0.00213
3289.820 0.00320 -0.00639 0.00213
3289.825 -0.00107 -0.00746 0.00639
3289.830 -0.00426 0.00213 -0.00107
3289.835 -0.00533 0.00107 -0.00746
3289.840 0.00107 -0.00959 -0.00213
3289.845 -0.00533 -0.00320 0.00000
3289.850 -0.00107 -0.00213 -0.00213
3289.855 -0.00639 -0.01385 -0.00426
3289.860 -0.00107 -0.00852 -0.00107
3289.865 0.00426 0.01278 -0.00320
3289.870 -0.00320 -0.00213 0.00320
3289.875 0.00213 -0.00533 0.00000
3289.880 0.00107 0.00533 0.00107
3289.885 0.00213 -0.00426 -0.00213
3289.890 0.00639 0.00000 0.00213
3289.895 0.00000 -0.00852 0.00533
3289.900 0.01065 0.00213 0.00852
3289.905 0.00213 -0.00533 -0.00213
3289.910 0.01704 -0.00639 0.00107
3289.915 -0.00320 -0.00959 -0.00639
3289.920 -0.00852 -0.00852 -0.00639
3289.925 0.00107 0.00533 0.00107
3289.930 -0.00213 -0.01172 -0.00107
3289.935 -0.00107 0.00426 0.00000
3289.940 -0.00533 -0.00213 -0.00107
3289.945 -0.00639 -0.00320 -0.00320
3289.950 0.00533 -0.00320 0.00213
3289.955 0.00000 0.00107 -0.00533
3289.960 0.00320 -0.00213 -0.00533
3289.965 -0.00213 0.00320 -0.00213
3289.970 -0.00533 -0.00533 0.00000
3289.976 0.00000 0.00107 0.00000
3289.981 -0.00852 -0.01065 0.00533
3289.986 0.00107 -0.00320 0.00000
3289.991 0.00320 0.00746 0.00533
3289.996 -0.00639 -0.01278 -0.00533
3290.001 0.00107 0.00320 -0.00213
3290.006 -0.00213 -0.00107 -0.00533
3290.011 0.00533 -0.00320 -0.00213
3290.016 -0.00533 0.00959 0.00107
3290.021 0.00213 -0.00107 -0.00320
3290.026 -0.00320 -0.00213 -0.00320
3290.031 -0.00320 0.00213 0.00107
3290.036 -0.00746 0.00000 0.00426
3290.041 0.00320 0.00320 0.00107
3290.046 0.00320 0.00107 0.00000
3290.051 -0.00533 -0.00639 -0.00426
3290.056 -0.00107 0.00213 -0.00107
3290.061 0.00213 0.00426 0.00426
3290.066 0.00320 -0.00959 0.00426
3290.071 0.00533 -0.00959 0.00320
3290.076 0.00000 -0.00107 0.00533
3290.081 -0.00533 0.00000 0.00000
3290.086 0.00320 -0.00107 -0.00107
3290.091 0.00000 -0.00320 0.00000
3290.096 -0.00852 -0.00746 -0.00746
3290.101 0.00426 -0.00533 0.00107
3290.106 -0.00213 -0.00426 -0.00320
3290.111 -0.00426 -0.00320 0.00533
3290.116 0.00746 -0.00746 0.00000
3290.121 0.00426 0.00107 0.00320
3290.127 0.00107 0.00213 0.01065
3290.132 -0.01278 -0.00107 -0.00320
3290.137 0.00000 -0.00320 -0.00213
3290.142 0.00000 0.00320 0.00000
3290.147 -0.00959 0.00107 0.00533
3290.152 0.00426 0.00000 -0.00107
3290.157 0.00852 -0.00213 0.00213
3290.162 -0.00213 -0.00533 -0.00320
3290.167 0.00533 -0.00320 -0.00639
3290.172 0.00107 -0.00320 -0.01491
3290.177 -0.00213 0.00000 -0.00639
3290.182 -0.00213 -0.00426 0.00000
3290.187 0.00320 -0.00320 -0.00533
3290.192 -0.00107 -0.00320 -0.00426
3290.197 -0.00107 0.00533 0.00000
3290.202 0.01491 0.00746 0.00533
3290.207 -0.01704 -0.00533 0.00639
3290.212 -0.00107 -0.00213 0.00639
3290.217 0.00426 0.00426 -0.00107
3290.222 0.00000 -0.00746 -0.00107
3290.227 -0.00213 -0.00639 -0.01065
3290.232 0.00107 -0.00533 0.00426
3290.237 -0.00959 -0.00320 -0.00213
3290.242 0.00426 -0.00746 -0.00320
3290.247 -0.02024 0.00000 -0.00213
3290.252 0.00213 0.00000 0.00639
3290.257 0.00213 0.00000 -0.00107
3290.262 -0.00107 0.00213 -0.01065
3290.267 -0.00213 -0.00426 -0.00213
3290.272 -0.00533 0.00320 0.00107
3290.277 0.00000 -0.00426 0.00000
3290.282 -0.00213 -0.01065 0.00320
3290.287 -0.00213 -0.00213 0.00426
3290.292 -0.00426 0.00639 0.00213
3290.297 -0.00533 -0.00426 -0.00746
3290.302 0.00107 -0.00746 -0.00213
3290.307 -0.00852 -0.01385 -0.00107
3290.312 0.00213 0.00213 -0.00320
3290.317 -0.00959 -0.00107 -0.00213
3290.322 -0.00639 0.00000 0.00426
3290.328 0.00320 0.00213 -0.00533
3290.333 0.00639 0.00107 -0.00426
3290.338 -0.00533 -0.00320 0.00213
3290.343 -0.00213 -0.00533 -0.00959
3290.348 0.00320 0.00107 0.00426
3290.353 -0.01491 0.00852 0.00107
3290.358 0.00426 -0.00639 0.00639
3290.363 -0.00746 0.00426 0.00213
3290.368 0.01065 0.00213 0.00000
3290.373 0.00107 -0.00639 -0.00426
3290.378 0.00000 -0.00533 -0.00320
3290.383 -0.00107 0.00213 -0.00213
3290.388 -0.00107 -0.00213 -0.00213
3290.393 -0.00320 0.00639 0.00426
3290.398 -0.00320 -0.00533 -0.00426
3290.403 -0.00426 0.00000 -0.00639
3290.408 0.00213 -0.00107 0.00107
3290.413 0.00213 -0.00107 0.00000
3290.418 -0.00639 0.00213 0.00213
3290.423 0.00426 0.00107 0.00426
3290.428 0.00320 0.00852 0.00320
3290.433 -0.00107 0.01065 -0.00746
3290.438 0.00000 -0.00639 -0.00320
3290.443 0.00639 -0.00426 0.00639
3290.449 0.00107 0.00000 0.00213
3290.454 -0.00107 0.00320 0.00533
3290.459 0.00639 -0.00746 -0.00852
3290.464 0.00426 0.00107 0.00213
3290.469 -0.00639 0.00426 -0.00320
3290.474 0.00533 -0.00320 0.00426
3290.479 -0.00426 0.00639 -0.00426
3290.484 -0.00320 0.00213 -0.00533
3290.489 0.00000 -0.00213 -0.00107
3290.494 0.00000 -0.00533 0.00639
3290.499 0.00213 -0.00320 0.00107
3290.504 0.00639 -0.00213 0.01385
3290.509 0.01385 0.00426 -0.00426
3290.514 0.00000 -0.00533 -0.00320
3290.519 0.00213 -0.01172 0.00107
3290.524 -0.00107 0.00639 -0.00959
3290.529 -0.00213 0.00000 0.00320
3290.534 -0.00533 -0.00533 -0.00213
3290.539 0.01065 0.00000 0.00000
3290.544 0.00107 0.00533 -0.00320
3290.549 0.00107 -0.00320 0.00213
3290.554 0.00000 0.00533 -0.00213
3290.559 -0.00320 -0.00320 -0.00320
3290.564 0.00746 -0.00213 0.00000
3290.569 -0.00107 -0.00639 0.00107
3290.574 -0.00533 -0.00213 0.00426
3290.579 0.00107 -0.00852 0.00000
3290.584 0.01065 -0.00213 0.00213
3290.589 -0.00107 0.00746 0.00213
3290.594 0.00213 -0.00213 0.00533
3290.599 -0.00107 0.00213 -0.00320
3290.604 -0.00320 -0.00213 0.00320
3290.610 0.00213 -0.00107 -0.00107
3290.614 0.00000 -0.00746 -0.00533
3290.619 0.01172 -0.00426 -0.00426
3290.624 0.00107 -0.00213 0.00107
3290.630 0.00107 0.00426 0.00107
3290.635 -0.00213 -0.00959 -0.00533
3290.640 0.00533 -0.00639 0.00852
3290.645 -0.00533 -0.00852 -0.00320
3290.650 -0.00426 -0.00639 0.00000
3290.655 -0.00320 0.00000 0.00746
3290.660 0.00426 -0.00320 -0.00746
3290.665 -0.00107 -0.00107 -0.00959
3290.670 0.00320 0.00320 0.00000
3290.675 0.00213 0.00852 -0.00213
3290.680 0.00107 0.00000 0.00213
3290.685 0.00107 -0.00320 0.00000
3290.690 0.00107 -0.00426 -0.00426
3290.695 0.00000 -0.00320 0.00000
3290.700 0.00639 0.01917 -0.00213
3290.705 0.00533 0.00639 0.00426
3290.710 -0.00213 0.00107 0.00533
3290.715 0.00852 0.00000 -0.00320
3290.720 0.00426 0.00213 -0.00107
3290.725 -0.00320 -0.00533 0.00639
3290.730 0.00320 -0.00426 -0.00320
3290.735 0.00213 -0.00533 -0.00320
3290.740 0.00213 0.00959 -0.00107
3290.745 -0.00213 0.00533 0.00746
3290.750 -0.00426 0.00000 -0.00107
3290.755 0.00320 -0.00213 -0.00533
3290.760 -0.00959 0.00426 -0.00213
3290.765 0.00107 -0.00639 -0.00107
3290.770 0.00426 0.00000 0.00213
3290.775 -0.00426 -0.00959 -0.00320
3290.781 0.00000 -0.00107 0.00320
3290.786 -0.01491 -0.00320 0.00000
3290.791 0.00426 0.00426 0.00107
3290.796 0.00426 0.00107 0.00533
3290.801 -0.01491 -0.00320 -0.00746
3290.806 0.00213 -0.00213 -0.00107
3290.811 0.00320 0.00107 0.00000
3290.816 0.00000 -0.00426 0.00213
3290.821 -0.00426 -0.01278 -0.00213
3290.826 -0.00320 0.00320 0.00000
3290.831 -0.00639 -0.00320 -0.00426
3290.836 -0.00852 0.00213 0.00533
3290.841 -0.00533 0.00533 0.00107
3290.846 -0.00959 0.00639 0.00000
3290.851 0.00000 -0.00213 -0.00320
3290.856 0.00426 -0.00213 -0.01172
3290.861 0.00533 0.00320 -0.00107
3290.866 -0.00213 -0.00533 -0.00320
3290.871 0.00320 -0.00533 0.00426
3290.876 -0.00959 -0.00533 0.00000
3290.881 0.00213 0.00000 -0.00213
3290.886 0.00320 -0.00852 0.00639
3290.891 0.00213 0.00107 -0.00426
3290.896 -0.00107 0.00533 -0.00320
3290.901 0.00213 -0.00107 0.00320
3290.906 -0.00107 -0.00426 0.00000
3290.911 0.00639 -0.00320 -0.00213
3290.916 -0.00213 -0.00107 0.00000
3290.921 -0.00107 -0.00320 0.00107
3290.926 0.00000 -0.00533 -0.00639
3290.931 0.00852 -0.00639 0.00000
3290.936 0.00107 0.00107 -0.00639
3290.941 0.00426 -0.00639 -0.00746
3290.946 -0.00213 -0.00426 0.01278
3290.952 -0.00213 -0.00639 -0.00213
3290.957 -0.00213 -0.00426 0.00320
3290.962 0.00320 -0.00639 -0.00320
3290.967 -0.01172 -0.00320 0.00000
3290.972 -0.00639 -0.00320 -0.00639
3290.977 0.00107 -0.00533 0.00320
3290.982 -0.00213 -0.00426 0.00320
3290.987 -0.00107 -0.00426 -0.00426
3290.992 0.00959 -0.00213 -0.00533
3290.997 0.00426 0.00533 0.00213
3291.002 0.00746 0.00000 0.00000
3291.007 0.00107 0.00000 -0.00213
3291.012 -0.00213 0.00107 -0.00213
3291.017 0.00639 -0.00213 0.00533
3291.022 0.00000 -0.00639 0.00639
3291.027 -0.00107 0.00107 -0.00746
3291.032 -0.00107 -0.00533 0.00107
3291.037 0.00320 -0.00213 0.00320
3291.042 0.00320 -0.00426 -0.00320
3291.047 0.00533 0.00746 -0.00107
3291.052 0.00000 -0.00320 0.00213
3291.057 -0.00320 -0.00107 0.00000
3291.062 -0.00107 0.00426 -0.00107
3291.067 -0.00533 0.00426 -0.00639
3291.072 0.00213 -0.00107 0.00000
3291.077 -0.00320 0.00107 0.00320
3291.082 0.00426 -0.00213 -0.00320
3291.087 -0.00533 -0.00320 0.00426
3291.092 0.00426 -0.00639 0.00213
3291.097 -0.00746 0.00320 0.00533
3291.102 -0.00959 0.00107 0.00746
3291.107 -0.00107 -0.00213 -0.00320
3291.113 0.00533 0.00000 -0.00426
3291.118 0.01065 -0.00107 0.00852
3291.123 -0.00320 -0.00107 0.00000
3291.128 0.00533 -0.00852 -0.00852
3291.133 -0.00639 -0.00320 -0.00533
3291.138 -0.00426 -0.00426 0.01704
3291.143 -0.00533 0.00426 0.00213
3291.148 -0.00639 0.00000 0.00320
3291.153 -0.00426 -0.00852 -0.00426
3291.158 -0.00107 -0.00320 0.00000
3291.163 -0.01065 -0.00213 -0.00107
3291.168 0.00000 0.00320 -0.00426
3291.173 -0.00107 -0.00852 -0.00852
3291.178 0.00320 -0.00426 0.00639
3291.183 0.00213 0.00533 0.00000
3291.188 0.00639 -0.00213 0.00320
3291.193 0.00213 -0.00107 0.01278
3291.198 -0.00107 -0.00213 0.00533
3291.203 -0.00426 0.00320 -0.00213
3291.208 0.00107 -0.00320 0.00533
3291.213 -0.00533 -0.00533 0.00000
3291.218 -0.00533 -0.00426 -0.00107
3291.223 -0.00426 -0.00533 -0.00746
3291.228 -0.00213 0.00320 -0.00213
3291.233 0.00000 0.00213 0.00213
3291.238 0.00426 -0.00639 -0.00320
3291.243 0.00107 -0.00320 0.00213
3291.248 -0.00426 0.00000 -0.00107
3291.253 -0.00533 0.00107 -0.00213
3291.258 -0.00426 -0.00107 0.00107
3291.263 0.00000 0.00000 0.00639
3291.268 -0.01491 -0.00852 0.00213
3291.273 0.00533 -0.00639 -0.00320
3291.278 0.00213 0.00213 -0.00533
3291.284 0.00533 0.00533 0.00107
3291.288 0.00000 -0.00959 0.00000
3291.294 0.00000 -0.00107 -0.00320
3291.299 0.00000 0.00533 -0.00320
3291.304 -0.00426 0.00213 0.00107
3291.309 -0.00320 -0.01278 0.00320
3291.314 0.00746 -0.00213 -0.00320
3291.319 -0.00320 -0.00426 0.00107
3291.324 -0.00213 -0.00107 -0.00213
3291.329 -0.00852 -0.00213 -0.00426
3291.334 0.00107 -0.00852 0.00533
3291.339 0.00107 0.00000 -0.00213
3291.344 0.00000 -0.00533 0.00107
3291.349 -0.00533 -0.00533 0.00213
3291.354 0.00746 -0.00959 -0.00320
3291.359 -0.00213 0.00533 -0.00107
3291.364 -0.00426 -0.00533 -0.00426
3291.369 -0.00426 -0.00213 0.00107
3291.374 -0.00213 -0.00320 0.00213
3291.379 0.00320 -0.00959 0.00107
3291.384 -0.00107 0.00852 0.00000
3291.389 0.00639 0.00852 -0.00426
3291.394 0.00639 -0.00320 -0.00107
3291.399 -0.00426 -0.00213 0.00533
3291.404 0.00107 -0.00533 0.00000
3291.409 -0.00320 -0.00107 0.00107
3291.414 0.00000 -0.00959 0.00426
3291.419 0.00320 -0.00107 -0.00426
3291.425 0.00320 0.00639 0.00320
3291.430 -0.00959 -0.00533 0.00000
3291.435 -0.00426 -0.00320 -0.00746
3291.440 0.00000 -0.00533 -0.00213
3291.445 -0.00533 -0.00320 0.00533
3291.450 -0.00426 0.00320 0.00426
3291.455 -0.00639 -0.01065 0.00107
3291.460 -0.00107 -0.01278 -0.00426
3291.465 -0.00213 -0.00320 -0.00639
3291.470 0.00213 -0.00426 0.00107
3291.475 -0.00213 0.00000 0.00533
3291.480 -0.00320 -0.00426 -0.01065
3291.485 -0.00426 0.00426 -0.00107
3291.490 -0.00320 -0.00852 0.00107
3291.495 -0.00320 0.00639 -0.00639
3291.500 -0.00959 -0.00107 0.00000
3291.505 0.00107 -0.00426 0.00533
3291.510 -0.00320 0.00000 0.00213
3291.515 -0.00213 -0.01172 -0.00320
3291.520 0.00213 0.00320 -0.00320
3291.525 -0.00213 0.00107 0.00107
3291.530 -0.00213 0.00320 0.00107
3291.535 -0.00107 -0.00533 -0.00320
3291.540 -0.00533 -0.00533 -0.00639
3291.545 -0.00533 -0.00107 -0.00533
3291.550 -0.00320 -0.00426 -0.00426
3291.555 -0.00213 0.00852 0.00107
3291.560 -0.01172 0.00107 0.00533
3291.565 0.00107 0.00000 0.00639
3291.570 -0.00746 -0.00639 0.00320
3291.575 -0.00107 -0.00213 -0.00959
3291.580 0.00213 0.00320 0.00107
3291.585 -0.00107 -0.00533 0.00320
3291.590 -0.00107 -0.00213 0.00107
3291.596 -0.00426 -0.01598 0.00107
3291.601 0.00320 -0.00213 0.00426
3291.606 0.00746 0.00533 -0.00533
3291.611 0.00107 -0.00320 0.00213
3291.616 -0.00533 0.00107 -0.00533
3291.621 -0.00639 0.00746 0.00320
3291.626 -0.00107 -0.00426 0.00213
3291.631 -0.00213 0.00213 0.00213
3291.636 -0.00107 -0.00213 -0.00426
3291.641 0.00533 0.00000 -0.00107
3291.646 0.00533 0.00639 0.00426
3291.651 0.00959 0.00426 0.00000
3291.656 -0.00213 0.00213 -0.00107
3291.661 -0.00107 -0.00533 -0.00639
3291.666 0.00000 0.00107 -0.00426
3291.671 -0.00320 -0.00639 0.00852
3291.676 0.01385 0.00426 -0.00639
3291.681 0.00320 -0.00426 0.00213
3291.686 -0.00320 -0.00426 0.00213
3291.691 -0.00746 0.00320 0.00533
3291.696 0.00000 -0.00639 0.00000
3291.701 -0.00746 -0.00533 0.00000
3291.706 -0.00959 -0.00533 -0.00107
3291.711 0.00959 -0.00107 0.00000
3291.716 0.00533 0.00000 -0.00533
3291.721 0.00746 0.00320 -0.00213
3291.726 -0.00533 -0.00852 0.00107
3291.731 0.00000 0.00533 0.00213
3291.736 0.00426 0.00000 0.00533
3291.741 -0.00639 -0.00320 -0.00320
3291.746 -0.00746 -0.00107 -0.00320
3291.751 -0.00213 0.00213 0.00746
3291.757 0.00107 -0.00533 0.00320
3291.762 0.00000 -0.00320 0.00426
3291.767 -0.00426 -0.00426 -0.00213
3291.772 0.00639 -0.00213 -0.00107
3291.777 -0.00213 0.00000 -0.00320
3291.782 -0.00213 0.00213 -0.00213
3291.787 -0.00107 -0.00426 -0.00426
3291.792 0.00000 -0.00213 0.00107
3291.797 0.00000 0.00213 0.00107
3291.802 -0.01172 -0.00213 0.00213
3291.807 -0.00959 0.00213 -0.00639
3291.812 0.00426 0.00533 -0.00107
3291.817 -0.00639 0.00533 -0.00107
3291.822 0.00000 -0.00639 0.00000
3291.827 -0.00107 0.00426 -0.00533
3291.832 0.00533 -0.00107 -0.00320
3291.837 -0.00107 0.00639 -0.00107
3291.842 -0.00639 -0.00426 -0.00426
3291.847 0.00000 0.00107 -0.00213
3291.852 -0.00746 -0.00320 -0.00533
3291.857 0.00533 0.00533 0.00426
3291.862 0.00533 -0.00213 0.00320
3291.867 -0.00107 -0.00107 -0.00107
3291.872 -0.00107 0.00320 0.00107
3291.877 -0.00533 -0.00959 -0.00107
3291.882 -0.00107 -0.00213 -0.00107
3291.887 -0.00746 -0.00639 0.00107
3291.892 -0.00746 -0.00639 0.00107
3291.897 0.00533 -0.00107 -0.00213
3291.902 0.00213 -0.00320 0.00000
3291.908 0.00000 -0.01172 -0.00426
3291.913 -0.00533 -0.01385 0.00320
3291.918 -0.00107 0.00852 -0.00213
3291.923 -0.00639 -0.00639 0.00000
3291.928 -0.00320 0.00320 -0.00213
3291.933 -0.00533 -0.00426 -0.00533
3291.938 -0.00107 -0.00320 0.00213
3291.943 -0.00426 -0.00320 -0.00213
3291.948 -0.00213 -0.00107 -0.00320
3291.953 0.00959 0.00852 -0.00320
3291.958 -0.00107 -0.00213 -0.00320
3291.963 -0.00426 -0.00320 0.00426
3291.968 -0.00320 -0.00320 0.00533
3291.973 -0.00533 0.00426 -0.00426
3291.978 -0.00533 -0.00533 -0.00213
3291.983 -0.00639 0.00533 -0.01065
3291.988 -0.00213 -0.00320 -0.00639
3291.993 -0.00107 -0.00852 0.00107
3291.998 -0.00533 -0.00213 -0.00426
3292.003 -0.00320 0.00000 -0.00107
3292.008 -0.00639 -0.01278 -0.00107
3292.013 -0.00639 -0.00320 0.00746
3292.018 -0.01172 0.00107 0.00533
3292.023 -0.00320 0.00320 0.00533
3292.028 0.00852 0.00320 -0.00213
3292.033 0.00107 -0.00107 0.00213
3292.038 -0.00639 -0.00533 0.00107
3292.043 0.00107 -0.00213 -0.00426
3292.048 0.00320 -0.00320 0.00533
3292.053 -0.00852 0.00107 -0.00426
3292.058 0.00426 0.00213 0.00213
3292.063 -0.00107 -0.00320 -0.00213
3292.069 -0.00320 -0.00533 -0.00426
3292.074 -0.00852 -0.00213 -0.00533
3292.079 0.00320 0.00639 0.00426
3292.084 0.00320 -0.00320 -0.00426
3292.089 0.00000 -0.00426 0.00959
3292.094 -0.00746 -0.00107 -0.00213
3292.099 0.00213 0.00000 0.00533
3292.104 -0.00746 -0.00639 0.00107
3292.109 0.00000 -0.00320 0.00000
3292.114 -0.00213 -0.00639 -0.00213
3292.119 -0.00426 -0.00533 -0.00213
3292.124 0.00107 -0.01065 -0.00639
3292.129 -0.00852 -0.00107 0.00213
3292.134 0.00107 -0.00426 -0.00107
3292.139 -0.00746 -0.00320 -0.00107
3292.144 0.00639 0.00426 0.00107
3292.149 0.00320 -0.00107 0.00213
3292.154 0.00213 -0.00107 0.00107
3292.159 0.00213 0.00426 0.00320
3292.164 0.00000 -0.00107 -0.00107
3292.169 -0.00213 -0.00213 -0.00426
3292.174 -0.00107 -0.00426 -0.00213
3292.179 -0.00746 0.00426 -0.00213
3292.184 0.00426 0.02024 0.00852
3292.189 0.00107 0.00107 0.00213
3292.194 0.01065 -0.00213 -0.00639
3292.199 -0.00746 0.00000 0.00213
3292.204 0.00320 -0.00107 0.00746
3292.209 -0.00107 0.00852 -0.00107
3292.214 -0.00213 -0.00533 0.00213
3292.219 0.00533 -0.00533 0.00000
3292.224 0.00107 0.00107 -0.00426
3292.229 0.00107 0.00000 -0.00426
3292.234 -0.00426 -0.00852 -0.00320
3292.239 0.00746 -0.00426 0.00000
3292.244 -0.00107 0.00000 -0.00107
3292.249 -0.00533 -0.00320 0.00213
3292.254 0.00320 0.00000 0.00000
3292.260 -0.00852 0.00107 -0.00746
3292.265 -0.00320 -0.00852 0.00852
3292.270 0.00533 -0.00107 0.00107
3292.275 0.00639 -0.00959 -0.00426
3292.280 0.00746 -0.00426 -0.00213
3292.285 -0.00320 0.00320 -0.00639
3292.290 -0.00213 0.00852 -0.00213
3292.295 0.00533 -0.00852 -0.00320
3292.300 0.00533 0.00107 -0.00852
3292.305 -0.00746 -0.00213 0.00213
3292.310 -0.00533 0.00000 0.00213
3292.315 -0.00107 0.00107 0.00000
3292.320 0.00746 0.00107 0.00000
3292.325 0.01491 -0.00639 0.00639
3292.330 -0.00107 0.01385 0.00000
3292.335 0.00213 -0.00320 -0.00639
3292.340 0.00533 -0.00852 -0.00107
3292.345 -0.00107 0.00746 0.00213
3292.350 -0.01065 -0.00213 -0.00533
3292.355 0.00426 -0.00213 0.00000
3292.360 0.00213 -0.00107 0.00213
3292.365 0.01172 -0.00639 0.00426
3292.370 -0.00639 -0.00107 -0.00213
3292.375 0.00426 0.00426 0.00000
3292.380 0.00213 -0.00320 -0.00107
3292.385 -0.00426 -0.00213 0.00533
3292.390 0.00213 -0.00426 0.00533
3292.395 0.00000 -0.00107 -0.00746
3292.400 0.00639 -0.00320 -0.00320
3292.405 -0.00213 -0.00107 0.00107
3292.410 -0.00533 0.00213 0.00959
3292.415 -0.00320 -0.00426 -0.00320
3292.421 0.00000 -0.00107 -0.00533
3292.426 0.00213 -0.00746 -0.00107
3292.431 0.00000 0.00213 -0.00426
3292.436 -0.00533 -0.00533 0.00107
3292.441 0.00000 -0.00213 0.00000
3292.446 -0.00533 0.00320 -0.01172
3292.451 0.00426 -0.00320 0.00107
3292.456 0.00107 -0.00213 0.00746
3292.461 0.00000 0.00533 -0.00639
3292.466 -0.00107 -0.00213 -0.00107
3292.471 0.00000 0.00320 -0.00107
3292.476 -0.00639 0.00000 -0.00320
3292.481 -0.00107 -0.00746 0.00000
3292.486 0.00213 0.00107 -0.00533
3292.491 -0.00320 0.00426 -0.00320
3292.496 0.00426 0.00533 -0.00320
3292.501 -0.00959 0.00320 -0.00533
3292.506 0.00107 0.00107 -0.00639
3292.511 0.00426 0.00320 0.00320
3292.516 -0.00533 0.01065 -0.00533
3292.521 -0.00746 -0.00639 0.00426
3292.526 -0.00426 -0.00533 0.00000
3292.531 0.00000 -0.00213 -0.00107
3292.536 -0.01172 0.00107 -0.00213
3292.541 0.00107 0.00320 -0.00320
3292.546 -0.00639 -0.00852 0.00320
3292.551 -0.00107 -0.00213 -0.00426
3292.556 -0.00426 -0.00639 -0.00107
3292.562 -0.00107 -0.00959 -0.00213
3292.567 0.00000 0.00107 -0.00426
3292.571 0.00107 0.00000 -0.00533
3292.576 0.01172 0.01491 0.00320
3292.582 -0.00959 0.00213 -0.00107
3292.587 0.00000 -0.00533 -0.00320
3292.592 0.00213 -0.00320 0.00746
3292.597 0.00639 -0.00320 -0.01598
3292.602 -0.00639 -0.00320 0.00320
3292.607 0.00320 0.00320 -0.00213
3292.612 0.00213 0.00213 0.00746
3292.617 0.01385 0.00213 -0.00746
3292.622 0.00320 -0.00533 -0.00107
3292.627 -0.00320 0.00533 -0.00320
3292.632 0.00320 0.00426 0.00533
3292.637 -0.00320 0.00000 -0.00320
3292.642 -0.00426 -0.00213 -0.00107
3292.647 -0.00107 -0.00852 -0.00213
3292.652 -0.00533 -0.00426 0.00533
3292.657 0.00213 -0.00426 0.00107
3292.662 0.00533 -0.00639 -0.00107
3292.667 0.00213 -0.00533 0.00213
3292.672 -0.00639 -0.00426 -0.00639
3292.677 -0.00426 0.00000 -0.00320
3292.682 -0.00533 0.00107 0.00320
3292.687 -0.00639 -0.00639 0.00533
3292.692 -0.00639 -0.00426 0.00107
3292.697 -0.00107 0.00107 -0.01917
3292.702 0.00746 0.00107 -0.00320
3292.707 0.00107 -0.00320 -0.00107
3292.712 0.00107 -0.00213 -0.00107
3292.717 -0.00426 -0.00533 -0.00107
3292.723 0.00639 0.00107 0.00000
3292.728 -0.00959 -0.00852 -0.00426
3292.733 -0.00213 -0.00639 0.00426
3292.738 -0.00639 0.00320 0.00000
3292.743 0.00000 -0.00320 -0.00107
3292.748 0.00000 -0.00213 -0.01065
3292.753 -0.00320 -0.00107 0.00533
3292.758 -0.00533 -0.00320 -0.00107
3292.763 -0.00107 0.00000 -0.00107
3292.768 0.00107 -0.00213 0.00320
3292.773 -0.00213 -0.00213 -0.00107
3292.778 -0.00213 -0.00213 -0.00959
3292.783 -0.00107 0.00320 0.00959
3292.788 -0.00107 0.00000 0.00000
3292.793 -0.00426 0.00320 0.00852
3292.798 0.00000 -0.00213 -0.00213
3292.803 -0.00426 0.00426 0.00213
3292.808 0.00107 -0.00213 0.00320
3292.813 -0.01278 -0.00959 -0.00213
3292.818 0.00639 0.00213 0.01065
3292.823 -0.00213 -0.00639 0.00000
3292.828 0.00000 -0.00320 0.00000
3292.833 0.00107 -0.00213 0.00746
3292.838 0.00213 -0.00320 -0.00426
3292.843 0.00107 -0.00320 -0.00107
3292.848 -0.00107 0.00000 0.00213
3292.853 -0.00320 -0.00320 0.00107
3292.858 -0.00320 -0.00107 -0.00213
3292.863 0.00852 -0.00639 0.00213
3292.868 0.00320 0.00213 -0.00320
3292.873 -0.00746 -0.01491 -0.00426
3292.878 -0.00533 -0.00107 -0.00213
3292.883 -0.00213 -0.00746 -0.00533
3292.888 0.00000 0.00533 -0.00426
3292.893 -0.00107 0.00533 -0.00533
3292.898 -0.00426 0.00426 0.00000
3292.904 0.00533 -0.00533 0.00213
3292.909 -0.00852 -0.00213 0.00213
3292.914 0.00426 0.00320 0.00852
3292.919 -0.00959 -0.00959 0.00107
3292.924 -0.01278 -0.00639 -0.00107
3292.929 -0.00213 -0.00533 -0.00426
3292.934 -0.00213 -0.00426 -0.00746
3292.939 0.00107 0.00959 -0.00107
3292.944 0.00107 -0.00107 -0.00426
3292.949 -0.00107 -0.00213 -0.00107
