5999.527 -0.00213 -0.00533 -0.00107
5999.532 0.00533 0.00107 -0.00107
5999.537 -0.00213 -0.00213 0.00000
5999.542 0.00000 -0.00639 0.00320
5999.547 0.00000 -0.00533 -0.00426
5999.552 -0.00107 -0.00426 0.00107
5999.557 -0.00852 -0.00533 -0.00107
5999.562 -0.00639 -0.00533 0.00213
5999.567 -0.00533 -0.00213 -0.00320
5999.572 -0.00213 0.00000 -0.00213
5999.578 -0.00533 -0.00320 -0.00320
5999.583 0.00746 -0.00959 -0.00959
5999.588 -0.00213 -0.00320 0.00107
5999.593 0.00639 -0.00533 0.00426
5999.598 -0.01065 0.00107 -0.00320
5999.603 -0.00639 -0.00213 -0.00107
5999.608 0.00852 0.01065 -0.00320
5999.613 -0.00107 -0.00107 -0.00320
5999.618 0.00639 0.00213 0.00000
5999.623 0.00107 0.00107 -0.00426
5999.628 0.00852 0.00639 -0.00107
5999.633 -0.00852 0.00000 0.00107
5999.638 -0.00213 -0.00852 0.00000
5999.643 0.00426 -0.00213 -0.00107
5999.648 0.00959 -0.00107 -0.00213
5999.653 0.00426 -0.00213 -0.00959
5999.658 0.00000 -0.00746 -0.00213
5999.663 0.00746 -0.00746 0.00852
5999.668 -0.01065 0.00533 0.00213
5999.673 -0.00107 0.00000 0.01704
5999.678 -0.00533 -0.00746 0.00000
5999.683 0.00320 -0.00213 0.00639
5999.688 0.00107 -0.00639 -0.00107
5999.693 -0.00426 -0.00213 -0.00533
5999.698 -0.00959 -0.00320 -0.01385
5999.703 -0.00107 0.00320 0.00213
5999.708 0.00320 -0.00852 -0.00320
5999.713 -0.00213 -0.00426 0.00320
5999.718 -0.00533 0.00320 0.00533
5999.723 -0.00213 0.00107 -0.00320
5999.728 -0.00426 0.01172 0.00000
5999.733 -0.00320 0.00000 -0.00320
5999.738 -0.01172 -0.00320 -0.00213
5999.743 0.00852 -0.00320 -0.00639
5999.749 0.00320 0.00213 -0.00107
5999.754 -0.00320 0.00000 0.00533
5999.759 -0.00959 -0.00639 -0.00107
5999.764 0.00000 0.00320 -0.00533
5999.769 0.00000 0.00213 0.00213
5999.774 0.00107 -0.00852 0.00320
5999.779 -0.00746 -0.00213 -0.00213
5999.784 0.00426 -0.00426 0.00213
5999.789 0.00000 0.00639 0.01065
5999.794 0.00213 -0.00426 -0.00107
5999.799 0.00639 -0.00107 0.00107
5999.804 0.00426 0.00426 -0.00213
5999.809 0.00213 0.00000 -0.00213
5999.814 0.00213 -0.00426 -0.00746
5999.819 -0.00426 -0.00107 -0.00426
5999.824 -0.00852 -0.00533 0.00000
5999.829 -0.00107 -0.00426 -0.00213
5999.834 -0.00426 -0.00533 0.00320
5999.839 0.00639 0.00107 -0.00746
5999.844 -0.00533 -0.00107 -0.00533
5999.849 -0.00320 0.00213 -0.00320
5999.854 0.00320 0.00107 0.00000
5999.859 -0.00533 -0.00107 0.01385
5999.864 0.00000 -0.00533 -0.00320
5999.869 0.00213 0.00000 0.00000
5999.874 -0.00852 0.00639 0.00213
5999.879 0.00320 -0.00426 0.00107
5999.884 0.00107 -0.00426 -0.00320
5999.889 0.00107 -0.00533 -0.00107
5999.894 -0.00213 -0.00639 -0.00426
5999.899 0.00107 -0.00320 -0.00107
5999.904 -0.00107 0.00107 0.00107
5999.910 -0.00852 -0.01385 -0.00213
5999.915 0.00107 -0.00213 0.00320
5999.920 0.00000 -0.00533 0.00213
5999.925 -0.00107 -0.00852 -0.00852
5999.930 0.00639 0.00320 -0.00639
5999.935 -0.00107 0.00107 -0.00639
5999.940 0.00107 -0.00107 -0.00959
5999.945 -0.00426 -0.00533 -0.00320
5999.950 0.00107 0.00426 0.00213
5999.955 -0.00852 0.00426 -0.00213
5999.960 0.00000 0.00639 0.00107
5999.965 0.00746 -0.00107 0.00639
5999.970 -0.00533 0.00213 -0.01065
5999.975 -0.00426 -0.00426 -0.00426
5999.980 0.00320 0.00852 -0.00959
5999.985 0.00533 -0.01065 0.00213
5999.990 -0.00320 0.00107 -0.00426
5999.995 0.00852 0.00533 -0.00213
6000.000 0.00000 -0.00533 0.00639
6000.005 0.01278 0.00107 -0.00320
6000.010 -0.00213 -0.00320 -0.00426
6000.015 -0.00213 -0.00320 -0.00533
6000.020 -0.00746 -0.00213 -0.00533
6000.025 -0.01385 -0.00533 -0.00746
6000.030 0.00213 -0.00426 0.00746
6000.035 0.00107 0.00320 0.00107
6000.040 0.00746 0.00320 -0.00107
6000.045 -0.00639 0.00107 -0.01065
6000.050 0.00320 0.00000 -0.00320
6000.055 0.00320 -0.00533 0.00426
6000.060 -0.00107 0.00746 -0.00639
6000.065 0.01278 -0.00213 -0.00852
6000.071 0.00000 -0.00426 -0.01172
6000.076 0.00107 -0.00639 -0.00213
6000.081 -0.00639 -0.01065 0.00000
6000.086 0.00000 -0.00746 -0.00213
6000.091 0.00533 0.00426 0.00320
6000.096 -0.00107 0.00000 0.00107
6000.101 -0.00213 -0.00959 -0.00746
6000.106 0.00000 -0.00320 0.00320
6000.111 -0.00533 0.00107 -0.00746
6000.116 0.00000 -0.00426 -0.00746
6000.121 -0.00107 -0.00852 0.00533
6000.126 0.00213 0.00000 0.00213
6000.131 -0.00320 -0.00852 -0.00746
6000.136 -0.00639 -0.00639 0.00639
6000.141 -0.00107 -0.00852 -0.00533
6000.146 0.00107 -0.00107 -0.00746
6000.151 -0.00852 -0.00639 -0.00852
6000.156 -0.00852 -0.01065 0.00000
6000.161 0.00213 -0.00320 -0.00639
6000.166 -0.01172 0.00533 0.00107
6000.171 -0.00746 -0.00320 0.00000
6000.176 0.00000 -0.00107 -0.00639
6000.181 -0.00426 0.00426 -0.00639
6000.186 -0.00320 0.00107 0.00639
6000.191 0.00426 -0.01385 -0.00426
6000.196 -0.00426 -0.00852 0.00213
6000.201 0.00533 -0.00639 0.00213
6000.206 -0.00639 -0.00426 0.00213
6000.211 0.00213 -0.00320 0.00000
6000.216 0.00639 -0.00107 0.00000
6000.221 0.00000 0.00213 -0.00213
6000.226 -0.00213 0.00000 0.00426
6000.231 -0.00107 -0.00213 0.00320
6000.236 -0.00320 -0.00426 -0.00213
6000.241 0.00746 -0.00213 0.00000
6000.246 -0.00107 -0.00426 -0.00213
6000.251 -0.00639 0.00213 0.00107
6000.256 -0.00852 -0.00107 -0.00426
6000.262 -0.00639 0.00426 0.00213
6000.267 0.00000 -0.00426 0.00213
6000.272 0.00639 0.00000 0.00320
6000.277 -0.00639 -0.00320 -0.00320
6000.282 0.00000 -0.00533 -0.00426
6000.287 0.01811 -0.00213 -0.00213
6000.292 -0.00107 0.00959 0.00107
6000.297 0.00107 -0.00320 -0.00533
6000.302 0.00107 0.00107 0.00000
6000.307 0.00000 -0.00213 0.00213
6000.312 -0.00639 0.00213 -0.00213
6000.317 0.00639 0.00320 -0.00426
6000.322 0.00320 -0.00320 0.00533
6000.327 -0.00639 -0.00426 -0.00107
6000.332 0.00533 -0.00639 0.00426
6000.337 0.00533 0.00213 0.00533
6000.342 0.00213 -0.00533 -0.00107
6000.347 0.00107 -0.00107 0.00107
6000.352 0.00959 0.00213 -0.00426
6000.357 0.00426 -0.00320 -0.00320
6000.362 0.00107 0.00213 -0.00320
6000.367 -0.00213 0.00000 -0.00639
6000.372 0.00000 0.00213 -0.00426
6000.377 -0.01172 0.00533 0.00426
6000.382 0.00107 -0.00107 -0.00213
6000.387 -0.00213 -0.00107 0.00533
6000.393 0.00000 -0.00533 -0.00852
6000.398 -0.00533 -0.00746 -0.01598
6000.403 -0.00213 -0.00639 0.00000
6000.408 -0.01065 -0.00107 -0.00639
6000.413 -0.00426 0.00000 -0.00639
6000.418 -0.00107 0.00000 -0.00107
6000.423 -0.00426 -0.00639 0.00000
6000.428 -0.00533 0.00320 -0.00320
6000.433 0.01172 -0.00213 -0.00107
6000.438 0.00852 0.00107 0.00639
6000.443 -0.00213 -0.00959 -0.00320
6000.448 0.00426 -0.00426 -0.00746
6000.453 -0.00852 -0.00107 0.00852
6000.458 -0.00213 0.00000 -0.00320
6000.463 -0.00426 -0.01491 0.00426
6000.468 0.00959 0.00426 -0.00746
6000.473 -0.00426 -0.00213 0.00639
6000.478 -0.00426 -0.00107 0.00533
6000.483 0.00533 0.00320 0.00107
6000.488 -0.00107 0.00000 0.01172
6000.493 0.00746 -0.01065 -0.00426
6000.498 0.00000 0.00107 -0.00533
6000.503 0.00213 0.00000 0.00746
6000.508 -0.00533 0.00000 -0.01065
6000.513 -0.00639 -0.00213 -0.00213
6000.518 0.00000 0.00213 -0.00639
6000.523 -0.00320 -0.00107 -0.00320
6000.528 -0.00639 0.00533 0.00852
6000.533 -0.00426 -0.00320 -0.00746
6000.538 0.00533 0.00959 -0.00426
6000.543 -0.00320 -0.00746 -0.00426
6000.548 0.00213 -0.00320 -0.00959
6000.554 -0.00533 0.00213 0.00320
6000.558 0.00533 0.00213 -0.00639
6000.564 0.00852 -0.00213 -0.00320
6000.569 0.00533 0.00213 -0.00639
6000.574 0.00000 0.00426 -0.00426
6000.579 -0.00746 -0.01278 0.00320
6000.584 0.00959 -0.00213 0.00107
6000.589 0.00000 -0.00320 -0.00852
6000.594 -0.00639 0.00533 -0.00320
6000.599 -0.00107 -0.00639 -0.00320
6000.604 -0.00107 0.00426 -0.00639
6000.609 -0.00533 0.00320 0.00533
6000.614 -0.00426 -0.00426 0.00639
6000.619 -0.00107 0.00320 0.00107
6000.624 0.00533 0.00959 0.00000
6000.629 -0.00213 0.00000 -0.00213
6000.634 -0.00320 0.00107 0.00107
6000.639 0.00000 -0.00320 0.00426
6000.644 -0.00213 -0.01172 -0.00533
6000.649 -0.00320 0.00107 0.00000
6000.654 0.00426 -0.00959 0.00000
6000.659 -0.00320 -0.00426 0.00533
6000.664 -0.01172 -0.00107 0.00320
6000.669 -0.00320 -0.00746 -0.00107
6000.674 -0.00639 -0.00852 -0.00107
6000.679 -0.00107 0.00320 -0.00213
6000.684 0.00107 -0.00639 0.00426
6000.689 -0.00639 0.00426 -0.00320
6000.694 -0.00320 0.00533 -0.00426
6000.699 0.00107 -0.00426 0.00746
6000.705 -0.00107 -0.00213 0.00107
6000.709 -0.00107 -0.00107 -0.00746
6000.715 -0.00426 0.00000 0.00000
6000.720 -0.00107 0.00639 -0.00426
6000.725 0.00000 0.00213 0.00320
6000.730 0.00213 0.00320 -0.00533
6000.735 -0.00107 -0.00533 0.00639
6000.740 -0.00426 -0.00959 -0.00533
6000.745 0.00213 -0.00107 0.00213
6000.750 -0.00746 -0.00213 -0.00533
6000.755 -0.00320 -0.00107 0.00000
6000.760 -0.01385 -0.00852 -0.00533
6000.765 -0.00320 -0.00746 0.00000
6000.770 0.00213 0.00213 -0.00533
6000.775 -0.00107 0.00320 -0.01065
6000.780 -0.00213 -0.00320 0.00426
6000.785 0.00533 -0.00426 -0.00746
6000.790 0.00107 0.00533 -0.00746
6000.795 0.00107 -0.00320 -0.00320
6000.800 0.00639 -0.00639 0.00426
6000.805 -0.00426 0.00852 0.00533
6000.810 -0.00213 0.00533 0.00639
6000.815 -0.00639 0.00000 0.00107
6000.820 0.00320 -0.00533 0.00107
6000.825 -0.00213 -0.00213 0.00533
6000.830 -0.00320 -0.00426 0.00639
6000.835 0.00107 -0.00959 -0.00959
6000.840 0.00426 0.00959 -0.00746
6000.845 0.00000 -0.00746 0.00000
6000.850 0.00426 -0.00320 0.00000
6000.855 -0.00213 0.00426 -0.00746
6000.860 0.00213 0.00746 0.00107
6000.865 0.00426 0.00213 0.00213
6000.870 -0.00746 -0.00852 -0.00426
6000.876 -0.00320 -0.01172 -0.00320
6000.881 0.00533 -0.00107 0.00000
6000.886 -0.00320 0.00000 -0.00107
6000.891 -0.00426 0.00426 -0.00213
6000.896 -0.00107 -0.00426 -0.00320
6000.901 0.00213 0.00000 -0.00213
6000.906 0.00852 -0.00426 -0.00107
6000.911 -0.00533 -0.00852 -0.01172
6000.916 -0.00320 -0.00213 -0.00213
6000.921 0.00000 0.00213 -0.00533
6000.926 -0.00639 -0.00533 -0.00533
6000.931 -0.00852 -0.00107 -0.00107
6000.936 -0.00107 -0.00213 0.00107
6000.941 -0.00533 0.01172 -0.00426
6000.946 0.00213 -0.00213 -0.00320
6000.951 -0.00320 -0.00533 -0.00107
6000.956 -0.00533 -0.00533 0.00320
6000.961 0.00533 0.00107 0.00107
6000.966 0.00639 0.00533 0.00213
6000.971 0.00213 -0.00426 0.00107
6000.976 -0.00639 0.00000 -0.00426
6000.981 -0.00426 -0.00959 0.00000
6000.986 -0.00320 -0.00107 0.00426
6000.991 -0.00533 -0.00426 0.00426
6000.996 -0.00213 0.00107 -0.00213
6001.001 0.00000 0.00000 0.00746
6001.006 -0.00533 -0.00213 -0.00107
6001.011 0.00320 0.00000 0.00213
6001.016 -0.01491 -0.00533 0.00000
6001.021 0.00000 -0.00213 -0.00959
6001.026 -0.00107 -0.00639 -0.00533
6001.031 -0.00746 -0.00426 -0.00107
6001.036 0.00000 -0.00533 -0.00107
6001.041 0.00213 -0.01172 0.00107
6001.047 0.00000 -0.00959 -0.01278
6001.052 0.00533 -0.00533 0.00000
6001.057 0.00000 0.00426 -0.00107
6001.062 -0.00107 -0.00959 0.00000
6001.067 -0.00426 -0.00213 -0.00533
6001.072 -0.00533 0.00533 -0.00320
6001.077 -0.00107 -0.00213 0.00213
6001.082 -0.00959 0.00639 0.00320
6001.087 -0.00746 -0.00213 -0.00107
6001.092 0.00639 -0.00852 -0.00320
6001.097 0.00426 0.00639 0.00320
6001.102 0.00213 -0.00213 -0.00320
6001.107 0.00213 -0.00213 -0.00746
6001.112 0.00000 -0.00320 0.00000
6001.117 -0.00107 -0.00426 -0.00852
6001.122 0.00533 0.00320 0.00107
6001.127 -0.01065 -0.00213 0.00000
6001.132 0.00320 -0.00107 0.00213
6001.137 -0.00852 0.00213 -0.00426
6001.142 0.00000 -0.00426 0.00000
6001.147 -0.00639 0.00107 -0.00107
6001.152 -0.00320 -0.00107 0.00107
6001.157 -0.00213 -0.00533 0.00213
6001.162 -0.00639 -0.00213 -0.01278
6001.167 0.00320 -0.00639 0.00426
6001.172 0.00426 0.00852 -0.00213
6001.177 0.00320 -0.01172 0.00000
6001.182 -0.00213 -0.00533 -0.00746
6001.187 0.00107 -0.00107 0.00000
6001.192 -0.00852 -0.00639 -0.00320
6001.197 -0.00107 -0.00107 0.00213
6001.202 0.00213 -0.00320 0.00320
6001.207 -0.00107 -0.00746 0.01065
6001.212 0.00213 -0.00213 0.00213
6001.218 0.00000 -0.00533 -0.00746
6001.223 0.00107 -0.00959 -0.00533
6001.228 0.00213 0.00639 -0.00320
6001.233 0.00426 -0.00213 -0.00852
6001.238 0.00959 0.00426 0.00213
6001.243 0.00107 -0.00533 -0.00320
6001.248 -0.00107 -0.00639 0.00107
6001.253 -0.00213 0.00426 -0.00639
6001.258 0.00000 0.00000 0.00426
6001.263 -0.00852 0.00320 -0.00213
6001.268 0.00533 0.00000 -0.00426
6001.273 0.00533 -0.00426 0.00000
6001.278 -0.00107 0.00533 0.00320
6001.283 0.00320 -0.00213 -0.00213
6001.288 0.00746 0.00000 0.00320
6001.293 -0.00320 0.00000 -0.00107
6001.298 0.00639 -0.00107 -0.00426
6001.303 0.00000 0.00107 -0.00213
6001.308 -0.00959 0.00213 0.00533
6001.313 0.00426 -0.00426 0.00000
6001.318 -0.00107 0.00213 -0.00213
6001.323 -0.00320 0.00746 0.00107
6001.328 -0.00320 0.00107 0.00107
6001.333 -0.00746 0.00213 -0.00852
6001.338 0.00107 0.00639 0.00639
6001.343 -0.00959 -0.00107 -0.00107
6001.348 0.00213 0.00746 0.00746
6001.353 -0.00213 0.00213 0.00000
6001.358 -0.00107 -0.00107 -0.00746
6001.363 -0.00426 0.00639 0.00320
6001.368 0.00320 0.00213 -0.00959
6001.373 0.00746 0.00213 0.00320
6001.378 0.00213 -0.00533 0.00959
6001.383 -0.00320 0.00533 0.00000
6001.389 -0.00107 -0.00426 -0.00320
6001.394 0.00213 0.00426 -0.00320
6001.399 -0.00746 -0.00213 0.00320
6001.404 -0.00533 0.00213 -0.00426
6001.409 -0.00426 0.00320 -0.00639
6001.414 -0.00533 0.00107 0.00000
6001.419 -0.00426 -0.00320 -0.00213
6001.424 0.00213 0.00426 0.00213
6001.429 0.00426 -0.00639 -0.00107
6001.434 0.00213 -0.00107 -0.00320
6001.439 -0.00107 -0.00320 0.00746
6001.444 -0.00107 0.00320 -0.00213
6001.449 0.00426 0.00213 0.00639
6001.454 -0.00426 0.00107 0.00213
6001.459 -0.00426 0.00320 0.00426
6001.464 0.00000 -0.00746 -0.00426
6001.469 0.00320 0.00959 -0.00426
6001.474 -0.00426 -0.01172 0.00000
6001.479 -0.00107 -0.00533 -0.00639
6001.484 0.00639 -0.00107 -0.00320
6001.489 0.00426 0.00320 -0.00213
6001.494 -0.00639 -0.00107 0.00107
6001.499 -0.00213 -0.00533 -0.00213
6001.504 0.00000 -0.00746 -0.00320
6001.509 -0.00639 0.00320 0.00000
6001.514 -0.00533 -0.00426 -0.00639
6001.519 -0.00746 -0.00320 -0.00426
6001.524 -0.00213 -0.00107 0.00000
6001.529 -0.00959 -0.00639 -0.00320
6001.534 -0.00213 0.00000 -0.00107
6001.539 -0.00320 -0.00107 0.00000
6001.544 0.00000 -0.00107 0.00107
6001.549 0.00533 -0.00107 -0.00639
6001.554 -0.00426 -0.00639 0.00107
6001.560 0.00213 0.00000 0.00213
6001.565 0.00000 -0.00852 0.00639
6001.570 0.00107 -0.00746 -0.00213
6001.575 0.00213 -0.00213 -0.00107
6001.580 -0.00107 0.00000 -0.00213
6001.585 0.00000 0.00746 0.00213
6001.590 -0.00320 -0.00213 -0.00320
6001.595 -0.00426 -0.00746 0.00852
6001.600 -0.00320 0.00426 0.00107
6001.605 -0.00320 -0.00107 0.00320
6001.610 0.00000 0.00107 0.00746
6001.615 0.00000 -0.00107 -0.00426
6001.620 -0.00213 -0.00107 0.00320
6001.625 -0.00426 -0.00959 0.00000
6001.630 -0.00213 0.00107 -0.00746
6001.635 0.00426 -0.01172 0.00000
6001.640 0.00320 0.00533 0.00107
6001.645 0.00426 0.00426 -0.01385
6001.650 -0.00959 0.00320 -0.00107
6001.655 -0.00426 0.00000 -0.01065
6001.660 -0.00746 -0.00426 -0.00107
6001.665 -0.00213 -0.00107 0.00746
6001.670 0.00426 0.00959 -0.00639
6001.675 -0.00426 -0.00320 -0.00107
6001.680 0.00320 0.00213 0.00107
6001.685 0.00320 -0.00213 0.00107
6001.690 0.00000 0.00320 -0.00107
6001.695 0.00746 -0.00639 -0.00213
6001.700 0.00320 0.00320 -0.00107
6001.705 -0.00213 -0.01172 0.00107
6001.710 -0.00107 0.00852 0.00107
6001.715 0.00533 0.00107 0.01065
6001.721 -0.00852 0.00746 -0.00213
6001.726 0.00639 -0.00746 -0.00213
6001.731 0.00746 -0.00426 -0.00746
6001.736 0.00000 -0.00320 -0.00426
6001.741 0.00213 0.00000 -0.00213
6001.746 0.00213 0.00533 0.00000
6001.751 -0.00426 -0.00107 -0.00213
6001.756 0.00533 -0.00213 -0.00213
6001.761 0.00639 0.00533 0.00639
6001.766 0.00107 -0.00213 0.00426
6001.771 0.00213 -0.00852 -0.00320
6001.776 -0.00852 0.00426 -0.00213
6001.781 0.00426 -0.00213 0.00107
6001.786 0.00107 0.00426 -0.00107
6001.791 -0.00213 0.00213 -0.00533
6001.796 0.00000 0.00000 -0.00426
6001.801 -0.00107 -0.00107 -0.00426
6001.806 0.00213 -0.00959 0.00000
6001.811 0.00107 -0.01278 -0.00533
6001.816 0.01172 0.00107 -0.00107
6001.821 0.00320 0.00320 0.00107
6001.826 0.00533 -0.00959 0.00320
6001.831 0.00533 -0.00959 0.00320
6001.836 0.00320 0.00426 -0.01385
6001.841 0.00533 -0.00426 -0.00639
6001.846 0.00320 -0.00213 0.00000
6001.851 0.00000 0.00000 -0.00213
6001.856 0.00213 -0.00213 0.00000
6001.861 0.00639 0.00426 -0.00107
6001.866 0.00213 0.00320 -0.00746
6001.871 -0.00107 0.00000 0.00426
6001.876 -0.00213 -0.00426 0.00000
6001.881 -0.00426 0.00107 -0.00639
6001.886 -0.00426 -0.00320 0.00320
6001.891 0.00320 -0.00533 0.00107
6001.896 -0.01065 0.00000 -0.00639
6001.902 0.00213 0.00107 -0.00107
6001.906 0.00000 0.00213 0.00639
6001.912 0.00000 0.00639 -0.00107
6001.917 -0.00107 -0.00320 -0.00213
6001.922 0.00107 -0.00320 0.00000
6001.927 0.01491 0.00320 0.00639
6001.932 0.00000 -0.00320 0.00426
6001.937 0.00000 -0.00639 0.00320
6001.942 -0.00107 -0.00533 -0.00320
6001.947 -0.00746 -0.00107 -0.00213
6001.952 0.00320 -0.00213 -0.00426
6001.957 0.00213 -0.01065 -0.00959
6001.962 0.00320 -0.00107 -0.00959
6001.967 -0.00746 -0.00533 0.00000
6001.972 -0.00426 0.00533 0.00000
6001.977 -0.00320 -0.00107 -0.00107
6001.982 -0.00213 -0.00213 -0.00533
6001.987 0.00320 0.00107 -0.00426
6001.992 -0.00213 -0.00320 0.00426
6001.997 0.00426 -0.01172 -0.00107
6002.002 0.00639 -0.00107 0.00320
6002.007 0.00746 0.00000 0.00320
6002.012 -0.00959 -0.00639 -0.00533
6002.017 0.00320 0.00000 0.00000
6002.022 -0.00107 -0.00213 -0.00426
6002.027 -0.00746 -0.01065 -0.00852
6002.032 0.00213 -0.00639 0.00959
6002.037 -0.00852 0.00213 0.00320
6002.042 0.00320 0.00000 0.00213
6002.047 0.00107 -0.00107 -0.00426
6002.053 0.00213 -0.00320 0.00959
6002.058 -0.00426 0.00107 -0.00746
6002.063 -0.00852 -0.00213 -0.00533
6002.068 0.01278 0.01172 -0.00426
6002.073 0.00107 0.00107 0.00320
6002.078 0.00107 0.00000 0.00000
6002.083 0.00533 0.00000 -0.00213
6002.088 -0.00852 -0.00213 0.00107
6002.093 -0.01065 0.00107 0.00320
6002.098 0.00533 0.00426 -0.00213
6002.103 -0.00213 -0.00107 0.00533
6002.108 0.00639 -0.00107 0.00639
6002.113 -0.00852 -0.00213 0.00000
6002.118 -0.00213 0.00213 0.00533
6002.123 0.00213 -0.00533 -0.00533
6002.128 -0.00107 -0.00213 0.00426
6002.133 -0.00852 -0.00320 -0.00107
6002.138 -0.00107 -0.00107 0.00000
6002.143 -0.00320 -0.01385 0.00213
6002.148 0.01385 -0.00426 -0.00320
6002.153 -0.00213 0.00213 0.00107
6002.158 0.00959 -0.00533 0.00000
6002.163 -0.00320 -0.00320 -0.00107
6002.168 0.00639 -0.00213 -0.01385
6002.173 -0.00533 -0.00426 0.00000
6002.178 -0.01172 -0.00746 -0.00107
6002.183 0.00959 -0.00107 -0.00320
6002.188 0.00639 0.00000 0.00107
6002.193 -0.00320 0.00533 -0.00959
6002.198 0.00213 0.00426 0.00426
6002.203 0.00107 -0.00213 0.00746
6002.208 -0.00213 -0.00426 0.00426
6002.213 -0.00746 -0.00533 -0.00320
6002.218 -0.00533 -0.00426 -0.00213
6002.224 -0.00213 -0.00746 0.00320
6002.228 0.00852 -0.00533 0.00107
6002.234 0.00213 -0.00213 -0.00959
6002.239 0.00533 0.00107 0.00213
6002.244 0.00639 -0.00320 -0.00426
6002.249 -0.00320 -0.00639 -0.01065
6002.254 -0.01172 -0.00213 -0.00426
6002.259 0.00533 -0.00213 0.00852
6002.263 -0.00426 -0.00746 -0.00320
6002.268 0.00107 -0.00320 -0.00426
6002.273 0.00320 0.00213 -0.00320
6002.278 -0.00320 -0.00213 -0.00107
6002.283 -0.00746 -0.00959 0.00000
6002.288 -0.00320 -0.00639 0.00107
6002.294 0.00426 -0.00213 0.00213
6002.299 0.00426 -0.01811 -0.00320
6002.304 0.00426 -0.00426 -0.00320
6002.309 0.00746 -0.00107 0.00107
6002.314 -0.00533 -0.00213 -0.00639
6002.319 0.00000 0.01065 0.00107
6002.324 0.00959 0.00000 -0.00107
6002.329 -0.00533 -0.00320 -0.00107
6002.334 -0.00746 -0.00746 0.00107
6002.339 0.00426 0.00639 -0.00533
6002.344 -0.00426 -0.00533 -0.00320
6002.349 -0.00426 -0.00746 0.00213
6002.354 -0.00320 0.00213 -0.00746
6002.359 0.00213 0.00639 -0.00320
6002.364 -0.00213 -0.00213 -0.00320
6002.369 0.00746 -0.00107 0.00320
6002.374 0.00959 -0.00213 -0.01065
6002.379 0.00000 -0.00213 0.00213
6002.384 -0.00213 0.01278 -0.00639
6002.389 0.00959 0.00639 -0.00213
6002.394 0.00320 0.00746 -0.00107
6002.399 0.00533 -0.00107 -0.00213
6002.404 -0.00320 -0.00320 0.00213
6002.409 0.00000 0.00320 0.00533
6002.414 0.00000 0.00533 0.00107
6002.419 0.00213 -0.00107 0.00320
6002.424 0.00320 -0.00746 -0.00320
6002.429 -0.00746 -0.00746 -0.00639
6002.434 0.00426 0.00426 -0.00320
6002.439 0.00000 -0.00533 -0.00213
6002.445 0.00107 0.00852 0.00320
6002.449 0.00213 0.00213 -0.00107
6002.455 0.00213 0.00107 -0.00746
6002.460 0.00000 -0.00213 0.00000
6002.465 0.00107 -0.00320 0.00000
6002.470 -0.00213 -0.00213 -0.00213
6002.475 0.00533 0.00320 0.00426
6002.480 0.00639 -0.00107 -0.00213
6002.485 -0.00213 0.00107 -0.00639
6002.490 0.00639 0.00107 -0.00107
6002.495 -0.00426 0.00213 -0.00213
6002.500 0.00000 -0.00320 -0.00320
6002.505 -0.00107 -0.00852 0.00320
6002.510 0.00213 -0.00320 0.00320
6002.515 0.01065 0.00426 -0.00107
6002.520 -0.01172 0.00426 -0.00533
6002.525 -0.00320 0.00426 0.00107
6002.530 0.00320 -0.00213 -0.00213
6002.535 0.00320 -0.01172 0.00426
6002.540 0.00639 0.00852 -0.00320
6002.545 -0.00426 -0.00746 -0.00426
6002.550 -0.00746 0.00213 -0.00852
6002.555 0.00639 0.00639 -0.00533
6002.560 -0.00107 0.00746 0.00107
6002.565 0.00426 0.00213 -0.00213
6002.570 -0.00320 -0.00533 -0.00107
6002.576 0.00107 -0.01172 -0.00107
6002.581 -0.00107 -0.00533 -0.00107
6002.586 0.00213 0.00213 0.00000
6002.591 -0.00107 -0.00533 -0.01065
6002.596 -0.00213 -0.00426 -0.00213
6002.601 -0.00426 -0.01172 0.00533
6002.606 -0.00320 0.00000 0.00000
6002.611 0.00426 0.00852 -0.00213
6002.616 -0.00639 -0.00320 0.00320
6002.621 -0.00533 -0.00533 -0.00320
6002.626 0.00533 -0.00213 -0.00426
6002.631 -0.00426 -0.00320 -0.00533
6002.636 -0.00107 -0.00426 -0.00213
6002.641 0.00000 0.00746 -0.00426
6002.646 0.00426 -0.00320 -0.00320
6002.651 -0.00426 -0.00426 0.00000
6002.656 0.00107 -0.00533 0.00746
6002.661 -0.00426 -0.00426 0.00107
6002.666 0.00107 0.00639 0.00000
6002.671 -0.00107 -0.00852 0.00533
6002.676 -0.00213 -0.00320 -0.00107
6002.681 0.00639 -0.01172 -0.00107
6002.686 0.00426 -0.00213 -0.00959
6002.691 0.00426 -0.00426 -0.01278
6002.696 -0.00852 -0.00320 -0.00320
6002.701 -0.00213 -0.00746 0.00000
6002.706 0.00533 -0.00213 0.00959
6002.711 0.00213 0.00426 0.00320
6002.717 -0.00107 -0.00852 0.00320
6002.722 0.00426 -0.00107 0.00320
6002.727 -0.00107 -0.00213 -0.00533
6002.732 0.00107 -0.00533 -0.00320
6002.737 -0.00959 -0.00959 -0.00107
6002.742 0.00746 -0.00426 -0.00213
6002.747 0.00213 -0.00639 0.00000
6002.752 0.00533 0.00000 -0.00426
6002.757 0.00320 -0.00320 -0.00320
6002.762 0.00639 -0.00320 0.00320
6002.767 0.00320 -0.01065 -0.00533
6002.772 0.00107 -0.01065 0.00533
6002.777 0.00000 -0.00426 0.00213
6002.782 0.00426 0.00533 -0.00426
6002.787 -0.00426 0.00000 -0.00426
6002.792 -0.00213 0.00000 -0.00213
6002.797 0.00320 0.00000 -0.01172
6002.802 0.00000 0.00639 0.00000
6002.807 -0.00426 -0.00213 -0.00746
6002.812 0.00320 -0.00959 -0.00639
6002.817 -0.00746 0.00852 -0.00426
6002.822 -0.01598 -0.01385 -0.00320
6002.827 0.00107 0.00000 0.00213
6002.832 0.00107 0.01172 -0.00746
6002.837 0.00426 -0.01278 0.00107
6002.842 0.00107 0.00959 0.00320
6002.847 0.00107 -0.01065 0.00533
6002.852 -0.00533 0.00533 -0.00533
6002.857 -0.00320 -0.00320 0.00533
6002.862 0.00000 -0.01811 -0.00320
6002.867 0.00639 0.01491 -0.00213
6002.872 0.00107 -0.01172 -0.00213
6002.877 0.00533 0.00959 0.00000
6002.882 -0.00320 -0.01065 -0.00639
6002.887 0.00107 0.00639 -0.00320
6002.892 0.00852 0.00320 0.00426
6002.898 -0.00639 -0.01598 -0.00426
6002.903 0.00639 0.01811 0.00213
6002.908 -0.01065 -0.02663 0.00533
6002.913 0.00639 0.01704 -0.00426
6002.918 -0.00533 -0.01065 -0.00320
6002.923 0.00213 -0.00746 0.00000
6002.928 0.00852 0.01598 -0.00213
6002.933 -0.00320 -0.01704 -0.00533
6002.938 0.00107 0.01811 -0.00533
6002.943 -0.01385 -0.00959 -0.00320
6002.948 -0.00746 -0.00959 0.00107
6002.953 -0.00426 0.01172 -0.00852
6002.958 -0.01172 -0.01065 0.00000
6002.963 0.00639 0.02237 0.00533
6002.968 -0.00533 -0.00852 -0.00426
6002.973 0.00213 0.00746 0.00000
6002.978 -0.00320 -0.00107 0.00213
6002.983 -0.01598 -0.01278 -0.00426
6002.988 -0.00107 0.01385 -0.00213
6002.993 -0.00320 -0.01811 -0.00533
6002.998 0.00213 0.00852 -0.00746
6003.003 0.00213 0.00107 0.00959
6003.008 -0.00320 -0.01491 -0.01065
6003.013 0.00320 0.00746 -0.02344
6003.018 -0.00213 -0.01917 -0.01172
6003.023 -0.00320 0.01385 -0.00426
6003.028 0.00000 -0.00426 -0.00107
6003.033 -0.01172 -0.00959 0.00213
6003.038 0.00213 0.01065 -0.00213
6003.043 -0.00107 -0.02450 -0.00533
6003.048 0.00000 0.01917 0.00959
6003.053 -0.00320 -0.00639 -0.00639
6003.058 -0.00746 -0.00533 -0.00213
6003.063 0.00639 0.01811 -0.00959
6003.069 -0.01172 -0.02663 -0.00746
6003.074 -0.00746 0.02024 0.00852
6003.079 -0.00426 -0.01065 0.00107
6003.084 0.00000 -0.00213 -0.00107
6003.089 0.01278 0.01172 0.00320
6003.094 0.00000 -0.01065 0.01491
6003.099 -0.00639 0.00959 -0.00320
6003.104 0.00533 -0.01598 -0.00213
6003.109 0.00213 0.00426 -0.00426
6003.114 -0.00107 0.00959 -0.00213
6003.119 -0.00213 -0.01172 0.00320
6003.124 0.00426 0.01278 -0.00213
6003.129 -0.00426 -0.02237 0.00320
6003.134 0.00000 0.00852 -0.00107
6003.139 0.00000 0.00213 0.00426
6003.144 0.00107 -0.01065 -0.00320
6003.149 0.00639 0.01704 0.00107
6003.154 0.00426 -0.01917 0.00000
6003.159 -0.00107 0.01172 0.00000
6003.164 0.00107 -0.01065 -0.00426
6003.169 -0.00320 -0.00746 -0.00533
6003.174 0.00000 0.01065 0.00213
6003.179 0.00320 -0.02131 -0.00107
6003.184 0.00852 0.01917 0.00213
6003.189 -0.00746 -0.01278 -0.00639
6003.194 0.00320 0.00213 -0.01065
6003.199 0.00533 0.01385 -0.00320
6003.204 -0.00852 -0.02344 0.00426
6003.209 0.00746 0.02024 -0.00426
6003.214 -0.00959 -0.01491 0.00213
6003.219 -0.00746 0.00533 -0.00107
6003.224 0.00746 0.01491 0.00000
6003.229 -0.00959 -0.03196 0.00107
6003.234 0.00000 0.01811 -0.00639
6003.239 -0.00320 -0.01065 -0.00107
6003.244 0.00746 0.00107 -0.00107
6003.250 -0.00533 -0.00107 0.00000
6003.255 -0.01172 -0.01811 -0.01811
6003.260 0.01172 0.01598 -0.00107
6003.265 -0.00320 -0.01385 -0.00107
6003.270 0.00213 0.02237 0.00000
6003.275 0.00213 -0.00533 0.00320
6003.280 0.00959 -0.01065 0.00320
6003.285 0.00746 0.01811 0.00746
6003.290 0.00000 -0.01598 0.00639
6003.295 0.00213 0.01065 -0.00426
6003.300 -0.00533 -0.01172 -0.00213
6003.305 0.00852 -0.00426 -0.01278
6003.310 0.00533 0.00852 -0.00320
6003.315 -0.00213 -0.01598 0.00000
6003.320 0.00426 0.00959 -0.00213
6003.325 0.00107 -0.02024 0.00000
6003.330 0.00107 -0.00426 0.00000
6003.335 -0.00320 0.01385 -0.00533
6003.340 -0.00426 -0.01704 0.00000
6003.345 0.00533 0.00320 -0.00213
6003.350 -0.00533 -0.01917 0.00213
6003.355 -0.00213 0.00320 0.00426
6003.360 -0.00320 0.00426 0.00000
6003.365 0.00107 -0.01598 -0.00426
6003.370 0.00533 0.02344 -0.00852
6003.375 -0.01172 -0.01598 -0.00639
6003.380 0.00959 0.00213 0.00107
6003.385 0.00213 -0.00639 0.00213
6003.391 -0.00533 -0.01385 -0.00107
6003.396 0.01065 0.01704 -0.00320
6003.401 -0.00533 -0.02131 -0.00959
6003.405 0.00320 0.00959 0.00107
6003.411 -0.00213 -0.00213 -0.00426
6003.416 0.00426 -0.01065 -0.00213
6003.421 0.00959 0.00959 0.00213
6003.426 -0.00320 -0.02557 0.00000
6003.431 0.00107 0.01065 -0.00107
6003.436 -0.00426 -0.00746 0.01172
6003.441 -0.00746 -0.00852 -0.00107
6003.446 0.00959 0.01172 -0.00426
6003.451 -0.00107 -0.01704 0.00533
6003.456 -0.00213 0.01278 0.00426
6003.461 -0.00746 -0.01278 -0.00213
6003.466 -0.00852 0.00213 -0.00533
6003.471 0.00533 0.00639 -0.00639
6003.476 -0.00533 -0.01811 -0.00533
6003.481 0.00852 0.02237 0.00107
6003.486 -0.00639 -0.02131 0.00426
6003.491 0.00107 -0.00320 -0.00426
6003.496 0.00213 -0.00213 0.00959
6003.501 -0.00107 -0.01065 -0.01385
6003.506 0.00320 0.01704 -0.00426
6003.511 -0.00852 -0.02237 0.00320
6003.516 0.00320 0.00639 0.00320
6003.521 -0.00107 -0.00639 -0.00320
6003.526 0.00000 -0.01172 0.00213
6003.531 0.00000 0.00852 0.00320
6003.536 -0.01491 -0.02024 -0.00426
6003.541 -0.00426 -0.00320 -0.00639
6003.546 0.01172 -0.00639 -0.00107
6003.551 -0.02557 -0.00639 0.00320
6003.556 -0.00426 0.01704 0.00426
6003.562 0.00213 -0.02024 0.00000
6003.567 0.00107 0.00639 0.00213
6003.572 -0.00533 -0.00213 0.00746
6003.577 0.00213 -0.00320 0.00213
6003.582 0.00533 0.00959 0.00107
6003.587 -0.00426 -0.01917 -0.00213
6003.592 0.00426 0.00746 -0.00213
6003.597 -0.00107 -0.00959 -0.00320
6003.602 0.00000 0.00639 0.00107
6003.607 -0.00107 0.00320 -0.00426
6003.612 -0.00533 -0.01704 0.00107
6003.617 0.00320 0.01385 0.00426
6003.622 0.00320 -0.01491 -0.00320
6003.627 0.00320 0.00426 0.00320
6003.632 0.00107 0.00426 -0.00213
6003.637 -0.00213 -0.00852 0.00213
6003.642 -0.00107 0.00852 -0.00533
6003.647 0.00852 -0.01172 -0.00213
6003.652 -0.00213 0.01598 0.00320
6003.657 -0.00320 -0.00213 0.00213
6003.662 -0.00320 -0.01917 -0.00107
6003.667 0.00533 0.01598 -0.00213
6003.672 0.00107 -0.01598 0.00107
6003.677 -0.00107 0.00533 -0.00320
6003.682 -0.00426 -0.00959 -0.00959
6003.687 -0.00426 -0.01491 -0.00639
6003.692 -0.00426 0.00639 0.00000
6003.697 0.00000 -0.02450 0.00320
6003.702 0.00320 0.01491 -0.00533
6003.707 0.00426 -0.01172 -0.00533
6003.712 0.00426 0.00000 0.00107
6003.717 0.00959 0.01172 -0.00213
6003.722 0.00000 -0.02450 -0.01278
6003.727 -0.00533 0.02024 0.00533
6003.733 0.00213 -0.00746 0.00639
6003.738 -0.00639 0.02237 -0.00320
6003.743 0.00213 0.00426 -0.00426
6003.748 0.00746 -0.00639 0.00639
6003.753 0.00533 0.00959 -0.00320
6003.758 -0.00320 -0.01704 -0.00852
6003.762 0.00639 0.01385 0.00533
6003.767 -0.00639 -0.00746 0.00213
6003.773 -0.00320 -0.00639 -0.00533
6003.778 -0.00107 0.01172 -0.00320
6003.783 -0.01065 -0.01811 0.00000
6003.788 0.00426 0.01385 0.00213
6003.793 0.00533 -0.00959 -0.00107
6003.798 -0.00746 0.00107 0.00320
6003.803 -0.00639 0.00746 0.01172
6003.808 -0.00639 -0.02131 0.00639
6003.813 0.00320 0.01491 -0.01278
6003.818 -0.00426 0.00107 0.00000
6003.823 0.00320 0.00639 -0.00852
6003.828 0.00320 0.00107 -0.00746
6003.833 -0.00746 -0.02131 -0.00959
6003.838 0.00426 0.02237 -0.01065
6003.843 -0.00533 -0.01172 -0.00107
6003.848 0.00107 0.00213 0.00746
6003.853 0.00320 0.00533 0.00107
6003.858 -0.00213 -0.01598 0.00746
6003.863 -0.00533 0.01172 -0.00213
6003.868 -0.00852 -0.01278 0.00213
6003.873 -0.00320 0.00639 -0.00746
6003.878 0.01278 0.01065 0.00426
6003.883 -0.00639 -0.00959 0.00320
6003.888 0.00213 0.01491 0.00320
6003.893 -0.00639 -0.02237 -0.00426
6003.898 0.01172 0.01917 0.00639
6003.903 -0.00746 -0.00639 0.00000
6003.908 -0.00746 -0.01065 -0.00746
6003.913 0.00320 0.01172 -0.00639
6003.918 -0.00426 -0.01491 0.00107
6003.924 0.00213 0.01385 -0.00746
6003.929 -0.00852 -0.01385 -0.00639
6003.934 0.00426 -0.00320 0.00000
6003.939 0.00639 -0.00107 -0.00213
6003.944 0.00426 -0.00746 0.00746
6003.949 0.01172 0.01917 -0.01065
6003.954 0.00000 -0.00426 0.00107
6003.959 0.00000 -0.00107 0.00000
6003.964 0.00000 0.00107 -0.00213
6003.969 -0.00320 -0.00852 0.00639
6003.974 0.00639 0.01811 0.00213
6003.979 0.00213 -0.00639 -0.00426
6003.984 0.00107 0.01385 -0.00107
6003.989 0.00533 0.00320 0.00213
6003.994 0.00000 -0.01172 0.00000
6003.999 0.00426 0.02024 0.00107
6004.004 -0.00852 -0.01598 -0.01278
6004.009 -0.00320 0.00852 0.00533
6004.014 -0.00426 -0.00852 0.00213
6004.019 0.00426 -0.00533 0.00107
6004.024 0.00533 0.02024 -0.00426
6004.029 -0.00852 -0.00746 0.00639
6004.034 0.00320 0.01065 -0.00426
6004.039 -0.00213 -0.01172 0.00533
6004.044 -0.00426 0.00107 0.00000
6004.049 0.00213 0.01065 -0.00426
6004.054 -0.00426 -0.01811 -0.00320
6004.059 0.00533 0.01385 -0.00107
6004.064 -0.00746 -0.00959 0.00320
6004.069 -0.00213 -0.00639 -0.00320
6004.074 0.00107 0.00320 -0.00639
6004.079 -0.00320 -0.01598 0.00107
6004.084 0.00000 0.01598 0.00213
6004.089 0.00107 -0.01491 -0.00746
6004.095 -0.00107 0.00426 -0.00213
6004.100 -0.00320 -0.00320 0.00000
6004.105 -0.00746 -0.01172 0.00000
6004.110 -0.00213 0.00533 -0.00426
6004.115 -0.00213 -0.01704 -0.00533
6004.120 0.00000 0.00320 0.00426
6004.125 -0.00107 0.00213 0.00320
6004.130 0.00107 -0.00959 -0.00213
6004.135 0.00107 0.00639 0.00320
6004.140 -0.00320 -0.02663 0.00639
6004.145 0.01065 0.01598 0.00320
6004.150 -0.00533 -0.00959 -0.00107
6004.155 -0.00320 -0.00852 -0.00320
6004.160 -0.00426 0.01598 -0.00426
6004.165 0.00213 -0.01811 0.00000
6004.170 0.00213 0.01385 -0.00320
6004.175 0.00320 -0.01491 -0.01065
6004.180 -0.00639 -0.00533 -0.01385
6004.185 -0.00107 0.00426 -0.00107
6004.190 -0.00107 -0.01385 0.00000
6004.195 -0.00320 0.01811 -0.00107
6004.200 0.00000 -0.01704 0.00107
6004.205 0.00320 0.00000 -0.00213
6004.210 0.00107 0.00320 -0.00426
6004.215 0.00533 -0.01704 0.00000
6004.220 0.00107 0.00852 -0.00213
6004.225 -0.00320 -0.01278 -0.00746
6004.230 0.00213 0.01172 0.00000
6004.236 0.00213 -0.00213 0.00213
6004.241 -0.00107 -0.01065 -0.00320
6004.246 0.02131 0.01598 0.00213
6004.251 0.00639 -0.02024 -0.00213
6004.256 -0.00213 0.02024 -0.00107
6004.261 -0.00746 -0.01385 -0.00320
6004.266 0.00107 -0.00107 -0.00213
6004.271 0.00107 0.00639 -0.00426
6004.276 -0.00533 -0.01917 -0.00107
6004.281 0.00213 0.01385 -0.00107
6004.286 0.00107 -0.00320 0.00213
6004.291 -0.00746 -0.01172 0.00000
6004.296 0.00107 0.01704 0.00852
6004.301 -0.00213 -0.01811 0.00533
6004.306 -0.00533 0.01278 0.00213
6004.311 0.00107 -0.01704 -0.00746
6004.316 -0.00213 0.00959 0.00213
6004.321 0.00320 -0.00107 -0.00107
6004.326 -0.00107 -0.02024 -0.00639
6004.331 0.00959 0.00959 0.00213
6004.336 -0.00213 -0.01065 -0.00213
6004.341 0.00639 -0.00746 0.00213
6004.346 0.00959 0.00107 -0.00107
6004.351 0.00000 -0.01491 0.00852
6004.356 0.01172 0.01065 0.00533
6004.361 0.00213 -0.02131 -0.00533
6004.366 -0.00426 0.00000 0.00000
6004.371 0.00213 -0.01385 -0.00639
6004.376 0.00000 -0.00746 0.00000
6004.381 0.00426 0.00959 0.00320
6004.386 0.00320 -0.01491 0.00107
6004.391 0.00533 0.01278 -0.00639
6004.396 -0.01385 -0.01811 0.00320
6004.401 0.00320 -0.00533 0.00426
6004.407 0.00107 0.00852 -0.00533
6004.412 0.00213 -0.01917 -0.00426
6004.417 -0.00320 0.01065 0.00320
6004.422 0.00213 -0.00852 0.00213
6004.427 0.00426 -0.00320 0.00533
6004.432 -0.00320 0.01065 -0.00320
6004.437 0.00320 -0.02131 -0.00213
6004.442 0.00320 0.01491 0.00213
6004.447 -0.00107 -0.01598 0.00107
6004.452 -0.00852 0.00959 -0.00639
6004.457 0.00533 0.00639 0.00213
6004.462 0.01598 -0.01278 0.00107
6004.467 0.00213 0.01704 -0.00533
6004.472 -0.00639 -0.01917 -0.00320
6004.477 -0.00320 0.00959 -0.00107
6004.482 0.00213 -0.00533 -0.00852
6004.487 0.00000 -0.01065 -0.00426
6004.492 0.00639 0.01704 0.00746
6004.497 -0.00639 -0.02131 -0.00213
6004.502 0.01278 0.00426 -0.00426
6004.507 0.00320 -0.01172 -0.00639
6004.512 -0.00639 -0.00852 -0.00320
6004.517 0.00320 0.01172 -0.00107
6004.522 -0.00959 -0.02131 -0.00213
6004.527 -0.00107 0.00639 0.00000
6004.532 -0.00320 -0.01598 -0.00426
6004.537 0.00320 0.00000 -0.00107
6004.542 0.00852 0.00746 -0.00533
6004.547 0.00213 -0.02770 0.00426
6004.552 -0.00746 0.01917 -0.00213
6004.557 -0.00639 -0.01704 -0.01172
6004.562 0.00107 -0.00213 -0.00426
6004.567 -0.00107 0.00746 -0.00213
6004.572 -0.00852 -0.01065 0.00000
6004.578 0.00852 0.01917 0.00000
6004.583 -0.00426 -0.03302 0.00213
6004.588 -0.00213 0.01065 0.00213
6004.593 -0.00320 0.00320 -0.00426
6004.598 -0.00639 -0.00533 -0.00213
6004.603 0.00426 0.01704 0.00746
6004.608 -0.00639 -0.01385 -0.00533
6004.613 -0.00320 0.00426 0.00107
6004.618 -0.00107 0.00107 0.00213
6004.623 0.00746 -0.00639 0.00320
6004.628 0.00639 0.01598 -0.01065
6004.633 0.00107 -0.01811 -0.00320
6004.638 0.00213 0.00639 0.00639
6004.643 -0.00533 -0.01065 -0.00107
6004.648 -0.00320 -0.00107 -0.00107
6004.653 -0.00852 0.00639 0.00000
6004.658 -0.01065 -0.01704 -0.00107
6004.663 0.00213 0.00426 0.00000
6004.668 -0.00213 -0.01917 0.00000
6004.673 0.00320 0.00107 0.00320
6004.678 0.00426 0.00107 -0.00639
6004.683 -0.00107 -0.01385 0.00852
6004.688 -0.00107 0.01385 -0.00320
6004.693 -0.00426 -0.00959 0.00746
6004.698 0.00426 0.01065 -0.00107
6004.703 -0.00746 -0.00213 -0.00107
6004.708 -0.00213 -0.00959 0.00107
6004.713 0.00320 0.01065 -0.01065
6004.718 -0.00320 -0.01811 -0.01065
6004.723 -0.01065 0.00639 -0.00213
6004.728 -0.00107 -0.00320 -0.00107
6004.733 -0.00959 -0.00639 -0.00213
6004.738 -0.00426 0.01278 -0.00213
6004.743 -0.00746 -0.01917 -0.00852
6004.749 0.00000 0.00852 -0.00639
6004.754 -0.00852 0.00426 -0.00533
6004.759 -0.00533 0.00000 -0.00533
6004.764 0.01598 0.01172 0.00746
6004.769 -0.00320 -0.01491 0.00000
6004.774 0.00852 0.02344 0.00639
6004.779 -0.00320 -0.01598 -0.00320
6004.784 -0.00107 -0.00320 -0.00213
6004.789 0.00213 0.00213 -0.01172
6004.794 -0.00320 -0.01172 -0.00533
6004.799 -0.00320 0.00852 0.00320
6004.804 -0.00426 0.00107 -0.00639
6004.809 0.00320 0.00426 -0.00107
6004.814 0.00426 0.00852 -0.00213
6004.819 -0.00107 0.00107 -0.00533
6004.824 0.00213 -0.00426 0.00213
6004.829 0.00213 -0.00852 -0.00107
6004.834 -0.00213 0.00320 -0.00320
6004.839 -0.00320 -0.00533 0.00426
6004.844 -0.00426 -0.01172 -0.00533
6004.849 0.00533 0.00000 -0.00533
6004.854 0.00213 -0.00533 -0.00639
6004.859 -0.00213 -0.00639 -0.00320
6004.864 -0.00320 -0.00213 0.00426
6004.869 0.00426 0.00213 -0.00533
6004.874 -0.01385 -0.00533 0.00000
6004.879 0.00000 0.00000 0.00107
6004.884 0.00426 -0.00639 -0.00107
6004.889 -0.00639 0.00107 -0.00107
6004.894 0.00000 -0.01172 0.00426
6004.899 0.00000 -0.01172 0.00320
6004.904 -0.00320 -0.00107 -0.00213
6004.910 -0.00852 0.00000 0.00000
6004.915 -0.00426 0.00426 -0.01172
6004.920 0.00000 -0.00213 -0.00426
6004.925 -0.00426 -0.00746 -0.00107
6004.930 -0.00107 -0.00426 0.00107
6004.935 0.00000 -0.00533 -0.00426
6004.940 0.00746 0.00959 0.00426
6004.945 -0.00533 -0.00639 -0.00213
6004.950 -0.00320 -0.00320 -0.00213
6004.955 0.00107 -0.00320 0.00107
6004.960 -0.00213 -0.00533 -0.00639
6004.965 -0.00107 -0.00320 0.00000
6004.970 -0.00213 0.00746 -0.01385
6004.975 -0.00320 0.00107 -0.00213
6004.980 -0.00426 0.00213 -0.00213
6004.985 -0.00746 0.00533 0.00107
6004.990 -0.00426 -0.01172 0.00320
6004.995 -0.00213 -0.00746 -0.00746
6005.000 0.00426 0.00426 0.00000
6005.005 0.00000 0.00213 0.00000
6005.010 -0.00426 -0.00213 0.00107
6005.015 0.00000 -0.00107 -0.00639
6005.020 -0.00107 0.00320 -0.00533
6005.025 -0.00426 0.00000 -0.00746
6005.030 -0.00852 -0.00107 0.00107
6005.035 -0.00320 0.00107 0.00000
6005.040 0.00000 0.00320 -0.00426
6005.045 0.00107 -0.00107 -0.00320
6005.050 -0.00639 0.00426 -0.00852
6005.055 -0.00213 -0.00213 0.00426
6005.060 -0.00533 0.00746 0.00426
6005.065 0.00426 -0.00426 0.00639
6005.071 -0.00213 -0.00320 -0.00426
6005.076 -0.00533 -0.00107 -0.00213
6005.081 0.00320 -0.00107 0.00000
6005.086 0.01172 -0.00107 0.00320
6005.091 -0.00213 -0.01598 -0.00533
6005.096 0.00533 0.00107 0.00533
6005.101 0.00426 -0.00746 0.00000
6005.106 0.00320 -0.01065 -0.00107
6005.111 -0.00746 -0.00639 -0.00320
6005.116 0.00320 0.00639 -0.00320
6005.121 0.00213 -0.00107 0.00746
6005.126 0.00639 -0.00426 0.00213
6005.131 0.00000 0.01491 -0.00107
6005.136 0.00639 -0.00107 -0.00213
6005.141 -0.00320 0.00533 -0.00852
6005.146 -0.00320 0.00107 -0.00426
6005.151 -0.00746 -0.00426 0.00639
6005.156 -0.00746 -0.00426 -0.00533
6005.161 0.00426 0.00426 -0.00639
6005.166 -0.01278 0.00213 -0.01385
6005.171 0.00320 -0.00320 -0.00426
6005.176 0.00320 0.00000 -0.00320
6005.181 0.00213 0.00000 0.00000
6005.186 -0.00852 0.00213 0.00213
6005.191 0.00107 -0.00320 0.00533
6005.196 0.01065 -0.00426 -0.00107
6005.201 0.00533 -0.00320 -0.00320
6005.206 -0.00107 0.00107 0.00639
6005.211 0.00426 0.00107 0.00000
6005.216 -0.00426 -0.00426 -0.00533
6005.221 -0.00320 0.00107 0.00107
6005.226 0.00000 0.00000 -0.00320
6005.231 -0.00852 0.00213 0.00000
6005.236 -0.00320 -0.00107 0.00533
6005.241 -0.00639 -0.00426 0.00426
6005.246 -0.00426 0.00000 -0.00426
6005.252 -0.00426 0.00746 0.00107
6005.257 -0.00107 -0.00533 0.00000
6005.262 -0.01172 -0.00746 0.00107
6005.267 0.00213 0.00746 -0.00107
6005.272 -0.00959 -0.00107 0.00533
6005.277 0.00426 -0.00533 -0.00107
6005.282 0.00320 -0.00107 0.00000
6005.287 -0.00320 0.00533 0.00426
6005.292 -0.00639 -0.00959 -0.00107
6005.297 0.00000 -0.00320 -0.00320
6005.302 0.00107 -0.00213 -0.00426
6005.307 -0.00107 -0.00426 -0.00426
6005.312 0.00213 0.00320 -0.00426
6005.317 -0.00852 -0.00959 -0.00107
6005.322 0.00107 -0.00533 0.00852
6005.327 -0.00107 -0.00213 -0.00213
6005.332 0.00320 -0.00107 -0.00426
6005.337 0.00000 -0.00639 -0.00426
6005.342 0.00639 0.00107 0.00320
6005.347 0.01172 -0.00533 0.00533
6005.352 -0.00213 -0.00533 -0.00852
6005.357 0.00959 0.00107 -0.00959
6005.362 0.00320 -0.00213 -0.00320
6005.367 -0.00426 -0.01385 -0.00107
6005.372 0.00639 -0.00107 0.00107
6005.377 0.00639 -0.00320 -0.00213
6005.382 0.00426 0.00107 -0.00213
6005.387 0.00213 0.00213 0.00107
6005.392 -0.00213 -0.00213 -0.00320
6005.397 -0.00639 -0.00107 -0.00107
6005.402 -0.00639 -0.00533 -0.01491
6005.407 0.00213 0.00107 -0.00213
6005.412 0.00213 -0.00533 0.00426
6005.417 0.00746 -0.00533 -0.00639
6005.423 0.00107 0.00213 0.00320
6005.428 0.00639 -0.00320 0.00107
6005.433 -0.00213 0.00213 -0.00320
6005.438 0.00000 -0.00107 -0.01385
6005.443 0.00426 0.00426 0.00639
6005.448 -0.00213 -0.01065 -0.00639
6005.453 0.00320 0.00639 0.00213
6005.458 -0.00746 -0.00426 0.00107
6005.463 -0.00533 -0.00426 0.00426
6005.468 0.00000 0.00852 -0.00107
6005.473 0.00107 0.00000 0.00107
6005.478 0.00213 0.00320 0.00000
6005.483 0.00107 -0.00107 -0.01917
6005.488 -0.01065 0.00000 -0.00107
6005.493 -0.00533 0.01385 0.00746
6005.498 -0.00959 -0.00213 -0.00320
6005.503 -0.00107 0.00320 0.00320
6005.508 -0.00320 -0.00959 0.00000
6005.513 -0.00107 -0.00426 -0.00426
6005.518 0.00000 -0.00746 -0.00533
6005.523 0.00000 -0.00107 0.00107
6005.528 -0.00426 -0.00320 -0.00533
6005.533 -0.01065 0.00320 0.00107
6005.538 -0.00107 0.00533 -0.00107
6005.543 -0.00320 0.00320 0.00000
6005.548 -0.00213 -0.00426 -0.00107
6005.553 -0.00320 -0.00533 0.00639
6005.558 0.00213 0.00213 -0.00533
6005.563 0.00000 -0.00107 0.00426
6005.568 -0.00533 0.00320 -0.00533
6005.573 0.00746 -0.00107 -0.01065
6005.578 -0.00213 -0.00107 0.00213
6005.584 0.00213 -0.00639 0.00213
6005.589 0.00107 -0.00426 -0.00320
6005.594 -0.00852 -0.00533 0.00000
6005.599 -0.00107 0.00000 -0.00213
6005.604 -0.01385 -0.00320 -0.00639
6005.609 0.00000 -0.00320 0.00320
6005.614 -0.00107 -0.00959 -0.00107
6005.619 0.00107 0.00000 -0.00852
6005.624 0.00426 -0.00639 -0.00213
6005.629 -0.00107 0.00533 0.00959
6005.634 0.00746 -0.01278 0.00107
6005.639 0.00000 -0.00213 -0.00639
6005.644 -0.00107 -0.00320 0.00213
6005.649 -0.00426 -0.00426 0.00107
6005.654 -0.00320 -0.01172 -0.00320
6005.659 0.00426 0.00533 0.00533
6005.664 0.00107 0.00213 -0.00320
6005.669 -0.01172 -0.00746 -0.00533
6005.674 0.00320 0.00000 -0.00107
6005.679 0.00746 0.00107 -0.00107
6005.684 -0.01172 -0.00533 0.00107
6005.689 -0.00426 -0.00852 0.00213
6005.694 -0.00320 0.00107 0.00000
6005.699 0.00213 -0.00959 0.00426
6005.704 -0.00320 -0.00213 0.00639
6005.709 0.00959 -0.00213 0.00213
6005.714 -0.00213 0.00213 -0.00639
6005.719 -0.00107 -0.00320 -0.00639
6005.724 0.00107 0.00639 -0.00320
6005.729 0.00533 -0.00959 0.00000
6005.734 -0.00107 -0.00107 0.01385
6005.739 -0.00746 -0.00213 -0.00213
6005.744 0.00000 0.00107 0.00213
6005.749 -0.00746 0.00426 0.00746
6005.754 0.00107 -0.00213 -0.00746
6005.759 0.00320 -0.00213 -0.00107
6005.765 0.00000 -0.01278 -0.00213
6005.769 -0.00320 0.00107 -0.00107
6005.775 -0.00426 -0.00639 -0.00959
6005.780 0.00000 0.00000 0.01172
6005.785 -0.00320 -0.00426 -0.00213
6005.790 0.00213 -0.00426 -0.00533
6005.795 -0.00746 -0.00746 -0.00107
6005.800 -0.00320 0.00213 0.00320
6005.805 -0.00320 0.00213 0.00000
6005.810 0.00320 -0.00213 0.00000
6005.815 0.00000 0.00107 0.00000
6005.820 -0.00959 -0.00533 0.00213
6005.825 -0.00746 -0.00852 -0.00426
6005.830 0.00000 -0.00533 0.00426
6005.835 -0.00107 0.00107 0.00320
6005.840 -0.00746 0.00213 -0.00426
6005.845 -0.00213 -0.00533 -0.00959
6005.850 -0.00213 -0.01065 -0.00320
6005.855 -0.00320 -0.00426 -0.00107
6005.860 0.00426 -0.00107 -0.00959
6005.865 -0.00107 0.00320 0.00320
6005.870 -0.00107 0.00959 -0.01385
6005.875 0.00852 -0.00320 0.00107
6005.880 -0.00107 -0.00213 -0.00746
6005.885 0.00959 -0.01491 0.00426
6005.890 0.00320 0.00320 -0.00107
6005.895 0.00000 -0.00533 -0.00213
6005.900 -0.00639 -0.00320 -0.00107
6005.906 0.00107 -0.00213 -0.00320
6005.911 0.00107 -0.00213 -0.00107
6005.916 0.00107 0.00426 -0.00107
6005.921 0.00533 -0.00533 -0.00852
6005.926 -0.00107 -0.00746 -0.00213
6005.931 0.00959 0.00746 -0.00426
6005.936 -0.00107 -0.00959 -0.00533
6005.941 -0.00213 0.00213 -0.00213
6005.946 -0.00639 0.00852 -0.00107
6005.951 -0.00107 -0.00213 -0.00746
6005.956 -0.00107 -0.00107 0.00639
6005.961 -0.00426 0.00000 -0.00639
6005.966 -0.01278 -0.01704 0.00639
6005.971 0.00320 0.00213 0.00320
6005.976 0.00533 0.00107 -0.00746
6005.981 0.00213 -0.00426 0.00320
6005.986 0.00107 -0.00107 -0.01065
6005.991 -0.01172 -0.00426 -0.00213
6005.996 0.00000 -0.00107 -0.01065
6006.001 -0.00639 0.00533 -0.00426
6006.006 -0.00320 0.00320 0.00213
6006.011 -0.00107 -0.00533 0.00107
6006.016 -0.00213 0.00426 -0.01065
6006.021 0.00213 -0.00959 0.00213
6006.026 -0.01065 -0.00639 -0.00426
6006.031 0.00213 -0.00320 -0.00107
6006.036 0.00639 0.00213 -0.00320
6006.041 0.00852 0.00213 0.00533
6006.046 0.00320 0.00320 -0.00426
6006.051 -0.00213 0.00107 0.00000
6006.056 -0.00426 -0.00320 -0.00959
6006.061 -0.00213 0.00000 -0.00107
6006.066 0.00320 -0.00213 0.00533
6006.071 0.00213 -0.00639 0.00533
6006.076 0.00213 -0.00533 -0.00213
6006.082 -0.00107 0.00426 -0.00107
6006.087 0.00107 0.00746 -0.00107
6006.092 -0.00320 -0.01065 -0.00533
6006.097 0.00320 -0.00426 0.00000
6006.102 -0.00533 0.00213 -0.00107
6006.107 -0.00746 -0.00852 0.00000
6006.112 0.00639 -0.00533 -0.01065
6006.117 -0.00533 -0.00107 0.00107
6006.122 0.00107 -0.00426 0.00746
6006.127 0.00000 -0.00320 -0.00107
6006.132 0.00639 -0.00213 0.00852
6006.137 -0.00746 -0.00959 -0.00639
6006.142 -0.00320 0.00426 -0.00426
6006.147 -0.00746 -0.00107 0.00533
6006.152 -0.00107 -0.00533 -0.00213
6006.157 -0.00320 0.00639 0.00426
6006.162 0.00000 0.00320 0.00000
6006.167 -0.00533 -0.00533 0.00746
6006.172 -0.00320 0.00107 0.00000
6006.178 -0.00533 -0.00959 -0.00426
6006.183 -0.00852 0.00107 0.00320
6006.188 -0.00426 -0.00426 0.00533
6006.193 0.00639 -0.00213 -0.00426
6006.198 -0.00320 -0.00533 -0.00107
6006.203 -0.00107 -0.00213 -0.00213
6006.208 -0.00320 0.01065 0.00000
6006.213 -0.00213 -0.01065 0.00852
6006.218 -0.00852 -0.00107 -0.00426
6006.223 0.00000 0.00000 -0.00213
6006.228 -0.00746 -0.00426 -0.00426
6006.233 -0.00426 -0.00107 0.00213
6006.238 -0.00959 -0.00426 0.00107
6006.243 -0.00107 -0.00107 0.00320
6006.248 -0.00426 -0.01065 -0.00639
6006.253 0.01491 0.00213 0.00639
6006.258 0.00213 0.00107 -0.00107
6006.263 0.00320 -0.00107 0.00107
6006.268 0.00107 -0.00320 0.00320
6006.273 -0.01065 -0.00639 -0.00320
6006.278 -0.00320 0.00107 0.00320
6006.283 -0.00107 -0.00320 0.00320
6006.288 -0.00959 -0.00959 -0.00639
6006.293 -0.00639 0.00107 0.00107
6006.298 0.00533 -0.00426 0.00000
6006.303 -0.00320 -0.00320 0.00000
6006.308 -0.00533 -0.00426 0.00320
6006.313 0.00426 0.00000 -0.00959
6006.319 0.00426 0.00533 0.00107
6006.324 0.00000 -0.00533 -0.00426
6006.329 -0.00320 -0.00533 -0.01172
6006.334 -0.00107 -0.00959 0.00426
6006.339 0.00000 0.00639 0.00746
6006.344 0.00000 0.00000 0.00213
6006.349 -0.00320 0.00213 -0.00213
6006.354 -0.00639 0.00107 -0.01598
6006.359 -0.00320 0.00107 0.00213
6006.364 0.00213 -0.00533 -0.00213
6006.369 -0.00426 -0.00320 -0.00533
6006.374 0.00213 -0.00320 -0.00107
6006.379 0.00213 -0.00639 -0.00320
6006.384 0.00000 0.00320 -0.00959
6006.389 -0.00107 -0.00213 -0.00107
6006.394 0.00639 0.00107 -0.00639
6006.399 -0.00213 -0.00107 -0.00107
6006.404 0.00000 0.00959 0.00107
6006.409 -0.00426 -0.00533 0.00213
6006.414 -0.00213 -0.00320 -0.00426
6006.419 0.00000 -0.00107 -0.00959
6006.424 -0.00320 -0.00533 -0.00107
6006.429 -0.00320 -0.00746 0.00000
6006.434 -0.00852 0.00320 -0.00107
6006.439 -0.00213 -0.00746 0.00533
6006.444 0.00426 0.00213 0.00000
6006.449 0.00426 0.00852 -0.00107
6006.454 0.00320 -0.00852 -0.00639
6006.459 0.00000 -0.00320 -0.00533
6006.464 -0.00533 -0.00639 -0.00426
6006.469 -0.00426 -0.00746 -0.00746
6006.474 -0.01172 -0.00426 -0.00639
6006.479 -0.00533 -0.00959 -0.00639
6006.484 0.00320 -0.00107 -0.00426
6006.489 0.00320 -0.00959 -0.00533
6006.494 0.00639 -0.00533 0.00426
6006.500 -0.00107 -0.00852 0.00213
6006.505 0.00320 0.00852 0.00000
6006.510 -0.00320 0.00213 0.00533
6006.515 0.00107 0.00000 -0.00213
6006.520 -0.00107 -0.01385 0.00213
6006.525 -0.00533 0.00533 -0.00320
6006.530 0.00213 -0.00639 0.00426
6006.535 0.00107 -0.00426 0.00746
6006.540 0.00426 -0.00426 0.00320
6006.545 0.00533 0.00107 -0.00533
6006.550 -0.00213 -0.00320 0.00852
6006.555 -0.00426 -0.00533 -0.00107
6006.560 -0.00320 0.00746 -0.00320
6006.565 0.00107 -0.00959 -0.00639
6006.570 -0.00107 0.00746 -0.00746
6006.575 -0.00107 -0.01065 -0.00426
6006.580 -0.00533 -0.00426 -0.01278
6006.585 -0.00107 -0.00107 0.00000
6006.590 0.00320 -0.00426 -0.00107
6006.595 -0.00213 -0.00852 0.00213
6006.600 -0.00639 -0.00426 0.00107
6006.605 -0.00426 0.00107 0.00213
6006.610 0.00852 0.00107 0.00639
6006.615 0.00746 0.00426 0.00000
6006.620 -0.00320 -0.00426 0.00107
6006.625 0.00213 -0.00746 -0.01385
6006.630 -0.00320 0.00000 0.00213
6006.635 -0.00639 -0.00213 0.00213
6006.640 0.00639 0.00000 -0.00213
6006.645 -0.00107 0.00533 -0.00426
6006.650 -0.00533 -0.00959 -0.00213
6006.655 -0.00426 0.00000 -0.00320
6006.660 0.00213 -0.00213 0.00533
6006.665 0.00213 -0.00852 -0.00213
6006.671 0.00000 0.00000 -0.00107
6006.676 -0.00533 -0.00746 0.00107
6006.681 -0.00320 0.00959 -0.00852
6006.686 0.00320 0.00000 0.00213
6006.691 -0.00533 -0.00639 -0.00213
6006.696 0.00107 -0.00320 -0.00426
6006.701 0.00852 -0.00213 -0.00213
6006.706 -0.00213 -0.00426 -0.00320
6006.711 0.00320 0.00000 0.00320
6006.716 0.00320 0.00000 -0.00426
6006.721 0.00000 -0.00213 0.00213
6006.726 -0.00107 0.00213 -0.00426
6006.731 0.00000 0.00000 -0.00533
6006.736 0.00426 -0.00107 -0.00107
6006.741 0.00426 -0.00213 0.00852
6006.746 0.01065 0.00213 0.00639
6006.751 0.00320 0.00320 -0.00426
6006.756 0.01172 -0.00746 -0.00533
6006.761 0.00533 0.00533 0.00639
6006.766 0.00213 -0.00426 -0.00533
6006.771 -0.00107 0.00426 0.00320
6006.776 -0.00320 -0.01278 -0.00213
6006.781 -0.00746 0.00213 0.00107
6006.786 0.00107 -0.00107 -0.00533
6006.791 0.00533 0.00107 -0.00107
6006.796 -0.00959 -0.00959 0.00213
6006.801 -0.00320 -0.00320 -0.00426
6006.806 -0.00852 -0.00107 0.00426
6006.811 0.00107 -0.00107 -0.00107
6006.816 -0.00213 0.00107 0.00107
6006.821 0.01172 0.00639 -0.00426
6006.826 0.00959 0.00213 0.00000
6006.831 0.00426 0.00000 0.00852
6006.836 -0.00426 -0.00107 -0.00533
6006.842 0.00000 -0.00852 0.00213
6006.847 0.00746 0.00107 -0.00107
6006.851 0.00000 -0.00107 -0.00426
6006.856 -0.00533 -0.00852 0.00533
6006.862 -0.00107 -0.00107 0.00213
6006.867 -0.00639 0.00107 0.00107
6006.872 0.00320 -0.00107 -0.00213
6006.877 0.01065 0.00213 0.00213
6006.882 -0.00107 -0.00213 0.00000
6006.887 0.00639 -0.00107 0.00000
6006.892 0.00320 -0.00533 -0.00213
6006.897 -0.00426 -0.00107 0.00213
6006.902 0.00959 0.00000 0.00320
6006.907 0.00107 -0.00213 0.00107
6006.912 -0.00746 -0.00320 -0.00426
6006.917 -0.00320 -0.01172 0.00000
6006.922 -0.00320 -0.00426 -0.00639
6006.927 -0.00213 0.00213 -0.00107
6006.932 -0.00320 -0.00959 -0.00213
6006.937 -0.00639 0.00213 0.00107
6006.942 -0.00852 -0.00213 -0.00107
6006.947 -0.00213 0.00107 -0.00213
6006.952 -0.00959 0.00000 0.00213
6006.957 -0.00639 -0.00426 -0.00639
6006.962 0.00320 0.00746 -0.00426
6006.967 0.01172 0.00107 -0.00213
6006.972 0.00639 -0.00533 0.00213
6006.977 -0.00533 0.00000 0.00533
6006.982 0.01172 0.00320 0.00000
6006.987 -0.00320 0.00000 0.00000
6006.992 -0.00107 -0.00213 0.00320
6006.997 -0.00320 -0.00107 0.00533
6007.002 0.00426 -0.00746 0.00746
6007.007 0.00533 0.00213 -0.00320
6007.012 0.00426 -0.00426 0.00000
6007.017 -0.00533 -0.00320 -0.00213
6007.022 -0.00426 -0.00533 -0.00320
6007.027 0.00426 0.01065 -0.00320
6007.033 -0.00320 0.00320 -0.00320
6007.038 -0.00959 -0.00320 -0.00107
6007.043 0.00320 -0.00959 -0.00426
6007.048 -0.00213 -0.00213 0.00000
6007.053 -0.00746 0.00107 0.00426
6007.058 0.00426 -0.00426 0.00107
6007.063 0.00213 -0.00746 -0.00213
6007.068 -0.00852 0.00107 0.00107
6007.073 -0.00107 -0.01172 0.00213
6007.078 -0.00213 0.00426 -0.00213
6007.083 -0.00426 -0.00213 0.00107
6007.088 -0.00320 0.00000 0.00107
6007.093 -0.00426 -0.00107 -0.00533
6007.098 -0.00107 -0.00426 -0.00107
6007.103 -0.00959 -0.00533 0.00107
6007.108 0.00107 0.00533 0.00320
6007.113 0.00107 -0.00639 -0.00639
6007.118 -0.00213 -0.00959 0.00320
6007.123 0.00320 -0.00959 -0.00107
6007.128 0.00000 0.00000 0.00107
6007.133 -0.01065 -0.00426 -0.00107
6007.138 -0.00746 -0.00213 0.00426
6007.143 0.00107 -0.00639 -0.00959
6007.148 -0.00533 -0.00213 0.00320
6007.153 0.00959 -0.00852 -0.00639
6007.158 0.00639 -0.00639 0.00426
6007.163 -0.00426 -0.00320 -0.00107
6007.168 0.00426 0.00533 0.00533
6007.173 0.00533 -0.00426 -0.00639
6007.178 -0.00213 -0.00213 0.00426
6007.183 0.00426 -0.00533 -0.00426
6007.188 0.00000 -0.00320 -0.00426
6007.193 -0.00213 -0.00533 -0.00107
6007.198 0.00320 0.00533 -0.00213
6007.204 0.00213 -0.00107 0.00746
6007.209 -0.00213 -0.00213 -0.00959
6007.214 -0.00426 -0.00320 -0.00320
6007.219 0.00000 -0.00533 -0.00107
6007.224 0.00639 0.00000 0.00746
6007.229 0.00213 -0.00213 -0.00107
6007.234 0.00320 -0.00107 0.00107
6007.239 0.00107 0.00000 -0.00107
6007.244 -0.00533 -0.00213 -0.00320
6007.249 0.00000 -0.00639 0.00320
6007.254 0.00000 0.00000 -0.00107
6007.259 0.00107 -0.00107 -0.00320
6007.264 -0.00107 0.00320 0.00320
6007.269 0.00000 -0.00213 0.00426
6007.274 0.00639 0.00107 -0.00533
6007.279 0.00852 -0.00213 0.00533
6007.284 -0.00746 -0.00213 0.00639
6007.289 0.00639 0.00000 -0.00107
6007.294 -0.01385 -0.00959 -0.00320
6007.299 -0.00426 0.00107 0.00000
6007.304 -0.01065 0.00426 -0.00213
6007.309 0.00639 -0.00213 -0.00639
6007.314 -0.00426 0.00639 0.00213
6007.319 -0.00533 -0.00746 0.00426
6007.324 -0.00426 -0.00320 0.00000
6007.329 0.00533 -0.00533 -0.00533
6007.334 -0.00320 0.00320 -0.00426
6007.339 0.00533 0.00213 -0.00213
6007.344 -0.00213 -0.00426 0.00000
6007.349 -0.00533 0.00107 -0.00107
6007.354 -0.00639 -0.00533 -0.00533
6007.359 -0.00639 -0.00426 -0.00533
6007.364 0.00213 0.00533 -0.00533
6007.369 -0.00639 0.00426 -0.00426
6007.374 0.00000 -0.00107 -0.00320
6007.379 -0.01065 0.00000 -0.00213
6007.384 0.00746 -0.00213 -0.00213
6007.389 0.00213 -0.01704 -0.00426
6007.394 0.00000 -0.00426 -0.00533
6007.399 -0.00320 0.00107 -0.00320
6007.404 0.00213 0.00213 -0.00533
6007.409 -0.00107 -0.00107 0.00107
6007.415 -0.00426 -0.00107 0.00107
6007.420 -0.00426 0.00107 -0.00107
6007.425 0.00213 -0.00426 -0.00107
6007.430 -0.00107 0.00639 -0.00213
6007.435 -0.00320 -0.00533 -0.00426
6007.440 0.00000 -0.00107 -0.00426
6007.445 -0.00213 -0.00426 -0.00213
6007.450 -0.00107 -0.01278 -0.00426
6007.455 0.00533 0.00320 0.00320
6007.460 0.00320 0.00852 -0.00320
6007.465 0.00213 0.00107 -0.00426
6007.470 0.00426 0.00852 0.00213
6007.475 -0.00533 -0.00320 0.00213
6007.480 0.00533 0.00000 0.00213
6007.485 -0.00746 -0.00959 -0.00959
6007.490 -0.01172 -0.01278 0.00426
6007.495 0.00852 0.00107 0.00213
6007.500 0.00426 0.00213 -0.00426
6007.505 -0.01065 -0.02557 0.00213
6007.510 -0.00213 0.00959 -0.00213
6007.515 -0.00959 -0.01278 -0.00213
6007.520 -0.00533 0.00000 -0.00213
6007.525 -0.00320 0.00959 -0.00533
6007.530 -0.00426 -0.00533 -0.00213
6007.535 -0.00213 0.00852 0.00320
6007.540 -0.00852 -0.01811 -0.00746
6007.545 0.00426 0.01917 -0.00426
6007.550 -0.00746 -0.00213 0.00213
6007.555 0.00426 -0.00426 0.00000
6007.560 0.00426 0.00852 0.00959
6007.565 -0.00533 -0.01385 0.00107
6007.570 0.00533 0.01278 -0.01385
6007.575 0.00000 -0.02131 0.00426
6007.580 0.00107 0.01811 -0.00213
6007.585 0.00213 -0.00213 0.00746
6007.590 0.00213 -0.01065 -0.00107
6007.595 0.01172 0.01704 -0.00533
6007.600 -0.01172 -0.02450 0.00107
6007.605 -0.00426 0.02024 0.00852
6007.610 -0.00320 -0.01917 0.00000
6007.616 -0.00213 0.00959 -0.00426
6007.621 -0.00107 0.00639 -0.00213
6007.626 0.00000 -0.02131 0.00000
6007.631 0.00852 0.02344 0.00213
6007.636 0.00320 -0.01917 0.00213
6007.641 0.00320 0.00107 -0.00852
6007.646 -0.00213 -0.00320 -0.00213
6007.651 -0.00107 -0.01172 -0.00213
6007.656 0.00320 0.00533 -0.00533
6007.661 -0.00107 -0.01704 0.00213
6007.666 -0.00213 0.00746 0.00533
6007.671 -0.00746 -0.00852 0.00107
6007.676 0.00426 -0.00852 -0.01704
6007.681 0.00000 0.00852 -0.00213
6007.686 -0.00746 -0.01917 -0.00213
6007.691 -0.00639 0.00959 -0.00426
6007.696 -0.00213 -0.00107 0.00320
6007.701 -0.00107 -0.00533 -0.00107
6007.706 -0.00426 0.01385 -0.00320
6007.711 -0.01598 -0.02557 0.00213
6007.716 0.00852 0.01704 -0.00426
6007.721 0.00000 -0.01065 0.01065
6007.726 -0.00533 0.00000 -0.00213
6007.731 0.00852 0.01704 -0.00639
6007.736 -0.00213 -0.01598 -0.00213
6007.741 0.01385 0.00533 -0.00107
6007.746 -0.01278 -0.02131 -0.00107
6007.751 0.00533 0.00213 0.00320
6007.756 0.00213 0.00320 0.00107
6007.761 -0.00533 -0.01385 0.00320
6007.766 0.00639 0.01811 -0.01491
6007.771 -0.01065 -0.01917 -0.00107
6007.777 -0.00107 0.01491 -0.00639
6007.782 0.00000 0.01278 -0.00852
6007.787 -0.01385 -0.00959 -0.00213
6007.792 0.01172 0.01172 0.00000
6007.797 -0.00320 -0.01598 0.00746
6007.802 0.00000 0.01598 -0.01065
6007.807 -0.00213 -0.00426 -0.00639
6007.812 0.00320 -0.00852 0.00426
6007.817 -0.00213 0.02024 0.00000
6007.822 0.00426 -0.01491 -0.00320
6007.827 0.00533 0.01811 0.00426
6007.832 -0.00426 0.00000 0.00000
6007.837 -0.00852 0.00426 -0.00533
6007.842 0.00959 0.01065 -0.00213
6007.847 0.00107 -0.01811 0.00320
6007.852 0.00426 0.01917 0.00000
6007.857 -0.01065 -0.00213 0.00000
6007.862 -0.00107 0.00320 -0.00426
6007.867 0.00000 0.00533 -0.00426
6007.872 -0.00426 -0.00852 -0.00213
6007.877 -0.00107 0.01491 0.00000
6007.882 0.00213 -0.01385 0.00107
6007.887 -0.00320 0.00320 0.00213
6007.892 -0.00639 0.00107 -0.00320
6007.897 0.01278 -0.01491 -0.00107
6007.902 0.00746 0.01172 -0.00959
6007.907 -0.00426 -0.02557 0.00107
6007.912 0.00000 0.01385 -0.00746
6007.917 -0.00107 -0.00426 -0.00107
6007.922 -0.00533 -0.01491 -0.00213
6007.927 0.00959 0.01917 0.00852
6007.932 -0.01704 -0.02663 -0.00426
6007.937 0.00000 0.00107 -0.00746
6007.942 0.00000 -0.00959 -0.00213
6007.948 -0.00746 -0.00426 -0.00213
6007.953 0.00107 0.00959 -0.00426
6007.958 -0.00959 -0.01704 -0.00746
6007.963 -0.00213 0.01385 0.00320
6007.968 -0.00213 -0.01704 0.00107
6007.973 0.01385 -0.00533 -0.00533
6007.978 0.00213 0.01065 -0.00639
6007.983 -0.00426 -0.01917 -0.00533
6007.988 0.00852 0.01598 0.00320
6007.993 -0.00320 -0.01065 0.00000
6007.998 -0.00533 0.00533 -0.00426
6008.003 -0.00107 0.00213 -0.00852
6008.008 -0.01385 -0.02450 0.00000
6008.013 0.00639 0.01385 -0.00959
6008.018 -0.00852 -0.01811 -0.00746
6008.023 0.00426 0.00639 -0.00213
6008.028 -0.00959 -0.00746 0.00213
6008.033 -0.01172 -0.00746 0.00320
6008.038 0.00320 0.02024 -0.00213
6008.043 -0.00213 -0.02557 -0.00852
6008.048 0.00959 0.00533 0.00000
6008.053 0.00000 -0.01278 -0.00852
6008.058 0.00213 -0.00959 -0.00213
6008.063 -0.00213 0.00533 -0.00426
6008.068 0.00426 -0.01598 0.00000
6008.073 0.00746 0.01172 0.00000
6008.078 -0.00426 -0.01278 -0.00426
6008.083 -0.00426 -0.00320 -0.00533
6008.089 0.00107 0.01385 -0.00959
6008.094 -0.00959 -0.01811 -0.00320
6008.099 0.00213 0.01598 0.00213
6008.104 -0.00959 -0.01811 -0.00107
6008.109 0.00320 -0.00320 -0.00426
6008.114 -0.01278 0.00320 0.00426
6008.119 -0.00533 -0.00959 0.00533
6008.124 0.01065 0.01704 -0.00107
6008.129 -0.00320 -0.02131 -0.00107
6008.134 -0.00107 0.00426 0.00639
6008.139 -0.00852 -0.01278 -0.01278
6008.144 -0.00320 -0.02024 0.00320
6008.149 -0.00320 0.01704 -0.00107
6008.154 -0.00533 -0.01385 0.00213
6008.159 0.00639 0.01278 0.00000
6008.164 0.00000 -0.00959 0.00320
6008.169 -0.00746 -0.00213 0.00533
6008.174 -0.00213 0.00852 0.00426
6008.179 -0.00852 -0.01917 0.00320
6008.184 0.00213 0.01598 -0.00107
6008.189 0.00320 -0.00959 -0.00213
6008.194 0.00107 -0.00533 -0.00533
6008.199 -0.00107 0.00746 -0.00852
6008.204 0.00107 -0.02131 -0.00533
6008.209 0.00426 0.01278 -0.00639
6008.214 -0.02663 -0.02131 -0.00533
6008.219 0.00213 0.00426 -0.00320
6008.224 -0.00533 0.00852 -0.00959
6008.229 -0.00107 -0.02131 0.00320
6008.234 0.00426 0.01278 0.00000
6008.239 -0.00320 -0.02770 -0.00533
6008.244 0.00426 -0.00426 0.00426
6008.249 -0.00426 0.00426 0.00852
6008.254 0.00320 -0.01385 0.00426
6008.260 -0.00213 0.02131 -0.00639
6008.265 -0.00213 -0.02024 -0.00639
6008.270 -0.00107 0.00852 -0.00426
6008.275 -0.00426 -0.00746 0.00213
6008.280 -0.00107 -0.00746 -0.00426
6008.285 -0.00107 0.01278 0.00320
6008.290 -0.00320 -0.01811 0.00000
6008.295 0.00533 0.00746 -0.00426
6008.300 -0.00959 -0.00426 0.00213
6008.305 -0.00213 -0.00213 0.00107
6008.310 0.00320 0.00746 0.00000
6008.315 -0.01065 -0.02450 -0.00320
6008.320 0.00959 0.01598 -0.00426
6008.325 -0.00320 -0.01172 0.00426
6008.330 -0.00852 0.00107 0.00107
6008.335 0.00107 0.00107 0.00213
6008.340 -0.00320 -0.01385 0.00533
6008.345 0.00000 0.02237 0.00000
6008.350 -0.00746 -0.01704 -0.00852
6008.355 0.00639 -0.00320 0.00000
6008.360 -0.00320 0.00533 0.00426
6008.365 -0.00320 -0.01065 0.00107
6008.370 -0.00213 0.01811 0.00426
6008.375 -0.01278 -0.00746 -0.01278
6008.380 0.00320 0.01065 0.00107
6008.385 -0.00107 -0.00959 0.00000
6008.390 0.00639 -0.01385 0.00426
6008.395 0.00426 0.01704 0.00213
6008.400 -0.00959 -0.02024 -0.00320
6008.405 0.00746 0.01172 -0.00213
6008.410 0.00426 -0.01065 0.00533
6008.415 -0.00426 -0.01065 0.00533
6008.421 0.00852 0.01278 0.01065
6008.426 -0.00426 -0.02557 0.00213
6008.431 -0.00107 0.00852 0.00533
6008.436 -0.00426 -0.00213 0.00746
6008.441 0.00639 -0.00959 0.00320
6008.446 0.00533 0.01278 0.00000
6008.451 0.00107 -0.01385 -0.00107
6008.456 0.00213 0.00746 0.00213
6008.461 0.00107 -0.02237 -0.00533
6008.466 0.00213 -0.00533 0.00426
6008.471 -0.00107 0.00000 0.00213
6008.476 0.00107 -0.01598 -0.00107
6008.481 -0.00107 0.02557 -0.00852
6008.486 -0.00426 -0.01704 -0.00213
6008.491 0.00000 0.00426 -0.00746
6008.496 0.00000 0.00320 -0.00639
6008.501 -0.00320 -0.02131 -0.01065
6008.506 0.00320 0.01278 0.00107
6008.511 0.00000 -0.02237 -0.00213
6008.516 0.00852 0.00639 -0.00533
6008.521 0.00639 0.00213 0.00746
6008.526 -0.00852 -0.00639 -0.00320
6008.531 0.00213 0.01598 -0.00107
6008.536 -0.00746 -0.00959 0.00107
6008.541 0.00852 0.01385 -0.00213
6008.546 -0.00746 -0.00852 0.00213
6008.551 0.00107 -0.00746 0.00320
6008.556 0.00213 0.01598 -0.00746
6008.561 -0.00959 -0.02131 -0.00107
6008.566 0.00639 0.01598 0.00107
6008.571 -0.00213 -0.00959 0.00426
6008.576 0.00426 0.00213 -0.00639
6008.581 -0.00213 0.00533 -0.00852
6008.586 -0.00320 -0.01811 0.00426
6008.591 0.01491 0.01278 0.00107
6008.596 -0.00426 -0.01385 0.00000
6008.602 0.00107 -0.00320 -0.00959
6008.607 -0.00320 0.00426 -0.00213
6008.612 -0.00639 -0.01385 -0.00107
6008.617 0.00959 0.01917 0.00639
6008.622 -0.00213 -0.01065 0.00533
6008.627 -0.00107 0.00639 0.00107
6008.632 0.00000 -0.00426 0.00639
6008.637 -0.00320 -0.01385 0.00000
6008.642 -0.00107 0.01172 0.00000
6008.647 -0.00959 -0.02344 0.00000
6008.652 -0.00107 0.02024 0.00107
6008.657 -0.01172 -0.01172 0.00213
6008.662 0.00107 -0.00959 -0.00320
6008.667 -0.00107 0.02770 0.00213
6008.672 -0.00213 -0.01598 0.00000
6008.677 0.00213 0.01278 0.00000
6008.682 -0.00426 -0.00107 0.00320
6008.687 -0.00213 -0.00213 -0.00213
6008.692 -0.00213 0.00213 -0.00426
6008.697 -0.00639 -0.01278 -0.00107
6008.702 0.00213 0.01065 -0.00320
6008.707 0.00000 -0.01598 -0.00746
6008.712 0.00320 0.00320 -0.00107
6008.717 0.00107 0.00213 -0.00320
6008.722 0.00107 -0.02024 0.00320
6008.727 0.00426 0.01278 -0.00320
6008.732 -0.00746 -0.00959 0.00000
6008.737 -0.00213 0.00533 -0.00746
6008.742 -0.00213 0.00000 0.00213
6008.747 -0.00746 -0.01598 -0.00426
6008.753 -0.00213 0.01065 -0.00107
6008.758 -0.00320 -0.01385 0.00107
6008.763 -0.00107 0.01172 -0.01278
6008.768 -0.00107 -0.00213 -0.00320
6008.773 0.00426 -0.01278 0.00000
6008.778 0.00639 0.01385 0.00107
6008.783 -0.00533 -0.01385 -0.00533
6008.788 0.00426 0.01491 -0.00213
6008.793 -0.00107 -0.01917 0.00000
6008.798 -0.00213 -0.01172 -0.00107
6008.803 -0.00426 0.01385 -0.00426
6008.808 -0.00320 -0.01917 0.00107
6008.813 0.00426 0.01704 0.00746
6008.818 -0.00639 -0.01065 0.00320
6008.823 -0.00533 -0.00213 -0.00639
6008.828 -0.00213 0.00959 -0.00426
6008.833 -0.01278 -0.01598 0.00000
6008.838 -0.00533 0.01278 -0.00213
6008.843 -0.00107 -0.01172 -0.00639
6008.848 -0.00533 0.01065 0.00107
6008.853 -0.00320 0.00000 -0.00426
6008.858 0.00107 0.00107 0.00320
6008.863 0.00000 0.00959 0.00000
6008.868 -0.00426 -0.01385 -0.00213
6008.873 0.00000 0.00959 -0.00852
6008.878 0.00639 0.00639 -0.00320
6008.883 0.00213 -0.01172 -0.00320
6008.888 0.00533 0.01278 0.00107
6008.893 -0.00746 -0.02344 -0.00426
6008.898 0.00320 0.02344 -0.00852
6008.903 -0.00213 -0.00852 -0.00213
6008.908 0.00639 0.00533 -0.00426
6008.914 0.00639 0.01172 -0.00213
6008.919 -0.00852 -0.02237 0.00000
6008.924 0.00746 0.02131 -0.00533
6008.929 0.00107 -0.01172 0.00107
6008.934 -0.00533 0.00000 0.00320
6008.939 0.00320 0.00107 0.00320
6008.944 -0.00746 -0.01491 0.00107
6008.949 -0.00746 0.01065 0.00107
6008.954 0.00213 -0.01811 -0.00107
6008.959 0.00320 0.00213 0.00000
6008.964 0.00639 0.00533 0.00107
6008.969 -0.00213 -0.00852 0.00639
6008.974 0.00000 0.01491 0.00426
6008.979 -0.00213 -0.01385 0.00852
6008.984 -0.00959 0.00213 -0.00746
6008.989 0.00213 -0.00213 0.00746
6008.994 0.00320 -0.00746 0.00426
6008.999 0.00213 0.01811 -0.00746
6009.004 -0.00959 -0.01811 0.00107
6009.009 0.00000 0.00639 0.00426
6009.014 -0.00426 -0.00746 0.00533
6009.019 0.00533 -0.00959 -0.00320
6009.024 0.00959 0.01491 -0.00107
6009.029 -0.00320 -0.02344 -0.00213
6009.034 0.00426 0.01598 -0.00107
6009.039 0.00213 -0.01385 0.00000
6009.044 -0.00320 -0.00639 -0.00107
6009.049 0.00107 0.01704 -0.00213
6009.054 -0.00746 -0.02237 -0.00320
6009.059 -0.00107 0.02024 0.00959
6009.064 0.00107 -0.01704 0.00000
6009.069 0.00107 0.00107 -0.00213
6009.074 0.00213 0.00426 -0.00746
6009.079 -0.00639 -0.01917 0.00107
6009.085 -0.00320 0.01704 -0.00959
6009.090 -0.01491 -0.02024 0.00639
6009.095 0.00107 0.00213 -0.00320
6009.100 0.00852 -0.00426 -0.00639
6009.105 0.00107 -0.01491 0.00000
6009.110 0.00426 0.00959 -0.00426
6009.115 -0.00746 -0.01811 -0.00213
6009.120 0.00107 0.00852 0.00533
6009.125 0.00533 -0.00639 -0.00852
6009.130 0.00639 -0.00852 0.00533
6009.135 0.00639 0.00107 0.00107
6009.140 0.00213 -0.01811 -0.00533
6009.145 0.00320 0.01385 -0.00959
6009.150 -0.00746 -0.00639 -0.01172
6009.155 -0.00320 -0.00533 0.00746
6009.160 0.00746 0.00639 -0.00107
6009.165 -0.00426 -0.02663 0.00320
6009.170 -0.00320 0.01278 0.00000
6009.175 -0.00107 -0.01598 -0.00107
6009.180 -0.00213 0.00426 -0.00107
6009.185 0.00426 -0.00426 -0.00426
6009.190 -0.00426 -0.01065 -0.00533
6009.195 0.00426 0.01385 0.00213
6009.200 0.00000 -0.02344 0.00107
6009.205 -0.00426 -0.00107 -0.00320
6009.210 -0.00213 -0.00107 0.00320
6009.215 -0.00426 -0.01065 0.00639
6009.220 0.00426 0.00639 0.00852
6009.225 -0.00107 -0.01811 -0.00639
6009.230 0.00213 0.00320 0.00213
6009.235 0.00213 -0.00320 -0.00533
6009.240 -0.01491 -0.00320 -0.00426
6009.245 0.00107 0.00533 0.00107
6009.250 0.00107 -0.01704 -0.00426
6009.256 0.00533 0.00533 -0.00107
6009.261 -0.00107 -0.00320 -0.00639
6009.266 -0.00320 -0.02237 0.01278
6009.271 0.00533 0.00959 -0.00320
6009.276 -0.00213 -0.01598 -0.00213
6009.281 0.00426 0.01385 0.00426
6009.286 0.00639 -0.00426 0.00107
6009.291 0.00000 0.00213 0.00107
6009.296 0.00746 0.01278 -0.00639
6009.301 -0.00107 -0.01704 -0.00107
6009.306 0.00533 0.01278 0.00639
6009.311 -0.00320 -0.01491 0.00107
6009.316 0.00000 0.00320 0.00426
6009.321 -0.00746 -0.00852 0.00000
6009.326 -0.00320 -0.01065 0.00000
6009.331 0.00533 0.01491 -0.00533
6009.336 -0.00320 -0.02024 -0.00533
6009.346 0.00000 -0.00107 -0.00320
6009.351 -0.00320 -0.00959 -0.00213
6009.356 -0.00746 -0.01598 0.00000
6009.361 -0.00426 0.01172 0.00107
6009.366 0.00107 -0.01598 0.00107
6009.371 0.00852 0.01385 -0.00533
6009.376 -0.00213 -0.00852 -0.00639
6009.381 0.00320 -0.00746 -0.00426
6009.386 0.00959 0.00852 -0.00533
6009.391 -0.00213 -0.01811 -0.00320
6009.396 0.01491 0.00746 0.00107
6009.401 -0.00426 -0.00426 -0.00639
6009.406 -0.00426 0.00533 0.00213
6009.411 0.00639 0.00107 -0.00107
6009.416 -0.00213 -0.01385 -0.00107
6009.422 0.00746 0.01385 -0.00959
6009.427 -0.00213 -0.01491 0.00107
6009.432 -0.01598 0.00320 0.00107
6009.437 -0.00959 0.00320 -0.00107
6009.442 -0.01172 -0.01278 0.00000
6009.447 -0.00107 0.01065 -0.00426
6009.452 -0.00533 -0.01065 -0.00639
6009.457 0.00852 0.01491 0.00639
6009.461 0.00320 -0.00107 -0.00320
6009.466 -0.00639 0.00426 0.00320
6009.471 -0.00213 0.01278 -0.00533
6009.476 -0.01065 -0.02237 0.00107
6009.481 0.00533 0.01385 0.00000
6009.486 0.00320 -0.01172 -0.00533
6009.491 0.00213 -0.01491 -0.00852
6009.496 -0.00107 0.00000 -0.00746
6009.501 0.00533 -0.00426 0.00320
6009.506 -0.00213 0.01491 0.00000
6009.511 0.00533 -0.01385 -0.00746
6009.516 -0.00639 -0.00107 -0.00107
6009.522 0.00000 -0.00959 -0.00320
6009.527 0.00426 -0.00426 0.00213
6009.532 0.00320 0.00107 -0.00959
6009.537 -0.01278 0.00426 -0.00320
6009.542 -0.00320 -0.00320 -0.00426
6009.547 -0.00320 -0.01065 0.00320
6009.552 0.00107 0.00533 0.00000
6009.557 0.00426 -0.00746 -0.00639
6009.561 -0.00107 0.00426 -0.00746
6009.566 -0.00426 -0.00320 -0.00639
6009.571 0.00000 0.00000 0.00000
6009.576 -0.00320 0.00639 0.00213
6009.581 -0.01385 -0.00959 -0.00426
6009.586 0.00746 -0.00533 -0.00213
6009.591 -0.00533 -0.00533 -0.00959
6009.596 0.00320 0.00639 -0.00639
6009.601 0.00000 -0.00533 -0.00107
6009.606 -0.00320 -0.01065 -0.00639
6009.611 -0.00320 -0.00426 -0.00533
6009.616 0.00533 -0.00746 -0.00959
6009.622 -0.00213 0.00320 -0.00213
6009.626 -0.00639 -0.02024 0.00320
6009.632 0.00639 0.00746 0.00426
6009.637 -0.00320 -0.00533 0.00320
6009.642 -0.00320 0.00000 -0.00107
6009.647 0.00426 -0.00533 -0.00746
6009.652 -0.01278 -0.01172 0.00107
6009.657 -0.00107 -0.00426 0.00426
6009.661 0.00426 0.00213 -0.00213
6009.666 0.00746 -0.00426 -0.00533
6009.671 -0.00639 0.00000 0.00107
6009.676 -0.00639 -0.00533 -0.01065
6009.681 0.01172 -0.00639 0.00320
6009.686 0.00213 0.00213 -0.00426
6009.691 -0.00107 -0.00107 -0.00746
6009.696 -0.00426 0.00107 -0.00213
6009.702 -0.00213 0.00213 -0.00213
6009.707 -0.00639 -0.01278 -0.00320
6009.712 0.00746 -0.00426 0.00320
6009.717 0.00000 0.00107 -0.01172
6009.722 0.00639 -0.00426 -0.00213
6009.727 0.00000 -0.00746 -0.00107
6009.732 0.00639 0.00000 -0.00426
6009.737 -0.01278 -0.00639 -0.00320
6009.742 -0.00320 -0.00107 -0.00107
6009.747 -0.00426 -0.00213 0.00213
6009.752 -0.00426 -0.00639 -0.00852
6009.757 0.00000 -0.00533 -0.00213
6009.761 0.00746 0.00107 -0.00746
6009.766 0.00107 0.00000 -0.00639
6009.771 0.00533 0.00426 0.00746
6009.776 0.00746 -0.00213 -0.00746
6009.781 0.00320 -0.01278 0.00320
6009.786 -0.01065 -0.00320 -0.00320
6009.792 0.00213 -0.00213 -0.00426
6009.797 -0.00533 0.00000 -0.00107
6009.802 -0.00533 -0.00639 0.00000
6009.807 -0.00959 -0.00107 0.00533
6009.812 -0.01491 -0.00746 0.00533
6009.817 0.00107 0.00213 0.00639
6009.822 0.00213 0.00320 0.00426
6009.827 -0.00213 0.00533 -0.00107
6009.832 0.00426 -0.00426 0.00426
6009.837 -0.01278 -0.00426 0.00746
6009.842 -0.00426 0.00000 0.00107
6009.847 0.00213 -0.00213 0.00000
6009.852 0.00320 -0.00639 -0.00320
6009.857 0.00107 0.00000 -0.00746
6009.862 0.00639 0.01278 -0.00533
6009.867 0.00107 0.00107 0.00533
6009.872 -0.00426 -0.00426 -0.00213
6009.877 -0.00320 -0.00107 0.00959
6009.882 -0.00107 -0.00959 0.00107
6009.887 -0.00426 -0.00746 0.00107
6009.892 0.00639 -0.00746 -0.00320
6009.897 -0.00746 0.00213 -0.00852
6009.902 -0.00320 0.00426 -0.00320
6009.907 0.00000 0.00852 0.00533
6009.912 0.00107 -0.00746 -0.00533
6009.917 -0.00320 -0.00639 0.00213
6009.922 -0.00107 -0.00213 -0.00107
6009.927 -0.00213 0.00320 0.00959
6009.932 -0.00320 -0.00213 -0.00213
6009.937 -0.00533 0.00213 -0.00320
6009.942 0.00107 -0.00852 0.00107
6009.947 -0.00426 0.00426 0.00213
6009.952 -0.00213 -0.00639 0.00320
6009.957 0.00852 0.00533 0.00746
6009.962 0.01491 0.00533 0.00107
6009.967 0.00213 -0.00426 -0.00426
6009.972 -0.00213 -0.00639 0.00320
6009.977 0.00213 0.00213 0.00746
6009.982 0.00426 0.00213 -0.00746
6009.987 -0.00639 0.00426 -0.00533
6009.992 -0.00959 -0.00639 0.00320
6009.997 0.00000 0.00426 0.00533
6010.002 -0.00533 0.00320 0.00000
6010.007 -0.00320 -0.00320 -0.00107
6010.012 0.00107 -0.00639 0.00213
6010.017 0.00852 0.00213 0.00426
6010.022 -0.00746 -0.01065 -0.01065
6010.027 0.00533 0.00000 0.00426
6010.032 0.00426 -0.00320 0.00213
6010.037 0.00213 -0.00107 -0.00213
6010.042 -0.00746 0.00959 -0.00213
6010.047 0.00213 0.00107 -0.00533
6010.052 -0.00746 -0.00959 -0.00107
6010.057 0.00320 0.00000 -0.00959
6010.062 -0.00639 -0.00107 0.00000
6010.067 -0.00426 0.00000 -0.00107
6010.072 0.00107 -0.00107 -0.00533
6010.077 -0.00107 0.00213 0.00000
6010.082 -0.00107 0.00000 0.00107
6010.087 0.00107 -0.00107 0.00213
6010.092 0.00213 0.00107 -0.00213
6010.097 -0.00107 0.00533 0.00320
6010.102 0.00320 -0.00107 0.00426
6010.107 -0.00426 0.00426 0.00426
6010.112 0.00426 0.00107 0.00107
6010.117 -0.00213 -0.00426 0.00426
6010.122 -0.00533 -0.00320 -0.00107
6010.127 -0.00213 0.00107 -0.00746
6010.132 -0.00213 0.00000 0.00107
6010.137 0.00320 -0.00852 -0.00320
6010.142 -0.00533 -0.00533 0.00107
6010.147 -0.00639 -0.00533 0.00639
6010.152 0.00213 0.00107 -0.00320
6010.157 0.00213 -0.00852 -0.00107
6010.162 0.00746 0.00213 0.00213
6010.167 -0.00320 -0.00426 -0.00320
6010.172 0.00107 0.00320 0.00320
6010.177 -0.00639 0.00533 0.00213
6010.182 -0.00213 -0.00746 -0.00533
6010.187 -0.00107 -0.00533 -0.00213
6010.192 0.00320 -0.00746 0.00852
6010.197 -0.00426 0.00000 -0.00852
6010.202 0.00107 0.00000 0.00320
6010.207 0.01704 0.00213 0.00000
6010.212 0.00959 -0.01065 0.00213
6010.217 -0.00213 -0.00533 0.00213
6010.222 -0.00533 -0.00852 -0.00852
6010.227 -0.00533 -0.00107 -0.00533
6010.233 -0.00213 -0.00213 0.00533
6010.238 0.00000 -0.00213 0.00320
6010.243 0.00213 0.00000 0.00107
6010.248 -0.00746 -0.00959 -0.00959
6010.253 0.00533 0.00746 0.00320
6010.258 0.00000 0.00426 -0.00213
6010.262 0.00213 -0.00639 -0.00213
6010.267 0.00213 0.00107 0.00107
6010.272 -0.00213 -0.00533 -0.01385
6010.277 0.00426 0.00426 0.00107
6010.282 -0.00533 -0.00746 -0.00746
6010.287 0.00213 -0.00107 -0.00107
6010.293 -0.00320 -0.00320 -0.00320
6010.297 -0.00959 -0.00746 -0.00107
6010.303 -0.00213 -0.00107 -0.00533
6010.308 -0.00426 0.00000 0.00000
6010.313 0.00000 0.00320 -0.00639
6010.318 -0.01065 0.00426 -0.00320
6010.323 -0.00213 0.00320 -0.00213
6010.328 0.00533 0.00107 0.00533
6010.333 0.00426 -0.00320 -0.00320
6010.338 -0.00213 0.00746 0.00639
6010.343 0.00426 0.00107 -0.00320
6010.348 0.00000 0.00213 -0.00320
6010.353 -0.00320 -0.00107 -0.00107
6010.358 0.00852 -0.00107 -0.00639
6010.363 -0.00107 -0.00213 -0.00213
6010.368 0.00107 0.00000 -0.00426
6010.373 -0.00107 -0.00213 -0.00107
6010.378 0.00107 0.00213 -0.00426
6010.383 -0.00746 -0.00107 0.00213
6010.388 0.00213 -0.00746 0.00320
6010.393 -0.00746 0.00000 0.00533
6010.398 0.00533 -0.00213 -0.00639
6010.403 0.00852 0.00107 -0.00533
6010.408 0.00213 -0.00107 -0.00213
6010.413 -0.00107 0.00000 0.00213
6010.418 0.00107 0.00320 -0.00213
6010.423 0.00000 -0.00107 -0.00426
6010.428 -0.00639 0.00000 -0.00533
6010.433 0.00107 0.00426 -0.01704
6010.438 -0.00107 -0.01598 0.00000
6010.443 0.00639 -0.00213 -0.00533
6010.448 -0.00426 -0.00107 -0.00426
6010.453 -0.00852 -0.00426 0.00107
6010.458 -0.00213 0.00213 -0.00320
6010.463 -0.00426 -0.01065 -0.00320
6010.468 -0.00213 0.00426 -0.01704
6010.473 0.00213 -0.00426 0.00213
6010.478 0.00639 -0.00639 0.00213
6010.483 -0.00213 -0.00107 0.00000
6010.488 -0.00533 -0.00320 0.00213
6010.493 -0.00639 -0.00107 0.00213
6010.498 0.00320 -0.00959 -0.00213
6010.503 -0.00213 0.00107 -0.01172
6010.508 0.00426 -0.00426 0.00107
6010.513 0.00107 -0.00426 0.00959
6010.518 -0.00639 -0.00213 -0.00533
6010.523 -0.00426 0.00000 -0.00959
6010.528 0.00426 -0.00320 -0.00426
6010.533 0.00639 -0.00107 -0.00746
6010.538 -0.00533 0.00107 -0.00107
6010.543 -0.00746 0.00320 -0.00426
6010.548 -0.00639 0.00000 -0.00533
6010.553 0.00213 -0.00426 -0.00320
6010.558 0.00000 0.00639 -0.00426
6010.563 0.00533 -0.00107 -0.00746
6010.568 -0.00107 -0.00533 0.00320
6010.573 0.00000 -0.00107 0.00213
6010.578 0.01278 -0.00959 -0.00746
6010.583 0.00320 -0.00426 -0.00426
6010.588 0.00426 -0.00639 -0.00107
6010.593 0.00320 -0.00213 -0.00320
6010.598 0.00107 0.00426 -0.00320
6010.603 -0.00426 0.00426 -0.00426
6010.608 -0.00959 0.00320 0.00426
6010.613 -0.00320 -0.00107 -0.00107
6010.618 -0.00746 0.00107 0.00107
6010.623 0.00852 -0.00213 0.00533
6010.628 -0.00426 0.00213 0.00852
6010.633 0.00320 -0.00107 -0.00213
6010.638 0.00320 -0.00213 -0.00533
6010.643 -0.00320 0.00000 -0.00320
6010.648 -0.00533 0.00213 -0.01172
6010.653 0.00426 0.01172 -0.00959
6010.658 -0.00213 -0.00107 -0.00320
6010.663 0.00107 0.00107 -0.01065
6010.668 -0.00426 -0.00213 -0.00320
6010.673 -0.00639 0.00000 0.00746
6010.678 0.00426 0.00426 -0.00213
6010.683 -0.00107 0.00000 -0.01491
6010.688 -0.00533 -0.01278 -0.00107
6010.693 0.00320 -0.01172 0.00320
6010.698 0.00000 0.01704 0.00213
6010.703 -0.00426 -0.00639 -0.01065
6010.708 0.00107 -0.00426 0.00213
6010.713 -0.00213 0.00213 -0.00213
6010.718 0.00213 -0.00639 0.00107
