197825.026 0.00105 -0.00281 -0.00030
197825.030 0.00140 -0.00443 -0.00080
197825.034 0.00119 -0.00365 -0.00169
197825.038 0.00127 -0.00284 -0.00176
197825.042 0.00070 -0.00173 0.00016
197825.046 0.00040 -0.00218 0.00112
197825.049 0.00061 -0.00351 0.00016
197825.054 0.00038 -0.00190 0.00066
197825.058 0.00077 -0.00239 -0.00040
197825.062 0.00072 -0.00356 -0.00038
197825.066 0.00115 -0.00403 -0.00052
197825.070 0.00127 -0.00384 -0.00086
197825.074 0.00131 -0.00213 -0.00094
197825.078 0.00115 -0.00215 -0.00051
197825.082 0.00096 -0.00260 -0.00161
197825.086 0.00106 -0.00347 -0.00175
197825.090 0.00124 -0.00340 -0.00178
197825.094 0.00054 -0.00307 -0.00134
197825.098 0.00096 -0.00253 -0.00243
197825.102 0.00093 -0.00271 -0.00211
197825.106 0.00000 -0.00290 -0.00216
197825.110 0.00021 -0.00188 -0.00129
197825.114 0.00178 -0.00283 -0.00030
197825.118 0.00068 -0.00293 -0.00096
197825.122 -0.00003 -0.00281 -0.00112
197825.126 0.00035 -0.00291 -0.00072
197825.130 0.00166 -0.00325 -0.00091
197825.134 0.00110 -0.00169 -0.00005
197825.139 0.00065 -0.00157 -0.00028
197825.142 0.00068 -0.00215 -0.00019
197825.146 0.00084 -0.00305 -0.00017
197825.149 0.00180 -0.00194 -0.00061
197825.154 0.00143 -0.00164 -0.00073
197825.158 0.00089 -0.00323 -0.00031
197825.162 0.00075 -0.00197 -0.00051
197825.166 0.00101 -0.00166 -0.00070
197825.170 0.00093 -0.00157 -0.00195
197825.174 0.00091 -0.00276 -0.00124
197825.178 -0.00028 -0.00201 -0.00030
197825.182 0.00134 -0.00136 -0.00065
197825.186 0.00162 -0.00073 -0.00150
197825.190 0.00094 -0.00223 -0.00112
197825.194 0.00075 -0.00141 -0.00101
197825.198 0.00131 -0.00225 0.00021
197825.202 0.00101 -0.00398 -0.00141
197825.206 0.00168 -0.00278 -0.00169
197825.209 0.00096 -0.00232 -0.00101
197825.214 0.00016 -0.00279 -0.00068
197825.218 0.00086 -0.00291 -0.00059
197825.222 0.00105 -0.00279 -0.00012
197825.226 0.00094 -0.00291 -0.00105
197825.230 0.00000 -0.00295 -0.00099
197825.234 0.00066 -0.00281 -0.00098
197825.238 0.00054 -0.00187 -0.00082
197825.242 0.00096 -0.00253 -0.00063
197825.246 0.00016 -0.00225 -0.00164
197825.250 -0.00017 -0.00187 -0.00161
197825.254 0.00061 -0.00267 -0.00054
197825.258 0.00023 -0.00154 -0.00072
197825.262 0.00073 -0.00093 -0.00075
197825.266 -0.00033 -0.00229 -0.00061
197825.269 -0.00031 -0.00443 -0.00028
197825.274 0.00012 -0.00230 -0.00080
197825.278 0.00070 -0.00232 -0.00108
197825.282 0.00161 -0.00250 -0.00086
197825.286 0.00108 -0.00164 -0.00033
197825.290 0.00110 -0.00126 -0.00066
197825.294 0.00096 -0.00222 -0.00134
197825.298 0.00002 -0.00126 -0.00093
197825.302 0.00021 -0.00147 0.00007
197825.306 0.00028 -0.00106 -0.00024
197825.310 0.00044 -0.00232 -0.00094
197825.314 -0.00072 -0.00234 -0.00112
197825.318 0.00002 -0.00250 -0.00042
197825.322 0.00037 -0.00284 -0.00007
197825.326 0.00016 -0.00173 -0.00044
197825.330 0.00101 -0.00127 -0.00009
197825.334 0.00108 -0.00283 -0.00105
197825.338 0.00080 -0.00323 -0.00175
197825.342 0.00058 -0.00197 -0.00133
197825.346 0.00037 -0.00166 -0.00077
197825.350 0.00031 -0.00171 0.00101
197825.354 0.00059 -0.00264 -0.00059
197825.358 0.00037 -0.00272 -0.00058
197825.362 0.00077 -0.00185 -0.00042
197825.366 0.00072 -0.00192 -0.00173
197825.369 -0.00049 -0.00298 -0.00194
197825.374 0.00113 -0.00237 -0.00093
197825.378 0.00096 -0.00131 -0.00066
197825.382 0.00093 -0.00222 -0.00059
197825.386 0.00091 -0.00232 -0.00178
197825.390 0.00136 -0.00145 -0.00058
197825.394 0.00192 -0.00225 -0.00087
197825.398 0.00087 -0.00173 -0.00051
197825.402 0.00044 -0.00325 0.00079
197825.406 0.00049 -0.00365 0.00052
197825.410 0.00019 -0.00360 0.00031
197825.414 0.00026 -0.00253 0.00010
197825.418 0.00044 -0.00209 -0.00009
197825.422 -0.00010 -0.00199 -0.00014
197825.426 0.00108 -0.00211 -0.00045
197825.429 0.00080 -0.00258 -0.00099
197825.434 0.00042 -0.00286 -0.00113
197825.438 0.00183 -0.00127 -0.00042
197825.442 0.00234 -0.00117 -0.00098
197825.446 0.00204 -0.00129 -0.00037
197825.450 0.00164 -0.00192 -0.00098
197825.454 0.00035 -0.00239 -0.00127
197825.458 0.00030 -0.00161 -0.00030
197825.462 0.00045 -0.00155 -0.00051
197825.466 0.00017 -0.00124 -0.00115
197825.470 0.00026 -0.00222 -0.00148
197825.474 0.00148 -0.00291 -0.00005
197825.478 0.00150 -0.00159 -0.00058
197825.482 0.00106 -0.00110 -0.00073
197825.486 0.00094 -0.00066 -0.00061
197825.491 0.00016 -0.00131 -0.00012
197825.494 0.00056 -0.00117 0.00012
197825.498 -0.00023 -0.00145 -0.00007
197825.502 -0.00014 -0.00182 -0.00119
197825.506 0.00124 -0.00206 -0.00089
197825.510 0.00099 -0.00229 -0.00080
197825.514 0.00093 -0.00052 -0.00033
197825.518 0.00195 -0.00127 -0.00096
197825.522 0.00133 -0.00117 -0.00098
197825.526 0.00072 -0.00099 -0.00127
197825.530 0.00056 -0.00230 -0.00271
197825.534 0.00005 -0.00143 -0.00234
197825.538 0.00127 -0.00105 -0.00119
197825.542 0.00236 -0.00187 -0.00103
197825.546 0.00068 -0.00208 -0.00084
197825.550 0.00054 -0.00108 -0.00169
197825.554 0.00005 -0.00278 -0.00087
197825.558 -0.00037 -0.00305 -0.00049
197825.562 0.00012 -0.00178 -0.00040
197825.566 0.00086 -0.00145 -0.00082
197825.570 0.00103 -0.00152 0.00024
197825.574 0.00063 -0.00213 -0.00019
197825.578 0.00009 -0.00199 -0.00093
197825.582 0.00009 -0.00166 -0.00007
197825.586 0.00038 -0.00262 -0.00044
197825.590 0.00152 -0.00182 -0.00098
197825.594 0.00045 -0.00192 -0.00098
197825.598 0.00049 -0.00284 -0.00068
197825.602 0.00079 -0.00293 0.00000
197825.606 0.00058 -0.00131 -0.00026
197825.610 0.00173 -0.00253 -0.00185
197825.614 0.00096 -0.00271 -0.00059
197825.618 0.00122 -0.00274 -0.00087
197825.622 0.00052 -0.00215 -0.00035
197825.626 0.00080 -0.00290 0.00007
197825.630 0.00058 -0.00340 0.00035
197825.634 0.00037 -0.00248 -0.00017
197825.638 0.00031 -0.00162 0.00026
197825.642 0.00134 -0.00216 -0.00110
197825.646 0.00087 -0.00305 -0.00101
197825.650 0.00059 -0.00223 -0.00052
197825.654 0.00037 -0.00248 -0.00101
197825.658 0.00106 -0.00223 -0.00009
197825.662 -0.00024 -0.00262 -0.00089
197825.666 0.00075 -0.00211 -0.00035
197825.670 0.00056 -0.00185 -0.00096
197825.674 0.00112 -0.00281 -0.00066
197825.678 0.00021 -0.00218 -0.00089
197825.682 0.00101 -0.00230 -0.00171
197825.686 0.00124 -0.00295 -0.00072
197825.690 0.00099 -0.00295 -0.00120
197825.694 0.00047 -0.00236 -0.00073
197825.698 0.00108 -0.00236 -0.00061
197825.702 0.00141 -0.00159 0.00016
197825.706 0.00103 -0.00305 -0.00127
197825.709 0.00079 -0.00330 -0.00031
197825.714 0.00058 -0.00290 -0.00049
197825.718 -0.00007 -0.00354 -0.00206
197825.722 0.00094 -0.00342 -0.00141
197825.726 0.00136 -0.00218 -0.00033
197825.730 0.00042 -0.00230 -0.00021
197825.734 0.00002 -0.00218 -0.00031
197825.738 0.00037 -0.00260 -0.00021
197825.742 0.00047 -0.00333 0.00010
197825.746 0.00079 -0.00276 -0.00070
197825.750 0.00056 -0.00230 -0.00091
197825.754 0.00051 -0.00204 -0.00187
197825.758 0.00094 -0.00182 -0.00091
197825.762 0.00197 -0.00251 -0.00126
197825.766 0.00119 -0.00269 -0.00134
197825.769 0.00113 -0.00199 -0.00063
197825.774 0.00005 -0.00300 -0.00073
197825.778 0.00068 -0.00208 -0.00091
197825.782 0.00054 -0.00213 -0.00021
197825.786 0.00021 -0.00229 -0.00002
197825.790 0.00026 -0.00309 -0.00087
197825.794 -0.00016 -0.00360 -0.00065
197825.798 0.00047 -0.00298 -0.00119
197825.802 0.00140 -0.00192 -0.00089
197825.806 0.00178 -0.00133 -0.00035
197825.810 0.00084 -0.00253 -0.00126
197825.814 0.00058 -0.00195 -0.00075
197825.818 0.00051 -0.00209 -0.00061
197825.822 0.00155 -0.00319 -0.00014
197825.826 0.00152 -0.00227 0.00000
197825.830 0.00168 -0.00143 -0.00133
197825.834 0.00155 -0.00182 -0.00122
197825.839 0.00106 -0.00236 -0.00119
197825.842 0.00110 -0.00175 -0.00089
197825.846 0.00096 -0.00265 -0.00110
197825.850 0.00122 -0.00243 -0.00040
197825.854 0.00098 -0.00222 -0.00037
197825.858 0.00138 -0.00141 -0.00023
197825.862 0.00058 -0.00271 -0.00033
197825.866 0.00052 -0.00274 -0.00066
197825.870 0.00049 -0.00260 -0.00105
197825.874 0.00051 -0.00211 -0.00099
197825.878 0.00033 -0.00183 -0.00143
197825.882 0.00091 -0.00192 -0.00065
197825.886 0.00075 -0.00194 -0.00073
197825.890 0.00131 -0.00284 -0.00136
197825.894 0.00072 -0.00323 -0.00138
197825.898 0.00040 -0.00274 -0.00108
197825.902 0.00077 -0.00290 -0.00176
197825.906 0.00147 -0.00279 -0.00087
197825.910 0.00120 -0.00291 -0.00110
197825.914 0.00023 -0.00281 -0.00056
197825.918 0.00058 -0.00307 -0.00192
197825.922 0.00007 -0.00344 -0.00093
197825.926 0.00023 -0.00218 -0.00021
197825.929 0.00000 -0.00110 0.00010
197825.934 0.00005 -0.00173 -0.00038
197825.938 0.00038 -0.00204 -0.00098
197825.942 0.00061 -0.00091 0.00005
197825.946 0.00007 -0.00243 0.00003
197825.950 0.00084 -0.00267 -0.00072
197825.954 0.00103 -0.00258 -0.00016
197825.958 0.00049 -0.00271 -0.00002
197825.962 0.00035 -0.00335 -0.00012
197825.966 0.00061 -0.00262 -0.00030
197825.970 0.00052 -0.00363 -0.00171
197825.974 0.00035 -0.00269 -0.00086
197825.978 0.00136 -0.00183 -0.00080
197825.982 0.00208 -0.00161 -0.00108
197825.986 0.00106 -0.00291 0.00003
197825.989 0.00108 -0.00295 -0.00101
197825.994 0.00094 -0.00281 -0.00113
197825.998 0.00061 -0.00157 -0.00042
197826.002 -0.00051 -0.00215 -0.00159
197826.006 0.00127 -0.00079 -0.00159
197826.010 0.00070 -0.00119 -0.00023
197826.014 0.00131 -0.00070 -0.00138
197826.018 0.00056 -0.00251 -0.00093
197826.022 0.00112 -0.00194 -0.00037
197826.026 0.00035 -0.00375 -0.00037
197826.030 0.00045 -0.00318 0.00037
197826.034 0.00094 -0.00300 -0.00077
197826.038 0.00091 -0.00208 -0.00063
197826.042 0.00000 -0.00213 -0.00012
197826.046 0.00096 -0.00290 -0.00061
197826.050 0.00106 -0.00309 -0.00028
197826.054 0.00079 -0.00134 0.00040
197826.058 0.00103 -0.00239 -0.00138
197826.062 0.00093 -0.00131 -0.00079
197826.066 0.00091 -0.00194 -0.00183
197826.070 0.00136 -0.00194 -0.00180
197826.074 0.00087 -0.00209 -0.00150
197826.078 0.00105 -0.00258 -0.00155
197826.082 0.00003 -0.00182 -0.00143
197826.086 0.00068 -0.00206 -0.00094
197826.090 0.00070 -0.00213 -0.00007
197826.094 0.00054 -0.00169 -0.00044
197826.098 0.00021 -0.00188 -0.00099
197826.102 0.00147 -0.00192 -0.00113
197826.106 0.00136 -0.00253 -0.00192
197826.110 0.00101 -0.00166 -0.00093
197826.114 0.00138 -0.00187 -0.00035
197826.118 0.00028 -0.00283 -0.00051
197826.122 0.00059 -0.00187 -0.00147
197826.126 0.00037 -0.00087 -0.00065
197826.130 0.00091 -0.00211 -0.00150
197826.134 0.00059 -0.00169 -0.00051
197826.138 0.00023 -0.00264 -0.00131
197826.142 0.00012 -0.00288 -0.00091
197826.146 0.00129 -0.00204 -0.00096
197826.149 0.00115 -0.00197 -0.00082
197826.154 0.00066 -0.00180 -0.00094
197826.158 0.00084 -0.00161 -0.00082
197826.162 0.00073 -0.00230 -0.00017
197826.166 0.00086 -0.00129 -0.00077
197826.170 0.00089 -0.00328 -0.00183
197826.174 0.00150 -0.00244 -0.00120
197826.178 0.00077 -0.00237 -0.00194
197826.182 0.00010 -0.00115 -0.00154
197826.186 0.00040 -0.00218 -0.00082
197826.191 0.00031 -0.00216 -0.00169
197826.194 0.00075 -0.00246 -0.00162
197826.198 0.00117 -0.00223 -0.00113
197826.202 0.00218 -0.00202 -0.00133
197826.206 0.00138 -0.00120 0.00012
197826.210 0.00194 -0.00190 0.00005
197826.214 0.00133 -0.00223 -0.00040
197826.218 0.00101 -0.00202 -0.00007
197826.222 0.00093 -0.00195 0.00000
197826.226 0.00120 -0.00225 0.00061
197826.230 0.00202 -0.00187 -0.00010
197826.234 0.00241 -0.00237 -0.00075
197826.238 0.00024 -0.00251 0.00058
197826.242 0.00087 -0.00148 -0.00072
197826.246 0.00164 -0.00243 -0.00136
197826.250 0.00140 -0.00162 0.00042
197826.254 0.00133 -0.00216 -0.00152
197826.258 -0.00093 -0.00199 -0.00112
197826.262 0.00026 -0.00180 -0.00042
197826.266 -0.00016 -0.00086 0.00037
197826.269 0.00122 -0.00195 -0.00077
197826.274 0.00054 -0.00284 -0.00108
197826.278 0.00021 -0.00323 -0.00131
197826.282 0.00056 -0.00229 -0.00091
197826.286 0.00021 -0.00188 -0.00141
197826.290 0.00133 -0.00223 -0.00065
197826.294 0.00072 -0.00187 -0.00028
197826.298 0.00024 -0.00192 -0.00035
197826.302 0.00119 -0.00164 -0.00021
197826.306 0.00098 -0.00141 -0.00077
197826.310 0.00183 -0.00211 -0.00154
197826.314 0.00084 -0.00094 -0.00082
197826.318 0.00044 -0.00183 -0.00033
197826.322 0.00093 -0.00162 0.00129
197826.326 0.00077 -0.00171 0.00005
197826.330 0.00147 -0.00218 -0.00099
197826.334 0.00120 -0.00246 -0.00129
197826.338 0.00068 -0.00298 -0.00075
197826.342 0.00175 -0.00342 -0.00122
197826.346 0.00143 -0.00309 0.00000
197826.350 0.00148 -0.00269 -0.00087
197826.354 0.00150 -0.00215 -0.00003
197826.358 0.00136 -0.00215 -0.00073
197826.362 0.00133 -0.00230 -0.00152
197826.366 -0.00047 -0.00159 -0.00096
197826.370 0.00009 -0.00110 -0.00143
197826.374 0.00113 -0.00143 -0.00094
197826.378 0.00037 -0.00241 -0.00051
197826.382 0.00031 -0.00372 -0.00115
197826.386 0.00059 -0.00225 -0.00026
197826.390 0.00127 -0.00141 -0.00169
197826.394 0.00129 -0.00120 -0.00042
197826.398 0.00101 -0.00220 -0.00038
197826.402 0.00108 -0.00291 -0.00037
197826.406 0.00124 -0.00220 0.00037
197826.410 0.00115 -0.00321 -0.00017
197826.414 0.00080 -0.00213 -0.00016
197826.418 0.00237 -0.00185 -0.00061
197826.422 0.00099 -0.00101 0.00016
197826.426 0.00061 -0.00246 -0.00127
197826.429 0.00023 -0.00162 -0.00136
197826.434 0.00148 -0.00080 -0.00031
197826.438 0.00150 -0.00195 -0.00065
197826.442 0.00061 -0.00119 -0.00044
197826.446 0.00082 -0.00220 -0.00024
197826.450 0.00028 -0.00171 -0.00049
197826.454 0.00164 -0.00127 -0.00040
197826.458 0.00124 -0.00208 -0.00068
197826.462 0.00084 -0.00199 -0.00059
197826.466 0.00164 -0.00164 0.00002
197826.470 0.00230 -0.00173 -0.00042
197826.474 0.00051 -0.00159 -0.00023
197826.478 0.00049 -0.00246 -0.00124
197826.482 0.00094 -0.00192 -0.00075
197826.486 0.00091 -0.00253 -0.00136
197826.489 0.00120 -0.00195 0.00056
197826.494 0.00068 -0.00239 -0.00026
197826.498 0.00070 -0.00161 -0.00110
197826.502 0.00054 -0.00185 -0.00056
197826.506 0.00066 -0.00237 -0.00192
197826.510 0.00024 -0.00236 -0.00152
197826.514 0.00012 -0.00295 0.00037
197826.518 0.00024 -0.00190 -0.00093
197826.522 0.00012 -0.00269 -0.00082
197826.526 0.00115 -0.00258 -0.00063
197826.530 0.00096 -0.00182 0.00016
197826.534 0.00138 -0.00236 -0.00098
197826.539 0.00148 -0.00131 -0.00127
197826.542 0.00120 -0.00162 -0.00030
197826.546 0.00082 -0.00216 -0.00051
197826.549 0.00028 -0.00185 -0.00056
197826.554 0.00014 -0.00192 -0.00101
197826.558 0.00024 -0.00133 -0.00023
197826.562 0.00194 -0.00148 -0.00049
197826.566 0.00117 -0.00183 -0.00024
197826.570 0.00143 -0.00147 -0.00003
197826.574 0.00028 -0.00182 0.00075
197826.578 0.00044 -0.00131 0.00007
197826.582 0.00063 -0.00117 -0.00040
197826.586 0.00113 -0.00204 -0.00098
197826.590 0.00066 -0.00136 -0.00068
197826.594 0.00098 -0.00119 0.00014
197826.598 0.00213 -0.00159 -0.00052
197826.602 0.00213 -0.00246 -0.00042
197826.606 0.00197 -0.00194 -0.00082
197826.610 0.00058 -0.00164 -0.00094
197826.614 0.00051 -0.00157 -0.00112
197826.618 0.00080 -0.00169 -0.00086
197826.622 0.00162 -0.00143 -0.00110
197826.626 0.00215 -0.00241 -0.00040
197826.630 0.00093 -0.00251 -0.00098
197826.634 0.00061 -0.00330 -0.00218
197826.638 0.00052 -0.00124 -0.00038
197826.642 0.00051 -0.00176 -0.00007
197826.646 -0.00009 -0.00159 -0.00014
197826.649 0.00049 -0.00276 -0.00031
197826.654 0.00124 -0.00155 -0.00005
197826.658 0.00070 -0.00185 -0.00073
197826.662 0.00115 -0.00328 -0.00106
197826.666 0.00066 -0.00229 -0.00129
197826.670 -0.00035 -0.00234 -0.00152
197826.674 -0.00031 -0.00279 -0.00037
197826.678 0.00119 -0.00307 -0.00157
197826.682 0.00068 -0.00421 -0.00054
197826.686 -0.00005 -0.00298 0.00017
197826.690 0.00094 -0.00222 -0.00066
197826.694 -0.00012 -0.00262 -0.00075
197826.698 -0.00040 -0.00243 -0.00182
197826.702 0.00040 -0.00283 -0.00030
197826.706 0.00152 -0.00262 -0.00065
197826.709 0.00077 -0.00302 -0.00194
197826.714 0.00101 -0.00162 -0.00108
197826.718 0.00124 -0.00276 -0.00175
197826.722 0.00113 -0.00171 -0.00164
197826.726 0.00126 -0.00218 -0.00190
197826.730 0.00220 -0.00126 -0.00077
197826.734 0.00110 -0.00147 -0.00063
197826.738 0.00080 -0.00211 -0.00119
197826.742 0.00103 -0.00168 -0.00194
197826.746 0.00124 -0.00248 -0.00002
197826.750 0.00099 -0.00208 -0.00058
197826.754 0.00108 -0.00122 -0.00072
197826.758 0.00124 -0.00131 -0.00197
197826.762 0.00190 -0.00192 -0.00108
197826.766 0.00056 -0.00314 -0.00070
197826.770 0.00066 -0.00302 -0.00120
197826.774 0.00113 -0.00267 -0.00105
197826.778 0.00112 -0.00288 0.00003
197826.782 0.00005 -0.00293 -0.00115
197826.786 -0.00021 -0.00251 -0.00223
197826.790 -0.00012 -0.00269 -0.00131
197826.794 -0.00072 -0.00229 -0.00091
197826.798 0.00017 -0.00143 -0.00112
197826.802 0.00072 -0.00150 -0.00010
197826.806 0.00161 -0.00213 0.00014
197826.810 0.00094 -0.00140 -0.00173
197826.814 0.00075 -0.00180 -0.00117
197826.818 0.00176 -0.00220 -0.00058
197826.822 0.00037 -0.00187 -0.00147
197826.826 0.00091 -0.00222 -0.00096
197826.829 0.00120 -0.00171 -0.00066
197826.834 0.00113 -0.00293 -0.00119
197826.838 0.00066 -0.00220 -0.00044
197826.842 0.00068 -0.00187 -0.00054
197826.846 0.00129 -0.00283 -0.00026
197826.850 0.00131 -0.00262 -0.00079
197826.854 0.00131 -0.00288 -0.00108
197826.858 0.00161 -0.00250 -0.00070
197826.862 0.00185 -0.00058 -0.00136
197826.866 0.00129 -0.00218 -0.00093
197826.870 0.00131 -0.00262 -0.00096
197826.874 0.00086 -0.00302 -0.00082
197826.878 0.00134 -0.00222 -0.00063
197826.882 0.00117 -0.00157 -0.00134
197826.886 0.00037 -0.00169 -0.00093
197826.891 0.00045 -0.00234 0.00037
197826.894 0.00049 -0.00161 0.00012
197826.898 -0.00054 -0.00080 0.00035
197826.902 -0.00021 -0.00194 -0.00003
197826.906 0.00061 -0.00134 0.00000
197826.910 0.00098 -0.00178 0.00017
197826.914 0.00106 -0.00115 -0.00037
197826.918 0.00079 -0.00234 -0.00082
197826.922 0.00103 -0.00356 -0.00003
197826.926 0.00093 -0.00281 -0.00073
197826.930 -0.00044 -0.00202 -0.00106
197826.934 0.00131 -0.00211 -0.00115
197826.938 0.00070 -0.00215 -0.00101
197826.942 -0.00003 -0.00154 -0.00084
197826.946 0.00065 -0.00094 -0.00140
197826.950 0.00038 -0.00288 -0.00108
197826.954 0.00077 -0.00204 -0.00070
197826.958 0.00042 -0.00211 -0.00136
197826.962 0.00063 -0.00290 -0.00077
197826.966 0.00082 -0.00339 -0.00138
197826.970 0.00103 -0.00323 -0.00079
197826.974 0.00094 -0.00229 -0.00122
197826.978 0.00045 -0.00234 -0.00028
197826.982 0.00049 -0.00159 0.00024
197826.986 0.00124 -0.00201 -0.00096
197826.989 0.00113 -0.00272 -0.00112
197826.994 0.00141 -0.00199 -0.00042
197826.998 0.00103 -0.00211 -0.00098
197827.002 0.00124 -0.00169 -0.00038
197827.006 0.00084 -0.00098 -0.00007
197827.010 0.00028 -0.00154 -0.00059
197827.014 0.00044 -0.00199 -0.00028
197827.018 0.00017 -0.00241 -0.00094
197827.022 -0.00199 -0.00147 -0.00021
197827.026 -0.00059 -0.00227 -0.00093
197827.030 0.00096 -0.00218 -0.00096
197827.034 0.00016 -0.00276 -0.00052
197827.038 0.00040 -0.00291 -0.00040
197827.042 0.00152 -0.00234 -0.00052
197827.046 0.00047 -0.00175 -0.00072
197827.049 0.00108 -0.00295 -0.00136
197827.054 0.00185 -0.00265 -0.00138
197827.058 0.00099 -0.00304 -0.00154
197827.062 0.00183 -0.00223 -0.00157
197827.066 0.00175 -0.00276 -0.00127
197827.070 -0.00021 -0.00201 -0.00091
197827.074 -0.00028 -0.00302 -0.00141
197827.078 -0.00059 -0.00312 -0.00140
197827.082 0.00005 -0.00225 -0.00094
197827.086 -0.00065 -0.00202 -0.00096
197827.090 -0.00070 -0.00272 -0.00112
197827.094 0.00003 -0.00169 -0.00117
197827.098 0.00037 -0.00188 -0.00178
197827.102 0.00106 -0.00267 -0.00148
197827.106 0.00065 -0.00258 -0.00096
197827.110 0.00188 -0.00286 -0.00066
197827.114 0.00101 -0.00173 0.00014
197827.118 0.00154 -0.00234 -0.00068
197827.122 0.00061 -0.00250 -0.00075
197827.126 0.00202 -0.00223 -0.00031
197827.130 0.00119 -0.00173 -0.00141
197827.134 0.00143 -0.00143 -0.00049
197827.138 0.00134 -0.00106 -0.00099
197827.142 0.00147 -0.00080 -0.00084
197827.146 0.00136 -0.00180 -0.00183
197827.149 0.00147 -0.00222 -0.00136
197827.154 0.00075 -0.00201 -0.00152
197827.158 0.00072 -0.00211 -0.00098
197827.162 0.00099 -0.00169 -0.00143
197827.166 0.00079 -0.00248 0.00024
197827.170 0.00087 -0.00298 -0.00065
197827.174 0.00164 -0.00237 -0.00134
197827.178 0.00140 -0.00265 0.00012
197827.182 0.00117 -0.00168 -0.00024
197827.186 0.00098 -0.00248 -0.00017
197827.190 0.00182 -0.00223 -0.00106
197827.194 0.00129 -0.00262 -0.00024
197827.198 0.00070 -0.00227 -0.00124
197827.202 0.00086 -0.00309 -0.00150
197827.206 0.00073 -0.00269 -0.00202
197827.209 -0.00079 -0.00258 -0.00019
197827.214 -0.00012 -0.00257 -0.00061
197827.218 0.00017 -0.00332 -0.00089
197827.222 0.00042 -0.00230 -0.00035
197827.226 0.00093 -0.00339 -0.00051
197827.230 0.00091 -0.00262 -0.00056
197827.234 0.00120 -0.00347 -0.00117
197827.239 0.00068 -0.00204 0.00002
197827.242 0.00024 -0.00272 0.00017
197827.246 -0.00002 -0.00124 -0.00082
197827.250 0.00051 -0.00115 -0.00017
197827.254 -0.00038 -0.00159 -0.00122
197827.258 -0.00017 -0.00155 -0.00119
197827.262 0.00152 -0.00215 0.00000
197827.266 0.00061 -0.00351 0.00002
197827.269 0.00023 -0.00204 -0.00056
197827.274 0.00012 -0.00227 -0.00087
197827.278 0.00101 -0.00293 -0.00110
197827.282 0.00033 -0.00297 -0.00070
197827.286 0.00166 -0.00297 -0.00045
197827.290 0.00094 -0.00265 -0.00070
197827.294 0.00136 -0.00229 -0.00136
197827.298 0.00147 -0.00127 -0.00063
197827.302 0.00211 -0.00222 -0.00089
197827.306 0.00091 -0.00291 -0.00065
197827.310 0.00105 -0.00265 -0.00150
197827.314 0.00155 -0.00122 -0.00096
197827.318 0.00031 -0.00236 -0.00007
197827.322 0.00000 -0.00190 -0.00089
197827.326 0.00126 -0.00162 -0.00035
197827.330 0.00145 -0.00171 -0.00005
197827.334 0.00180 -0.00218 0.00061
197827.338 0.00084 -0.00155 -0.00042
197827.342 0.00073 -0.00244 -0.00038
197827.346 -0.00002 -0.00237 -0.00127
197827.350 0.00021 -0.00236 -0.00136
197827.354 0.00058 -0.00145 -0.00106
197827.358 0.00037 -0.00152 -0.00056
197827.362 0.00136 -0.00304 -0.00026
197827.366 0.00162 -0.00223 -0.00065
197827.370 0.00154 -0.00232 -0.00119
197827.374 0.00061 -0.00145 -0.00103
197827.378 0.00113 -0.00197 -0.00113
197827.382 0.00141 -0.00209 -0.00042
197827.386 0.00134 -0.00213 -0.00023
197827.390 0.00072 -0.00319 -0.00124
197827.394 0.00220 -0.00213 -0.00089
197827.398 0.00140 -0.00199 -0.00110
197827.402 0.00133 -0.00211 -0.00147
197827.406 0.00042 -0.00215 -0.00246
197827.410 0.00108 -0.00290 -0.00122
197827.414 0.00065 -0.00204 -0.00134
197827.418 0.00175 -0.00136 -0.00168
197827.422 0.00066 -0.00180 -0.00176
197827.426 0.00220 -0.00281 -0.00162
197827.429 0.00140 -0.00216 -0.00040
197827.434 0.00072 -0.00094 -0.00066
197827.438 0.00070 -0.00213 -0.00225
197827.442 0.00115 -0.00319 -0.00101
197827.446 0.00082 -0.00288 -0.00084
197827.450 0.00178 -0.00113 -0.00003
197827.454 0.00129 -0.00234 -0.00073
197827.458 0.00070 -0.00188 -0.00136
197827.462 0.00040 -0.00269 -0.00168
197827.466 0.00122 -0.00199 -0.00101
197827.470 0.00068 -0.00180 -0.00143
197827.474 -0.00003 -0.00236 -0.00185
197827.478 0.00126 -0.00190 -0.00120
197827.482 -0.00019 -0.00253 -0.00164
197827.486 0.00045 -0.00300 -0.00145
197827.490 0.00003 -0.00162 -0.00155
197827.494 0.00143 -0.00201 -0.00082
197827.498 0.00059 -0.00225 -0.00154
197827.502 0.00066 -0.00112 -0.00098
197827.506 0.00038 -0.00173 -0.00037
197827.510 0.00061 -0.00279 -0.00112
197827.514 0.00037 -0.00202 -0.00087
197827.518 0.00047 -0.00166 -0.00065
197827.522 0.00033 -0.00216 -0.00089
197827.526 0.00166 -0.00140 -0.00080
197827.530 0.00155 -0.00059 -0.00033
197827.534 0.00106 -0.00234 -0.00037
197827.538 0.00033 -0.00340 -0.00037
197827.542 0.00075 -0.00202 0.00007
197827.546 0.00042 -0.00091 -0.00024
197827.549 0.00063 -0.00106 0.00024
197827.554 0.00098 -0.00187 -0.00051
197827.558 0.00152 -0.00192 -0.00086
197827.562 0.00122 -0.00298 -0.00080
197827.566 0.00098 -0.00162 -0.00063
197827.570 0.00077 -0.00262 -0.00239
197827.574 0.00087 -0.00182 -0.00044
197827.578 0.00059 -0.00267 0.00005
197827.582 0.00007 -0.00304 -0.00040
197827.586 0.00129 -0.00208 -0.00098
197827.591 0.00054 -0.00197 -0.00143
197827.594 0.00096 -0.00257 -0.00094
197827.598 0.00106 -0.00105 -0.00127
197827.602 0.00185 -0.00171 -0.00089
197827.606 0.00054 -0.00009 -0.00066
197827.610 0.00141 -0.00131 -0.00028
197827.614 0.00044 -0.00148 -0.00005
197827.618 0.00154 -0.00258 -0.00089
197827.622 0.00122 -0.00257 0.00009
197827.626 0.00084 -0.00164 -0.00038
197827.630 0.00103 -0.00112 -0.00052
197827.634 0.00094 -0.00202 -0.00040
197827.638 0.00136 -0.00332 -0.00127
197827.642 0.00133 -0.00262 -0.00106
197827.646 0.00131 -0.00166 -0.00054
197827.650 0.00131 -0.00187 -0.00117
197827.654 0.00026 -0.00253 -0.00044
197827.658 0.00103 -0.00450 -0.00082
197827.662 0.00183 -0.00337 -0.00079
197827.666 0.00054 -0.00291 -0.00079
197827.670 0.00080 -0.00250 -0.00093
197827.674 0.00042 -0.00255 -0.00051
197827.678 0.00138 -0.00286 -0.00040
197827.682 0.00117 -0.00232 -0.00098
197827.686 0.00264 -0.00250 -0.00143
197827.690 0.00150 -0.00223 -0.00169
197827.694 0.00061 -0.00246 -0.00056
197827.698 0.00052 -0.00284 -0.00087
197827.702 0.00126 -0.00232 -0.00126
197827.706 0.00054 -0.00175 -0.00030
197827.709 0.00066 -0.00204 0.00024
197827.714 0.00099 -0.00302 -0.00110
197827.718 0.00017 -0.00253 -0.00056
197827.722 0.00010 -0.00284 -0.00042
197827.726 0.00070 -0.00218 -0.00052
197827.730 0.00084 -0.00094 0.00033
197827.734 0.00073 -0.00229 -0.00047
197827.738 -0.00002 -0.00218 -0.00099
197827.742 -0.00113 -0.00110 -0.00159
197827.746 0.00021 -0.00082 -0.00084
197827.750 -0.00031 -0.00211 -0.00033
197827.754 0.00028 -0.00093 0.00068
197827.758 0.00105 -0.00077 0.00005
197827.762 0.00140 -0.00148 -0.00101
197827.766 0.00162 -0.00183 -0.00143
197827.769 0.00049 -0.00147 -0.00094
197827.774 0.00065 -0.00257 -0.00007
197827.778 0.00159 -0.00225 -0.00119
197827.782 0.00122 -0.00157 -0.00119
197827.786 0.00175 -0.00230 -0.00028
197827.790 0.00232 -0.00250 -0.00019
197827.794 0.00112 -0.00269 -0.00093
197827.798 0.00080 -0.00183 -0.00127
197827.802 -0.00002 -0.00312 -0.00089
197827.806 0.00141 -0.00225 -0.00021
197827.810 0.00058 -0.00262 -0.00063
197827.814 0.00202 -0.00197 -0.00103
197827.818 0.00150 -0.00150 -0.00070
197827.822 0.00166 -0.00183 -0.00120
197827.826 0.00124 -0.00222 -0.00134
197827.829 0.00115 -0.00216 -0.00122
197827.834 0.00202 -0.00246 -0.00059
197827.838 0.00059 -0.00269 -0.00133
197827.842 0.00021 -0.00258 -0.00031
197827.846 0.00058 -0.00197 -0.00094
197827.850 0.00096 -0.00225 -0.00082
197827.854 0.00061 -0.00098 0.00010
197827.858 0.00068 -0.00169 -0.00070
197827.862 0.00040 -0.00323 -0.00030
197827.866 0.00106 -0.00333 -0.00005
197827.870 0.00094 -0.00216 -0.00014
197827.874 -0.00028 -0.00094 -0.00016
197827.878 0.00089 -0.00094 -0.00045
197827.882 -0.00014 -0.00154 -0.00009
197827.886 -0.00010 -0.00244 -0.00044
197827.890 0.00049 -0.00208 -0.00009
197827.894 0.00079 -0.00168 0.00000
197827.898 0.00012 -0.00218 0.00031
197827.902 0.00009 -0.00291 -0.00049
197827.906 0.00024 -0.00234 -0.00099
197827.910 -0.00047 -0.00190 -0.00023
197827.914 0.00145 -0.00103 -0.00063
197827.918 0.00134 -0.00080 -0.00089
197827.922 0.00042 -0.00150 -0.00065
197827.926 0.00047 -0.00302 -0.00119
197827.929 0.00108 -0.00269 -0.00223
197827.934 0.00019 -0.00168 -0.00222
197827.939 -0.00017 -0.00173 -0.00099
197827.942 0.00093 -0.00175 -0.00038
197827.946 0.00031 -0.00143 -0.00007
197827.950 0.00030 -0.00166 -0.00059
197827.954 0.00075 -0.00232 -0.00073
197827.958 0.00040 -0.00084 0.00042
197827.962 0.00017 -0.00286 0.00044
197827.966 0.00101 -0.00218 -0.00045
197827.970 0.00122 -0.00246 -0.00175
197827.974 0.00054 -0.00222 -0.00072
197827.978 0.00187 -0.00248 -0.00106
197827.982 0.00131 -0.00103 -0.00024
197827.986 0.00101 -0.00169 -0.00003
197827.989 0.00154 -0.00159 -0.00119
197827.994 0.00182 -0.00169 -0.00119
197827.998 0.00023 -0.00143 0.00061
197828.002 0.00058 -0.00182 0.00063
197828.006 0.00112 -0.00190 -0.00010
197828.010 0.00066 -0.00298 -0.00075
197828.014 0.00024 -0.00206 -0.00077
197828.018 0.00133 -0.00168 -0.00017
197828.022 0.00101 -0.00173 -0.00061
197828.026 0.00017 -0.00127 -0.00089
197828.030 -0.00047 -0.00267 -0.00035
197828.034 0.00023 -0.00199 -0.00037
197828.038 -0.00016 -0.00241 -0.00066
197828.042 0.00017 -0.00312 -0.00014
197828.046 -0.00017 -0.00209 -0.00016
197828.050 0.00047 -0.00290 -0.00120
197828.054 0.00003 -0.00175 -0.00105
197828.058 0.00052 -0.00204 -0.00009
197828.062 0.00035 -0.00152 -0.00089
197828.066 0.00150 -0.00197 -0.00126
197828.070 -0.00012 -0.00346 -0.00075
197828.074 -0.00010 -0.00234 -0.00211
197828.078 0.00049 -0.00279 -0.00098
197828.082 0.00019 -0.00232 -0.00023
197828.086 0.00087 -0.00234 -0.00079
197828.090 0.00089 -0.00265 -0.00093
197828.094 0.00105 -0.00393 0.00037
197828.098 0.00124 -0.00216 0.00026
197828.102 0.00188 -0.00201 -0.00035
197828.106 0.00131 -0.00195 -0.00066
197828.110 0.00206 -0.00255 -0.00044
197828.114 0.00105 -0.00241 -0.00084
197828.118 0.00019 -0.00251 0.00010
197828.122 0.00072 -0.00194 -0.00054
197828.126 0.00131 -0.00119 -0.00026
197828.130 0.00147 -0.00204 -0.00094
197828.134 0.00044 -0.00272 -0.00052
197828.138 0.00003 -0.00290 -0.00176
197828.142 -0.00066 -0.00250 -0.00117
197828.146 -0.00010 -0.00089 -0.00162
197828.150 0.00003 -0.00211 -0.00190
197828.154 0.00098 -0.00244 -0.00168
197828.158 0.00063 -0.00222 -0.00131
197828.162 0.00082 -0.00082 -0.00045
197828.166 0.00178 -0.00209 -0.00009
197828.170 0.00038 -0.00183 -0.00164
197828.174 0.00061 -0.00176 -0.00086
197828.178 0.00264 -0.00250 -0.00033
197828.182 0.00105 -0.00180 -0.00096
197828.186 0.00049 -0.00190 -0.00066
197828.190 0.00154 -0.00194 -0.00119
197828.194 0.00031 -0.00330 -0.00134
197828.198 -0.00044 -0.00244 -0.00077
197828.202 0.00024 -0.00253 -0.00047
197828.206 0.00058 -0.00164 0.00003
197828.210 0.00157 -0.00171 -0.00056
197828.214 0.00033 -0.00173 -0.00101
197828.218 0.00091 -0.00188 -0.00099
197828.222 0.00016 -0.00208 -0.00113
197828.226 0.00145 -0.00183 -0.00042
197828.230 0.00164 -0.00161 0.00066
197828.234 0.00049 -0.00201 0.00003
197828.238 0.00079 -0.00241 -0.00056
197828.242 0.00042 -0.00251 0.00031
197828.246 0.00017 -0.00209 -0.00003
197828.250 0.00042 -0.00183 0.00031
197828.254 0.00063 -0.00206 -0.00049
197828.258 0.00098 -0.00227 0.00003
197828.262 0.00077 -0.00400 -0.00086
197828.266 0.00101 -0.00368 -0.00065
197828.269 0.00093 -0.00300 -0.00030
197828.274 0.00045 -0.00312 -0.00005
197828.278 0.00094 -0.00300 -0.00073
197828.282 0.00091 -0.00237 -0.00061
197828.286 0.00091 -0.00190 -0.00028
197828.291 0.00089 -0.00223 -0.00035
197828.294 0.00059 -0.00323 -0.00035
197828.298 -0.00021 -0.00213 -0.00082
197828.302 0.00136 -0.00138 0.00024
197828.306 0.00117 -0.00134 0.00054
197828.310 -0.00007 -0.00209 -0.00087
197828.314 0.00035 -0.00079 -0.00051
197828.318 0.00106 -0.00164 0.00003
197828.322 0.00049 -0.00112 -0.00026
197828.326 0.00155 -0.00232 -0.00140
197828.329 -0.00012 -0.00234 -0.00003
197828.334 0.00108 -0.00159 -0.00073
197828.338 0.00169 -0.00291 -0.00211
197828.342 0.00080 -0.00250 -0.00143
197828.346 0.00089 -0.00194 -0.00049
197828.350 0.00105 -0.00284 -0.00131
197828.354 0.00110 -0.00113 -0.00091
197828.358 0.00035 -0.00082 -0.00021
197828.362 0.00152 -0.00164 0.00010
197828.366 0.00075 -0.00262 -0.00084
197828.370 0.00042 -0.00197 0.00040
197828.374 0.00108 -0.00225 -0.00061
197828.378 0.00126 -0.00202 0.00016
197828.382 0.00129 -0.00091 0.00007
197828.386 0.00086 -0.00333 -0.00086
197828.390 0.00028 -0.00096 0.00145
197828.394 0.00105 -0.00108 0.00024
197828.398 0.00140 -0.00248 -0.00187
197828.402 0.00028 -0.00148 -0.00091
197828.406 -0.00059 -0.00168 -0.00141
197828.410 0.00035 -0.00188 -0.00094
197828.414 0.00166 -0.00192 0.00023
197828.418 0.00171 -0.00180 0.00068
197828.422 0.00080 -0.00356 -0.00084
197828.426 0.00178 -0.00297 0.00009
197828.429 0.00188 -0.00176 0.00019
197828.434 0.00131 -0.00129 -0.00051
197828.438 0.00101 -0.00283 -0.00056
197828.442 0.00093 -0.00218 -0.00056
197828.446 0.00045 -0.00262 -0.00026
197828.450 0.00094 -0.00152 -0.00154
197828.454 0.00122 -0.00258 -0.00173
197828.458 0.00084 -0.00257 -0.00072
197828.462 0.00014 -0.00195 -0.00105
197828.466 0.00054 -0.00164 0.00003
197828.470 0.00127 -0.00155 0.00033
197828.474 0.00084 -0.00260 -0.00063
197828.478 0.00059 -0.00211 -0.00028
197828.482 0.00037 -0.00199 -0.00140
197828.486 0.00061 -0.00150 -0.00199
197828.489 0.00098 -0.00168 -0.00154
197828.494 0.00017 -0.00187 -0.00187
197828.498 -0.00033 -0.00237 -0.00152
197828.502 -0.00002 -0.00311 -0.00021
197828.506 0.00080 -0.00180 0.00040
197828.510 0.00119 -0.00295 -0.00016
197828.514 0.00023 -0.00326 -0.00077
197828.518 0.00133 -0.00169 -0.00106
197828.522 0.00040 -0.00218 -0.00161
197828.526 0.00168 -0.00155 -0.00129
197828.530 -0.00024 -0.00185 -0.00136
197828.534 0.00075 -0.00251 -0.00108
197828.538 0.00056 -0.00194 -0.00131
197828.542 0.00066 -0.00119 -0.00136
197828.546 0.00024 -0.00175 -0.00108
197828.549 0.00133 -0.00175 0.00003
197828.554 0.00131 -0.00204 -0.00010
197828.558 0.00192 -0.00122 -0.00091
197828.562 0.00072 -0.00115 0.00009
197828.566 0.00115 -0.00188 -0.00086
197828.570 0.00007 -0.00194 0.00024
197828.574 0.00052 -0.00239 -0.00021
197828.578 0.00112 -0.00236 -0.00031
197828.582 0.00021 -0.00206 -0.00005
197828.586 -0.00002 -0.00197 0.00061
197828.590 -0.00038 -0.00271 -0.00072
197828.594 0.00086 -0.00244 -0.00091
197828.598 0.00073 -0.00312 -0.00112
197828.602 0.00206 -0.00241 -0.00131
197828.606 0.00166 -0.00147 -0.00152
197828.610 0.00051 -0.00227 -0.00127
197828.614 0.00065 -0.00173 -0.00016
197828.618 0.00188 -0.00234 -0.00016
197828.622 0.00131 -0.00204 0.00028
197828.626 0.00161 -0.00243 -0.00035
197828.630 0.00079 -0.00222 0.00068
197828.634 0.00117 -0.00216 -0.00113
197828.639 -0.00021 -0.00216 -0.00072
197828.642 0.00061 -0.00185 0.00073
197828.646 0.00037 -0.00087 -0.00037
197828.650 0.00122 -0.00152 -0.00066
197828.654 -0.00035 -0.00213 -0.00105
197828.658 -0.00017 -0.00079 -0.00024
197828.662 0.00093 -0.00180 -0.00094
197828.666 0.00166 -0.00206 -0.00021
197828.670 0.00065 -0.00122 -0.00047
197828.674 0.00084 -0.00281 -0.00145
197828.678 0.00058 -0.00278 -0.00126
197828.682 0.00007 -0.00246 -0.00120
197828.686 0.00023 -0.00194 -0.00058
197828.690 0.00044 -0.00103 -0.00148
197828.694 0.00079 -0.00201 -0.00155
197828.698 0.00072 -0.00136 -0.00052
197828.702 0.00176 -0.00330 -0.00010
197828.706 0.00098 -0.00140 0.00030
197828.709 0.00031 -0.00241 -0.00035
197828.714 0.00075 -0.00297 -0.00051
197828.718 0.00147 -0.00115 -0.00040
197828.722 0.00091 -0.00188 -0.00023
197828.726 0.00059 -0.00087 0.00026
197828.730 -0.00007 -0.00091 -0.00065
197828.734 0.00124 -0.00152 -0.00014
197828.738 -0.00003 -0.00213 -0.00045
197828.742 0.00035 -0.00110 0.00065
197828.746 0.00091 -0.00096 0.00035
197828.750 0.00091 -0.00229 -0.00049
197828.754 0.00089 -0.00204 -0.00161
197828.758 0.00150 -0.00241 -0.00220
197828.762 0.00166 -0.00342 -0.00129
197828.766 0.00169 -0.00248 -0.00077
197828.770 0.00155 -0.00269 -0.00152
197828.774 0.00106 -0.00290 -0.00066
197828.778 0.00049 -0.00279 -0.00059
197828.782 0.00065 -0.00232 -0.00058
197828.786 0.00068 -0.00159 -0.00028
197828.790 0.00099 -0.00215 -0.00033
197828.794 0.00002 -0.00124 -0.00005
197828.798 -0.00007 -0.00147 -0.00105
197828.802 0.00094 -0.00227 -0.00009
197828.806 0.00031 -0.00157 -0.00014
197828.810 0.00014 -0.00169 -0.00031
197828.814 -0.00049 -0.00173 -0.00080
197828.818 0.00038 -0.00159 -0.00049
197828.822 0.00047 -0.00215 -0.00145
197828.826 0.00079 -0.00319 -0.00051
197828.829 -0.00002 -0.00197 0.00019
197828.834 -0.00023 -0.00209 -0.00021
197828.838 0.00075 -0.00199 -0.00063
197828.842 0.00101 -0.00302 -0.00073
197828.846 0.00063 -0.00253 -0.00091
197828.850 0.00052 -0.00059 -0.00037
197828.854 -0.00038 -0.00129 -0.00037
197828.858 0.00072 -0.00176 0.00023
197828.862 0.00070 -0.00356 -0.00021
197828.866 0.00038 -0.00342 -0.00077
197828.870 0.00227 -0.00248 -0.00063
197828.874 0.00066 -0.00239 -0.00044
197828.878 0.00250 -0.00281 -0.00068
197828.882 0.00162 -0.00307 -0.00136
197828.886 0.00063 -0.00269 -0.00106
197828.890 0.00023 -0.00229 -0.00024
197828.894 0.00133 -0.00264 -0.00049
197828.898 0.00010 -0.00302 -0.00009
197828.902 -0.00019 -0.00253 -0.00120
197828.906 -0.00028 -0.00209 -0.00028
197828.910 0.00044 -0.00093 -0.00065
197828.914 0.00169 -0.00243 -0.00209
197828.918 0.00051 -0.00237 -0.00127
197828.922 0.00035 -0.00222 -0.00150
197828.926 0.00120 -0.00307 -0.00141
197828.930 0.00068 -0.00328 -0.00154
197828.934 0.00129 -0.00290 -0.00098
197828.938 0.00056 -0.00309 -0.00037
197828.942 0.00112 -0.00269 -0.00082
197828.946 0.00005 -0.00260 -0.00063
197828.950 0.00173 -0.00182 -0.00148
197828.954 0.00127 -0.00251 -0.00066
197828.958 0.00070 -0.00239 -0.00075
197828.962 0.00131 -0.00297 -0.00091
197828.966 0.00145 -0.00086 -0.00112
197828.970 0.00075 -0.00166 -0.00072
197828.974 0.00072 -0.00082 -0.00059
197828.978 0.00115 -0.00166 -0.00119
197828.982 -0.00023 -0.00202 -0.00194
197828.986 0.00120 -0.00241 -0.00183
197828.991 0.00082 -0.00222 -0.00164
197828.994 0.00194 -0.00307 -0.00115
197828.998 0.00192 -0.00208 -0.00101
197829.002 0.00133 -0.00199 -0.00145
197829.006 0.00026 -0.00075 -0.00065
197829.010 0.00058 -0.00103 -0.00059
197829.014 0.00037 -0.00171 -0.00148
197829.018 0.00047 -0.00218 -0.00140
197829.022 0.00063 -0.00321 -0.00274
197829.026 0.00098 -0.00197 -0.00159
197829.030 0.00031 -0.00241 -0.00129
197829.034 0.00075 -0.00281 -0.00120
197829.038 0.00072 -0.00307 -0.00119
197829.042 0.00190 -0.00269 -0.00133
197829.046 0.00117 -0.00304 -0.00047
197829.049 -0.00007 -0.00269 -0.00038
197829.054 -0.00054 -0.00304 -0.00052
197829.058 -0.00051 -0.00389 -0.00161
197829.062 0.00098 -0.00155 -0.00070
197829.066 0.00138 -0.00229 0.00000
197829.070 0.00133 -0.00188 -0.00058
197829.074 0.00131 -0.00178 -0.00012
197829.078 0.00072 -0.00220 -0.00014
197829.082 0.00040 -0.00155 -0.00122
197829.086 0.00031 -0.00290 -0.00073
197829.090 0.00120 -0.00400 -0.00120
197829.094 0.00052 -0.00354 -0.00089
197829.098 0.00110 -0.00386 -0.00155
197829.102 0.00216 -0.00229 -0.00188
197829.106 0.00138 -0.00204 -0.00091
197829.109 0.00148 -0.00152 -0.00005
197829.114 0.00120 -0.00122 0.00000
197829.118 0.00007 -0.00267 -0.00042
197829.122 0.00038 -0.00288 -0.00068
197829.126 -0.00028 -0.00159 0.00000
197829.130 0.00030 -0.00260 -0.00072
197829.134 0.00014 -0.00227 -0.00045
197829.138 -0.00003 -0.00202 -0.00038
197829.142 0.00035 -0.00286 -0.00143
197829.146 0.00166 -0.00248 -0.00079
197829.150 0.00096 -0.00314 -0.00093
197829.154 0.00031 -0.00286 -0.00021
197829.158 0.00075 -0.00248 -0.00197
197829.162 -0.00002 -0.00208 -0.00140
197829.166 0.00096 -0.00168 -0.00079
197829.170 0.00106 -0.00173 -0.00108
197829.174 0.00124 -0.00264 -0.00086
197829.178 0.00099 -0.00213 -0.00094
197829.182 0.00002 -0.00199 -0.00037
197829.186 -0.00023 -0.00271 -0.00007
197829.190 0.00106 -0.00154 -0.00119
197829.194 0.00140 -0.00274 -0.00119
197829.198 0.00119 -0.00276 -0.00208
197829.202 0.00066 -0.00262 -0.00082
197829.206 0.00145 -0.00197 -0.00049
197829.209 0.00105 -0.00225 -0.00024
197829.214 0.00169 -0.00278 -0.00003
197829.218 0.00141 -0.00201 -0.00058
197829.222 0.00012 -0.00271 -0.00148
197829.226 0.00070 -0.00230 -0.00037
197829.230 0.00145 -0.00250 -0.00021
197829.234 0.00164 -0.00239 -0.00077
197829.238 -0.00009 -0.00312 -0.00093
197829.242 0.00049 -0.00255 0.00023
197829.246 0.00124 -0.00134 0.00023
197829.250 0.00145 -0.00134 -0.00096
197829.254 0.00150 -0.00239 -0.00127
197829.258 0.00150 -0.00192 -0.00075
197829.262 0.00000 -0.00223 -0.00106
197829.266 0.00007 -0.00293 0.00003
197829.269 0.00023 -0.00265 0.00033
197829.274 0.00028 -0.00333 -0.00093
197829.278 0.00119 -0.00216 -0.00157
197829.282 0.00082 -0.00155 -0.00098
197829.286 0.00058 -0.00229 -0.00113
197829.290 0.00007 -0.00248 -0.00117
197829.294 0.00038 -0.00269 -0.00103
197829.298 -0.00042 -0.00258 0.00005
197829.302 -0.00063 -0.00211 -0.00115
197829.306 -0.00024 -0.00229 -0.00147
197829.310 -0.00059 -0.00323 -0.00187
197829.314 -0.00007 -0.00304 -0.00136
197829.318 0.00110 -0.00223 -0.00138
197829.322 0.00096 -0.00216 -0.00017
197829.326 0.00031 -0.00321 -0.00077
197829.330 0.00059 -0.00288 -0.00077
197829.334 -0.00007 -0.00264 -0.00002
197829.339 0.00019 -0.00227 -0.00028
197829.342 0.00101 -0.00157 -0.00124
197829.346 0.00108 -0.00185 -0.00059
197829.350 0.00080 -0.00267 -0.00028
197829.354 0.00028 -0.00229 -0.00155
197829.358 -0.00016 -0.00068 -0.00052
197829.362 0.00031 -0.00147 -0.00086
197829.366 0.00136 -0.00106 -0.00065
197829.370 0.00056 -0.00171 -0.00105
197829.374 0.00037 -0.00188 -0.00024
197829.378 0.00106 -0.00133 0.00024
197829.382 0.00094 -0.00148 0.00024
197829.386 0.00136 -0.00227 -0.00080
197829.390 0.00026 -0.00323 -0.00108
197829.394 0.00119 -0.00229 -0.00056
197829.398 -0.00005 -0.00323 -0.00026
197829.402 0.00065 -0.00333 -0.00124
197829.406 0.00054 -0.00262 -0.00164
197829.410 0.00021 -0.00227 -0.00206
197829.414 0.00101 -0.00188 -0.00155
197829.418 0.00003 -0.00133 -0.00159
197829.422 0.00007 -0.00314 -0.00023
197829.426 -0.00005 -0.00257 -0.00049
197829.430 0.00080 -0.00241 -0.00175
197829.434 0.00117 -0.00192 -0.00162
197829.438 0.00023 -0.00298 -0.00161
197829.442 0.00072 -0.00297 -0.00188
197829.446 0.00086 -0.00372 -0.00197
197829.450 0.00089 -0.00316 -0.00124
197829.454 0.00134 -0.00195 -0.00059
197829.458 -0.00002 -0.00180 -0.00148
197829.462 0.00035 -0.00161 -0.00035
197829.466 0.00166 -0.00096 -0.00005
197829.470 0.00126 -0.00199 -0.00105
197829.474 0.00159 -0.00166 -0.00129
197829.478 0.00049 -0.00066 -0.00106
197829.482 0.00003 -0.00026 -0.00084
197829.486 0.00007 -0.00166 -0.00079
197829.490 0.00023 -0.00201 -0.00079
197829.494 0.00028 -0.00272 -0.00077
197829.498 0.00028 -0.00260 -0.00047
197829.502 0.00059 -0.00227 -0.00024
197829.506 0.00082 -0.00232 -0.00108
197829.510 0.00178 -0.00129 -0.00145
197829.514 0.00084 -0.00192 -0.00140
197829.518 0.00044 -0.00223 -0.00183
197829.522 0.00033 -0.00368 -0.00045
197829.526 0.00030 -0.00466 -0.00054
197829.530 0.00059 -0.00265 -0.00131
197829.534 0.00173 -0.00199 -0.00122
197829.538 0.00112 -0.00241 -0.00178
197829.542 0.00035 -0.00131 -0.00134
197829.546 0.00059 -0.00117 -0.00016
197829.549 0.00023 -0.00190 -0.00077
197829.554 0.00026 -0.00223 -0.00138
197829.558 0.00089 -0.00187 -0.00138
197829.562 0.00075 -0.00298 -0.00199
197829.566 0.00161 -0.00342 -0.00079
197829.570 0.00108 -0.00368 -0.00077
197829.574 0.00080 -0.00284 -0.00047
197829.578 0.00042 -0.00202 -0.00129
197829.582 0.00033 -0.00106 -0.00016
197829.586 0.00105 -0.00246 0.00012
197829.590 0.00110 -0.00253 -0.00113
197829.594 0.00051 -0.00180 -0.00042
197829.598 -0.00009 -0.00206 -0.00098
197829.602 0.00003 -0.00106 -0.00127
197829.606 0.00068 -0.00246 -0.00075
197829.609 0.00204 -0.00208 -0.00047
197829.614 0.00150 -0.00243 -0.00145
197829.618 0.00166 -0.00162 -0.00005
197829.622 0.00126 -0.00171 0.00045
197829.626 0.00115 -0.00202 -0.00059
197829.630 0.00157 -0.00211 0.00016
197829.634 0.00047 -0.00183 -0.00023
197829.638 0.00065 -0.00101 0.00026
197829.642 0.00129 -0.00246 -0.00019
197829.646 0.00099 -0.00208 -0.00002
197829.650 0.00138 -0.00197 0.00000
197829.654 0.00073 -0.00211 -0.00072
197829.658 0.00070 -0.00138 -0.00077
197829.662 0.00099 -0.00255 -0.00138
197829.666 0.00031 -0.00271 -0.00183
197829.670 0.00061 -0.00124 -0.00089
197829.674 0.00037 -0.00145 -0.00021
197829.678 0.00152 -0.00227 -0.00077
197829.682 0.00031 -0.00218 -0.00183
197829.686 -0.00089 -0.00276 -0.00120
197829.691 -0.00061 -0.00442 -0.00148
197829.694 0.00171 -0.00274 -0.00021
197829.698 0.00080 -0.00244 -0.00122
197829.702 0.00089 -0.00208 0.00000
197829.706 0.00000 -0.00272 -0.00042
197829.709 0.00037 -0.00335 -0.00038
197829.714 0.00197 -0.00291 -0.00082
197829.718 0.00103 -0.00295 -0.00124
197829.722 -0.00010 -0.00251 -0.00030
197829.726 0.00108 -0.00223 -0.00080
197829.730 0.00065 -0.00337 -0.00079
197829.734 0.00009 -0.00337 -0.00017
197829.738 0.00038 -0.00262 -0.00061
197829.742 -0.00026 -0.00304 -0.00103
197829.746 0.00000 -0.00253 -0.00084
197829.750 0.00051 -0.00195 -0.00169
197829.754 0.00065 -0.00239 0.00002
197829.758 0.00099 -0.00222 -0.00042
197829.762 0.00229 -0.00291 -0.00084
197829.766 0.00141 -0.00220 -0.00033
197829.769 0.00178 -0.00171 -0.00096
197829.774 0.00038 -0.00127 -0.00098
197829.778 0.00106 -0.00147 -0.00173
197829.782 0.00065 -0.00213 -0.00087
197829.786 0.00038 -0.00079 -0.00169
197829.790 0.00031 -0.00134 -0.00237
197829.794 0.00120 -0.00239 -0.00073
197829.798 0.00023 -0.00190 -0.00016
197829.802 -0.00045 -0.00314 -0.00091
197829.806 0.00159 -0.00332 -0.00096
197829.810 0.00108 -0.00276 -0.00202
197829.814 0.00305 -0.00276 -0.00185
197829.818 0.00237 -0.00230 -0.00120
197829.822 0.00159 -0.00248 -0.00133
197829.826 0.00138 -0.00284 -0.00047
197829.829 0.00178 -0.00218 -0.00129
197829.834 0.00173 -0.00216 -0.00061
197829.838 0.00021 -0.00185 -0.00042
197829.842 0.00087 -0.00056 -0.00038
197829.846 0.00180 -0.00250 -0.00023
197829.850 0.00099 -0.00269 0.00026
197829.854 0.00093 -0.00274 0.00054
197829.858 0.00075 -0.00321 -0.00058
197829.862 0.00056 -0.00363 -0.00162
197829.866 0.00112 -0.00253 -0.00129
197829.870 0.00096 -0.00239 -0.00166
197829.874 0.00061 -0.00161 -0.00115
197829.878 0.00157 -0.00185 -0.00117
197829.882 -0.00040 -0.00222 -0.00194
197829.886 0.00010 -0.00262 -0.00138
197829.890 -0.00065 -0.00243 -0.00093
197829.894 0.00065 -0.00326 -0.00126
197829.898 0.00099 -0.00365 -0.00195
197829.902 0.00002 -0.00314 -0.00213
197829.906 -0.00051 -0.00195 -0.00098
197829.910 0.00023 -0.00180 -0.00037
197829.914 0.00042 -0.00190 -0.00082
197829.918 0.00063 -0.00178 -0.00094
197829.922 0.00052 -0.00236 -0.00112
197829.926 0.00080 -0.00220 -0.00117
197829.930 0.00042 -0.00230 -0.00042
197829.934 0.00063 -0.00234 0.00005
197829.938 0.00098 -0.00236 -0.00056
197829.942 0.00047 -0.00175 -0.00117
197829.946 0.00033 -0.00038 -0.00028
197829.950 -0.00014 -0.00183 -0.00079
197829.954 0.00017 -0.00283 -0.00079
197829.958 0.00147 -0.00202 -0.00033
197829.962 0.00016 -0.00241 -0.00140
197829.966 -0.00019 -0.00281 -0.00230
197829.970 0.00077 -0.00339 -0.00162
197829.974 0.00026 -0.00202 -0.00084
197829.978 0.00134 -0.00152 -0.00019
197829.982 0.00042 -0.00169 -0.00077
197829.986 0.00108 -0.00173 -0.00213
197829.989 0.00080 -0.00173 0.00051
197829.994 0.00072 -0.00234 -0.00073
197829.998 -0.00017 -0.00250 -0.00182
197830.002 0.00077 -0.00194 -0.00209
197830.006 0.00026 -0.00164 -0.00096
197830.010 0.00134 -0.00141 -0.00082
197830.014 0.00101 -0.00195 -0.00049
197830.018 0.00017 -0.00255 0.00003
197830.022 0.00101 -0.00209 0.00049
197830.026 0.00108 -0.00213 -0.00089
197830.030 0.00140 -0.00215 0.00023
197830.034 0.00194 -0.00321 -0.00096
197830.039 0.00192 -0.00272 -0.00113
197830.042 0.00087 -0.00244 -0.00176
197830.046 0.00134 -0.00117 -0.00087
197830.050 0.00101 -0.00234 -0.00141
197830.054 0.00124 -0.00190 -0.00108
197830.058 0.00188 -0.00208 -0.00010
197830.062 0.00056 -0.00318 -0.00014
197830.066 0.00141 -0.00106 -0.00045
197830.070 0.00044 -0.00155 -0.00054
197830.074 0.00138 -0.00154 -0.00117
197830.078 0.00119 -0.00140 -0.00103
197830.082 0.00023 -0.00164 0.00019
197830.086 0.00103 -0.00216 -0.00082
197830.090 0.00124 -0.00305 -0.00154
197830.094 0.00113 -0.00314 -0.00066
197830.098 0.00187 -0.00271 -0.00150
197830.102 0.00040 -0.00229 -0.00126
197830.106 0.00017 -0.00279 -0.00166
197830.109 -0.00047 -0.00262 -0.00056
197830.114 0.00129 -0.00243 -0.00101
197830.118 0.00131 -0.00192 -0.00084
197830.122 0.00101 -0.00253 -0.00094
197830.126 0.00094 -0.00241 -0.00037
197830.130 -0.00058 -0.00251 -0.00141
197830.134 -0.00052 -0.00225 -0.00185
197830.138 0.00023 -0.00141 -0.00105
197830.142 -0.00002 -0.00136 -0.00099
197830.146 0.00066 -0.00164 -0.00038
197830.150 0.00175 -0.00291 -0.00052
197830.154 0.00127 -0.00311 -0.00072
197830.158 0.00099 -0.00300 -0.00136
197830.162 0.00047 -0.00328 -0.00077
197830.166 0.00033 -0.00229 0.00010
197830.170 0.00030 -0.00279 0.00005
197830.174 0.00030 -0.00112 0.00017
197830.178 0.00014 -0.00202 -0.00173
197830.182 0.00040 -0.00166 -0.00192
197830.186 -0.00058 -0.00141 -0.00122
197830.190 0.00051 -0.00271 -0.00119
197830.194 0.00049 -0.00260 -0.00073
197830.198 0.00169 -0.00316 -0.00182
197830.202 0.00066 -0.00241 -0.00180
197830.206 0.00143 -0.00251 -0.00225
197830.210 0.00044 -0.00300 -0.00251
197830.214 0.00169 -0.00101 -0.00093
197830.218 0.00110 -0.00140 -0.00066
197830.222 0.00005 -0.00180 -0.00164
197830.226 0.00052 -0.00267 -0.00222
197830.230 0.00035 -0.00288 -0.00161
197830.234 0.00031 -0.00204 -0.00098
197830.238 0.00134 -0.00211 -0.00038
197830.242 0.00133 -0.00199 -0.00143
197830.246 0.00101 -0.00225 -0.00079
197830.250 0.00002 -0.00143 0.00010
197830.254 0.00052 -0.00227 0.00035
197830.258 0.00066 -0.00218 -0.00063
197830.262 0.00038 -0.00246 -0.00028
197830.266 0.00031 -0.00178 -0.00110
197830.269 0.00089 -0.00131 0.00017
197830.274 0.00030 -0.00267 -0.00021
197830.278 0.00014 -0.00183 -0.00122
197830.282 0.00056 -0.00131 -0.00134
197830.286 -0.00007 -0.00208 -0.00168
197830.290 0.00079 -0.00124 0.00017
197830.294 0.00101 -0.00222 -0.00021
197830.298 0.00124 -0.00140 -0.00033
197830.302 0.00009 -0.00286 -0.00112
197830.306 0.00009 -0.00159 -0.00072
197830.310 0.00009 -0.00244 -0.00075
197830.314 0.00009 -0.00298 -0.00002
197830.318 0.00070 -0.00192 -0.00073
197830.322 0.00054 -0.00194 -0.00031
197830.326 0.00051 -0.00194 -0.00080
197830.329 0.00019 -0.00194 -0.00124
197830.334 0.00056 -0.00164 -0.00030
197830.338 0.00141 -0.00262 -0.00080
197830.342 0.00223 -0.00211 -0.00124
197830.346 0.00080 -0.00199 -0.00150
197830.350 -0.00016 -0.00241 -0.00171
197830.354 0.00017 -0.00161 -0.00042
197830.358 0.00117 -0.00185 -0.00068
197830.362 0.00082 -0.00297 -0.00164
197830.366 0.00073 -0.00297 -0.00099
197830.370 0.00115 -0.00222 -0.00159
197830.374 0.00112 -0.00216 -0.00054
197830.378 0.00201 -0.00185 -0.00010
197830.382 0.00134 -0.00281 -0.00166
197830.386 0.00072 -0.00293 -0.00086
197830.391 0.00040 -0.00250 -0.00065
197830.394 0.00106 -0.00209 -0.00028
197830.398 0.00155 -0.00213 -0.00080
197830.402 0.00016 -0.00305 -0.00108
197830.406 0.00026 -0.00269 -0.00176
197830.410 0.00058 -0.00288 -0.00058
197830.414 0.00098 -0.00339 -0.00072
197830.418 -0.00026 -0.00157 -0.00077
197830.422 0.00000 -0.00290 -0.00061
197830.426 0.00051 -0.00220 -0.00148
197830.430 0.00051 -0.00246 -0.00171
197830.434 0.00065 -0.00208 -0.00133
197830.438 0.00099 -0.00229 -0.00122
197830.442 0.00106 -0.00127 0.00045
197830.446 0.00140 -0.00208 -0.00059
197830.450 0.00194 -0.00227 -0.00162
197830.454 0.00133 -0.00204 -0.00131
197830.458 0.00147 -0.00136 -0.00091
197830.462 0.00150 -0.00180 -0.00126
197830.466 0.00075 -0.00340 -0.00120
197830.470 0.00086 -0.00218 -0.00164
197830.474 0.00119 -0.00185 0.00003
197830.478 0.00098 -0.00222 0.00017
197830.482 0.00138 -0.00232 -0.00127
197830.486 0.00117 -0.00188 -0.00120
197830.489 0.00052 -0.00269 -0.00134
197830.494 0.00080 -0.00290 -0.00168
197830.498 -0.00002 -0.00234 -0.00101
197830.502 0.00082 -0.00190 -0.00173
197830.506 0.00058 -0.00269 -0.00073
197830.510 0.00007 -0.00199 -0.00120
197830.514 0.00098 -0.00059 -0.00014
197830.518 0.00108 -0.00265 0.00000
197830.522 0.00140 -0.00168 -0.00058
197830.526 0.00058 -0.00141 -0.00133
197830.530 0.00127 -0.00225 -0.00182
197830.534 -0.00019 -0.00368 -0.00134
197830.538 0.00061 -0.00255 -0.00047
197830.542 -0.00051 -0.00241 -0.00084
197830.546 0.00098 -0.00342 -0.00169
197830.549 0.00077 -0.00234 -0.00086
197830.554 -0.00002 -0.00264 -0.00049
197830.558 0.00066 -0.00272 -0.00161
197830.562 0.00084 -0.00215 -0.00159
197830.566 0.00103 -0.00244 -0.00129
197830.570 0.00138 -0.00103 -0.00122
197830.574 0.00042 -0.00169 -0.00073
197830.578 0.00124 -0.00264 -0.00136
197830.582 0.00009 -0.00288 -0.00229
197830.586 0.00113 -0.00248 -0.00087
197830.590 0.00157 -0.00253 -0.00110
197830.594 0.00093 -0.00346 -0.00147
197830.598 0.00150 -0.00129 -0.00094
197830.602 0.00182 -0.00162 -0.00098
197830.606 0.00038 -0.00230 0.00005
197830.610 0.00091 -0.00354 -0.00024
197830.614 0.00061 -0.00372 -0.00079
197830.618 0.00052 -0.00330 -0.00122
197830.622 -0.00024 -0.00260 -0.00030
197830.626 0.00045 -0.00182 -0.00049
197830.630 0.00108 -0.00206 -0.00131
197830.634 0.00096 -0.00258 -0.00136
197830.638 0.00136 -0.00316 -0.00122
197830.642 0.00117 -0.00347 -0.00148
197830.646 0.00232 -0.00234 -0.00141
197830.650 0.00098 -0.00250 -0.00003
197830.654 0.00288 -0.00148 -0.00012
197830.658 0.00202 -0.00197 0.00058
197830.662 0.00044 -0.00271 -0.00042
197830.666 0.00094 -0.00244 -0.00127
197830.670 0.00150 -0.00344 -0.00091
197830.674 -0.00012 -0.00264 -0.00171
197830.678 0.00063 -0.00318 -0.00147
197830.682 0.00098 -0.00286 -0.00141
197830.686 0.00031 -0.00354 -0.00140
197830.690 0.00134 -0.00297 -0.00049
197830.694 0.00162 -0.00222 -0.00099
197830.698 0.00108 -0.00337 -0.00098
197830.702 0.00140 -0.00291 -0.00143
197830.706 0.00073 -0.00236 -0.00094
197830.709 0.00040 -0.00190 -0.00112
197830.714 0.00017 -0.00162 -0.00087
197830.718 0.00086 -0.00187 0.00024
197830.722 0.00089 -0.00208 -0.00065
197830.726 0.00120 -0.00183 -0.00044
197830.730 0.00023 -0.00206 -0.00068
197830.734 0.00073 -0.00197 -0.00091
197830.739 0.00236 -0.00180 -0.00110
197830.742 0.00113 -0.00311 -0.00040
197830.746 0.00112 -0.00421 -0.00098
197830.750 0.00080 -0.00223 -0.00038
197830.754 -0.00002 -0.00187 -0.00082
197830.758 -0.00007 -0.00237 -0.00017
197830.762 -0.00086 -0.00265 -0.00047
197830.766 0.00030 -0.00183 -0.00038
197830.770 0.00030 -0.00115 -0.00023
197830.774 -0.00016 -0.00325 -0.00124
197830.778 0.00033 -0.00183 -0.00030
197830.782 0.00016 -0.00162 -0.00019
197830.786 -0.00124 -0.00185 -0.00063
197830.790 0.00049 -0.00192 -0.00058
197830.794 0.00035 -0.00194 -0.00012
197830.798 0.00091 -0.00255 0.00000
197830.802 0.00000 -0.00316 -0.00192
197830.806 0.00021 -0.00286 -0.00108
197830.810 -0.00016 -0.00202 -0.00056
197830.814 0.00063 -0.00347 -0.00040
197830.818 0.00113 -0.00220 -0.00143
197830.822 0.00082 -0.00291 -0.00126
197830.826 -0.00061 -0.00190 -0.00014
197830.829 0.00155 -0.00162 0.00000
197830.834 0.00213 -0.00246 -0.00133
197830.838 0.00106 -0.00223 -0.00031
197830.842 0.00019 -0.00157 -0.00021
197830.846 0.00058 -0.00140 0.00056
197830.850 0.00126 -0.00180 -0.00103
197830.854 0.00099 -0.00222 -0.00009
197830.858 0.00108 -0.00201 -0.00059
197830.862 -0.00024 -0.00302 -0.00148
197830.866 0.00000 -0.00253 -0.00126
197830.870 -0.00023 -0.00284 -0.00075
197830.874 0.00014 -0.00278 -0.00077
197830.878 0.00056 -0.00246 -0.00017
197830.882 0.00005 -0.00283 -0.00093
197830.886 0.00113 -0.00202 -0.00037
197830.890 0.00096 -0.00152 -0.00037
197830.894 -0.00012 -0.00183 0.00023
197830.898 -0.00026 -0.00162 -0.00141
197830.902 0.00044 -0.00216 -0.00124
197830.906 -0.00040 -0.00185 -0.00209
197830.910 0.00024 -0.00192 -0.00096
197830.914 0.00028 -0.00194 -0.00127
197830.918 0.00119 -0.00194 -0.00180
197830.922 0.00159 -0.00255 -0.00195
197830.926 0.00017 -0.00284 -0.00122
197830.930 -0.00002 -0.00234 -0.00150
197830.934 0.00051 -0.00325 -0.00005
197830.938 0.00110 -0.00319 -0.00103
197830.942 0.00080 -0.00182 -0.00145
197830.946 0.00117 -0.00206 -0.00080
197830.950 0.00127 -0.00213 -0.00168
197830.954 0.00099 -0.00229 -0.00162
197830.958 0.00079 -0.00248 -0.00038
197830.962 0.00131 -0.00208 -0.00112
197830.966 0.00342 -0.00093 -0.00087
197830.970 0.00201 -0.00168 -0.00065
197830.974 0.00044 -0.00066 -0.00059
197830.978 0.00093 -0.00117 -0.00103
197830.982 0.00150 -0.00250 -0.00023
197830.986 0.00182 -0.00284 -0.00049
197830.989 0.00070 -0.00248 -0.00099
197830.994 -0.00049 -0.00253 -0.00068
197830.998 0.00007 -0.00180 -0.00014
197831.002 0.00009 -0.00131 0.00000
197831.006 0.00084 -0.00223 -0.00072
197831.010 0.00073 -0.00323 -0.00136
197831.014 0.00056 -0.00302 -0.00138
197831.018 0.00066 -0.00208 -0.00168
197831.022 0.00038 -0.00183 -0.00026
197831.026 0.00047 -0.00176 -0.00079
197831.030 0.00079 -0.00220 -0.00017
197831.034 0.00058 -0.00305 -0.00017
197831.038 0.00173 -0.00298 -0.00061
197831.042 0.00051 -0.00251 -0.00119
197831.046 0.00080 -0.00180 -0.00044
197831.049 0.00012 -0.00220 0.00110
197831.054 0.00070 -0.00201 -0.00028
197831.058 0.00190 -0.00182 -0.00049
197831.062 0.00147 -0.00161 -0.00010
197831.066 0.00105 -0.00140 -0.00075
197831.070 0.00140 -0.00225 -0.00077
197831.074 0.00284 -0.00309 -0.00106
197831.078 0.00080 -0.00253 0.00019
197831.082 0.00042 -0.00150 -0.00037
197831.086 0.00093 -0.00138 -0.00082
197831.091 0.00061 -0.00180 -0.00079
197831.094 0.00023 -0.00145 -0.00033
197831.098 0.00087 -0.00120 -0.00005
197831.102 -0.00105 -0.00265 -0.00073
197831.106 0.00054 -0.00154 -0.00106
197831.109 0.00051 -0.00063 -0.00099
197831.114 0.00035 -0.00115 -0.00068
197831.118 0.00077 -0.00218 -0.00075
197831.122 0.00115 -0.00291 -0.00136
197831.126 0.00143 -0.00190 -0.00093
197831.130 0.00059 -0.00358 -0.00171
197831.134 0.00021 -0.00298 -0.00162
197831.138 0.00162 -0.00161 -0.00038
197831.142 0.00049 -0.00185 -0.00023
197831.146 0.00019 -0.00267 -0.00108
197831.150 0.00131 -0.00229 -0.00206
197831.154 0.00086 -0.00279 -0.00141
197831.158 0.00028 -0.00232 -0.00124
197831.162 0.00150 -0.00204 -0.00164
197831.166 0.00045 -0.00257 -0.00086
197831.170 0.00033 -0.00286 -0.00124
197831.174 0.00030 -0.00309 -0.00075
197831.178 0.00059 -0.00223 0.00012
197831.182 0.00037 -0.00293 -0.00023
197831.186 0.00091 -0.00190 -0.00033
197831.190 -0.00073 -0.00133 -0.00187
197831.194 0.00061 -0.00119 -0.00120
197831.198 0.00127 -0.00115 -0.00073
197831.202 0.00175 -0.00129 -0.00091
197831.206 0.00082 -0.00087 -0.00037
197831.210 0.00133 -0.00077 -0.00037
197831.214 0.00101 -0.00178 -0.00082
197831.218 0.00213 -0.00206 -0.00019
197831.222 0.00063 -0.00318 -0.00061
197831.226 0.00082 -0.00227 -0.00058
197831.230 0.00044 -0.00323 -0.00087
197831.234 -0.00115 -0.00258 -0.00140
197831.238 0.00035 -0.00211 -0.00079
197831.242 0.00061 -0.00244 -0.00077
197831.246 0.00068 -0.00162 -0.00063
197831.250 0.00054 -0.00230 -0.00073
197831.254 0.00080 -0.00234 0.00028
197831.258 0.00073 -0.00175 -0.00005
197831.262 0.00099 -0.00188 -0.00028
197831.266 0.00108 -0.00208 -0.00124
197831.269 0.00140 -0.00183 -0.00045
197831.274 0.00089 -0.00131 -0.00009
197831.278 0.00014 -0.00148 -0.00134
197831.282 0.00115 -0.00136 -0.00093
197831.286 0.00037 -0.00195 -0.00096
197831.290 -0.00058 -0.00209 -0.00112
197831.294 0.00112 -0.00229 -0.00072
197831.298 0.00126 -0.00173 0.00012
197831.302 0.00161 -0.00279 -0.00023
197831.306 0.00108 -0.00202 -0.00017
197831.310 0.00049 -0.00300 -0.00122
197831.314 0.00080 -0.00312 -0.00044
197831.318 0.00148 -0.00225 -0.00038
197831.322 0.00075 -0.00278 -0.00023
197831.326 0.00026 -0.00230 -0.00017
197831.330 0.00058 -0.00159 -0.00047
197831.334 0.00127 -0.00305 -0.00086
197831.338 -0.00094 -0.00344 -0.00094
197831.342 -0.00031 -0.00309 -0.00096
197831.346 0.00044 -0.00269 -0.00082
197831.350 -0.00072 -0.00258 -0.00124
197831.354 0.00079 -0.00197 -0.00075
197831.358 0.00058 -0.00209 0.00042
197831.362 0.00096 -0.00379 -0.00106
197831.366 0.00182 -0.00363 -0.00070
197831.370 0.00129 -0.00344 -0.00150
197831.374 0.00099 -0.00202 -0.00096
197831.378 0.00199 -0.00258 -0.00023
197831.382 0.00028 -0.00257 -0.00047
197831.386 0.00119 -0.00361 -0.00129
197831.390 0.00098 -0.00194 -0.00075
197831.394 0.00122 -0.00298 -0.00093
197831.398 0.00038 -0.00356 -0.00021
197831.402 0.00061 -0.00222 -0.00002
197831.406 0.00023 -0.00187 -0.00148
197831.410 0.00087 -0.00253 -0.00066
197831.414 0.00044 -0.00330 -0.00105
197831.418 -0.00010 -0.00260 -0.00129
197831.422 0.00033 -0.00227 -0.00120
197831.426 0.00136 -0.00232 -0.00134
197831.430 0.00072 -0.00204 -0.00106
197831.434 0.00070 -0.00257 -0.00131
197831.439 -0.00019 -0.00302 -0.00045
197831.442 -0.00028 -0.00162 -0.00038
197831.446 -0.00105 -0.00215 -0.00127
197831.450 -0.00019 -0.00230 -0.00075
197831.454 0.00016 -0.00204 -0.00016
197831.458 0.00056 -0.00257 -0.00122
197831.462 0.00005 -0.00241 -0.00180
197831.466 -0.00066 -0.00267 -0.00105
197831.470 0.00169 -0.00229 -0.00115
197831.474 0.00155 -0.00188 -0.00147
197831.478 0.00199 -0.00328 -0.00126
197831.482 0.00028 -0.00199 -0.00166
197831.486 0.00028 -0.00257 -0.00099
197831.490 0.00030 -0.00271 -0.00068
197831.494 0.00180 -0.00349 -0.00166
197831.498 0.00084 -0.00220 -0.00115
197831.502 0.00073 -0.00246 -0.00072
197831.506 0.00056 -0.00253 -0.00031
197831.510 0.00232 -0.00346 -0.00155
197831.514 0.00082 -0.00279 -0.00098
197831.518 0.00133 -0.00141 -0.00127
197831.522 0.00147 -0.00332 -0.00182
197831.526 0.00134 -0.00230 -0.00105
197831.530 0.00072 -0.00188 -0.00099
197831.534 0.00086 -0.00253 -0.00068
197831.538 0.00103 -0.00255 -0.00045
197831.542 0.00140 -0.00209 -0.00159
197831.546 -0.00030 -0.00199 -0.00143
197831.549 0.00042 -0.00286 -0.00155
197831.554 0.00002 -0.00309 -0.00127
197831.558 0.00098 -0.00194 0.00028
197831.562 0.00077 -0.00284 0.00024
197831.566 0.00042 -0.00188 -0.00035
197831.570 0.00108 -0.00208 -0.00037
197831.574 0.00035 -0.00288 -0.00112
197831.578 0.00182 -0.00250 -0.00026
197831.582 0.00054 -0.00208 -0.00079
197831.586 0.00080 -0.00213 -0.00124
197831.590 0.00042 -0.00229 -0.00105
197831.594 0.00079 -0.00248 -0.00070
197831.598 0.00101 -0.00314 -0.00136
197831.602 0.00154 -0.00257 -0.00124
197831.606 0.00047 -0.00271 -0.00089
197831.609 0.00169 -0.00274 -0.00065
197831.614 0.00171 -0.00291 -0.00075
197831.618 0.00141 -0.00354 -0.00166
197831.622 0.00103 -0.00161 -0.00072
197831.626 0.00093 -0.00246 -0.00016
197831.630 0.00106 -0.00269 -0.00061
197831.634 0.00140 -0.00154 -0.00119
197831.638 0.00044 -0.00215 -0.00103
197831.642 -0.00072 -0.00185 -0.00113
197831.646 -0.00026 -0.00133 -0.00042
197831.650 0.00089 -0.00028 -0.00068
197831.654 0.00045 -0.00091 -0.00044
197831.658 0.00019 0.00012 -0.00054
197831.662 0.00026 -0.00065 -0.00026
197831.666 0.00103 -0.00099 -0.00049
197831.669 0.00094 -0.00169 -0.00161
197831.674 0.00106 -0.00202 -0.00159
197831.678 0.00110 -0.00182 -0.00159
197831.682 0.00005 -0.00297 -0.00143
197831.686 0.00084 -0.00372 -0.00080
197831.690 0.00119 -0.00195 -0.00138
197831.694 0.00127 -0.00180 -0.00079
197831.698 0.00054 -0.00220 -0.00093
197831.702 0.00051 -0.00155 0.00098
197831.706 -0.00054 -0.00124 -0.00002
197831.710 -0.00007 -0.00192 0.00002
197831.714 -0.00009 -0.00239 -0.00072
197831.718 0.00079 -0.00236 0.00000
197831.722 0.00058 -0.00131 0.00031
197831.726 0.00157 -0.00162 -0.00017
197831.730 0.00047 -0.00126 -0.00002
197831.734 0.00065 -0.00117 -0.00012
197831.738 0.00068 -0.00279 -0.00045
197831.742 0.00099 -0.00202 -0.00084
197831.746 0.00063 -0.00257 -0.00199
197831.750 0.00098 -0.00271 -0.00185
197831.754 0.00122 -0.00319 -0.00091
197831.758 0.00084 -0.00152 -0.00080
197831.762 0.00148 -0.00138 -0.00017
197831.766 0.00091 -0.00209 -0.00047
197831.769 0.00120 -0.00258 -0.00099
197831.774 0.00113 -0.00286 -0.00052
197831.778 0.00037 -0.00188 -0.00101
197831.782 0.00016 -0.00178 -0.00113
197831.786 0.00026 -0.00236 -0.00042
197831.791 0.00058 -0.00204 -0.00052
197831.793 0.00066 -0.00272 -0.00040
197831.798 0.00009 -0.00230 -0.00127
197831.802 0.00068 -0.00218 -0.00211
197831.806 -0.00003 -0.00216 -0.00082
197831.810 0.00035 -0.00215 -0.00124
197831.814 0.00075 -0.00140 -0.00059
197831.818 0.00056 -0.00286 -0.00117
197831.822 0.00112 -0.00218 -0.00073
197831.826 0.00215 -0.00126 0.00028
197831.829 0.00049 -0.00326 -0.00049
197831.834 0.00094 -0.00349 -0.00115
197831.838 0.00061 -0.00175 -0.00026
197831.842 0.00007 -0.00234 -0.00049
197831.846 0.00038 -0.00220 -0.00086
197831.850 0.00182 -0.00080 -0.00110
197831.854 0.00099 -0.00209 -0.00161
197831.858 -0.00026 -0.00077 -0.00145
197831.862 0.00059 -0.00194 -0.00110
197831.866 0.00037 -0.00105 -0.00086
197831.870 0.00061 -0.00080 -0.00080
197831.874 0.00098 -0.00195 -0.00093
197831.878 0.00108 -0.00284 -0.00096
197831.882 -0.00024 -0.00339 -0.00082
197831.886 0.00120 -0.00337 -0.00063
197831.890 0.00038 -0.00291 -0.00105
197831.894 0.00106 -0.00236 -0.00024
197831.898 0.00065 -0.00236 -0.00124
197831.902 0.00098 -0.00204 -0.00089
197831.906 0.00002 -0.00213 -0.00110
197831.910 0.00127 -0.00140 -0.00117
197831.914 0.00190 -0.00195 -0.00042
197831.918 0.00117 -0.00164 0.00066
197831.922 0.00066 -0.00187 0.00079
197831.926 0.00129 -0.00222 -0.00005
197831.930 0.00040 -0.00157 -0.00089
197831.934 0.00243 -0.00140 -0.00080
197831.938 0.00220 -0.00209 -0.00079
197831.942 0.00065 -0.00258 -0.00197
197831.946 0.00009 -0.00061 -0.00079
197831.950 0.00038 -0.00115 -0.00002
197831.954 0.00138 -0.00052 0.00000
197831.958 0.00072 -0.00248 -0.00072
197831.962 0.00101 -0.00208 -0.00077
197831.966 0.00138 -0.00108 -0.00106
197831.970 0.00103 -0.00171 -0.00086
197831.974 0.00094 -0.00264 -0.00065
197831.978 0.00106 -0.00272 -0.00030
197831.982 0.00033 -0.00215 0.00024
197831.986 0.00061 -0.00305 -0.00065
197831.989 0.00098 -0.00119 -0.00075
197831.994 0.00063 -0.00159 -0.00061
197831.998 0.00068 -0.00110 -0.00044
197832.002 0.00024 -0.00157 -0.00054
197832.006 0.00058 -0.00230 -0.00131
197832.010 0.00052 -0.00325 -0.00106
197832.014 0.00096 -0.00274 -0.00131
197832.018 0.00047 -0.00244 -0.00061
197832.022 0.00110 -0.00328 -0.00133
197832.026 0.00124 -0.00333 -0.00002
197832.030 0.00145 -0.00216 -0.00042
197832.034 0.00105 -0.00244 -0.00038
197832.038 0.00213 -0.00328 -0.00021
197832.042 0.00122 -0.00230 -0.00002
197832.046 0.00068 -0.00279 -0.00133
197832.050 0.00115 -0.00262 0.00042
197832.054 0.00066 -0.00138 0.00000
197832.058 0.00068 -0.00058 -0.00042
197832.062 0.00009 -0.00159 -0.00068
197832.066 0.00009 -0.00201 -0.00134
197832.070 0.00113 -0.00091 -0.00168
197832.074 0.00037 -0.00183 -0.00072
197832.078 0.00061 -0.00206 -0.00150
197832.082 0.00023 -0.00243 -0.00246
197832.086 0.00133 -0.00251 -0.00182
197832.090 0.00101 -0.00223 -0.00134
197832.094 0.00154 -0.00187 0.00042
197832.098 0.00077 -0.00192 0.00133
197832.102 0.00101 -0.00314 -0.00052
197832.106 0.00017 -0.00241 -0.00131
197832.109 0.00147 -0.00237 -0.00002
197832.114 0.00136 -0.00295 -0.00028
197832.118 -0.00002 -0.00311 -0.00169
197832.122 0.00080 -0.00225 -0.00086
197832.126 0.00162 -0.00262 -0.00065
197832.130 0.00079 -0.00168 -0.00044
197832.134 0.00208 -0.00248 -0.00038
197832.139 0.00120 -0.00178 -0.00082
197832.142 0.00143 -0.00206 -0.00079
197832.146 -0.00075 -0.00272 -0.00079
197832.150 0.00002 -0.00080 -0.00017
197832.154 0.00037 -0.00209 -0.00031
197832.158 -0.00012 -0.00304 -0.00096
197832.162 0.00047 -0.00253 0.00007
197832.166 0.00110 -0.00284 -0.00129
197832.169 0.00019 -0.00293 -0.00077
197832.174 -0.00017 -0.00281 -0.00063
197832.178 -0.00042 -0.00248 -0.00012
197832.182 -0.00033 -0.00178 -0.00075
197832.186 0.00058 -0.00204 -0.00002
197832.190 0.00037 -0.00152 0.00002
197832.194 0.00091 -0.00154 -0.00131
197832.198 0.00045 -0.00049 -0.00106
197832.202 0.00079 -0.00126 -0.00009
197832.206 0.00012 -0.00178 -0.00059
197832.210 0.00145 -0.00354 0.00061
197832.214 0.00075 -0.00372 -0.00040
197832.218 0.00176 -0.00255 0.00005
197832.222 0.00157 -0.00211 -0.00070
197832.226 0.00108 -0.00213 0.00028
197832.230 -0.00024 -0.00229 -0.00019
197832.234 0.00030 -0.00218 -0.00093
197832.238 0.00030 -0.00155 0.00023
197832.242 0.00000 -0.00199 0.00007
197832.246 -0.00066 -0.00150 -0.00038
197832.250 0.00019 -0.00229 -0.00127
197832.254 0.00026 -0.00202 0.00028
197832.258 0.00133 -0.00091 -0.00079
197832.262 0.00162 -0.00182 -0.00124
197832.266 0.00138 -0.00236 -0.00030
197832.269 0.00087 -0.00340 -0.00065
197832.274 0.00119 -0.00309 -0.00134
197832.278 0.00113 -0.00178 -0.00197
197832.282 0.00005 -0.00190 -0.00169
197832.286 0.00068 -0.00162 -0.00101
197832.290 0.00084 -0.00321 -0.00099
197832.294 0.00089 -0.00243 -0.00052
197832.298 -0.00045 -0.00208 -0.00101
197832.302 -0.00003 -0.00272 -0.00099
197832.306 0.00051 -0.00230 -0.00023
197832.310 -0.00009 -0.00159 -0.00033
197832.314 0.00003 -0.00276 -0.00126
197832.318 0.00082 -0.00246 0.00000
197832.322 0.00119 -0.00208 0.00002
197832.326 0.00157 -0.00304 -0.00087
197832.329 0.00002 -0.00147 -0.00169
197832.334 0.00021 -0.00061 -0.00087
197832.338 0.00087 -0.00054 -0.00094
197832.342 0.00075 -0.00113 -0.00007
197832.346 0.00026 -0.00113 0.00059
197832.350 0.00044 -0.00127 -0.00010
197832.354 0.00154 -0.00162 -0.00045
197832.358 0.00091 -0.00305 -0.00099
197832.362 0.00166 -0.00405 -0.00068
197832.366 0.00065 -0.00309 -0.00105
197832.370 0.00084 -0.00314 -0.00040
197832.374 -0.00061 -0.00286 -0.00052
197832.378 0.00037 -0.00143 -0.00101
197832.382 -0.00089 -0.00105 -0.00173
197832.386 0.00014 -0.00110 -0.00117
197832.390 0.00024 -0.00157 0.00016
197832.394 0.00119 -0.00290 -0.00068
197832.398 0.00098 -0.00340 -0.00120
197832.402 0.00093 -0.00293 -0.00133
197832.406 0.00106 -0.00145 -0.00063
197832.410 0.00094 -0.00136 -0.00058
197832.414 0.00091 -0.00239 -0.00087
197832.418 0.00061 -0.00192 -0.00049
197832.422 0.00127 -0.00178 -0.00099
197832.426 0.00099 -0.00236 -0.00038
197832.430 0.00047 -0.00265 -0.00052
197832.434 -0.00024 -0.00183 -0.00099
197832.438 0.00014 -0.00267 -0.00159
197832.442 0.00070 -0.00229 -0.00068
197832.446 0.00010 -0.00143 -0.00134
197832.450 0.00054 -0.00241 -0.00093
197832.454 -0.00052 -0.00342 -0.00157
197832.458 0.00007 -0.00157 -0.00173
197832.462 0.00009 -0.00215 -0.00178
197832.466 -0.00005 -0.00244 -0.00178
197832.470 0.00019 -0.00253 -0.00103
197832.474 0.00012 -0.00330 -0.00190
197832.478 0.00099 -0.00367 -0.00168
197832.482 -0.00026 -0.00164 -0.00099
197832.486 0.00134 -0.00262 -0.00159
197832.491 0.00010 -0.00302 -0.00084
197832.494 0.00009 -0.00298 -0.00079
197832.498 -0.00019 -0.00251 -0.00047
197832.502 0.00091 -0.00255 -0.00115
197832.506 -0.00028 -0.00195 -0.00026
197832.510 0.00089 -0.00421 -0.00065
197832.514 0.00150 -0.00449 -0.00044
197832.518 0.00091 -0.00335 -0.00068
197832.522 0.00075 -0.00307 -0.00136
197832.526 0.00131 -0.00239 -0.00063
197832.530 0.00072 -0.00222 -0.00223
197832.534 0.00040 -0.00171 -0.00086
197832.538 0.00063 -0.00218 -0.00110
197832.542 0.00023 -0.00276 -0.00131
197832.546 0.00012 -0.00230 -0.00075
197832.549 0.00054 -0.00220 -0.00152
197832.554 0.00066 -0.00201 -0.00112
197832.558 0.00054 -0.00182 -0.00072
197832.562 0.00155 -0.00265 -0.00016
197832.566 0.00093 -0.00274 -0.00152
197832.570 0.00106 -0.00380 -0.00187
197832.574 0.00065 -0.00213 -0.00152
197832.578 0.00099 -0.00155 -0.00037
197832.582 0.00002 -0.00260 -0.00202
197832.586 0.00098 -0.00241 -0.00171
197832.590 0.00138 -0.00251 -0.00131
197832.594 0.00178 -0.00330 -0.00091
197832.598 0.00188 -0.00154 -0.00005
197832.602 0.00115 -0.00124 0.00000
197832.606 0.00082 -0.00131 0.00002
197832.610 0.00087 -0.00239 -0.00042
197832.614 0.00014 -0.00222 -0.00052
197832.618 0.00115 -0.00276 -0.00086
197832.622 0.00052 -0.00276 -0.00110
197832.626 0.00065 -0.00230 -0.00115
197832.630 0.00009 -0.00250 -0.00026
197832.634 0.00084 -0.00253 -0.00155
197832.638 0.00089 -0.00166 -0.00023
197832.642 0.00014 -0.00080 0.00010
197832.646 0.00056 -0.00150 -0.00054
197832.650 0.00096 -0.00229 -0.00087
197832.654 0.00077 -0.00309 -0.00035
197832.658 0.00040 -0.00209 -0.00066
197832.662 0.00093 -0.00258 -0.00030
197832.666 0.00136 -0.00195 -0.00035
197832.669 0.00087 -0.00300 -0.00080
197832.674 0.00119 -0.00328 -0.00183
197832.678 0.00159 -0.00199 -0.00150
197832.682 0.00093 -0.00361 -0.00187
197832.686 0.00166 -0.00360 -0.00120
197832.690 0.00110 -0.00192 -0.00044
197832.694 0.00019 -0.00073 -0.00129
197832.698 -0.00002 -0.00178 -0.00091
197832.702 0.00021 -0.00113 0.00007
197832.706 0.00117 -0.00279 -0.00084
197832.710 0.00068 -0.00262 -0.00260
197832.714 0.00024 -0.00257 0.00009
197832.718 0.00073 -0.00257 0.00051
197832.722 -0.00049 -0.00271 -0.00014
197832.726 0.00052 -0.00244 0.00012
197832.730 0.00096 -0.00178 -0.00052
197832.734 0.00031 -0.00265 -0.00147
197832.738 0.00059 -0.00304 -0.00065
197832.742 0.00202 -0.00192 -0.00119
197832.746 0.00091 -0.00164 -0.00134
197832.750 0.00150 -0.00112 -0.00106
197832.754 0.00166 -0.00127 -0.00161
197832.758 0.00035 -0.00131 -0.00099
197832.762 0.00016 -0.00194 -0.00023
197832.766 0.00147 -0.00119 -0.00063
197832.770 0.00089 -0.00145 -0.00044
197832.774 0.00091 -0.00227 -0.00054
197832.778 0.00091 -0.00339 -0.00086
197832.782 0.00061 -0.00157 -0.00094
197832.786 -0.00021 -0.00244 -0.00202
197832.790 -0.00058 -0.00162 -0.00155
197832.794 -0.00173 -0.00216 -0.00052
197832.798 -0.00068 -0.00260 -0.00147
197832.802 0.00079 -0.00288 -0.00080
197832.806 0.00028 -0.00218 -0.00079
197832.810 0.00089 -0.00201 -0.00093
197832.814 0.00014 -0.00241 -0.00171
197832.818 -0.00003 -0.00387 -0.00133
197832.822 0.00051 -0.00351 -0.00122
197832.826 0.00185 -0.00325 -0.00089
197832.829 0.00175 -0.00288 -0.00110
197832.834 0.00157 -0.00339 -0.00131
197832.839 0.00017 -0.00202 -0.00227
197832.842 0.00010 -0.00091 -0.00056
197832.846 -0.00003 -0.00152 -0.00072
197832.850 0.00065 -0.00244 -0.00106
197832.854 0.00188 -0.00192 -0.00054
197832.858 0.00026 -0.00148 -0.00147
197832.862 0.00180 -0.00227 -0.00230
197832.866 0.00323 -0.00173 -0.00117
197832.870 0.00122 -0.00250 -0.00133
197832.874 0.00159 -0.00284 -0.00136
197832.878 0.00213 -0.00188 -0.00138
197832.882 0.00047 -0.00192 -0.00079
197832.886 0.00063 -0.00209 0.00010
197832.889 -0.00051 -0.00318 -0.00129
197832.894 -0.00021 -0.00257 -0.00195
197832.898 0.00061 -0.00195 -0.00079
197832.902 0.00084 -0.00150 -0.00093
197832.906 -0.00016 -0.00258 -0.00096
197832.910 0.00063 -0.00182 -0.00052
197832.914 0.00098 -0.00222 0.00033
197832.918 0.00031 -0.00171 -0.00108
197832.922 -0.00030 -0.00325 -0.00147
197832.926 0.00089 -0.00379 -0.00110
197832.930 0.00030 -0.00197 -0.00147
197832.934 0.00120 -0.00225 -0.00140
197832.938 0.00127 -0.00248 -0.00215
197832.942 0.00086 -0.00148 -0.00188
197832.946 -0.00014 -0.00182 -0.00182
197832.950 0.00197 -0.00176 -0.00030
197832.954 0.00133 -0.00250 0.00024
197832.958 0.00101 -0.00133 -0.00035
197832.962 0.00168 -0.00194 -0.00096
197832.966 0.00126 -0.00209 -0.00068
197832.970 0.00054 -0.00229 -0.00105
197832.974 0.00126 -0.00279 -0.00099
197832.978 0.00265 -0.00307 -0.00007
197832.982 0.00091 -0.00223 -0.00119
197832.986 0.00030 -0.00248 -0.00089
197832.990 0.00075 -0.00253 -0.00140
197832.994 0.00101 -0.00375 -0.00079
197832.998 0.00033 -0.00361 -0.00093
197833.002 0.00075 -0.00253 -0.00051
197833.006 -0.00063 -0.00195 -0.00070
197833.010 0.00096 -0.00284 -0.00166
197833.014 -0.00028 -0.00264 -0.00056
197833.018 0.00030 -0.00077 -0.00042
197833.022 0.00014 -0.00103 -0.00143
197833.026 0.00176 -0.00216 -0.00065
197833.030 0.00037 -0.00230 -0.00073
197833.034 0.00031 -0.00188 -0.00106
197833.038 0.00059 -0.00328 -0.00131
197833.042 0.00052 -0.00260 -0.00197
197833.046 0.00051 -0.00182 -0.00093
197833.049 -0.00009 -0.00206 -0.00007
197833.054 0.00019 -0.00152 -0.00044
197833.058 0.00010 -0.00154 -0.00009
197833.062 0.00070 -0.00154 -0.00030
197833.066 0.00099 -0.00244 -0.00126
197833.070 0.00108 -0.00178 -0.00075
197833.074 0.00065 -0.00145 -0.00106
197833.078 0.00113 -0.00197 -0.00115
197833.082 0.00187 -0.00209 -0.00117
197833.086 0.00176 -0.00244 -0.00162
197833.090 0.00187 -0.00298 -0.00250
197833.094 0.00206 -0.00297 -0.00138
197833.098 0.00075 -0.00251 -0.00079
197833.102 0.00056 -0.00225 -0.00047
197833.106 -0.00052 -0.00187 -0.00024
197833.109 0.00052 -0.00162 -0.00003
197833.114 0.00035 -0.00307 -0.00119
197833.118 0.00000 -0.00269 -0.00073
197833.122 0.00037 -0.00304 -0.00182
197833.126 0.00150 -0.00328 -0.00075
197833.130 0.00000 -0.00305 -0.00061
197833.134 -0.00037 -0.00162 -0.00012
197833.138 0.00012 -0.00187 -0.00075
197833.142 0.00024 -0.00162 0.00026
197833.146 -0.00030 -0.00171 -0.00065
197833.150 0.00058 -0.00173 -0.00103
197833.154 0.00066 -0.00204 -0.00159
197833.158 -0.00051 -0.00288 -0.00068
197833.162 0.00098 -0.00159 -0.00075
197833.166 0.00122 -0.00124 -0.00106
197833.170 0.00098 -0.00251 -0.00070
197833.174 0.00002 -0.00255 -0.00016
197833.178 0.00052 -0.00241 -0.00045
197833.182 -0.00009 -0.00267 -0.00129
197833.186 0.00094 -0.00244 -0.00045
197833.191 0.00075 -0.00176 -0.00009
197833.193 -0.00047 -0.00325 -0.00209
197833.198 -0.00080 -0.00304 -0.00218
197833.202 -0.00103 -0.00269 -0.00188
197833.206 0.00113 -0.00199 -0.00211
197833.210 0.00052 -0.00195 -0.00143
197833.214 0.00110 -0.00164 -0.00140
197833.218 0.00126 -0.00216 -0.00124
197833.222 0.00159 -0.00185 -0.00030
197833.226 0.00215 -0.00358 -0.00065
197833.230 0.00182 -0.00251 -0.00134
197833.234 0.00084 -0.00089 -0.00093
197833.238 0.00119 -0.00122 -0.00112
197833.242 0.00068 -0.00131 -0.00086
197833.246 0.00054 -0.00312 -0.00079
197833.250 -0.00007 -0.00286 -0.00063
197833.254 -0.00024 -0.00234 -0.00014
197833.258 0.00045 -0.00218 0.00028
197833.262 0.00049 -0.00291 -0.00035
197833.266 0.00065 -0.00279 -0.00051
197833.269 -0.00019 -0.00398 -0.00010
197833.274 -0.00028 -0.00202 -0.00105
197833.278 0.00150 -0.00257 -0.00175
197833.282 0.00106 -0.00241 -0.00178
197833.286 0.00079 -0.00192 -0.00164
197833.290 0.00148 -0.00194 -0.00040
197833.294 0.00000 -0.00314 0.00007
197833.298 0.00082 -0.00316 -0.00086
197833.302 0.00073 -0.00120 -0.00003
197833.306 0.00040 -0.00115 -0.00058
197833.310 0.00093 -0.00218 -0.00148
197833.314 0.00106 -0.00230 -0.00140
197833.318 0.00215 -0.00309 -0.00169
197833.322 0.00183 -0.00330 -0.00101
197833.326 0.00099 -0.00215 -0.00054
197833.330 0.00031 -0.00274 -0.00040
197833.334 0.00014 -0.00276 -0.00052
197833.338 0.00115 -0.00291 -0.00042
197833.342 0.00082 -0.00159 0.00051
197833.346 0.00087 -0.00169 0.00000
197833.350 0.00000 -0.00234 -0.00058
197833.354 0.00037 -0.00175 -0.00042
197833.358 0.00106 -0.00129 0.00035
197833.362 0.00033 -0.00072 0.00117
197833.366 0.00030 -0.00087 -0.00117
197833.370 0.00120 -0.00166 -0.00117
197833.374 0.00127 -0.00141 -0.00162
197833.378 0.00115 -0.00225 -0.00175
197833.382 0.00021 -0.00248 -0.00087
197833.386 0.00073 -0.00223 -0.00110
197833.390 0.00099 -0.00171 -0.00056
197833.394 0.00108 -0.00175 -0.00087
197833.398 0.00110 -0.00218 -0.00049
197833.402 0.00169 -0.00246 -0.00070
197833.406 0.00278 -0.00208 -0.00136
197833.410 0.00079 -0.00168 -0.00154
197833.414 -0.00017 -0.00187 -0.00096
197833.418 -0.00012 -0.00237 -0.00188
197833.422 0.00033 -0.00281 -0.00166
197833.426 0.00030 -0.00337 -0.00101
197833.430 0.00241 -0.00262 -0.00052
197833.434 0.00084 -0.00227 -0.00010
197833.438 0.00058 -0.00113 0.00000
197833.442 0.00082 -0.00159 -0.00087
197833.446 0.00042 -0.00185 -0.00065
197833.450 0.00093 -0.00342 -0.00105
197833.454 0.00016 -0.00218 -0.00070
197833.458 0.00086 -0.00276 0.00014
197833.462 0.00105 -0.00321 -0.00023
197833.466 0.00124 -0.00272 -0.00079
197833.470 0.00099 -0.00185 -0.00138
197833.474 0.00154 -0.00086 -0.00079
197833.478 0.00002 -0.00182 -0.00183
197833.482 -0.00112 -0.00161 -0.00059
197833.486 -0.00037 -0.00216 -0.00103
197833.490 0.00101 -0.00155 -0.00054
197833.494 0.00079 -0.00154 -0.00040
197833.498 0.00087 -0.00108 -0.00068
197833.502 0.00150 -0.00187 -0.00134
197833.506 0.00030 -0.00312 -0.00077
197833.510 0.00014 -0.00332 -0.00122
197833.514 0.00101 -0.00185 -0.00059
197833.518 0.00079 -0.00133 -0.00087
197833.522 0.00056 -0.00237 -0.00080
197833.526 0.00171 -0.00161 -0.00108
197833.530 0.00051 -0.00337 -0.00056
197833.534 0.00155 -0.00187 -0.00117
197833.539 0.00061 -0.00176 -0.00117
197833.542 0.00052 -0.00175 -0.00058
197833.546 0.00051 -0.00159 -0.00026
197833.549 0.00019 -0.00201 -0.00035
197833.554 0.00101 -0.00211 -0.00051
197833.558 0.00168 -0.00229 -0.00010
197833.562 0.00035 -0.00248 -0.00059
197833.566 0.00016 -0.00223 -0.00103
197833.570 0.00072 -0.00171 -0.00038
197833.574 0.00099 -0.00204 -0.00082
197833.578 0.00168 -0.00197 -0.00108
197833.582 0.00201 -0.00166 -0.00115
197833.586 0.00059 -0.00291 -0.00148
197833.590 -0.00023 -0.00325 -0.00019
197833.594 0.00045 -0.00154 -0.00122
197833.598 0.00124 -0.00169 -0.00180
197833.602 0.00099 -0.00202 -0.00044
197833.606 0.00093 -0.00241 -0.00054
197833.609 0.00061 -0.00192 -0.00010
197833.614 0.00066 -0.00269 -0.00136
197833.618 -0.00019 -0.00213 -0.00106
197833.622 -0.00012 -0.00305 -0.00010
197833.626 -0.00010 -0.00284 -0.00089
197833.630 -0.00024 -0.00248 -0.00216
197833.634 0.00044 -0.00298 -0.00188
197833.638 0.00169 -0.00297 -0.00211
197833.642 0.00140 -0.00236 -0.00157
197833.646 0.00028 -0.00190 -0.00113
197833.650 -0.00045 -0.00237 -0.00056
197833.654 -0.00019 -0.00297 -0.00058
197833.658 -0.00042 -0.00265 -0.00087
197833.662 0.00131 -0.00244 -0.00051
197833.666 0.00070 -0.00176 -0.00070
197833.669 0.00131 -0.00265 -0.00030
197833.674 0.00056 -0.00243 -0.00096
197833.678 0.00066 -0.00253 -0.00037
197833.682 0.00129 -0.00255 -0.00021
197833.686 0.00190 -0.00150 -0.00047
197833.690 0.00072 -0.00274 -0.00099
197833.694 0.00086 -0.00276 -0.00159
197833.698 0.00044 -0.00215 -0.00129
197833.702 0.00033 -0.00140 -0.00120
197833.706 0.00045 -0.00150 -0.00119
197833.710 0.00108 -0.00229 -0.00073
197833.714 0.00110 -0.00202 -0.00106
197833.718 0.00110 -0.00197 -0.00010
197833.722 0.00155 -0.00166 -0.00059
197833.726 0.00017 -0.00112 -0.00028
197833.730 0.00010 -0.00082 -0.00094
197833.734 0.00024 -0.00120 -0.00066
197833.738 -0.00002 -0.00145 0.00014
197833.742 0.00126 -0.00197 0.00051
197833.746 0.00054 -0.00209 -0.00059
197833.750 -0.00009 -0.00244 0.00031
197833.754 0.00094 -0.00328 -0.00063
197833.758 0.00106 -0.00199 -0.00148
197833.762 -0.00010 -0.00257 -0.00066
197833.766 0.00108 -0.00211 -0.00014
197833.769 0.00051 -0.00169 0.00012
197833.774 0.00124 -0.00098 -0.00129
197833.778 0.00145 -0.00154 -0.00105
197833.782 0.00089 -0.00183 -0.00054
197833.786 0.00059 -0.00267 0.00002
197833.790 0.00127 -0.00274 -0.00117
197833.794 0.00070 -0.00244 -0.00087
197833.798 0.00099 -0.00192 -0.00019
197833.802 0.00108 -0.00239 0.00026
197833.806 0.00169 -0.00236 -0.00080
197833.810 0.00171 -0.00340 -0.00168
197833.814 0.00126 -0.00264 -0.00147
197833.818 0.00145 -0.00243 -0.00080
197833.822 0.00044 -0.00267 -0.00079
197833.826 0.00033 -0.00304 -0.00063
197833.829 0.00120 -0.00162 -0.00044
197833.834 0.00173 -0.00201 -0.00084
197833.838 0.00262 -0.00120 -0.00033
197833.842 0.00089 -0.00175 -0.00051
197833.846 0.00120 -0.00204 -0.00101
197833.850 0.00084 -0.00257 -0.00038
197833.854 0.00089 -0.00211 -0.00037
197833.858 0.00134 -0.00154 -0.00007
197833.862 0.00056 -0.00215 -0.00059
197833.866 0.00037 -0.00215 -0.00147
197833.870 0.00002 -0.00185 -0.00080
197833.874 0.00007 -0.00297 -0.00124
197833.878 0.00023 -0.00236 -0.00150
197833.882 0.00000 -0.00342 -0.00126
197833.886 -0.00023 -0.00202 -0.00150
197833.891 -0.00058 -0.00257 -0.00082
197833.894 0.00080 -0.00271 -0.00138
197833.898 0.00073 -0.00215 -0.00017
197833.902 0.00086 -0.00349 -0.00077
197833.906 0.00044 -0.00190 -0.00093
197833.910 0.00003 -0.00208 -0.00157
197833.914 0.00066 -0.00154 -0.00098
197833.918 0.00190 -0.00154 -0.00023
197833.922 0.00115 -0.00169 -0.00047
197833.926 0.00112 -0.00157 -0.00129
197833.930 0.00005 -0.00140 -0.00136
197833.934 0.00052 -0.00241 -0.00168
197833.938 0.00005 -0.00267 -0.00117
197833.942 0.00052 -0.00258 -0.00058
197833.946 0.00126 -0.00106 0.00002
197833.949 0.00190 -0.00155 -0.00117
197833.954 -0.00017 -0.00244 -0.00162
197833.958 -0.00042 -0.00162 -0.00070
197833.962 -0.00033 -0.00201 -0.00045
197833.966 -0.00106 -0.00211 -0.00054
197833.970 0.00023 -0.00349 -0.00026
197833.974 0.00087 -0.00250 -0.00079
197833.978 0.00089 -0.00073 -0.00033
197833.982 0.00105 -0.00208 -0.00065
197833.986 0.00094 -0.00229 -0.00075
197833.990 0.00075 -0.00354 -0.00077
197833.994 0.00042 -0.00326 -0.00047
197833.998 0.00047 -0.00319 -0.00129
197834.002 0.00065 -0.00213 -0.00016
197834.006 0.00023 -0.00229 -0.00061
197834.010 0.00117 -0.00368 -0.00073
197834.014 0.00188 -0.00300 -0.00077
197834.018 0.00147 -0.00251 -0.00002
197834.022 0.00089 -0.00255 -0.00087
197834.026 0.00105 -0.00271 -0.00065
197834.030 0.00079 -0.00199 -0.00059
197834.034 -0.00061 -0.00286 -0.00058
197834.038 0.00035 -0.00188 -0.00087
197834.042 -0.00058 -0.00237 -0.00051
197834.046 0.00096 -0.00161 -0.00040
197834.050 0.00122 -0.00155 -0.00052
197834.054 0.00188 -0.00124 -0.00086
197834.058 0.00251 -0.00222 -0.00094
197834.062 0.00162 -0.00171 -0.00037
197834.066 0.00108 -0.00127 -0.00066
197834.070 -0.00038 -0.00222 -0.00105
197834.074 -0.00033 -0.00112 -0.00099
197834.078 0.00148 -0.00173 -0.00129
197834.082 0.00045 -0.00188 -0.00030
197834.086 0.00033 -0.00223 -0.00096
197834.090 0.00150 -0.00216 -0.00112
197834.094 0.00075 -0.00201 -0.00056
197834.098 0.00117 -0.00195 -0.00012
197834.102 0.00066 -0.00271 -0.00030
197834.106 0.00159 -0.00199 0.00009
197834.109 0.00049 -0.00286 0.00003
197834.114 0.00049 -0.00159 -0.00040
197834.118 0.00019 -0.00140 0.00066
197834.122 0.00042 -0.00180 0.00049
197834.126 0.00047 -0.00190 -0.00044
197834.130 0.00154 -0.00298 -0.00113
197834.134 0.00106 -0.00312 -0.00101
197834.138 0.00065 -0.00239 -0.00098
197834.142 0.00068 -0.00326 -0.00113
197834.146 -0.00049 -0.00108 -0.00208
197834.150 0.00007 -0.00216 -0.00096
197834.154 0.00113 -0.00276 -0.00037
197834.158 0.00096 -0.00216 -0.00052
197834.162 -0.00012 -0.00124 -0.00176
197834.166 0.00154 -0.00237 -0.00119
197834.169 0.00122 -0.00295 -0.00133
197834.174 0.00188 -0.00206 -0.00047
197834.178 -0.00033 -0.00304 -0.00024
197834.182 0.00087 -0.00283 -0.00094
197834.186 0.00119 -0.00232 -0.00096
197834.190 0.00173 -0.00325 -0.00127
197834.194 0.00173 -0.00258 -0.00120
197834.198 0.00171 -0.00211 -0.00028
197834.202 0.00021 -0.00319 -0.00035
197834.206 0.00058 -0.00213 -0.00051
197834.210 0.00157 -0.00154 -0.00026
197834.214 0.00168 -0.00183 -0.00094
197834.218 0.00096 -0.00281 -0.00141
197834.222 0.00168 -0.00232 -0.00108
197834.226 0.00140 -0.00129 0.00003
197834.230 0.00000 -0.00208 -0.00161
197834.234 0.00080 -0.00258 -0.00145
197834.239 0.00162 -0.00241 -0.00094
197834.242 0.00094 -0.00192 0.00023
197834.246 0.00077 -0.00148 0.00052
197834.250 0.00101 -0.00243 -0.00087
197834.254 -0.00056 -0.00208 -0.00110
197834.258 -0.00052 -0.00213 -0.00161
197834.262 -0.00005 -0.00229 -0.00084
197834.266 0.00019 -0.00218 0.00010
197834.269 0.00010 -0.00171 -0.00038
197834.274 0.00024 -0.00173 -0.00082
197834.278 0.00044 -0.00354 -0.00199
197834.282 0.00138 -0.00251 -0.00185
197834.286 0.00087 -0.00239 -0.00105
197834.290 0.00030 -0.00267 -0.00024
197834.294 0.00059 -0.00243 -0.00079
197834.298 0.00096 -0.00176 -0.00154
197834.302 0.00106 -0.00161 -0.00098
197834.306 0.00079 -0.00171 0.00005
197834.310 0.00178 -0.00234 -0.00099
197834.314 0.00113 -0.00204 -0.00099
197834.318 0.00021 -0.00047 -0.00052
197834.322 0.00072 -0.00126 -0.00131
197834.326 0.00040 -0.00161 -0.00077
197834.329 0.00106 -0.00276 -0.00077
197834.334 0.00094 -0.00337 -0.00063
197834.338 0.00061 -0.00187 -0.00058
197834.342 0.00082 -0.00162 -0.00058
197834.346 0.00044 -0.00262 -0.00103
197834.350 0.00063 -0.00152 -0.00113
197834.354 0.00127 -0.00258 -0.00147
197834.358 0.00070 -0.00211 -0.00066
197834.362 0.00024 -0.00154 -0.00044
197834.366 0.00014 -0.00154 0.00005
197834.370 -0.00019 -0.00213 -0.00040
197834.374 0.00061 -0.00230 -0.00023
197834.378 0.00127 -0.00113 -0.00017
197834.382 0.00161 -0.00202 -0.00031
197834.386 0.00065 -0.00241 -0.00065
197834.390 0.00007 -0.00267 -0.00150
197834.394 0.00023 -0.00274 -0.00141
197834.398 0.00103 -0.00260 -0.00140
197834.402 0.00108 -0.00272 -0.00049
197834.406 0.00126 -0.00185 -0.00084
197834.410 0.00038 -0.00401 -0.00035
197834.414 0.00136 -0.00325 -0.00051
197834.418 0.00087 -0.00199 -0.00056
197834.422 0.00059 -0.00225 -0.00026
197834.426 0.00037 -0.00248 -0.00035
197834.430 0.00047 -0.00344 -0.00066
197834.434 -0.00010 -0.00202 0.00000
197834.438 0.00033 -0.00272 -0.00026
197834.442 0.00045 -0.00244 -0.00049
197834.446 0.00094 -0.00192 -0.00086
197834.450 0.00106 -0.00209 0.00024
197834.454 0.00003 -0.00183 -0.00005
197834.458 -0.00005 -0.00176 0.00000
197834.462 0.00065 -0.00265 0.00031
197834.466 0.00204 -0.00274 0.00026
197834.470 0.00134 -0.00291 -0.00005
197834.474 0.00072 -0.00250 -0.00073
197834.478 0.00086 -0.00164 -0.00016
197834.482 0.00089 -0.00141 -0.00047
197834.486 0.00134 -0.00332 -0.00204
197834.490 0.00101 -0.00276 -0.00171
197834.494 -0.00040 -0.00201 -0.00117
197834.498 0.00131 -0.00211 -0.00117
197834.502 0.00056 -0.00108 -0.00103
197834.506 0.00187 -0.00127 -0.00129
197834.510 0.00265 -0.00117 -0.00091
197834.514 0.00120 -0.00234 0.00007
197834.518 0.00127 -0.00145 0.00033
197834.522 0.00115 -0.00182 -0.00002
197834.526 0.00082 -0.00372 -0.00119
197834.530 0.00119 -0.00316 -0.00164
197834.534 0.00021 -0.00225 -0.00024
197834.538 0.00028 -0.00173 0.00024
197834.542 0.00089 -0.00279 0.00054
197834.546 0.00120 -0.00232 0.00031
197834.549 0.00068 -0.00143 -0.00063
197834.554 0.00054 -0.00182 -0.00028
197834.558 0.00066 -0.00342 -0.00094
197834.562 0.00038 -0.00264 -0.00098
197834.566 0.00136 -0.00213 -0.00143
197834.570 0.00237 -0.00169 -0.00185
197834.574 0.00084 -0.00188 -0.00075
197834.578 -0.00136 -0.00117 -0.00002
197834.582 -0.00028 -0.00099 -0.00042
197834.586 -0.00014 -0.00260 -0.00038
197834.591 0.00077 -0.00272 -0.00112
197834.594 0.00087 -0.00229 -0.00056
197834.598 0.00164 -0.00188 -0.00087
197834.602 0.00140 -0.00253 -0.00110
197834.606 0.00058 -0.00316 -0.00056
197834.610 0.00141 -0.00300 -0.00133
197834.614 0.00073 -0.00162 -0.00047
197834.618 0.00040 -0.00230 0.00019
197834.622 0.00047 -0.00234 -0.00127
197834.626 0.00019 -0.00099 -0.00045
197834.630 0.00026 -0.00199 -0.00113
197834.634 0.00089 -0.00182 -0.00147
197834.638 0.00075 -0.00145 -0.00110
197834.642 0.00101 -0.00197 -0.00101
197834.646 0.00079 -0.00164 -0.00009
197834.650 0.00058 -0.00202 0.00000
197834.654 0.00066 -0.00227 -0.00072
197834.658 0.00159 -0.00202 -0.00077
197834.662 0.00274 -0.00318 -0.00031
197834.666 0.00108 -0.00225 0.00009
197834.669 0.00035 -0.00339 -0.00040
197834.674 0.00091 -0.00398 -0.00038
197834.678 0.00030 -0.00262 -0.00066
197834.682 0.00014 -0.00136 -0.00075
197834.686 0.00009 -0.00298 -0.00106
197834.690 0.00054 -0.00297 -0.00131
197834.694 0.00066 -0.00192 -0.00120
197834.698 0.00024 -0.00253 -0.00059
197834.702 -0.00061 -0.00255 -0.00042
197834.706 0.00035 -0.00271 -0.00038
197834.710 0.00045 -0.00229 -0.00023
197834.714 0.00108 -0.00248 0.00042
197834.718 0.00126 -0.00269 -0.00106
197834.722 0.00084 -0.00304 -0.00010
197834.726 0.00103 -0.00269 -0.00059
197834.730 0.00079 -0.00349 -0.00073
197834.734 0.00147 -0.00279 -0.00091
197834.738 0.00091 -0.00262 -0.00080
197834.742 0.00059 -0.00197 -0.00093
197834.746 0.00157 -0.00300 0.00007
197834.750 0.00183 -0.00267 -0.00070
197834.754 0.00159 -0.00213 0.00000
197834.758 0.00122 -0.00244 -0.00058
197834.762 0.00234 -0.00267 -0.00147
197834.766 0.00188 -0.00168 -0.00141
197834.770 0.00161 -0.00187 -0.00124
197834.774 0.00154 -0.00162 -0.00059
197834.778 0.00122 -0.00112 0.00077
197834.782 0.00098 -0.00232 -0.00066
197834.786 0.00002 -0.00220 0.00044
197834.790 0.00068 -0.00291 0.00028
197834.794 0.00009 -0.00311 0.00009
197834.798 0.00084 -0.00346 -0.00040
197834.802 0.00089 -0.00340 0.00096
197834.806 0.00120 -0.00246 0.00000
197834.810 0.00038 -0.00223 -0.00073
197834.814 0.00061 -0.00202 -0.00031
197834.818 0.00127 -0.00211 -0.00005
197834.822 0.00129 -0.00213 -0.00028
197834.826 0.00101 -0.00215 -0.00003
197834.829 0.00033 -0.00319 -0.00089
197834.834 0.00150 -0.00243 -0.00005
197834.838 0.00152 -0.00297 -0.00028
197834.842 0.00152 -0.00267 -0.00065
197834.846 0.00106 -0.00288 -0.00014
197834.850 0.00065 -0.00264 0.00000
197834.854 0.00038 -0.00213 -0.00073
197834.858 0.00106 -0.00199 -0.00120
197834.862 0.00065 -0.00227 -0.00134
197834.866 0.00113 -0.00112 -0.00061
197834.870 0.00141 -0.00112 -0.00119
197834.874 0.00119 -0.00264 -0.00089
197834.878 0.00098 -0.00243 -0.00080
197834.882 0.00138 -0.00328 -0.00003
197834.886 0.00058 -0.00290 -0.00058
197834.889 0.00141 -0.00175 -0.00028
197834.894 0.00119 -0.00234 -0.00019
197834.898 0.00127 -0.00250 -0.00017
197834.902 0.00206 -0.00239 -0.00061
197834.906 0.00091 -0.00161 0.00016
197834.910 0.00075 -0.00246 -0.00068
197834.914 -0.00017 -0.00298 -0.00044
197834.918 -0.00012 -0.00222 0.00049
197834.922 0.00124 -0.00201 0.00000
197834.926 -0.00005 -0.00241 -0.00103
197834.930 0.00080 -0.00342 -0.00084
197834.934 -0.00016 -0.00157 -0.00033
197834.939 0.00138 -0.00230 -0.00141
197834.942 0.00162 -0.00218 -0.00094
197834.946 0.00124 -0.00337 -0.00157
197834.949 0.00038 -0.00201 -0.00052
197834.954 0.00077 -0.00166 -0.00040
197834.958 0.00056 -0.00218 -0.00052
197834.962 0.00066 -0.00199 -0.00131
197834.966 0.00129 -0.00361 -0.00077
197834.970 0.00131 -0.00298 -0.00031
197834.974 0.00115 -0.00267 -0.00005
197834.978 0.00066 -0.00183 -0.00119
197834.982 0.00068 -0.00222 -0.00164
197834.986 0.00040 -0.00230 -0.00099
197834.990 -0.00012 -0.00175 -0.00084
197834.994 0.00079 -0.00068 -0.00049
197834.998 0.00042 -0.00117 -0.00086
197835.002 0.00077 -0.00175 -0.00079
197835.006 0.00087 -0.00188 -0.00077
197835.010 0.00073 -0.00162 -0.00138
197835.014 0.00010 -0.00216 -0.00124
197835.018 -0.00019 -0.00140 -0.00105
197835.022 0.00091 -0.00166 -0.00175
197835.026 -0.00012 -0.00246 -0.00162
197835.030 0.00033 -0.00374 -0.00129
197835.034 0.00120 -0.00316 -0.00166
197835.038 0.00098 -0.00286 -0.00056
197835.042 0.00093 -0.00309 -0.00026
197835.046 -0.00028 -0.00209 0.00040
197835.049 0.00089 -0.00319 -0.00091
197835.054 0.00150 -0.00302 -0.00157
197835.058 0.00091 -0.00267 0.00021
197835.062 0.00091 -0.00124 0.00007
197835.066 0.00091 -0.00190 0.00080
197835.070 0.00075 -0.00314 -0.00037
197835.074 0.00086 -0.00211 -0.00052
197835.078 0.00059 -0.00154 0.00047
197835.082 0.00066 -0.00365 0.00000
197835.086 0.00070 -0.00389 0.00002
197835.090 0.00054 -0.00351 -0.00131
197835.094 0.00096 -0.00295 -0.00106
197835.098 0.00047 -0.00265 -0.00131
197835.102 0.00049 -0.00258 -0.00120
197835.106 0.00065 -0.00286 -0.00103
197835.109 0.00099 -0.00279 -0.00038
197835.114 0.00197 -0.00262 -0.00113
197835.118 0.00119 -0.00227 -0.00101
197835.122 0.00098 -0.00278 -0.00084
197835.126 0.00122 -0.00141 -0.00019
197835.130 0.00113 -0.00211 -0.00136
197835.134 0.00037 -0.00304 -0.00154
197835.138 -0.00012 -0.00237 -0.00141
197835.142 0.00017 -0.00387 -0.00230
197835.146 -0.00002 -0.00365 -0.00117
197835.150 0.00005 -0.00344 -0.00058
197835.154 0.00038 -0.00325 -0.00072
197835.158 0.00061 -0.00288 -0.00166
197835.162 0.00127 -0.00265 -0.00131
197835.166 0.00054 -0.00183 -0.00061
197835.170 0.00005 -0.00192 -0.00028
197835.174 0.00084 -0.00194 -0.00079
197835.178 0.00073 -0.00178 -0.00093
197835.182 0.00131 -0.00220 -0.00037
197835.186 0.00147 -0.00171 -0.00096
197835.190 0.00120 -0.00293 -0.00112
197835.194 0.00038 -0.00326 -0.00026
197835.198 0.00016 -0.00258 -0.00035
197835.202 0.00072 -0.00211 0.00068
197835.206 0.00024 -0.00229 -0.00054
197835.210 0.00028 -0.00234 -0.00147
197835.214 0.00119 -0.00220 -0.00021
197835.218 0.00127 -0.00367 -0.00077
197835.222 0.00040 -0.00269 -0.00152
197835.226 0.00031 -0.00319 -0.00052
197835.230 0.00089 -0.00318 -0.00115
197835.234 0.00166 -0.00316 -0.00162
197835.238 0.00155 -0.00195 -0.00070
197835.242 0.00017 -0.00271 -0.00030
197835.246 0.00042 -0.00094 -0.00155
197835.250 0.00077 -0.00229 -0.00157
197835.254 0.00056 -0.00325 -0.00052
197835.258 0.00096 -0.00243 -0.00086
197835.262 0.00017 -0.00283 -0.00126
197835.266 0.00010 -0.00112 -0.00105
197835.270 0.00054 -0.00188 -0.00040
197835.274 0.00155 -0.00147 -0.00157
197835.278 0.00168 -0.00106 -0.00188
197835.282 0.00140 -0.00201 -0.00136
197835.286 0.00209 -0.00168 -0.00077
197835.291 0.00316 0.00579 -0.00229
197835.294 0.00271 0.00668 -0.00176
197835.298 0.00077 0.00091 -0.00164
197835.302 0.00026 -0.00211 -0.00161
197835.306 0.00028 -0.00304 -0.00113
197835.310 0.00134 -0.00328 -0.00072
197835.314 0.00147 -0.00199 -0.00091
197835.318 0.00120 -0.00211 -0.00155
197835.322 0.00084 -0.00244 -0.00127
197835.326 0.00058 -0.00312 -0.00166
197835.330 0.00052 -0.00332 -0.00115
197835.334 0.00080 -0.00349 -0.00133
197835.338 0.00072 -0.00356 -0.00136
197835.342 0.00026 -0.00311 -0.00122
197835.346 0.00044 -0.00375 -0.00134
197835.350 0.00079 -0.00286 0.00012
197835.354 0.00147 -0.00309 -0.00068
197835.358 0.00030 -0.00389 -0.00105
197835.362 -0.00045 -0.00442 -0.00070
197835.366 0.00040 -0.00501 -0.00136
197835.370 0.00017 -0.00333 -0.00122
197835.374 0.00117 -0.00246 -0.00119
197835.378 0.00066 -0.00253 -0.00119
197835.382 -0.00005 -0.00330 -0.00117
