197736.786 0.00096 -0.00148 -0.00047
197736.790 0.00047 -0.00183 -0.00084
197736.794 -0.00024 -0.00072 -0.00110
197736.798 -0.00030 -0.00162 -0.00070
197736.802 -0.00014 -0.00110 -0.00105
197736.806 0.00047 -0.00082 -0.00099
197736.810 0.00124 -0.00030 -0.00068
197736.814 0.00129 -0.00031 -0.00014
197736.818 0.00099 -0.00063 -0.00166
197736.822 0.00063 0.00005 -0.00147
197736.826 0.00038 -0.00127 -0.00126
197736.829 0.00136 -0.00101 -0.00150
197736.834 0.00117 -0.00096 -0.00112
197736.838 0.00143 -0.00002 -0.00131
197736.842 0.00148 -0.00084 -0.00061
197736.846 0.00105 -0.00075 -0.00087
197736.850 0.00065 -0.00133 -0.00140
197736.854 0.00159 -0.00087 -0.00124
197736.858 0.00154 -0.00077 -0.00075
197736.862 0.00122 -0.00209 -0.00122
197736.866 0.00098 -0.00093 -0.00059
197736.870 0.00122 -0.00138 -0.00178
197736.874 0.00068 -0.00148 -0.00119
197736.878 0.00115 -0.00183 -0.00178
197736.882 0.00066 -0.00042 -0.00119
197736.886 0.00084 -0.00003 -0.00164
197736.890 0.00164 0.00080 -0.00009
197736.894 0.00140 -0.00031 -0.00164
197736.898 0.00089 -0.00047 -0.00056
197736.902 0.00030 -0.00126 -0.00131
197736.906 0.00044 -0.00072 -0.00077
197736.910 0.00079 -0.00101 -0.00122
197736.914 -0.00002 -0.00185 -0.00164
197736.918 0.00051 -0.00026 -0.00161
197736.922 -0.00009 -0.00120 -0.00038
197736.926 0.00049 -0.00024 -0.00007
197736.930 0.00080 -0.00059 -0.00119
197736.934 0.00058 -0.00038 -0.00164
197736.939 0.00127 -0.00124 -0.00129
197736.942 0.00099 -0.00040 -0.00136
197736.946 0.00154 -0.00033 -0.00093
197736.950 0.00091 -0.00017 -0.00126
197736.954 0.00075 -0.00028 -0.00059
197736.958 -0.00017 0.00059 0.00031
197736.962 0.00061 -0.00098 -0.00063
197736.966 0.00157 -0.00049 -0.00105
197736.970 0.00017 0.00038 -0.00159
197736.974 -0.00017 0.00016 -0.00113
197736.978 0.00077 -0.00094 -0.00072
197736.982 0.00072 -0.00047 -0.00077
197736.986 0.00101 -0.00051 -0.00031
197736.989 0.00002 -0.00021 -0.00110
197736.994 -0.00037 -0.00030 -0.00086
197736.998 0.00026 -0.00091 -0.00019
197737.002 0.00089 -0.00033 0.00026
197737.006 0.00059 -0.00016 -0.00110
197737.010 0.00023 0.00045 -0.00115
197737.014 0.00042 0.00033 -0.00103
197737.018 0.00122 -0.00044 -0.00068
197737.022 0.00068 -0.00019 -0.00166
197737.026 0.00129 -0.00059 -0.00161
197737.030 0.00131 -0.00054 -0.00220
197737.034 0.00040 -0.00052 -0.00084
197737.038 0.00031 -0.00082 -0.00169
197737.042 0.00014 -0.00059 -0.00056
197737.046 0.00070 0.00035 -0.00133
197737.049 0.00131 -0.00134 -0.00168
197737.054 0.00131 0.00014 -0.00010
197737.058 0.00147 -0.00033 -0.00105
197737.062 0.00195 -0.00122 -0.00070
197737.066 0.00042 -0.00070 -0.00120
197737.070 0.00138 -0.00026 -0.00059
197737.074 0.00133 -0.00136 -0.00028
197737.078 0.00101 -0.00089 -0.00094
197737.082 0.00122 -0.00122 -0.00082
197737.086 0.00023 -0.00040 -0.00063
197737.090 0.00028 -0.00033 -0.00059
197737.094 0.00059 -0.00047 -0.00058
197737.098 0.00173 0.00023 -0.00103
197737.102 0.00052 -0.00017 -0.00038
197737.106 0.00035 0.00045 -0.00052
197737.109 0.00016 -0.00026 -0.00070
197737.114 0.00026 -0.00030 -0.00075
197737.118 0.00148 -0.00106 -0.00016
197737.122 0.00091 -0.00157 -0.00122
197737.126 0.00105 -0.00094 -0.00164
197737.130 0.00169 -0.00124 -0.00086
197737.134 0.00080 -0.00101 -0.00124
197737.138 0.00117 -0.00019 -0.00105
197737.142 0.00157 -0.00119 -0.00115
197737.146 0.00154 -0.00009 -0.00087
197737.150 0.00227 -0.00070 -0.00185
197737.154 0.00187 -0.00117 -0.00182
197737.158 0.00056 -0.00145 -0.00089
197737.162 0.00021 -0.00091 -0.00126
197737.166 0.00072 0.00012 -0.00030
197737.170 0.00040 -0.00051 -0.00051
197737.174 0.00077 0.00007 -0.00131
197737.178 0.00117 0.00007 -0.00091
197737.182 0.00052 -0.00112 -0.00080
197737.186 0.00021 -0.00023 -0.00003
197737.190 0.00087 -0.00044 -0.00044
197737.194 0.00105 -0.00051 -0.00068
197737.198 0.00124 -0.00171 -0.00091
197737.202 0.00145 -0.00129 -0.00110
197737.206 0.00150 0.00002 0.00002
197737.209 0.00105 -0.00037 0.00002
197737.214 0.00065 -0.00003 -0.00040
197737.218 0.00068 0.00019 -0.00113
197737.222 0.00129 -0.00047 -0.00133
197737.226 0.00101 -0.00005 -0.00182
197737.230 0.00093 -0.00054 -0.00180
197737.234 0.00061 0.00005 -0.00105
197737.238 0.00037 -0.00037 -0.00145
197737.242 0.00061 0.00010 -0.00126
197737.246 0.00037 -0.00155 -0.00059
197737.250 0.00168 -0.00079 -0.00012
197737.254 0.00124 -0.00059 -0.00061
197737.258 0.00190 -0.00084 -0.00087
197737.262 0.00192 0.00000 -0.00035
197737.266 0.00042 -0.00023 -0.00005
197737.269 0.00031 -0.00059 -0.00134
197737.274 0.00059 -0.00009 -0.00122
197737.278 0.00232 -0.00161 -0.00089
197737.282 0.00232 0.00009 -0.00155
197737.286 0.00157 -0.00110 -0.00173
197737.291 0.00047 0.00005 -0.00103
197737.293 0.00169 -0.00096 -0.00068
197737.298 0.00201 -0.00094 -0.00091
197737.302 0.00164 -0.00033 -0.00246
197737.306 0.00110 -0.00061 -0.00091
197737.310 0.00140 -0.00054 -0.00171
197737.314 0.00178 -0.00023 -0.00208
197737.318 0.00129 -0.00075 -0.00171
197737.322 0.00115 0.00045 -0.00162
197737.326 0.00037 -0.00010 -0.00070
197737.330 0.00091 0.00002 0.00059
197737.334 0.00091 -0.00037 -0.00042
197737.338 -0.00028 -0.00063 -0.00082
197737.342 0.00000 0.00019 -0.00183
197737.346 -0.00023 0.00101 -0.00166
197737.350 -0.00103 0.00152 -0.00086
197737.354 0.00084 -0.00028 -0.00169
197737.358 0.00073 -0.00106 -0.00162
197737.362 0.00056 -0.00035 -0.00038
197737.366 0.00096 -0.00049 -0.00098
197737.370 0.00093 -0.00065 -0.00098
197737.374 0.00136 -0.00072 -0.00113
197737.378 0.00072 0.00017 -0.00072
197737.382 0.00070 0.00010 -0.00045
197737.386 0.00086 0.00038 -0.00009
197737.390 0.00105 0.00016 -0.00030
197737.394 0.00049 0.00009 -0.00110
197737.398 0.00065 -0.00051 -0.00010
197737.402 0.00129 -0.00021 -0.00075
197737.406 0.00145 -0.00075 -0.00106
197737.410 0.00105 0.00016 -0.00131
197737.414 0.00065 0.00115 0.00028
197737.418 0.00129 -0.00009 -0.00019
197737.422 0.00086 0.00003 -0.00002
197737.426 0.00059 -0.00037 -0.00087
197737.430 0.00157 -0.00079 -0.00185
197737.434 0.00154 0.00059 -0.00061
197737.438 0.00061 -0.00082 -0.00117
197737.442 0.00082 -0.00136 -0.00119
197737.446 0.00073 -0.00059 -0.00133
197737.450 0.00145 -0.00054 -0.00152
197737.454 0.00089 -0.00068 -0.00021
197737.458 0.00075 -0.00072 -0.00079
197737.462 0.00072 0.00002 -0.00138
197737.466 0.00101 -0.00037 -0.00168
197737.470 0.00152 -0.00033 -0.00176
197737.474 0.00093 -0.00002 -0.00133
197737.478 0.00091 -0.00084 -0.00093
197737.482 0.00075 -0.00091 -0.00066
197737.486 0.00010 -0.00152 -0.00089
197737.490 0.00054 -0.00154 -0.00185
197737.494 0.00066 -0.00169 -0.00211
197737.498 0.00054 -0.00127 -0.00202
197737.502 0.00126 0.00077 -0.00155
197737.506 0.00070 0.00072 -0.00218
197737.510 0.00145 -0.00033 -0.00264
197737.514 0.00195 -0.00017 -0.00232
197737.518 0.00194 -0.00119 -0.00208
197737.522 0.00101 -0.00145 -0.00187
197737.526 0.00154 -0.00045 -0.00075
197737.530 0.00106 -0.00096 -0.00106
197737.534 0.00124 -0.00108 -0.00070
197737.538 0.00145 0.00068 -0.00166
197737.542 0.00105 -0.00021 -0.00206
197737.546 0.00108 -0.00058 -0.00126
197737.549 0.00051 -0.00084 -0.00166
197737.554 0.00094 -0.00075 -0.00145
197737.558 0.00077 -0.00089 -0.00171
197737.562 0.00117 -0.00031 -0.00131
197737.566 0.00141 -0.00106 -0.00106
197737.570 0.00178 -0.00082 -0.00161
197737.574 0.00129 -0.00014 -0.00084
197737.578 0.00070 -0.00133 -0.00079
197737.582 -0.00003 -0.00119 -0.00093
197737.586 0.00005 -0.00038 -0.00157
197737.590 0.00129 -0.00049 -0.00159
197737.594 0.00131 0.00038 -0.00218
197737.598 0.00024 -0.00058 -0.00175
197737.602 0.00058 -0.00098 -0.00208
197737.606 0.00143 -0.00049 -0.00037
197737.609 0.00073 0.00007 -0.00066
197737.614 -0.00003 -0.00112 -0.00120
197737.618 0.00035 -0.00173 -0.00058
197737.622 0.00045 -0.00068 -0.00028
197737.626 0.00033 -0.00010 -0.00065
197737.630 0.00075 -0.00042 -0.00058
197737.634 0.00056 0.00009 -0.00178
197737.639 0.00096 -0.00005 -0.00119
197737.642 0.00047 -0.00115 -0.00178
197737.646 0.00154 -0.00009 0.00000
197737.650 0.00138 -0.00040 -0.00147
197737.654 0.00101 -0.00094 -0.00096
197737.658 0.00124 -0.00093 -0.00262
197737.662 0.00113 -0.00154 -0.00246
197737.666 0.00126 -0.00124 -0.00166
197737.670 0.00070 -0.00070 -0.00206
197737.674 0.00070 -0.00026 -0.00171
197737.678 0.00099 -0.00030 -0.00131
197737.682 0.00002 -0.00031 -0.00106
197737.686 0.00098 0.00012 -0.00054
197737.690 0.00122 -0.00051 0.00002
197737.694 0.00159 0.00023 -0.00056
197737.698 0.00154 -0.00031 -0.00087
197737.702 0.00152 -0.00093 -0.00185
197737.706 0.00091 0.00010 -0.00091
197737.710 -0.00119 -0.00051 -0.00021
197737.714 0.00005 0.00007 -0.00031
197737.718 0.00023 0.00023 0.00023
197737.722 0.00073 0.00010 -0.00021
197737.726 0.00099 0.00009 -0.00047
197737.730 0.00079 -0.00005 -0.00115
197737.734 0.00178 0.00003 -0.00012
197737.738 0.00098 -0.00023 -0.00241
197737.742 0.00106 0.00045 -0.00211
197737.746 0.00124 -0.00026 -0.00187
197737.750 0.00115 -0.00030 -0.00016
197737.754 0.00051 -0.00002 -0.00091
197737.758 0.00019 -0.00009 -0.00037
197737.762 0.00087 0.00049 0.00007
197737.766 0.00073 0.00017 -0.00176
197737.769 0.00131 -0.00063 -0.00042
197737.774 0.00147 0.00079 -0.00023
197737.778 0.00030 -0.00063 0.00010
197737.782 0.00030 -0.00099 -0.00038
197737.786 0.00014 -0.00003 0.00007
197737.790 0.00010 -0.00070 -0.00131
197737.794 0.00038 -0.00117 -0.00211
197737.798 0.00047 0.00019 -0.00143
197737.802 0.00154 0.00042 -0.00199
197737.806 0.00077 -0.00028 -0.00124
197737.810 -0.00002 -0.00045 -0.00134
197737.814 0.00141 -0.00096 -0.00138
197737.818 0.00103 -0.00108 -0.00017
197737.822 0.00124 -0.00066 0.00042
197737.826 0.00145 -0.00072 0.00028
197737.829 0.00105 -0.00026 0.00009
197737.834 0.00154 -0.00061 -0.00161
197737.838 0.00106 -0.00038 -0.00099
197737.842 0.00094 0.00010 -0.00143
197737.846 -0.00012 0.00054 -0.00049
197737.850 0.00079 0.00019 -0.00131
197737.854 0.00103 -0.00124 -0.00106
197737.858 0.00093 -0.00101 -0.00129
197737.862 0.00120 -0.00049 -0.00061
197737.866 0.00098 -0.00096 -0.00162
197737.870 0.00213 -0.00079 -0.00145
197737.874 0.00213 -0.00059 -0.00126
197737.878 0.00106 -0.00052 -0.00150
197737.882 0.00124 -0.00038 -0.00066
197737.886 0.00175 -0.00017 -0.00059
197737.890 0.00218 -0.00133 -0.00072
197737.894 0.00017 -0.00028 -0.00106
197737.898 0.00086 -0.00016 -0.00115
197737.902 0.00014 -0.00012 -0.00133
197737.906 -0.00003 -0.00056 -0.00152
197737.910 0.00035 0.00021 -0.00096
197737.914 0.00045 -0.00063 -0.00068
197737.918 0.00079 -0.00251 -0.00180
197737.922 0.00072 -0.00269 -0.00105
197737.926 0.00101 -0.00183 -0.00054
197737.930 0.00047 -0.00101 -0.00162
197737.934 0.00079 -0.00019 -0.00099
197737.938 0.00042 0.00000 -0.00052
197737.942 0.00108 0.00201 -0.00010
197737.946 0.00140 0.00073 0.00028
197737.950 0.00073 0.00009 -0.00049
197737.954 0.00040 -0.00005 -0.00070
197737.958 0.00031 -0.00070 -0.00136
197737.962 0.00000 -0.00101 -0.00122
197737.966 0.00021 -0.00080 -0.00119
197737.970 0.00012 -0.00119 -0.00119
197737.974 0.00099 -0.00038 -0.00044
197737.978 0.00138 -0.00154 -0.00175
197737.982 0.00028 -0.00017 -0.00103
197737.986 0.00148 -0.00089 -0.00188
197737.991 0.00195 -0.00077 -0.00106
197737.994 0.00073 0.00000 -0.00054
197737.998 0.00161 -0.00038 -0.00042
197738.002 0.00199 -0.00063 -0.00143
197738.006 0.00119 -0.00070 -0.00230
197738.010 0.00082 0.00017 -0.00072
197738.014 0.00073 0.00040 -0.00166
197738.018 0.00056 0.00002 -0.00161
197738.022 0.00066 0.00051 -0.00084
197738.026 0.00145 0.00140 -0.00079
197738.030 0.00134 0.00028 -0.00093
197738.034 0.00101 -0.00091 -0.00141
197738.038 0.00108 -0.00093 -0.00140
197738.042 0.00049 -0.00168 -0.00079
197738.046 0.00035 -0.00112 -0.00047
197738.050 0.00000 -0.00098 -0.00190
197738.054 0.00066 -0.00110 -0.00122
197738.058 0.00009 -0.00112 -0.00164
197738.062 0.00054 -0.00188 -0.00265
197738.066 0.00051 -0.00073 -0.00141
197738.070 0.00005 -0.00162 -0.00094
197738.074 0.00052 -0.00112 -0.00021
197738.078 0.00096 -0.00082 0.00010
197738.082 0.00061 -0.00030 -0.00143
197738.086 0.00023 0.00012 -0.00065
197738.090 0.00028 -0.00126 -0.00059
197738.094 0.00059 -0.00056 -0.00058
197738.098 0.00127 -0.00127 -0.00058
197738.102 0.00161 -0.00072 -0.00117
197738.106 0.00079 -0.00058 -0.00208
197738.109 0.00131 0.00096 -0.00157
197738.114 0.00131 -0.00058 -0.00173
197738.118 0.00056 -0.00084 -0.00072
197738.122 0.00141 0.00000 -0.00045
197738.126 0.00164 -0.00052 -0.00204
197738.130 0.00019 -0.00112 -0.00126
197738.134 0.00042 -0.00098 -0.00150
197738.138 0.00033 -0.00079 -0.00157
197738.142 0.00059 -0.00089 -0.00038
197738.146 0.00218 -0.00031 -0.00082
197738.150 0.00138 0.00072 -0.00138
197738.154 0.00073 0.00024 -0.00124
197738.158 0.00056 -0.00047 -0.00119
197738.162 0.00066 -0.00126 -0.00164
197738.166 0.00023 -0.00072 -0.00070
197738.169 0.00103 -0.00072 -0.00241
197738.174 0.00108 -0.00012 -0.00180
197738.178 0.00169 -0.00056 -0.00089
197738.182 0.00080 -0.00054 0.00038
197738.186 0.00073 -0.00023 0.00026
197738.190 0.00131 -0.00014 -0.00019
197738.194 0.00072 -0.00042 -0.00047
197738.198 0.00086 -0.00035 -0.00070
197738.202 0.00103 -0.00047 -0.00105
197738.206 0.00199 0.00052 -0.00099
197738.210 0.00164 0.00079 0.00021
197738.214 0.00124 -0.00002 -0.00037
197738.218 0.00084 -0.00115 -0.00066
197738.222 0.00119 0.00021 -0.00164
197738.226 0.00113 -0.00033 -0.00131
197738.230 0.00141 0.00012 -0.00045
197738.234 0.00134 -0.00019 -0.00099
197738.238 0.00192 -0.00059 -0.00113
197738.242 0.00072 0.00065 -0.00026
197738.246 -0.00019 -0.00112 -0.00065
197738.250 0.00122 -0.00157 -0.00119
197738.254 0.00129 -0.00276 -0.00058
197738.258 0.00086 -0.00155 0.00002
197738.262 0.00105 -0.00065 -0.00042
197738.266 0.00124 0.00033 -0.00173
197738.269 0.00220 0.00044 -0.00028
197738.274 0.00154 0.00002 -0.00079
197738.278 0.00047 0.00051 -0.00093
197738.282 0.00065 -0.00010 -0.00082
197738.286 0.00127 -0.00101 -0.00093
197738.290 0.00086 -0.00065 -0.00037
197738.294 0.00089 -0.00024 -0.00157
197738.298 0.00089 0.00044 -0.00113
197738.302 0.00091 0.00031 -0.00162
197738.306 0.00120 0.00030 -0.00159
197738.310 0.00068 0.00014 -0.00145
197738.314 0.00159 -0.00094 -0.00080
197738.318 0.00154 -0.00017 -0.00093
197738.322 0.00061 0.00016 -0.00112
197738.326 0.00143 0.00054 -0.00176
197738.329 0.00044 -0.00024 -0.00103
197738.334 0.00124 -0.00119 -0.00129
197738.339 0.00129 -0.00084 -0.00075
197738.342 0.00161 -0.00031 -0.00122
197738.346 0.00154 0.00073 -0.00119
197738.350 0.00047 0.00024 -0.00119
197738.354 0.00063 -0.00002 -0.00044
197738.358 0.00084 0.00035 -0.00068
197738.362 0.00103 -0.00044 -0.00255
197738.366 0.00138 0.00054 -0.00169
197738.370 0.00103 -0.00113 -0.00176
197738.374 0.00079 -0.00068 -0.00103
197738.378 0.00117 -0.00072 -0.00204
197738.382 0.00112 -0.00117 -0.00035
197738.386 0.00110 -0.00175 -0.00096
197738.390 0.00126 -0.00188 -0.00127
197738.394 0.00159 -0.00178 -0.00120
197738.398 0.00154 -0.00070 -0.00105
197738.402 0.00182 -0.00042 -0.00099
197738.406 0.00145 0.00054 -0.00068
197738.410 0.00119 -0.00054 -0.00134
197738.414 0.00007 -0.00023 -0.00063
197738.418 -0.00005 -0.00134 -0.00089
197738.422 0.00035 -0.00119 0.00054
197738.426 0.00045 -0.00070 -0.00058
197738.430 0.00063 -0.00012 -0.00072
197738.434 0.00129 -0.00072 -0.00211
197738.438 0.00024 -0.00162 -0.00157
197738.442 0.00103 -0.00035 -0.00084
197738.446 0.00124 -0.00152 -0.00169
197738.450 0.00068 -0.00199 -0.00117
197738.454 0.00054 -0.00134 -0.00103
197738.458 0.00035 -0.00089 -0.00204
197738.462 0.00136 0.00000 0.00009
197738.466 0.00133 -0.00145 -0.00024
197738.470 0.00086 -0.00061 -0.00033
197738.474 0.00059 -0.00054 -0.00096
197738.478 -0.00007 -0.00098 -0.00127
197738.482 0.00094 0.00010 -0.00134
197738.486 0.00136 0.00023 -0.00079
197738.490 0.00178 -0.00002 -0.00077
197738.494 0.00098 0.00049 -0.00031
197738.498 -0.00056 0.00065 -0.00110
197738.502 -0.00038 -0.00051 -0.00147
197738.506 0.00010 -0.00112 -0.00066
197738.510 0.00070 -0.00023 -0.00059
197738.514 0.00054 -0.00014 -0.00194
197738.518 0.00112 0.00077 -0.00108
197738.522 0.00035 0.00010 -0.00190
197738.526 0.00150 -0.00065 -0.00182
197738.530 0.00106 -0.00115 -0.00180
197738.534 0.00094 -0.00054 -0.00194
197738.538 0.00000 0.00005 -0.00168
197738.542 -0.00007 -0.00051 -0.00236
197738.546 0.00065 -0.00082 -0.00180
197738.549 0.00023 -0.00195 -0.00148
197738.554 0.00087 -0.00166 -0.00080
197738.558 0.00195 -0.00021 -0.00093
197738.562 0.00133 -0.00119 -0.00096
197738.566 0.00101 -0.00010 -0.00052
197738.570 0.00017 0.00063 -0.00131
197738.574 -0.00033 -0.00037 -0.00136
197738.578 0.00087 -0.00017 -0.00168
197738.582 0.00030 0.00000 -0.00086
197738.586 0.00089 0.00037 -0.00035
197738.590 0.00014 0.00000 0.00023
197738.594 0.00101 0.00051 0.00068
197738.598 0.00063 0.00094 -0.00038
197738.602 0.00023 0.00075 -0.00113
197738.606 0.00073 0.00147 -0.00176
197738.610 0.00236 -0.00045 -0.00180
197738.614 0.00188 0.00113 0.00000
197738.618 0.00131 0.00005 -0.00026
197738.622 0.00147 -0.00157 -0.00124
197738.626 0.00105 0.00054 -0.00134
197738.630 0.00140 0.00051 -0.00122
197738.634 0.00044 -0.00086 -0.00105
197738.638 0.00017 -0.00030 -0.00115
197738.642 0.00010 -0.00031 -0.00087
197738.646 0.00024 -0.00002 -0.00094
197738.650 0.00073 -0.00070 -0.00127
197738.654 0.00086 0.00017 -0.00075
197738.658 0.00150 -0.00017 -0.00091
197738.662 0.00091 0.00000 -0.00082
197738.666 0.00105 -0.00068 -0.00063
197738.669 0.00049 -0.00040 -0.00059
197738.674 0.00019 -0.00003 -0.00028
197738.678 0.00072 -0.00024 -0.00124
197738.682 0.00086 -0.00030 -0.00120
197738.686 0.00044 0.00073 -0.00134
197738.691 0.00079 0.00084 -0.00136
197738.694 0.00133 0.00044 -0.00168
197738.698 -0.00002 0.00002 -0.00115
197738.702 0.00080 -0.00129 -0.00269
197738.706 0.00117 -0.00026 -0.00218
197738.710 0.00188 -0.00045 -0.00129
197738.714 0.00131 -0.00155 -0.00075
197738.718 0.00131 -0.00094 -0.00122
197738.722 0.00115 -0.00017 -0.00119
197738.726 0.00157 -0.00012 -0.00164
197738.730 0.00063 -0.00147 -0.00161
197738.734 0.00113 -0.00106 -0.00145
197738.738 0.00171 0.00007 -0.00155
197738.742 0.00171 0.00037 -0.00113
197738.746 0.00157 0.00031 -0.00040
197738.750 0.00077 -0.00030 -0.00113
197738.754 0.00087 -0.00016 -0.00101
197738.758 0.00000 -0.00012 -0.00129
197738.762 0.00096 0.00017 -0.00105
197738.766 0.00031 -0.00017 -0.00086
197738.770 0.00120 0.00000 -0.00169
197738.774 0.00143 -0.00038 -0.00162
197738.778 0.00209 -0.00017 -0.00113
197738.782 0.00136 -0.00103 -0.00208
197738.786 0.00026 -0.00110 -0.00112
197738.790 0.00014 -0.00068 -0.00042
197738.794 0.00024 0.00017 -0.00113
197738.798 0.00103 -0.00003 -0.00162
197738.802 0.00138 -0.00113 -0.00190
197738.806 0.00164 -0.00098 -0.00045
197738.810 0.00169 -0.00079 -0.00054
197738.814 0.00171 -0.00148 -0.00117
197738.818 0.00141 -0.00077 -0.00208
197738.822 0.00117 0.00045 -0.00171
197738.826 0.00143 -0.00040 -0.00192
197738.829 0.00119 -0.00110 -0.00122
197738.834 0.00066 -0.00082 -0.00028
197738.838 0.00024 -0.00105 0.00024
197738.842 0.00028 -0.00035 -0.00080
197738.846 0.00059 -0.00063 -0.00138
197738.850 0.00052 -0.00129 -0.00154
197738.854 0.00110 -0.00028 -0.00112
197738.858 0.00110 -0.00136 -0.00056
197738.862 0.00051 -0.00014 -0.00056
197738.866 0.00094 0.00002 -0.00133
197738.870 0.00152 0.00035 -0.00136
197738.874 0.00091 0.00075 -0.00047
197738.878 0.00030 -0.00079 -0.00070
197738.882 -0.00059 -0.00119 -0.00091
197738.886 0.00021 -0.00040 -0.00051
197738.889 0.00178 0.00070 -0.00070
197738.894 0.00127 -0.00110 -0.00016
197738.898 0.00054 -0.00021 -0.00091
197738.902 0.00096 -0.00044 -0.00051
197738.906 0.00077 -0.00126 -0.00131
197738.910 0.00147 -0.00056 -0.00106
197738.914 0.00091 -0.00084 -0.00054
197738.918 0.00120 0.00044 -0.00042
197738.922 0.00068 0.00002 0.00019
197738.926 -0.00003 -0.00007 0.00007
197738.930 0.00065 -0.00101 -0.00086
197738.934 0.00143 -0.00080 -0.00094
197738.938 0.00134 0.00059 -0.00127
197738.942 0.00101 -0.00037 -0.00091
197738.946 0.00093 0.00040 0.00023
197738.949 0.00136 -0.00133 0.00023
197738.954 0.00133 -0.00073 -0.00112
197738.958 0.00117 -0.00117 -0.00010
197738.962 0.00157 -0.00009 -0.00105
197738.966 0.00077 0.00017 -0.00070
197738.970 0.00087 0.00086 -0.00075
197738.974 0.00030 0.00044 -0.00136
197738.978 0.00134 -0.00072 -0.00122
197738.982 0.00072 -0.00133 -0.00134
197738.986 0.00086 -0.00058 -0.00106
197738.990 0.00148 -0.00023 -0.00176
197738.994 0.00061 -0.00014 -0.00042
197738.998 -0.00021 -0.00072 -0.00143
197739.002 0.00091 -0.00042 -0.00124
197739.006 0.00045 -0.00110 -0.00150
197739.010 -0.00024 -0.00127 -0.00126
197739.014 0.00000 -0.00010 -0.00045
197739.018 0.00112 0.00093 0.00019
197739.022 0.00035 -0.00030 -0.00051
197739.026 0.00106 -0.00166 -0.00010
197739.030 0.00065 -0.00082 -0.00014
197739.034 0.00129 -0.00075 -0.00166
197739.039 0.00024 -0.00178 -0.00176
197739.042 0.00028 -0.00145 -0.00223
197739.046 0.00105 -0.00031 -0.00161
197739.049 0.00140 0.00073 0.00019
197739.054 0.00148 -0.00079 -0.00005
197739.058 0.00180 -0.00089 -0.00119
197739.062 0.00145 -0.00091 -0.00164
197739.066 0.00119 -0.00093 -0.00054
197739.070 0.00127 -0.00183 -0.00131
197739.074 0.00054 -0.00010 -0.00091
197739.078 0.00066 -0.00010 -0.00112
197739.082 0.00129 -0.00010 -0.00101
197739.086 0.00161 -0.00072 -0.00084
197739.090 0.00154 -0.00026 -0.00094
197739.094 0.00016 0.00000 -0.00082
197739.098 -0.00047 0.00005 -0.00124
197739.102 0.00054 -0.00112 -0.00120
197739.106 0.00157 0.00007 -0.00073
197739.109 0.00017 -0.00037 -0.00045
197739.114 0.00026 -0.00017 -0.00009
197739.118 0.00103 0.00016 -0.00164
197739.122 0.00183 0.00145 -0.00099
197739.126 0.00129 0.00119 -0.00009
197739.130 0.00056 -0.00157 -0.00103
197739.134 0.00112 -0.00110 -0.00115
197739.138 0.00066 -0.00096 -0.00147
197739.142 0.00188 -0.00094 -0.00110
197739.146 0.00147 -0.00047 -0.00176
197739.150 0.00014 0.00023 -0.00012
197739.154 0.00070 -0.00031 -0.00182
197739.158 0.00024 0.00026 -0.00119
197739.162 0.00058 -0.00045 -0.00119
197739.166 0.00066 -0.00110 -0.00208
197739.170 0.00099 -0.00037 -0.00187
197739.174 0.00122 -0.00108 -0.00152
197739.178 0.00038 0.00037 -0.00021
197739.182 0.00138 0.00000 -0.00017
197739.186 0.00133 -0.00052 -0.00077
197739.190 0.00147 -0.00023 -0.00106
197739.194 0.00120 -0.00073 -0.00040
197739.198 0.00143 -0.00103 -0.00052
197739.202 0.00105 0.00009 -0.00086
197739.206 0.00169 0.00068 -0.00140
197739.210 0.00126 0.00038 -0.00140
197739.214 0.00159 -0.00073 -0.00049
197739.218 0.00244 0.00031 -0.00040
197739.222 0.00206 0.00044 -0.00173
197739.226 0.00120 -0.00042 -0.00148
197739.229 -0.00037 -0.00049 -0.00096
197739.234 0.00058 -0.00051 -0.00141
197739.238 0.00082 -0.00007 -0.00124
197739.242 0.00087 -0.00070 -0.00120
197739.246 0.00044 0.00061 -0.00089
197739.250 0.00079 -0.00021 -0.00065
197739.254 0.00042 -0.00089 -0.00180
197739.258 0.00122 -0.00031 -0.00180
197739.262 0.00099 0.00012 -0.00134
197739.266 0.00122 0.00009 -0.00213
197739.270 0.00038 0.00007 -0.00113
197739.274 0.00122 -0.00021 -0.00101
197739.278 0.00188 0.00030 -0.00129
197739.282 0.00147 -0.00075 -0.00225
197739.286 0.00120 -0.00119 -0.00147
197739.290 0.00068 -0.00009 -0.00141
197739.294 0.00054 -0.00101 -0.00124
197739.298 0.00051 -0.00019 -0.00195
197739.302 0.00094 0.00045 -0.00093
197739.306 0.00182 -0.00101 -0.00126
197739.310 0.00129 -0.00126 -0.00136
197739.314 0.00056 -0.00101 -0.00093
197739.318 0.00080 -0.00051 -0.00187
197739.322 0.00073 -0.00096 -0.00136
197739.326 0.00131 0.00070 -0.00077
197739.330 0.00147 0.00038 -0.00138
197739.334 0.00120 -0.00073 -0.00093
197739.338 0.00127 -0.00087 -0.00096
197739.342 0.00099 -0.00016 -0.00127
197739.346 0.00108 0.00031 -0.00166
197739.350 0.00094 0.00030 -0.00086
197739.354 0.00045 -0.00030 -0.00079
197739.358 0.00063 -0.00002 -0.00138
197739.362 0.00084 -0.00098 -0.00108
197739.366 0.00089 -0.00094 -0.00131
197739.370 0.00120 -0.00017 -0.00120
197739.374 0.00084 -0.00073 -0.00119
197739.378 0.00073 -0.00117 -0.00148
197739.382 0.00147 -0.00040 -0.00171
197739.386 0.00059 0.00010 -0.00117
197739.391 0.00082 -0.00005 -0.00087
197739.394 0.00012 -0.00024 -0.00171
197739.398 0.00206 0.00073 -0.00162
197739.402 0.00136 0.00040 -0.00145
197739.406 0.00176 -0.00042 -0.00155
197739.410 0.00127 0.00009 -0.00127
197739.414 0.00070 -0.00080 -0.00045
197739.418 0.00115 -0.00134 -0.00099
197739.422 0.00157 -0.00028 -0.00068
197739.426 0.00093 -0.00075 -0.00166
197739.430 0.00045 -0.00103 -0.00010
197739.434 0.00049 0.00009 -0.00059
197739.438 0.00079 0.00143 -0.00087
197739.442 0.00087 0.00044 -0.00140
197739.446 0.00089 -0.00012 -0.00169
197739.450 0.00166 0.00002 -0.00162
197739.454 0.00201 -0.00007 -0.00054
197739.458 0.00105 -0.00101 -0.00147
197739.462 0.00003 -0.00080 -0.00110
197739.466 0.00082 -0.00073 -0.00026
197739.470 0.00073 -0.00028 0.00040
197739.474 0.00070 0.00044 -0.00122
197739.478 0.00086 0.00031 -0.00073
197739.482 0.00089 -0.00105 -0.00045
197739.486 0.00120 -0.00082 -0.00070
197739.490 0.00052 0.00014 -0.00059
197739.494 0.00171 0.00024 -0.00087
197739.498 0.00171 -0.00031 -0.00276
197739.502 -0.00052 -0.00227 -0.00099
197739.506 0.00068 -0.00009 -0.00084
197739.509 0.00084 -0.00070 -0.00108
197739.514 0.00089 -0.00072 -0.00176
197739.518 0.00164 0.00002 -0.00133
197739.522 0.00246 -0.00007 -0.00152
197739.526 0.00145 0.00063 -0.00037
197739.530 0.00150 0.00068 -0.00035
197739.534 0.00106 -0.00021 -0.00143
197739.538 0.00065 -0.00059 -0.00033
197739.542 0.00068 -0.00129 -0.00126
197739.546 0.00099 -0.00026 -0.00166
197739.550 0.00106 0.00058 -0.00145
197739.554 0.00155 -0.00023 -0.00110
197739.558 0.00077 0.00044 -0.00161
197739.562 0.00117 -0.00040 -0.00204
197739.566 0.00098 -0.00094 -0.00155
197739.570 0.00138 -0.00108 -0.00188
197739.574 0.00208 0.00098 -0.00045
197739.578 0.00091 0.00091 -0.00038
197739.582 0.00030 0.00000 -0.00127
197739.586 0.00105 -0.00052 -0.00195
197739.590 0.00110 -0.00157 -0.00199
197739.594 0.00126 -0.00155 -0.00154
197739.598 0.00159 -0.00094 -0.00068
197739.602 0.00138 -0.00002 -0.00030
197739.606 0.00103 -0.00009 -0.00005
197739.609 0.00063 0.00033 0.00075
197739.614 -0.00005 -0.00044 0.00021
197739.618 0.00019 -0.00126 -0.00037
197739.622 0.00131 0.00002 -0.00082
197739.626 0.00161 0.00141 -0.00124
197739.630 0.00154 -0.00077 0.00000
197739.634 0.00182 -0.00119 -0.00072
197739.638 0.00159 -0.00024 -0.00136
197739.642 0.00079 -0.00014 -0.00063
197739.646 0.00178 -0.00042 -0.00119
197739.650 0.00159 0.00009 -0.00087
197739.654 0.00079 0.00009 -0.00140
197739.658 0.00147 -0.00051 -0.00124
197739.662 0.00059 -0.00096 -0.00164
197739.666 0.00052 -0.00079 -0.00175
197739.669 0.00051 -0.00119 -0.00178
197739.674 0.00051 -0.00129 -0.00103
197739.678 0.00140 0.00016 -0.00099
197739.682 0.00103 -0.00063 -0.00113
197739.686 0.00183 -0.00070 0.00002
197739.690 0.00040 0.00031 -0.00131
197739.694 0.00061 -0.00059 -0.00106
197739.698 0.00127 -0.00009 -0.00115
197739.702 0.00115 -0.00010 -0.00162
197739.706 0.00096 0.00033 -0.00054
197739.710 0.00061 -0.00105 -0.00086
197739.714 -0.00051 -0.00201 -0.00155
197739.718 0.00068 -0.00045 -0.00068
197739.722 0.00054 -0.00110 -0.00044
197739.726 0.00110 -0.00068 -0.00145
197739.730 0.00171 0.00033 -0.00080
197739.734 0.00141 0.00030 0.00010
197739.739 0.00133 -0.00075 -0.00038
197739.742 0.00147 -0.00012 0.00007
197739.746 0.00150 -0.00012 -0.00056
197739.750 0.00106 -0.00162 -0.00072
197739.754 0.00110 -0.00080 -0.00075
197739.758 0.00126 -0.00014 -0.00061
197739.762 0.00145 -0.00148 -0.00058
197739.766 0.00089 -0.00152 -0.00178
197739.770 -0.00044 -0.00122 -0.00223
197739.774 0.00115 -0.00086 -0.00190
197739.778 0.00096 -0.00091 -0.00182
197739.782 0.00106 0.00042 -0.00030
197739.786 0.00033 -0.00058 -0.00080
197739.790 0.00120 -0.00113 -0.00168
197739.794 0.00127 -0.00098 -0.00162
197739.798 0.00131 0.00024 -0.00143
197739.802 0.00086 -0.00106 -0.00155
197739.806 0.00059 -0.00051 -0.00082
197739.810 0.00082 -0.00112 -0.00079
197739.814 0.00073 -0.00082 -0.00093
197739.818 0.00101 -0.00089 -0.00141
197739.822 0.00047 -0.00017 -0.00169
197739.826 0.00154 -0.00148 -0.00176
197739.830 0.00077 -0.00093 -0.00119
197739.834 0.00133 -0.00017 -0.00087
197739.838 0.00115 -0.00058 -0.00201
197739.842 0.00157 -0.00038 -0.00201
197739.846 0.00077 0.00010 -0.00140
197739.850 0.00087 -0.00005 0.00024
197739.854 0.00000 -0.00038 -0.00035
197739.858 0.00066 0.00070 -0.00096
197739.862 0.00113 -0.00035 -0.00052
197739.866 0.00096 -0.00138 -0.00070
197739.870 0.00136 0.00059 -0.00075
197739.874 0.00192 0.00021 -0.00136
197739.878 0.00087 -0.00063 -0.00183
197739.882 0.00073 -0.00040 -0.00211
197739.886 0.00147 -0.00108 -0.00021
197739.890 0.00089 -0.00082 -0.00154
197739.894 0.00105 -0.00091 -0.00157
197739.898 0.00124 0.00012 -0.00113
197739.902 0.00099 -0.00126 -0.00133
197739.906 0.00183 -0.00101 -0.00122
197739.910 0.00113 -0.00003 -0.00223
197739.914 0.00037 -0.00024 -0.00206
197739.918 0.00091 -0.00030 -0.00141
197739.922 0.00091 -0.00152 -0.00079
197739.926 0.00105 -0.00093 -0.00138
197739.930 0.00033 -0.00108 -0.00047
197739.934 0.00030 -0.00021 -0.00145
197739.938 0.00089 0.00016 -0.00094
197739.942 0.00045 -0.00124 -0.00173
197739.946 0.00108 -0.00147 -0.00087
197739.949 0.00140 -0.00016 -0.00094
197739.954 0.00119 -0.00042 -0.00141
197739.958 0.00202 -0.00003 -0.00140
197739.962 0.00089 -0.00086 -0.00199
197739.966 0.00030 -0.00045 -0.00140
197739.970 0.00089 -0.00110 -0.00017
197739.974 0.00134 -0.00098 -0.00061
197739.978 0.00072 -0.00183 -0.00148
197739.982 0.00190 -0.00222 -0.00187
197739.986 0.00176 -0.00126 -0.00075
197739.990 0.00068 -0.00192 -0.00077
197739.994 0.00084 -0.00103 -0.00063
197739.998 0.00180 -0.00096 -0.00103
197740.002 0.00188 -0.00094 -0.00145
197740.006 0.00206 -0.00108 -0.00185
197740.009 0.00105 -0.00037 -0.00225
197740.014 0.00079 -0.00017 -0.00237
197740.018 0.00133 -0.00133 -0.00178
197740.022 0.00131 -0.00103 -0.00103
197740.026 0.00040 0.00023 -0.00084
197740.030 -0.00042 -0.00016 -0.00065
197740.034 0.00070 -0.00103 -0.00089
197740.038 0.00086 -0.00155 -0.00171
197740.042 0.00073 -0.00215 -0.00237
197740.046 0.00040 -0.00110 -0.00148
197740.050 0.00138 -0.00096 -0.00216
197740.054 0.00148 -0.00154 -0.00218
197740.058 0.00120 -0.00108 -0.00113
197740.062 0.00127 -0.00007 -0.00162
197740.066 0.00175 -0.00145 -0.00129
197740.070 0.00202 -0.00031 -0.00152
197740.074 0.00120 0.00012 -0.00096
197740.078 0.00037 0.00009 -0.00052
197740.082 0.00061 -0.00005 -0.00040
197740.086 0.00173 0.00003 -0.00082
197740.091 0.00066 -0.00052 -0.00079
197740.094 0.00084 -0.00098 -0.00168
197740.098 0.00059 -0.00140 -0.00176
197740.102 0.00066 -0.00030 -0.00073
197740.106 0.00084 -0.00106 -0.00045
197740.109 0.00059 -0.00051 -0.00175
197740.114 -0.00007 -0.00127 -0.00148
197740.118 -0.00054 -0.00147 -0.00126
197740.122 -0.00007 -0.00047 -0.00120
197740.126 0.00019 -0.00066 -0.00209
197740.130 0.00087 -0.00086 -0.00173
197740.134 0.00105 -0.00030 -0.00131
197740.138 0.00094 -0.00077 -0.00136
197740.142 0.00016 -0.00180 -0.00197
197740.146 0.00131 -0.00024 -0.00169
197740.150 0.00026 -0.00014 -0.00086
197740.154 0.00028 -0.00117 -0.00019
197740.158 0.00073 -0.00099 0.00026
197740.162 0.00115 -0.00079 -0.00065
197740.166 0.00082 -0.00044 -0.00089
197740.169 0.00119 -0.00035 -0.00110
197740.174 0.00023 -0.00063 -0.00131
197740.178 0.00058 0.00003 -0.00106
197740.182 0.00141 -0.00037 -0.00086
197740.186 0.00134 -0.00108 -0.00049
197740.190 0.00117 -0.00173 -0.00175
197740.194 0.00082 -0.00054 -0.00133
197740.198 0.00178 0.00007 -0.00122
197740.202 0.00052 -0.00051 -0.00225
197740.206 -0.00023 0.00098 -0.00101
197740.210 -0.00059 -0.00012 -0.00084
197740.214 -0.00082 -0.00058 -0.00108
197740.218 0.00105 0.00051 -0.00070
197740.222 0.00140 0.00033 -0.00106
197740.226 0.00073 0.00075 -0.00084
197740.229 0.00040 0.00010 -0.00110
197740.234 0.00047 0.00084 -0.00086
197740.238 0.00094 -0.00106 -0.00155
197740.242 0.00106 -0.00037 -0.00113
197740.246 0.00215 0.00042 -0.00086
197740.250 0.00047 -0.00178 -0.00230
197740.254 0.00185 -0.00086 -0.00162
197740.258 0.00145 -0.00091 -0.00129
197740.262 0.00089 -0.00197 -0.00195
197740.266 0.00209 -0.00075 -0.00124
197740.270 0.00122 -0.00042 -0.00044
197740.274 0.00038 -0.00005 -0.00068
197740.278 0.00031 0.00003 -0.00105
197740.282 0.00030 0.00037 -0.00040
197740.286 0.00000 0.00000 -0.00082
197740.290 0.00082 0.00051 -0.00049
197740.294 0.00117 0.00110 -0.00040
197740.298 0.00037 0.00035 -0.00068
197740.302 0.00152 -0.00030 -0.00014
197740.306 0.00136 -0.00061 0.00012
197740.310 0.00147 -0.00009 -0.00113
197740.314 0.00166 0.00017 -0.00117
197740.318 0.00065 -0.00138 -0.00087
197740.322 0.00023 -0.00014 -0.00094
197740.326 0.00133 -0.00028 -0.00066
197740.330 0.00147 -0.00030 -0.00075
197740.334 0.00105 -0.00061 -0.00091
197740.338 0.00110 0.00019 -0.00096
197740.342 0.00110 -0.00017 -0.00098
197740.346 -0.00009 -0.00073 -0.00143
197740.350 0.00049 -0.00058 -0.00154
197740.354 0.00124 -0.00084 -0.00159
197740.358 0.00038 -0.00014 -0.00038
197740.362 0.00091 -0.00012 -0.00068
197740.366 0.00106 0.00047 -0.00014
197740.370 0.00094 -0.00010 -0.00061
197740.374 0.00000 -0.00161 -0.00148
197740.378 0.00098 -0.00171 -0.00126
197740.382 0.00138 -0.00188 -0.00105
197740.386 0.00178 -0.00012 -0.00145
197740.390 0.00143 -0.00010 -0.00080
197740.394 0.00105 -0.00010 -0.00197
197740.398 0.00033 -0.00010 -0.00229
197740.402 0.00166 0.00017 -0.00237
197740.406 0.00065 -0.00019 -0.00194
197740.410 0.00204 -0.00058 -0.00213
197740.414 0.00150 -0.00054 -0.00202
197740.418 -0.00012 -0.00068 -0.00185
197740.422 0.00033 0.00017 -0.00166
197740.426 0.00075 -0.00033 -0.00040
197740.430 0.00056 -0.00031 -0.00143
197740.434 0.00066 -0.00077 -0.00094
197740.439 0.00099 -0.00103 -0.00066
197740.442 -0.00072 -0.00096 -0.00030
197740.446 0.00033 -0.00049 0.00009
197740.450 0.00075 -0.00096 -0.00084
197740.454 0.00072 -0.00108 -0.00019
197740.458 0.00131 0.00066 -0.00093
197740.462 0.00115 0.00024 -0.00066
197740.466 0.00112 -0.00108 -0.00073
197740.470 0.00171 0.00082 -0.00093
197740.474 0.00112 -0.00031 -0.00141
197740.478 0.00110 -0.00077 -0.00140
197740.482 0.00155 -0.00058 -0.00215
197740.486 0.00077 -0.00143 -0.00173
197740.490 0.00117 -0.00077 -0.00133
197740.494 0.00248 -0.00028 -0.00168
197740.498 0.00072 0.00028 -0.00131
197740.502 -0.00003 0.00087 -0.00182
197740.506 0.00051 -0.00016 -0.00164
197740.509 0.00185 -0.00117 -0.00024
197740.514 0.00131 -0.00070 -0.00003
197740.518 0.00176 0.00108 -0.00042
197740.522 0.00082 0.00033 -0.00023
197740.526 -0.00016 -0.00075 -0.00033
197740.530 0.00138 -0.00028 -0.00080
197740.534 0.00117 0.00014 -0.00033
197740.538 0.00157 -0.00035 -0.00005
197740.542 0.00229 -0.00122 -0.00058
197740.546 0.00157 -0.00206 -0.00042
197740.550 0.00031 -0.00093 -0.00113
197740.554 0.00045 -0.00093 -0.00087
197740.558 0.00003 -0.00108 -0.00049
197740.562 -0.00007 -0.00096 -0.00099
197740.566 0.00126 -0.00019 -0.00143
197740.569 0.00070 -0.00044 -0.00110
197740.574 0.00009 -0.00049 -0.00115
197740.578 0.00084 -0.00232 -0.00147
197740.582 0.00073 -0.00070 -0.00066
197740.586 0.00161 0.00063 -0.00044
197740.590 0.00215 -0.00037 -0.00159
197740.594 0.00122 -0.00047 -0.00159
197740.598 0.00068 -0.00005 -0.00098
197740.602 0.00129 0.00124 -0.00143
197740.606 -0.00063 0.00023 -0.00003
197740.610 0.00065 0.00012 -0.00103
197740.614 0.00113 -0.00094 -0.00113
197740.618 0.00082 -0.00199 -0.00192
197740.622 0.00073 0.00044 -0.00168
197740.626 0.00040 -0.00042 -0.00236
197740.630 0.00002 -0.00155 -0.00239
197740.634 0.00052 -0.00063 -0.00195
197740.638 0.00080 -0.00099 -0.00124
197740.642 0.00087 0.00009 -0.00119
197740.646 0.00105 -0.00035 -0.00103
197740.650 0.00094 -0.00122 -0.00099
197740.654 0.00061 -0.00176 -0.00113
197740.658 0.00068 -0.00129 -0.00086
197740.662 0.00038 -0.00117 -0.00155
197740.666 0.00031 0.00019 -0.00113
197740.669 0.00105 -0.00017 -0.00056
197740.674 0.00140 -0.00148 -0.00026
197740.678 0.00073 -0.00168 -0.00049
197740.682 0.00056 -0.00187 -0.00190
197740.686 0.00080 -0.00012 -0.00093
197740.690 0.00148 0.00077 -0.00080
197740.694 0.00091 -0.00033 -0.00063
197740.698 -0.00014 -0.00122 -0.00148
197740.702 0.00047 0.00003 -0.00126
197740.706 0.00110 0.00037 -0.00105
197740.710 0.00035 -0.00134 -0.00159
197740.714 0.00030 -0.00089 -0.00175
197740.718 0.00045 -0.00197 -0.00194
197740.722 0.00002 -0.00195 -0.00183
197740.726 0.00068 0.00000 -0.00030
197740.729 0.00024 -0.00159 -0.00005
197740.734 -0.00002 -0.00096 -0.00148
197740.738 0.00171 0.00072 -0.00171
197740.742 0.00216 -0.00049 -0.00133
197740.746 0.00138 -0.00066 -0.00106
197740.750 0.00178 -0.00161 -0.00297
197740.754 0.00113 -0.00155 -0.00195
197740.758 0.00080 0.00086 -0.00138
197740.762 0.00178 0.00058 -0.00154
197740.766 -0.00005 -0.00084 -0.00052
197740.770 0.00110 0.00103 -0.00010
197740.774 0.00171 -0.00010 -0.00045
197740.778 0.00096 -0.00072 -0.00054
197740.782 0.00091 -0.00087 -0.00056
197740.786 0.00091 -0.00075 -0.00042
197740.791 0.00166 -0.00089 -0.00023
197740.794 0.00169 0.00087 -0.00169
197740.798 0.00096 0.00000 -0.00131
197740.802 0.00031 -0.00054 -0.00166
197740.806 0.00134 -0.00037 -0.00176
197740.810 0.00042 -0.00138 -0.00103
197740.814 -0.00042 -0.00120 0.00005
197740.818 0.00040 -0.00054 -0.00010
197740.822 -0.00042 -0.00218 -0.00180
197740.826 0.00010 -0.00155 -0.00180
197740.830 0.00054 0.00009 -0.00105
197740.834 0.00005 -0.00096 -0.00145
197740.838 0.00038 -0.00003 0.00024
197740.842 0.00047 0.00005 -0.00096
197740.846 0.00033 -0.00037 -0.00098
197740.850 0.00075 -0.00033 -0.00143
197740.854 0.00010 0.00087 -0.00124
197740.858 -0.00005 -0.00045 0.00000
197740.862 0.00155 -0.00021 -0.00026
197740.866 0.00138 -0.00194 -0.00169
197740.870 0.00133 -0.00089 -0.00147
197740.874 0.00161 0.00208 -0.00035
197740.878 0.00140 -0.00028 -0.00157
197740.882 0.00087 -0.00016 -0.00084
197740.886 0.00134 0.00031 -0.00124
197740.890 0.00117 -0.00134 -0.00059
197740.894 0.00082 -0.00014 -0.00042
197740.898 0.00087 0.00047 -0.00038
197740.902 0.00030 0.00003 -0.00143
197740.906 0.00119 -0.00113 -0.00065
197740.910 0.00159 -0.00127 -0.00073
197740.914 0.00079 -0.00251 -0.00077
197740.918 0.00072 0.00030 -0.00063
197740.922 0.00101 -0.00030 -0.00073
197740.926 0.00063 -0.00093 -0.00031
197740.930 0.00143 0.00012 -0.00051
197740.934 0.00194 0.00009 -0.00251
197740.938 0.00042 -0.00051 -0.00183
197740.942 0.00093 -0.00023 -0.00134
197740.946 0.00091 -0.00073 -0.00168
197740.949 0.00059 -0.00164 -0.00026
197740.954 0.00052 0.00068 -0.00033
197740.958 -0.00084 -0.00126 -0.00051
197740.962 0.00044 -0.00042 -0.00086
197740.966 0.00108 0.00099 -0.00124
197740.970 0.00019 -0.00058 -0.00059
197740.974 0.00056 0.00051 -0.00103
197740.978 0.00112 -0.00070 -0.00113
197740.982 0.00066 -0.00344 -0.00162
197740.986 0.00188 -0.00127 -0.00099
197740.990 0.00176 -0.00010 -0.00143
197740.994 0.00157 -0.00147 -0.00094
197740.998 0.00199 -0.00016 -0.00007
197741.002 -0.00030 -0.00087 0.00030
197741.006 0.00028 -0.00197 -0.00094
197741.010 0.00148 -0.00044 -0.00157
197741.014 0.00120 -0.00094 -0.00175
197741.018 0.00082 -0.00017 -0.00026
197741.022 0.00194 0.00182 -0.00003
197741.026 0.00117 0.00009 -0.00073
197741.030 0.00023 -0.00082 -0.00122
197741.034 0.00103 0.00000 -0.00073
197741.038 0.00063 -0.00129 -0.00106
197741.042 0.00188 0.00017 -0.00070
197741.046 0.00101 -0.00063 -0.00166
197741.050 0.00047 -0.00190 -0.00131
197741.054 0.00140 0.00031 -0.00091
197741.058 0.00044 -0.00150 -0.00126
197741.062 0.00152 -0.00063 -0.00075
197741.066 0.00213 0.00049 -0.00061
197741.069 0.00077 -0.00086 -0.00058
197741.074 0.00072 0.00148 -0.00073
197741.078 0.00131 0.00180 -0.00075
197741.082 0.00026 -0.00066 -0.00152
197741.086 0.00044 0.00079 -0.00098
197741.090 0.00093 -0.00031 -0.00052
197741.094 0.00136 -0.00168 -0.00192
197741.098 0.00117 -0.00007 -0.00138
197741.102 0.00023 -0.00115 -0.00093
197741.106 -0.00002 -0.00129 -0.00126
197741.110 0.00080 -0.00026 -0.00150
197741.114 0.00042 -0.00211 -0.00082
197741.118 0.00079 0.00010 -0.00079
197741.122 0.00087 0.00009 -0.00213
197741.126 0.00134 -0.00187 -0.00218
197741.130 0.00162 0.00017 -0.00129
197741.134 0.00185 0.00040 -0.00106
197741.139 0.00099 0.00016 -0.00086
197741.142 0.00138 0.00086 -0.00140
197741.146 0.00148 -0.00045 -0.00124
197741.150 0.00075 -0.00021 -0.00164
197741.154 0.00056 0.00091 -0.00206
197741.158 -0.00037 -0.00195 -0.00110
197741.162 -0.00033 -0.00134 -0.00101
197741.166 0.00073 -0.00012 -0.00113
197741.170 0.00115 -0.00147 -0.00223
197741.174 0.00141 -0.00031 -0.00206
197741.178 0.00073 -0.00120 -0.00201
197741.182 0.00086 -0.00206 -0.00124
197741.186 0.00164 -0.00047 0.00000
197741.190 0.00155 -0.00260 -0.00133
197741.194 0.00152 -0.00093 -0.00077
197741.198 0.00031 0.00042 -0.00061
197741.202 0.00059 -0.00026 -0.00073
197741.206 0.00187 0.00044 -0.00077
197741.210 0.00206 0.00031 -0.00093
197741.214 0.00075 -0.00014 -0.00096
197741.218 0.00086 0.00031 -0.00098
197741.222 0.00044 -0.00089 -0.00037
197741.226 0.00063 -0.00077 -0.00066
197741.229 0.00127 0.00045 -0.00091
197741.234 0.00115 -0.00101 -0.00049
197741.238 0.00082 -0.00080 -0.00131
197741.242 0.00103 -0.00075 -0.00136
197741.246 0.00003 -0.00164 0.00026
197741.250 0.00143 -0.00005 0.00009
197741.254 0.00134 -0.00040 -0.00099
197741.258 0.00086 -0.00049 -0.00098
197741.262 0.00148 0.00037 -0.00127
197741.266 0.00152 0.00016 -0.00075
197741.270 0.00120 -0.00035 -0.00061
197741.274 0.00113 0.00026 -0.00087
197741.278 0.00051 -0.00106 -0.00080
197741.282 0.00065 -0.00021 -0.00093
197741.286 0.00024 -0.00014 -0.00232
197741.289 -0.00016 -0.00117 -0.00208
197741.294 0.00077 -0.00070 -0.00216
197741.298 0.00056 -0.00040 -0.00175
197741.302 0.00066 -0.00169 -0.00253
197741.306 0.00070 -0.00052 -0.00124
197741.310 0.00099 -0.00143 -0.00180
197741.314 0.00047 -0.00120 -0.00014
197741.318 0.00094 0.00019 -0.00016
197741.322 0.00031 -0.00138 -0.00077
197741.326 0.00045 -0.00105 -0.00152
197741.330 -0.00010 -0.00126 -0.00098
197741.334 0.00094 -0.00208 -0.00098
197741.338 0.00227 0.00072 -0.00113
197741.342 -0.00023 -0.00110 -0.00133
197741.346 0.00030 -0.00037 -0.00093
197741.349 0.00044 0.00131 -0.00096
197741.354 0.00079 -0.00003 -0.00141
197741.358 0.00133 -0.00009 -0.00124
197741.362 0.00131 -0.00010 -0.00089
197741.366 0.00072 0.00017 -0.00065
197741.370 0.00161 0.00010 -0.00030
197741.374 0.00154 -0.00155 -0.00140
197741.378 0.00182 -0.00140 -0.00183
197741.382 0.00129 -0.00014 -0.00180
197741.386 0.00086 -0.00148 -0.00089
197741.390 0.00089 -0.00031 -0.00171
197741.394 0.00091 -0.00031 -0.00042
197741.398 -0.00014 -0.00031 -0.00052
197741.402 0.00047 -0.00061 -0.00101
197741.406 0.00140 -0.00009 -0.00038
197741.410 0.00042 -0.00147 -0.00082
197741.414 0.00122 -0.00047 -0.00033
197741.418 0.00023 -0.00155 -0.00110
197741.422 0.00117 -0.00003 -0.00176
197741.426 0.00129 -0.00054 -0.00058
197741.430 0.00009 -0.00248 -0.00117
197741.434 0.00159 -0.00044 -0.00073
197741.438 0.00094 -0.00140 -0.00091
197741.442 0.00030 -0.00091 -0.00141
197741.446 0.00105 -0.00047 -0.00063
197741.449 0.00154 -0.00096 -0.00073
197741.454 0.00197 -0.00049 -0.00182
197741.458 0.00134 -0.00126 -0.00150
197741.462 0.00086 -0.00058 -0.00126
197741.466 0.00030 -0.00052 -0.00195
197741.470 0.00000 -0.00127 -0.00079
197741.474 0.00096 -0.00042 -0.00093
197741.478 0.00136 -0.00049 -0.00096
197741.482 0.00103 -0.00202 -0.00218
197741.486 0.00138 -0.00152 -0.00190
197741.491 0.00044 -0.00017 -0.00136
197741.494 0.00017 -0.00087 -0.00047
197741.498 0.00072 -0.00061 -0.00070
197741.502 0.00115 -0.00009 -0.00120
197741.506 0.00141 -0.00010 -0.00089
197741.509 0.00103 -0.00192 -0.00246
197741.514 0.00094 -0.00089 -0.00136
197741.518 0.00136 -0.00016 -0.00122
197741.522 0.00072 -0.00012 -0.00028
197741.526 0.00086 0.00047 -0.00155
197741.530 0.00134 -0.00010 -0.00038
197741.534 0.00117 -0.00026 -0.00021
197741.538 0.00082 -0.00061 -0.00079
197741.542 -0.00016 -0.00009 0.00042
197741.546 -0.00042 -0.00072 -0.00106
197741.550 0.00070 0.00017 -0.00131
197741.554 0.00086 -0.00033 -0.00031
197741.558 0.00134 0.00072 -0.00080
197741.562 0.00117 -0.00049 -0.00017
197741.566 0.00037 -0.00007 0.00012
197741.570 0.00091 -0.00084 -0.00023
197741.574 0.00061 -0.00075 0.00040
197741.578 0.00082 -0.00073 -0.00106
197741.582 0.00223 -0.00028 -0.00131
197741.586 0.00110 -0.00030 -0.00061
197741.590 0.00051 -0.00002 -0.00178
197741.594 0.00035 -0.00023 -0.00164
197741.598 0.00030 -0.00134 -0.00129
197741.602 0.00105 -0.00089 -0.00152
197741.606 0.00049 -0.00168 -0.00096
197741.610 0.00079 -0.00127 -0.00098
197741.614 0.00073 -0.00010 -0.00127
197741.618 0.00010 -0.00026 -0.00030
197741.622 0.00070 0.00028 -0.00096
197741.626 0.00040 -0.00105 -0.00173
197741.629 0.00106 -0.00187 -0.00162
197741.634 0.00201 -0.00117 -0.00145
197741.638 0.00089 -0.00054 -0.00110
197741.642 0.00120 -0.00007 -0.00026
197741.646 0.00129 -0.00040 -0.00110
197741.650 -0.00079 -0.00140 -0.00236
197741.654 0.00061 0.00089 -0.00164
197741.658 -0.00051 -0.00030 -0.00190
197741.662 0.00037 -0.00031 -0.00122
197741.666 0.00106 -0.00031 -0.00105
197741.670 0.00003 -0.00106 -0.00038
197741.674 0.00127 -0.00066 -0.00112
197741.678 0.00010 -0.00131 -0.00042
197741.682 0.00038 -0.00026 -0.00038
197741.686 0.00047 -0.00016 -0.00082
197741.690 -0.00040 -0.00133 -0.00138
197741.694 0.00026 0.00000 -0.00079
197741.698 0.00059 -0.00023 -0.00138
197741.702 -0.00052 -0.00059 -0.00138
197741.706 0.00157 -0.00009 -0.00049
197741.710 -0.00040 -0.00236 -0.00161
197741.714 0.00056 -0.00070 -0.00129
197741.718 -0.00007 -0.00010 -0.00016
197741.722 0.00033 0.00002 -0.00091
197741.726 0.00120 -0.00082 -0.00187
197741.730 0.00068 -0.00136 -0.00091
197741.734 0.00115 -0.00028 -0.00112
197741.738 0.00157 -0.00075 -0.00131
197741.742 0.00093 -0.00014 -0.00182
197741.746 0.00120 -0.00101 -0.00255
197741.750 0.00204 -0.00035 -0.00260
197741.754 0.00164 0.00072 -0.00094
197741.758 0.00094 0.00054 -0.00171
197741.762 0.00061 -0.00068 -0.00133
197741.766 0.00082 -0.00101 -0.00136
197741.770 0.00058 -0.00201 -0.00108
197741.774 -0.00052 0.00000 -0.00040
197741.778 0.00052 -0.00068 -0.00082
197741.782 -0.00009 -0.00133 -0.00169
197741.786 0.00124 0.00061 -0.00086
197741.789 0.00113 -0.00098 -0.00110
197741.794 0.00066 -0.00140 -0.00070
197741.798 0.00068 -0.00120 -0.00061
197741.802 0.00175 -0.00070 -0.00117
197741.806 0.00066 0.00002 -0.00178
197741.810 0.00054 0.00007 -0.00180
197741.814 -0.00009 -0.00037 -0.00194
197741.818 0.00094 -0.00017 -0.00168
197741.822 0.00031 -0.00087 -0.00147
197741.826 0.00164 0.00042 -0.00096
197741.830 0.00185 -0.00026 -0.00112
197741.834 0.00024 -0.00120 -0.00086
197741.839 0.00103 -0.00099 -0.00035
197741.842 0.00063 -0.00140 -0.00080
197741.846 0.00098 -0.00105 -0.00124
197741.849 0.00077 -0.00110 -0.00075
197741.854 0.00087 -0.00098 -0.00061
197741.858 0.00089 -0.00017 -0.00087
197741.862 0.00045 -0.00133 -0.00140
197741.866 0.00108 0.00000 -0.00065
197741.870 0.00169 0.00080 -0.00105
197741.874 0.00171 -0.00017 -0.00099
197741.878 0.00051 0.00061 -0.00129
197741.882 -0.00054 -0.00023 -0.00091
197741.886 -0.00052 -0.00014 -0.00126
197741.890 0.00038 0.00106 -0.00134
197741.894 0.00122 -0.00086 -0.00077
197741.898 0.00218 0.00073 -0.00108
197741.902 0.00229 0.00024 -0.00086
197741.906 0.00096 -0.00016 0.00010
197741.910 0.00152 0.00061 -0.00099
197741.914 0.00091 -0.00127 -0.00098
197741.918 0.00105 -0.00056 -0.00159
197741.922 0.00199 -0.00082 -0.00143
197741.926 0.00119 -0.00136 -0.00124
197741.930 0.00038 0.00016 -0.00105
197741.934 0.00136 -0.00140 -0.00115
197741.938 0.00147 -0.00075 -0.00072
197741.942 0.00180 -0.00028 -0.00077
197741.946 0.00145 -0.00120 -0.00152
197741.950 0.00180 -0.00070 -0.00202
197741.954 0.00054 -0.00026 -0.00110
197741.958 0.00096 0.00028 -0.00086
197741.962 0.00106 0.00073 -0.00019
197741.966 0.00049 -0.00124 -0.00077
197741.970 0.00110 0.00017 -0.00213
197741.974 -0.00009 -0.00183 -0.00082
197741.978 0.00003 -0.00162 -0.00108
197741.982 0.00143 -0.00035 -0.00040
197741.986 0.00073 -0.00213 -0.00157
197741.990 0.00070 0.00024 -0.00143
197741.994 0.00070 -0.00016 -0.00110
197741.998 0.00084 0.00030 -0.00131
197742.002 0.00119 0.00044 0.00012
197742.006 0.00157 -0.00026 -0.00009
197742.009 0.00229 0.00044 -0.00075
197742.014 0.00126 0.00031 -0.00045
197742.018 0.00113 0.00073 -0.00099
197742.022 0.00127 0.00024 -0.00188
197742.026 0.00024 -0.00093 -0.00243
197742.030 0.00087 0.00087 -0.00241
197742.034 0.00209 -0.00075 -0.00150
197742.038 0.00257 0.00030 -0.00171
197742.042 0.00134 -0.00089 -0.00162
197742.046 0.00026 -0.00017 -0.00099
197742.050 0.00000 0.00016 -0.00054
197742.054 0.00051 -0.00079 -0.00101
197742.058 0.00171 -0.00014 -0.00068
197742.062 0.00037 -0.00026 -0.00014
197742.066 0.00031 0.00000 -0.00045
197742.069 0.00014 0.00019 -0.00070
197742.074 -0.00063 -0.00079 -0.00166
197742.078 0.00065 -0.00223 -0.00040
197742.082 0.00068 -0.00052 -0.00023
197742.086 -0.00019 -0.00051 -0.00033
197742.090 0.00045 -0.00023 -0.00112
197742.094 0.00017 0.00030 -0.00176
197742.098 0.00087 -0.00120 -0.00208
197742.102 0.00119 -0.00115 -0.00293
197742.106 0.00143 -0.00250 -0.00119
197742.110 0.00073 -0.00133 -0.00044
197742.114 0.00115 -0.00148 -0.00054
197742.118 0.00096 -0.00077 -0.00161
197742.122 0.00138 -0.00089 -0.00129
197742.126 0.00087 -0.00047 -0.00122
197742.130 0.00105 -0.00155 0.00000
197742.134 0.00185 -0.00169 -0.00131
197742.138 0.00084 -0.00038 -0.00168
197742.142 0.00073 -0.00003 -0.00161
197742.146 0.00056 -0.00009 -0.00068
197742.150 0.00066 0.00094 -0.00105
197742.154 0.00220 -0.00073 -0.00099
197742.158 0.00124 -0.00042 -0.00038
197742.162 -0.00019 -0.00094 -0.00173
197742.166 0.00091 -0.00063 -0.00042
197742.170 0.00075 -0.00070 -0.00052
197742.174 0.00056 -0.00072 -0.00117
197742.178 0.00126 -0.00133 -0.00148
197742.182 0.00145 -0.00087 -0.00171
197742.186 0.00120 -0.00077 -0.00147
197742.191 0.00112 -0.00028 -0.00155
197742.194 0.00157 -0.00016 -0.00052
197742.198 -0.00010 -0.00058 -0.00056
197742.202 0.00093 -0.00023 -0.00101
197742.206 0.00091 -0.00030 -0.00113
197742.210 0.00120 -0.00045 -0.00072
197742.214 0.00143 -0.00021 -0.00031
197742.218 0.00059 -0.00014 -0.00110
197742.222 0.00082 -0.00072 -0.00147
197742.226 0.00073 -0.00103 -0.00216
197742.230 0.00070 -0.00051 -0.00250
197742.234 0.00086 -0.00171 -0.00138
197742.238 0.00134 -0.00204 -0.00063
197742.242 0.00012 -0.00047 -0.00073
197742.246 0.00070 -0.00005 -0.00091
197742.250 0.00129 -0.00040 -0.00141
197742.254 0.00131 -0.00065 -0.00003
197742.258 0.00086 -0.00070 -0.00103
197742.262 0.00089 0.00047 -0.00145
197742.266 0.00166 0.00017 -0.00155
197742.270 0.00110 -0.00124 -0.00143
197742.274 0.00110 -0.00086 -0.00124
197742.278 0.00216 -0.00061 -0.00150
197742.282 0.00168 -0.00009 -0.00201
197742.286 0.00110 -0.00147 -0.00171
197742.290 0.00171 -0.00166 -0.00117
197742.294 0.00201 -0.00082 -0.00133
197742.298 0.00059 -0.00089 -0.00077
197742.302 0.00112 -0.00243 -0.00213
197742.306 0.00126 -0.00101 -0.00173
197742.310 0.00161 -0.00005 -0.00133
197742.314 0.00124 -0.00084 -0.00002
197742.318 0.00099 -0.00120 -0.00073
197742.322 0.00077 -0.00040 -0.00122
197742.326 0.00133 -0.00033 -0.00103
197742.330 0.00072 -0.00122 -0.00113
197742.334 0.00115 -0.00024 -0.00192
197742.338 0.00112 0.00000 -0.00138
197742.342 0.00080 0.00005 -0.00002
197742.346 0.00133 -0.00066 -0.00073
197742.349 0.00101 -0.00161 -0.00152
197742.354 0.00138 -0.00080 -0.00066
197742.358 0.00073 -0.00134 -0.00089
197742.362 0.00070 -0.00014 -0.00110
197742.366 -0.00019 -0.00026 -0.00072
197742.370 0.00002 -0.00105 -0.00075
197742.374 0.00052 -0.00066 -0.00061
197742.378 0.00080 -0.00161 -0.00058
197742.382 0.00178 -0.00246 -0.00012
197742.386 0.00127 -0.00162 -0.00059
197742.390 0.00024 -0.00126 -0.00194
197742.394 0.00119 -0.00131 -0.00138
197742.398 0.00127 -0.00239 -0.00168
197742.402 0.00086 -0.00131 -0.00101
197742.406 0.00119 -0.00117 -0.00113
197742.409 0.00232 -0.00129 -0.00176
197742.414 0.00143 -0.00058 -0.00089
197742.418 0.00164 -0.00234 -0.00035
197742.422 0.00110 -0.00009 -0.00141
197742.426 0.00094 -0.00026 -0.00244
197742.430 0.00122 -0.00091 -0.00152
197742.434 0.00143 -0.00047 -0.00080
197742.438 0.00134 -0.00096 -0.00244
197742.442 0.00162 -0.00079 -0.00152
197742.446 0.00063 -0.00028 -0.00096
197742.450 0.00143 -0.00045 -0.00202
197742.454 0.00073 -0.00096 -0.00169
197742.458 0.00101 -0.00169 -0.00208
197742.462 0.00122 -0.00143 -0.00201
197742.466 0.00099 -0.00016 -0.00155
197742.470 0.00031 0.00016 -0.00113
197742.474 0.00030 -0.00019 -0.00117
197742.478 0.00164 -0.00194 -0.00148
197742.482 0.00094 -0.00089 -0.00110
197742.486 0.00077 -0.00061 -0.00086
197742.490 0.00026 0.00019 -0.00065
197742.494 0.00028 -0.00049 -0.00150
197742.498 0.00105 -0.00051 -0.00066
197742.502 0.00140 -0.00157 -0.00075
197742.506 0.00194 -0.00049 -0.00122
197742.509 0.00133 -0.00141 -0.00014
197742.514 0.00131 -0.00120 -0.00211
197742.518 0.00206 -0.00040 -0.00173
197742.522 0.00211 0.00070 -0.00072
197742.526 0.00077 0.00009 -0.00061
197742.530 0.00087 -0.00080 -0.00087
197742.534 0.00180 -0.00134 -0.00035
197742.539 0.00159 -0.00119 -0.00171
197742.542 0.00108 -0.00054 -0.00072
197742.546 0.00094 -0.00068 -0.00136
197742.550 0.00077 -0.00042 -0.00154
197742.554 0.00010 -0.00124 -0.00202
197742.558 0.00024 -0.00010 -0.00171
197742.562 0.00028 0.00033 0.00002
197742.566 0.00028 -0.00105 -0.00042
197742.569 0.00059 0.00038 -0.00052
197742.574 0.00068 -0.00012 -0.00147
197742.578 0.00070 0.00031 -0.00065
197742.582 0.00084 -0.00105 -0.00134
197742.586 0.00148 -0.00126 -0.00154
197742.590 0.00166 -0.00086 -0.00202
197742.594 0.00080 0.00044 -0.00126
197742.598 0.00117 0.00063 -0.00105
197742.602 0.00112 0.00082 -0.00145
197742.606 0.00096 -0.00047 -0.00094
197742.610 0.00152 -0.00021 -0.00037
197742.614 0.00211 0.00075 -0.00021
197742.618 0.00168 0.00010 -0.00093
197742.622 0.00155 -0.00021 -0.00141
197742.626 0.00077 0.00000 -0.00094
197742.629 0.00042 0.00035 -0.00141
197742.634 0.00031 -0.00058 -0.00185
197742.638 0.00075 -0.00084 -0.00180
197742.642 0.00101 -0.00030 -0.00119
197742.646 0.00094 0.00042 -0.00058
197742.650 0.00075 -0.00133 -0.00028
197742.654 0.00086 -0.00058 -0.00140
197742.658 0.00073 -0.00068 -0.00215
197742.662 0.00101 -0.00101 -0.00218
197742.666 0.00033 -0.00080 -0.00204
197742.670 0.00150 -0.00119 -0.00216
197742.674 0.00136 -0.00054 -0.00068
197742.678 0.00162 -0.00052 -0.00150
197742.682 0.00244 -0.00082 -0.00232
197742.686 0.00220 -0.00059 -0.00087
197742.690 0.00124 0.00080 -0.00080
197742.694 -0.00005 -0.00031 -0.00154
197742.698 0.00005 -0.00138 -0.00068
197742.702 0.00084 -0.00075 -0.00089
197742.706 0.00073 -0.00087 -0.00110
197742.710 0.00101 -0.00106 -0.00101
197742.714 0.00168 -0.00141 -0.00113
197742.718 0.00110 -0.00061 -0.00012
197742.722 0.00096 -0.00070 -0.00059
197742.726 0.00136 -0.00026 -0.00119
197742.730 0.00117 -0.00091 -0.00103
197742.734 0.00082 -0.00108 -0.00084
197742.738 0.00133 -0.00051 -0.00003
197742.742 0.00026 -0.00023 0.00016
197742.746 0.00028 -0.00014 -0.00068
197742.750 0.00073 -0.00087 -0.00330
197742.754 0.00072 -0.00077 -0.00218
197742.758 0.00040 -0.00208 -0.00129
197742.762 0.00047 -0.00093 -0.00166
197742.766 0.00063 -0.00079 -0.00131
197742.770 0.00159 0.00031 -0.00197
197742.774 0.00168 -0.00075 -0.00229
197742.778 0.00096 -0.00087 -0.00222
197742.782 0.00031 -0.00136 -0.00340
197742.786 0.00105 -0.00089 -0.00161
197742.789 0.00140 -0.00122 -0.00084
197742.794 0.00148 -0.00145 -0.00110
197742.798 0.00225 -0.00152 -0.00101
197742.802 0.00110 -0.00138 -0.00143
197742.806 0.00141 -0.00105 -0.00110
197742.810 0.00133 -0.00216 -0.00101
197742.814 0.00042 -0.00096 -0.00234
197742.818 0.00108 -0.00047 -0.00164
197742.822 0.00049 -0.00021 -0.00099
197742.826 0.00110 -0.00119 -0.00098
197742.830 0.00171 -0.00115 -0.00082
197742.834 0.00126 -0.00023 -0.00049
197742.838 0.00129 -0.00119 -0.00070
197742.842 0.00131 -0.00084 -0.00136
197742.846 0.00072 -0.00120 -0.00093
197742.850 0.00070 -0.00099 -0.00141
197742.854 -0.00033 -0.00169 -0.00169
197742.858 0.00087 -0.00098 -0.00117
197742.862 0.00073 -0.00003 -0.00058
197742.866 0.00056 -0.00054 -0.00087
197742.870 0.00157 -0.00037 -0.00140
197742.874 0.00108 0.00086 -0.00185
197742.878 0.00035 -0.00061 -0.00166
197742.882 0.00120 -0.00129 -0.00176
197742.886 0.00084 -0.00117 -0.00103
197742.891 0.00194 -0.00009 -0.00129
197742.894 -0.00061 -0.00176 -0.00150
197742.898 0.00094 -0.00084 -0.00246
197742.902 0.00138 -0.00016 -0.00122
197742.906 0.00042 -0.00119 -0.00209
197742.909 0.00033 -0.00175 -0.00187
197742.914 -0.00059 -0.00129 -0.00106
197742.918 0.00005 -0.00117 -0.00099
197742.922 0.00098 -0.00113 -0.00188
197742.926 0.00033 -0.00113 -0.00272
197742.930 0.00075 -0.00159 -0.00248
197742.934 -0.00002 -0.00094 -0.00168
197742.938 0.00005 -0.00108 -0.00040
197742.942 0.00127 -0.00082 -0.00159
197742.946 0.00010 -0.00075 -0.00038
197742.950 -0.00065 -0.00012 -0.00098
197742.954 0.00065 -0.00026 -0.00037
197742.958 0.00054 0.00073 0.00052
197742.962 0.00065 -0.00110 -0.00103
197742.966 0.00113 -0.00037 -0.00159
197742.970 0.00037 -0.00079 -0.00188
197742.974 0.00045 -0.00073 -0.00182
197742.978 0.00003 -0.00028 -0.00044
197742.982 -0.00037 -0.00061 -0.00113
197742.986 0.00162 -0.00068 -0.00087
197742.990 0.00063 -0.00056 -0.00080
197742.994 0.00054 -0.00068 -0.00047
197742.998 0.00035 -0.00056 -0.00024
197743.002 -0.00044 -0.00175 -0.00049
197743.006 0.00070 -0.00084 -0.00115
197743.010 0.00099 -0.00091 -0.00133
197743.014 0.00047 -0.00063 -0.00197
197743.018 0.00003 -0.00009 -0.00094
197743.022 0.00007 0.00003 -0.00082
197743.026 0.00068 -0.00052 -0.00169
197743.030 0.00115 0.00037 -0.00281
197743.034 0.00112 -0.00044 -0.00176
197743.038 0.00126 -0.00003 -0.00058
197743.042 0.00115 -0.00024 -0.00148
197743.046 0.00021 -0.00075 -0.00126
197743.050 -0.00031 -0.00058 -0.00180
197743.054 0.00028 -0.00145 -0.00150
197743.058 0.00000 -0.00091 -0.00126
197743.062 0.00082 -0.00002 -0.00150
197743.066 0.00058 -0.00070 -0.00187
197743.069 0.00005 -0.00192 -0.00136
197743.074 0.00113 -0.00134 -0.00168
197743.078 0.00112 -0.00133 -0.00147
197743.082 0.00080 -0.00012 -0.00126
197743.086 0.00103 0.00106 -0.00059
197743.090 0.00049 0.00065 -0.00133
197743.094 0.00065 -0.00007 -0.00093
197743.098 -0.00005 -0.00024 -0.00082
197743.102 -0.00070 -0.00136 -0.00063
197743.106 0.00017 0.00000 -0.00223
197743.110 0.00162 -0.00098 -0.00161
197743.114 0.00017 -0.00065 -0.00175
197743.118 0.00026 -0.00161 -0.00117
197743.122 -0.00045 -0.00155 -0.00087
197743.126 0.00070 -0.00199 -0.00080
197743.129 0.00086 -0.00182 -0.00169
197743.134 0.00105 -0.00056 -0.00147
197743.138 0.00079 -0.00159 -0.00035
197743.142 0.00087 -0.00079 -0.00126
197743.146 -0.00059 -0.00073 -0.00166
197743.150 -0.00023 0.00016 -0.00206
197743.154 -0.00014 -0.00019 -0.00171
197743.158 0.00002 -0.00103 -0.00087
197743.162 0.00082 -0.00051 -0.00035
197743.166 0.00089 -0.00112 -0.00080
197743.170 0.00120 -0.00143 -0.00108
197743.174 0.00038 -0.00152 -0.00131
197743.178 0.00077 -0.00017 -0.00136
197743.182 0.00101 -0.00042 -0.00047
197743.186 0.00124 -0.00019 0.00019
197743.189 0.00159 -0.00059 -0.00096
197743.194 0.00154 -0.00084 -0.00112
197743.198 0.00152 -0.00166 -0.00101
197743.202 -0.00042 -0.00202 -0.00175
197743.206 0.00070 -0.00120 -0.00133
197743.210 0.00131 -0.00145 -0.00168
197743.214 0.00086 -0.00077 -0.00147
197743.218 0.00044 -0.00148 -0.00080
197743.222 0.00047 -0.00031 -0.00047
197743.226 0.00049 -0.00136 -0.00115
197743.230 -0.00009 -0.00134 -0.00162
197743.234 0.00019 -0.00028 -0.00159
197743.239 -0.00002 -0.00091 -0.00220
197743.242 0.00080 -0.00138 -0.00234
197743.246 0.00148 -0.00120 -0.00164
197743.250 0.00134 -0.00054 -0.00175
197743.254 0.00056 -0.00098 -0.00103
197743.258 0.00051 -0.00094 -0.00175
197743.262 0.00080 -0.00063 -0.00133
197743.266 0.00012 -0.00115 -0.00031
197743.270 -0.00035 -0.00113 -0.00005
197743.274 0.00042 -0.00023 -0.00089
197743.278 0.00122 -0.00059 -0.00110
197743.282 0.00113 -0.00113 -0.00161
197743.286 0.00112 -0.00009 -0.00129
197743.290 0.00096 -0.00176 -0.00195
197743.294 -0.00012 -0.00038 -0.00124
197743.298 0.00138 -0.00019 -0.00119
197743.302 0.00133 -0.00073 -0.00223
197743.306 0.00147 -0.00117 -0.00267
197743.310 0.00091 -0.00009 -0.00007
197743.314 0.00059 -0.00115 -0.00044
197743.318 0.00052 -0.00054 -0.00143
197743.322 0.00096 -0.00098 -0.00185
197743.326 0.00122 -0.00017 -0.00136
197743.330 0.00098 -0.00103 -0.00152
197743.334 0.00183 -0.00140 -0.00141
197743.338 0.00068 -0.00120 -0.00079
197743.342 0.00115 -0.00054 -0.00063
197743.346 0.00157 0.00005 -0.00164
197743.349 0.00122 -0.00080 -0.00161
197743.354 0.00143 0.00000 -0.00068
197743.358 0.00030 -0.00038 -0.00105
197743.362 0.00044 -0.00169 -0.00129
197743.366 0.00003 -0.00173 -0.00106
197743.370 0.00098 -0.00068 -0.00190
197743.374 0.00063 -0.00117 -0.00168
197743.378 0.00068 -0.00220 -0.00056
197743.382 0.00099 -0.00185 -0.00101
197743.386 0.00033 -0.00117 -0.00175
197743.390 0.00089 -0.00099 -0.00058
197743.394 0.00106 -0.00003 -0.00117
197743.398 0.00063 -0.00099 -0.00194
197743.402 0.00175 -0.00003 -0.00077
197743.406 0.00037 -0.00040 -0.00152
197743.410 0.00061 -0.00003 -0.00202
197743.414 0.00052 -0.00145 -0.00171
197743.418 0.00051 -0.00136 -0.00162
197743.422 0.00003 -0.00030 -0.00070
197743.426 0.00159 -0.00030 -0.00059
197743.430 0.00047 -0.00077 -0.00178
197743.434 0.00140 -0.00012 -0.00103
197743.438 0.00089 0.00002 -0.00159
197743.442 -0.00014 -0.00052 -0.00220
197743.446 0.00093 -0.00052 -0.00175
197743.450 0.00077 -0.00007 -0.00087
197743.454 0.00087 -0.00115 -0.00065
197743.458 0.00119 -0.00143 -0.00089
197743.462 0.00007 -0.00227 -0.00155
197743.466 -0.00035 -0.00098 -0.00173
197743.469 0.00148 -0.00138 -0.00253
197743.474 0.00150 -0.00044 -0.00154
197743.478 0.00120 -0.00035 -0.00096
197743.482 0.00068 -0.00003 -0.00052
197743.486 0.00070 0.00005 -0.00040
197743.490 0.00009 -0.00096 -0.00082
197743.494 0.00068 -0.00108 -0.00094
197743.498 0.00145 -0.00037 -0.00051
197743.502 0.00075 -0.00017 -0.00056
197743.506 0.00040 -0.00028 -0.00026
197743.510 0.00063 -0.00105 -0.00065
197743.514 0.00052 -0.00096 -0.00073
197743.518 0.00035 -0.00003 -0.00061
197743.522 0.00075 -0.00054 -0.00134
197743.526 0.00117 0.00005 -0.00138
197743.530 0.00098 -0.00096 -0.00258
197743.534 0.00138 -0.00033 -0.00246
197743.538 0.00117 -0.00077 -0.00136
197743.542 0.00082 -0.00044 -0.00122
197743.546 0.00087 -0.00155 -0.00134
197743.550 0.00059 -0.00199 -0.00122
197743.554 0.00037 -0.00166 -0.00103
197743.558 0.00077 -0.00096 -0.00115
197743.562 0.00117 -0.00065 -0.00133
197743.566 0.00141 -0.00054 -0.00077
197743.570 0.00148 -0.00113 -0.00168
197743.574 0.00075 -0.00052 -0.00236
197743.578 0.00056 -0.00127 -0.00119
197743.582 0.00082 -0.00101 -0.00103
197743.586 0.00058 -0.00110 -0.00204
197743.591 0.00141 -0.00127 -0.00065
197743.593 0.00058 -0.00101 -0.00150
197743.598 0.00141 -0.00051 -0.00051
197743.602 0.00059 -0.00051 -0.00054
197743.606 0.00112 -0.00037 -0.00103
197743.610 0.00171 -0.00108 -0.00099
197743.614 0.00157 0.00007 -0.00113
197743.618 0.00197 -0.00037 -0.00147
197743.622 0.00087 -0.00093 -0.00201
197743.626 0.00044 -0.00168 -0.00169
197743.629 0.00079 -0.00066 -0.00283
197743.634 0.00012 0.00002 -0.00176
197743.638 -0.00019 0.00021 -0.00148
197743.642 -0.00042 -0.00033 -0.00051
197743.646 0.00010 -0.00093 0.00003
197743.650 0.00070 0.00012 -0.00072
197743.654 0.00115 -0.00096 -0.00075
197743.658 0.00096 -0.00124 0.00026
197743.662 0.00093 -0.00206 -0.00140
197743.666 0.00061 -0.00093 -0.00229
197743.670 0.00066 -0.00047 -0.00131
197743.674 0.00220 -0.00112 -0.00122
197743.678 0.00169 -0.00113 -0.00195
197743.682 0.00051 -0.00082 -0.00108
197743.686 0.00079 -0.00105 -0.00145
197743.689 0.00119 -0.00155 -0.00096
197743.694 0.00098 -0.00110 -0.00141
197743.698 0.00017 -0.00037 -0.00215
197743.702 0.00070 -0.00108 -0.00143
197743.706 0.00086 -0.00141 -0.00199
197743.710 0.00028 -0.00150 -0.00169
197743.714 0.00059 0.00010 -0.00162
197743.718 0.00157 -0.00035 -0.00099
197743.722 0.00199 -0.00047 -0.00052
197743.726 0.00012 0.00023 -0.00040
197743.730 0.00129 -0.00017 -0.00068
197743.734 0.00131 -0.00012 -0.00059
197743.738 0.00056 0.00017 -0.00058
197743.742 0.00051 -0.00049 -0.00117
197743.746 0.00019 -0.00005 -0.00148
197743.749 0.00026 -0.00131 -0.00141
197743.754 0.00000 -0.00103 -0.00230
197743.758 0.00051 -0.00096 -0.00283
197743.762 0.00110 -0.00017 -0.00222
197743.766 0.00171 -0.00164 -0.00190
197743.770 0.00112 -0.00080 -0.00197
197743.774 0.00126 -0.00075 -0.00244
197743.778 0.00159 -0.00073 -0.00182
197743.782 0.00094 -0.00117 -0.00195
197743.786 0.00045 -0.00113 -0.00154
197743.790 0.00063 -0.00098 -0.00112
197743.794 0.00129 -0.00079 -0.00237
197743.798 0.00236 -0.00028 -0.00164
197743.802 0.00038 -0.00045 -0.00024
197743.806 0.00000 -0.00019 -0.00033
197743.810 0.00007 -0.00134 -0.00155
197743.814 0.00098 -0.00014 -0.00098
197743.818 0.00033 0.00063 -0.00159
197743.822 0.00075 0.00037 -0.00038
197743.826 0.00072 -0.00073 -0.00082
197743.830 0.00101 -0.00073 -0.00079
197743.834 0.00108 0.00002 -0.00063
197743.838 0.00110 -0.00052 -0.00178
197743.842 0.00171 -0.00007 -0.00089
197743.846 0.00096 -0.00010 -0.00005
197743.849 0.00031 -0.00131 -0.00148
197743.854 0.00075 -0.00103 -0.00157
197743.858 0.00206 -0.00141 -0.00157
197743.862 0.00136 -0.00120 -0.00218
197743.866 0.00117 -0.00145 -0.00099
197743.870 0.00143 0.00028 -0.00129
197743.874 0.00014 -0.00045 -0.00075
197743.878 0.00099 -0.00110 -0.00136
197743.882 0.00138 -0.00143 -0.00093
197743.886 0.00148 -0.00045 -0.00096
197743.890 0.00225 0.00038 -0.00007
197743.894 0.00065 -0.00087 -0.00089
197743.898 -0.00035 -0.00136 -0.00065
197743.902 0.00042 -0.00119 -0.00164
197743.906 0.00033 -0.00159 -0.00131
197743.909 0.00105 -0.00126 -0.00195
197743.914 0.00079 -0.00056 -0.00229
197743.918 0.00147 -0.00009 -0.00192
197743.922 0.00180 0.00033 -0.00183
197743.926 0.00113 -0.00075 -0.00225
197743.930 0.00080 -0.00133 -0.00206
197743.934 0.00073 -0.00058 -0.00155
197743.939 0.00086 -0.00098 -0.00127
197743.942 0.00105 -0.00033 -0.00211
197743.946 0.00033 -0.00047 -0.00052
197743.950 0.00075 -0.00080 -0.00145
197743.954 0.00026 0.00044 -0.00080
197743.958 0.00148 -0.00192 -0.00154
197743.962 0.00136 -0.00148 -0.00157
197743.966 0.00087 -0.00063 -0.00173
197743.970 0.00166 -0.00070 -0.00223
197743.974 0.00094 -0.00042 -0.00115
197743.978 0.00120 -0.00094 -0.00133
197743.982 0.00054 -0.00108 -0.00166
197743.986 0.00096 -0.00066 -0.00190
197743.990 0.00091 -0.00056 -0.00061
197743.994 0.00091 -0.00009 0.00016
197743.998 0.00211 -0.00054 -0.00068
197744.002 0.00152 -0.00098 0.00014
197744.006 0.00061 0.00070 -0.00038
197744.010 -0.00051 -0.00110 -0.00173
197744.014 0.00082 -0.00007 -0.00147
197744.018 0.00058 -0.00040 -0.00110
197744.022 0.00037 0.00024 -0.00026
197744.026 0.00061 0.00087 -0.00094
197744.029 0.00157 -0.00075 -0.00171
197744.034 0.00122 0.00000 -0.00117
197744.038 0.00220 -0.00159 -0.00208
197744.042 0.00079 -0.00155 -0.00202
197744.046 0.00133 -0.00065 -0.00110
197744.050 0.00042 -0.00145 -0.00040
197744.054 0.00108 -0.00061 -0.00052
197744.058 0.00110 -0.00070 -0.00206
197744.062 0.00035 -0.00026 -0.00201
197744.066 0.00195 -0.00016 -0.00140
197744.070 0.00162 -0.00133 -0.00140
197744.074 0.00124 -0.00133 -0.00138
197744.078 0.00084 -0.00028 -0.00258
197744.082 -0.00016 -0.00045 -0.00185
197744.086 0.00063 -0.00171 -0.00150
197744.090 0.00068 -0.00204 -0.00187
197744.094 0.00054 -0.00122 -0.00136
197744.098 0.00035 -0.00010 -0.00138
197744.102 0.00045 0.00047 -0.00079
197744.106 0.00033 -0.00115 -0.00108
197744.110 0.00091 -0.00038 -0.00070
197744.114 0.00105 0.00009 -0.00061
197744.118 0.00154 -0.00005 -0.00133
197744.122 0.00138 -0.00086 -0.00197
197744.126 0.00103 -0.00136 -0.00093
197744.130 0.00124 -0.00075 -0.00052
197744.134 0.00068 -0.00012 -0.00176
197744.138 0.00115 0.00031 -0.00162
197744.142 0.00037 -0.00105 -0.00295
197744.146 0.00091 -0.00066 -0.00194
197744.150 0.00016 -0.00010 -0.00154
197744.154 0.00056 -0.00101 -0.00202
197744.158 0.00051 -0.00065 -0.00140
197744.162 0.00155 -0.00010 -0.00169
197744.166 0.00093 -0.00086 -0.00072
197744.170 0.00045 -0.00016 -0.00061
197744.174 0.00063 -0.00087 -0.00042
197744.178 -0.00005 0.00000 -0.00113
197744.182 0.00003 -0.00024 -0.00192
197744.186 0.00129 -0.00105 -0.00183
197744.189 0.00206 0.00023 -0.00164
197744.194 0.00166 -0.00106 -0.00099
197744.198 0.00110 -0.00112 -0.00068
197744.202 0.00080 -0.00143 -0.00209
197744.206 0.00087 0.00028 -0.00141
197744.210 0.00044 -0.00106 -0.00140
197744.214 0.00079 -0.00066 -0.00019
197744.218 0.00192 0.00017 -0.00077
197744.222 0.00176 -0.00003 -0.00152
197744.226 0.00127 -0.00129 -0.00202
197744.230 0.00070 -0.00148 -0.00126
197744.234 0.00129 0.00012 -0.00059
197744.238 0.00040 0.00009 -0.00103
197744.242 0.00138 -0.00082 -0.00099
197744.246 0.00178 -0.00030 -0.00127
197744.249 0.00159 -0.00211 -0.00105
197744.254 0.00077 -0.00079 -0.00024
197744.258 0.00192 -0.00119 -0.00138
197744.262 0.00133 -0.00161 -0.00138
197744.266 0.00176 -0.00065 -0.00094
197744.270 0.00112 -0.00115 -0.00141
197744.274 0.00112 -0.00054 -0.00169
197744.278 0.00171 -0.00082 -0.00192
197744.282 0.00126 -0.00120 -0.00243
197744.286 0.00190 -0.00099 -0.00180
197744.291 0.00147 -0.00049 -0.00271
197744.294 0.00120 -0.00141 -0.00248
197744.298 0.00098 -0.00195 -0.00152
197744.302 0.00077 -0.00164 -0.00112
197744.306 0.00101 -0.00171 -0.00131
197744.310 0.00154 -0.00098 -0.00152
197744.314 0.00197 -0.00003 -0.00127
197744.318 0.00148 0.00005 -0.00030
197744.322 0.00120 -0.00082 -0.00094
197744.326 0.00068 -0.00030 -0.00141
197744.330 0.00099 -0.00077 -0.00094
197744.334 0.00168 -0.00028 -0.00141
197744.338 0.00096 -0.00045 -0.00140
197744.342 0.00093 -0.00065 -0.00003
197744.346 0.00059 -0.00070 -0.00058
197744.350 0.00082 -0.00072 -0.00148
197744.354 0.00058 0.00002 -0.00066
197744.358 0.00112 -0.00023 -0.00148
197744.362 0.00112 -0.00030 -0.00112
197744.366 0.00096 -0.00182 -0.00192
197744.370 0.00047 -0.00176 -0.00106
197744.374 0.00108 -0.00099 -0.00070
197744.378 0.00201 -0.00003 -0.00150
197744.382 0.00164 -0.00024 -0.00082
197744.386 0.00035 -0.00044 -0.00079
197744.390 0.00045 -0.00155 -0.00063
197744.394 0.00019 -0.00065 -0.00089
197744.398 0.00010 0.00003 -0.00110
197744.402 -0.00003 -0.00066 -0.00192
197744.406 0.00035 -0.00056 -0.00093
197744.409 0.00166 -0.00098 -0.00126
197744.414 0.00201 0.00040 -0.00045
197744.418 0.00225 0.00031 -0.00113
197744.422 0.00171 -0.00105 -0.00192
197744.426 0.00112 -0.00051 -0.00077
197744.430 0.00096 -0.00127 -0.00138
197744.434 0.00077 -0.00131 -0.00122
197744.438 0.00072 -0.00058 -0.00073
197744.442 0.00024 -0.00038 -0.00182
197744.446 0.00087 -0.00049 -0.00166
197744.450 0.00030 -0.00066 -0.00251
197744.454 0.00030 -0.00161 -0.00122
197744.458 0.00059 -0.00126 -0.00105
197744.462 0.00082 -0.00056 -0.00159
197744.466 -0.00045 0.00005 -0.00145
197744.469 0.00175 -0.00066 -0.00305
197744.474 0.00143 -0.00040 -0.00197
197744.478 0.00089 0.00054 -0.00093
197744.482 0.00134 -0.00038 -0.00112
197744.486 0.00117 -0.00169 -0.00101
197744.490 0.00098 -0.00218 -0.00204
197744.494 0.00152 -0.00185 -0.00126
197744.498 0.00061 -0.00101 -0.00271
197744.502 0.00082 -0.00155 -0.00248
197744.506 0.00148 -0.00169 -0.00213
197744.510 0.00150 -0.00098 -0.00112
197744.514 0.00045 0.00010 -0.00101
197744.518 0.00017 0.00009 -0.00218
197744.522 0.00056 -0.00066 -0.00190
197744.526 0.00082 -0.00190 -0.00166
197744.530 0.00087 -0.00253 -0.00206
197744.534 0.00075 -0.00180 -0.00201
197744.538 0.00072 -0.00220 -0.00155
197744.542 0.00070 -0.00141 -0.00143
197744.546 0.00054 0.00028 -0.00110
197744.550 0.00155 0.00014 -0.00147
197744.554 0.00106 -0.00005 -0.00140
197744.558 0.00140 -0.00009 -0.00033
197744.562 0.00223 -0.00101 -0.00080
197744.566 0.00155 -0.00110 -0.00108
197744.570 0.00077 -0.00052 0.00017
197744.574 0.00131 -0.00218 -0.00066
197744.578 0.00117 -0.00140 -0.00075
197744.582 0.00098 -0.00134 -0.00166
197744.586 0.00168 0.00030 -0.00161
197744.590 0.00110 0.00044 -0.00145
197744.594 0.00035 0.00002 -0.00140
197744.598 0.00075 -0.00037 -0.00168
197744.602 0.00131 -0.00047 -0.00192
197744.606 0.00086 -0.00141 -0.00227
197744.610 0.00164 0.00014 0.00017
197744.614 0.00155 -0.00080 -0.00096
197744.618 0.00168 -0.00119 -0.00293
197744.622 0.00110 -0.00054 -0.00269
197744.626 0.00141 -0.00082 -0.00157
197744.629 0.00073 -0.00105 -0.00098
197744.634 0.00086 -0.00141 0.00005
197744.639 0.00044 -0.00075 -0.00070
197744.642 0.00154 0.00000 -0.00091
197744.646 0.00047 0.00005 -0.00126
197744.650 0.00063 0.00007 -0.00150
197744.654 0.00143 -0.00021 -0.00126
197744.658 0.00105 0.00089 0.00028
197744.662 0.00033 0.00014 -0.00124
197744.666 0.00150 -0.00124 -0.00134
197744.670 0.00091 -0.00131 -0.00258
197744.674 0.00030 -0.00058 -0.00065
197744.678 0.00000 -0.00038 -0.00073
197744.682 0.00021 -0.00124 -0.00091
197744.686 0.00103 -0.00086 -0.00080
197744.690 0.00094 -0.00075 -0.00124
197744.694 0.00120 -0.00194 -0.00164
197744.698 0.00188 -0.00134 -0.00190
197744.702 0.00190 -0.00103 -0.00211
197744.706 0.00147 -0.00035 -0.00082
197744.710 0.00180 -0.00138 0.00040
197744.714 0.00084 -0.00105 0.00042
197744.718 0.00148 -0.00141 -0.00136
197744.722 0.00136 -0.00166 -0.00154
197744.726 0.00012 -0.00082 -0.00173
197744.730 0.00024 0.00014 -0.00087
197744.734 0.00058 -0.00049 -0.00260
197744.738 0.00112 0.00052 -0.00051
197744.742 0.00187 -0.00115 -0.00099
197744.746 0.00040 -0.00054 -0.00113
197744.749 0.00152 -0.00143 -0.00147
197744.754 0.00152 -0.00091 -0.00126
197744.758 0.00122 0.00012 -0.00075
197744.762 0.00113 -0.00065 -0.00106
197744.766 0.00171 -0.00145 -0.00115
197744.770 0.00157 -0.00152 -0.00117
197744.774 0.00197 -0.00033 -0.00073
197744.778 0.00164 -0.00166 -0.00136
197744.782 0.00154 -0.00188 -0.00124
197744.786 0.00152 -0.00058 0.00014
197744.790 0.00077 -0.00113 -0.00023
197744.794 0.00010 -0.00113 -0.00017
197744.798 0.00009 -0.00113 -0.00047
197744.802 0.00129 -0.00052 -0.00086
197744.806 0.00054 -0.00127 -0.00110
197744.809 0.00066 -0.00087 -0.00040
197744.814 0.00129 0.00087 -0.00007
197744.818 0.00115 0.00014 -0.00044
197744.822 0.00187 -0.00003 -0.00084
197744.826 0.00147 -0.00040 -0.00065
197744.830 0.00150 -0.00183 -0.00180
197744.834 0.00136 -0.00162 -0.00180
197744.838 0.00147 -0.00110 -0.00119
197744.842 0.00091 -0.00173 -0.00239
197744.846 -0.00014 -0.00218 -0.00134
197744.850 0.00017 -0.00216 -0.00152
197744.854 0.00117 -0.00126 -0.00218
197744.858 0.00127 -0.00072 -0.00265
197744.862 0.00070 -0.00101 -0.00187
197744.866 0.00115 -0.00035 -0.00061
197744.870 0.00096 0.00117 -0.00087
197744.874 0.00077 0.00082 -0.00140
197744.878 0.00101 -0.00047 -0.00108
197744.882 0.00047 -0.00051 -0.00176
197744.886 0.00215 -0.00021 -0.00148
197744.890 0.00138 -0.00089 -0.00157
197744.894 0.00178 -0.00152 -0.00082
197744.898 0.00202 -0.00138 -0.00215
197744.902 0.00119 -0.00150 -0.00113
197744.906 0.00113 -0.00168 -0.00101
197744.909 0.00155 -0.00082 -0.00113
197744.914 0.00197 -0.00134 -0.00162
197744.918 0.00223 0.00030 -0.00175
197744.922 0.00049 0.00000 -0.00103
197744.926 0.00005 -0.00038 -0.00084
197744.930 0.00007 -0.00138 -0.00124
197744.934 0.00023 -0.00150 -0.00119
197744.938 0.00058 -0.00108 -0.00134
197744.942 0.00157 -0.00021 -0.00122
197744.946 0.00199 -0.00044 -0.00148
197744.950 -0.00016 -0.00169 -0.00110
197744.954 0.00047 -0.00188 -0.00192
197744.958 0.00079 -0.00087 -0.00213
197744.962 0.00133 -0.00122 -0.00112
197744.966 0.00086 -0.00040 -0.00086
197744.969 0.00134 -0.00079 -0.00126
197744.974 0.00042 -0.00073 -0.00059
197744.978 0.00077 0.00031 0.00016
197744.982 0.00042 0.00105 -0.00098
197744.986 0.00063 0.00079 -0.00082
197744.991 0.00023 -0.00049 -0.00124
197744.993 0.00073 -0.00021 -0.00119
197744.998 0.00131 -0.00044 -0.00014
197745.002 0.00101 0.00009 0.00000
197745.006 0.00108 0.00009 0.00016
197745.010 0.00201 -0.00021 -0.00082
197745.014 0.00148 0.00030 -0.00049
197745.018 0.00061 0.00000 -0.00145
197745.022 0.00082 -0.00113 -0.00171
197745.026 0.00119 -0.00113 -0.00086
197745.029 0.00113 -0.00159 -0.00155
197745.034 0.00080 -0.00124 -0.00188
197745.038 0.00103 -0.00040 -0.00075
197745.042 0.00108 -0.00155 -0.00122
197745.046 0.00110 -0.00140 -0.00148
197745.050 0.00035 -0.00209 -0.00171
197745.054 0.00120 -0.00093 -0.00147
197745.058 0.00175 -0.00063 -0.00126
197745.062 0.00052 0.00003 -0.00225
197745.066 0.00126 -0.00068 -0.00101
197745.070 0.00190 0.00049 -0.00038
197745.074 0.00115 0.00017 -0.00112
197745.078 0.00187 0.00024 -0.00147
197745.082 0.00040 0.00058 -0.00110
197745.086 0.00061 -0.00023 -0.00101
197745.090 0.00127 0.00000 -0.00038
197745.094 0.00099 0.00051 -0.00037
197745.098 0.00063 -0.00040 -0.00037
197745.102 0.00113 -0.00019 -0.00187
197745.106 0.00141 -0.00073 -0.00120
197745.110 0.00073 -0.00028 -0.00103
197745.114 0.00040 -0.00075 -0.00084
197745.118 0.00031 -0.00073 -0.00094
197745.122 0.00045 -0.00148 -0.00157
197745.126 0.00169 -0.00106 -0.00052
197745.130 0.00096 0.00023 -0.00070
197745.134 0.00016 -0.00063 -0.00166
197745.138 0.00086 0.00049 -0.00024
197745.142 0.00030 -0.00054 -0.00108
197745.146 0.00105 -0.00007 -0.00206
197745.150 0.00079 -0.00086 -0.00201
197745.154 0.00117 -0.00075 -0.00246
197745.158 0.00007 -0.00028 -0.00166
197745.162 0.00054 -0.00105 -0.00161
197745.166 0.00126 -0.00127 -0.00145
197745.170 0.00129 -0.00117 -0.00185
197745.174 0.00176 -0.00129 -0.00211
197745.178 0.00173 -0.00026 -0.00173
197745.182 0.00066 -0.00106 -0.00117
197745.186 0.00068 -0.00141 -0.00208
197745.189 0.00099 -0.00150 -0.00127
197745.194 0.00213 -0.00017 -0.00166
197745.198 0.00227 -0.00058 -0.00131
197745.202 0.00155 -0.00023 -0.00166
197745.206 0.00108 0.00030 -0.00131
197745.210 0.00094 0.00014 0.00000
197745.214 0.00093 -0.00080 -0.00103
197745.218 0.00030 -0.00044 -0.00143
197745.222 0.00059 -0.00110 -0.00185
197745.226 0.00023 -0.00202 -0.00136
197745.230 -0.00016 -0.00045 -0.00047
197745.234 0.00017 -0.00065 -0.00099
197745.238 0.00176 -0.00161 -0.00218
197745.242 0.00082 -0.00080 -0.00188
197745.246 0.00164 -0.00075 -0.00136
197745.250 0.00079 0.00016 -0.00122
197745.254 0.00042 -0.00065 -0.00225
197745.258 0.00122 -0.00131 -0.00147
197745.262 0.00220 -0.00028 -0.00171
197745.266 0.00183 -0.00045 -0.00147
197745.270 0.00145 -0.00051 -0.00155
197745.274 0.00089 -0.00082 -0.00143
197745.278 0.00030 -0.00120 -0.00185
197745.282 0.00030 -0.00145 -0.00195
197745.286 0.00059 -0.00182 -0.00183
197745.290 0.00098 0.00033 -0.00105
197745.294 0.00077 -0.00120 -0.00220
197745.298 0.00072 -0.00084 -0.00129
197745.302 -0.00049 -0.00105 -0.00182
197745.306 0.00084 -0.00051 -0.00089
197745.309 0.00000 -0.00066 -0.00126
197745.314 0.00066 0.00017 -0.00120
197745.318 -0.00005 0.00026 -0.00059
197745.322 -0.00009 -0.00077 -0.00162
197745.326 0.00003 -0.00103 -0.00084
197745.330 0.00052 -0.00051 -0.00155
197745.334 0.00096 -0.00021 -0.00173
197745.339 0.00106 0.00089 -0.00178
197745.342 0.00080 -0.00030 -0.00178
197745.346 0.00042 -0.00031 -0.00103
197745.350 0.00079 -0.00106 -0.00159
197745.354 0.00087 -0.00082 -0.00068
197745.358 0.00119 -0.00030 -0.00105
197745.362 0.00098 -0.00077 -0.00161
197745.366 0.00122 -0.00087 -0.00145
197745.370 0.00113 -0.00016 -0.00005
197745.374 0.00112 -0.00087 -0.00103
197745.378 0.00066 -0.00016 -0.00113
197745.382 0.00023 -0.00148 -0.00178
197745.386 0.00119 -0.00061 -0.00119
197745.390 0.00127 0.00049 -0.00119
197745.394 0.00145 -0.00086 -0.00253
197745.398 0.00180 -0.00106 -0.00124
197745.402 0.00143 -0.00080 -0.00150
197745.406 0.00194 -0.00120 -0.00141
197745.410 0.00117 -0.00161 -0.00124
197745.414 0.00112 -0.00035 -0.00120
197745.418 0.00066 -0.00243 -0.00103
197745.422 0.00099 -0.00176 -0.00113
197745.426 0.00017 -0.00070 -0.00162
197745.430 0.00010 -0.00101 -0.00145
197745.434 -0.00019 -0.00065 -0.00080
197745.438 0.00045 -0.00115 -0.00063
197745.442 0.00079 -0.00084 -0.00103
197745.446 0.00028 -0.00059 -0.00113
197745.450 0.00014 -0.00024 -0.00162
197745.454 -0.00019 0.00000 -0.00115
197745.458 0.00045 -0.00054 -0.00042
197745.462 0.00094 -0.00157 -0.00159
197745.466 0.00075 -0.00065 -0.00188
197745.469 0.00056 -0.00176 -0.00197
197745.474 0.00082 -0.00084 -0.00138
197745.478 0.00073 -0.00075 -0.00154
197745.482 0.00206 -0.00119 -0.00143
197745.486 0.00136 -0.00009 0.00009
197745.490 0.00147 0.00003 -0.00038
197745.494 0.00075 0.00021 -0.00052
197745.498 0.00072 -0.00063 -0.00040
197745.502 0.00056 -0.00010 -0.00143
197745.506 0.00080 -0.00147 -0.00169
197745.510 0.00087 -0.00031 -0.00056
197745.514 0.00150 -0.00031 -0.00101
197745.518 0.00136 -0.00016 -0.00143
197745.522 0.00101 -0.00087 -0.00185
197745.526 0.00047 -0.00093 -0.00195
197745.529 0.00154 -0.00063 -0.00215
197745.534 0.00077 -0.00099 -0.00127
197745.538 0.00087 -0.00003 -0.00059
197745.542 0.00000 -0.00129 -0.00119
197745.546 0.00066 -0.00042 -0.00164
197745.550 0.00038 -0.00080 -0.00145
197745.554 0.00031 0.00000 -0.00110
197745.558 0.00134 -0.00159 -0.00086
197745.562 0.00253 -0.00019 -0.00049
197745.566 0.00162 0.00030 0.00003
197745.570 0.00094 -0.00045 -0.00086
197745.574 0.00091 0.00113 -0.00110
197745.578 0.00166 -0.00084 -0.00101
197745.582 0.00110 -0.00106 -0.00173
197745.586 0.00035 0.00023 -0.00162
197745.589 0.00045 -0.00138 -0.00175
197745.594 -0.00024 -0.00150 -0.00117
197745.598 0.00045 -0.00047 -0.00087
197745.602 0.00017 -0.00066 -0.00185
197745.606 -0.00002 0.00049 -0.00166
197745.610 0.00035 -0.00056 -0.00115
197745.614 0.00030 -0.00009 -0.00103
197745.618 0.00089 -0.00010 -0.00115
197745.622 0.00211 -0.00072 -0.00026
197745.626 0.00106 0.00061 -0.00124
197745.630 0.00094 -0.00052 -0.00225
197745.634 0.00077 -0.00127 -0.00251
197745.638 0.00131 -0.00117 -0.00229
197745.642 0.00161 -0.00038 -0.00117
197745.646 0.00079 -0.00108 -0.00178
197745.650 0.00026 -0.00112 -0.00164
197745.654 0.00058 -0.00127 -0.00040
197745.658 0.00066 -0.00131 -0.00187
197745.662 0.00054 -0.00148 -0.00091
197745.666 0.00005 -0.00002 -0.00171
197745.670 0.00068 -0.00009 -0.00192
197745.674 0.00175 -0.00086 -0.00183
197745.678 0.00112 -0.00106 -0.00105
197745.682 0.00051 -0.00051 -0.00145
197745.686 0.00110 -0.00082 -0.00169
197745.691 0.00035 -0.00014 -0.00131
197745.694 -0.00012 -0.00072 -0.00168
197745.698 0.00002 -0.00072 -0.00251
197745.702 0.00052 0.00077 -0.00077
197745.706 0.00096 -0.00047 -0.00213
197745.710 0.00077 -0.00096 -0.00159
197745.714 0.00131 -0.00108 -0.00084
197745.718 0.00072 0.00007 -0.00108
197745.722 0.00145 0.00007 -0.00161
197745.726 0.00134 0.00038 -0.00023
197745.730 0.00087 0.00059 -0.00138
197745.734 0.00180 0.00021 -0.00049
197745.738 0.00175 -0.00077 -0.00084
197745.742 -0.00023 -0.00059 0.00009
197745.746 0.00106 0.00005 -0.00070
197745.749 0.00094 -0.00021 -0.00059
197745.754 0.00106 0.00030 -0.00058
197745.758 0.00033 -0.00106 -0.00117
197745.762 0.00150 -0.00051 -0.00133
197745.766 0.00152 -0.00066 -0.00243
197745.770 0.00120 -0.00026 -0.00061
197745.774 0.00023 -0.00091 -0.00148
197745.778 -0.00016 -0.00077 -0.00096
197745.782 0.00077 -0.00028 -0.00052
197745.786 0.00101 -0.00016 -0.00040
197745.790 0.00168 0.00016 -0.00007
197745.794 0.00051 -0.00079 -0.00119
197745.798 0.00065 -0.00028 -0.00119
197745.802 0.00084 -0.00016 -0.00087
197745.806 0.00044 -0.00012 -0.00110
197745.810 0.00033 -0.00117 -0.00192
197745.814 0.00059 0.00035 -0.00061
197745.818 0.00127 -0.00028 -0.00044
197745.822 0.00190 0.00012 -0.00159
197745.826 0.00117 -0.00051 -0.00113
197745.830 0.00141 -0.00066 -0.00162
197745.834 0.00148 -0.00056 -0.00145
197745.838 0.00075 -0.00127 -0.00185
197745.842 0.00072 -0.00072 -0.00166
197745.846 0.00040 -0.00058 -0.00010
197745.850 0.00063 -0.00084 -0.00045
197745.854 0.00023 -0.00045 -0.00038
197745.858 0.00058 -0.00065 -0.00052
197745.862 0.00052 -0.00026 -0.00115
197745.866 0.00230 0.00000 -0.00148
197745.869 0.00141 -0.00023 -0.00155
197745.874 0.00103 -0.00075 -0.00068
197745.878 0.00244 -0.00058 0.00000
197745.882 0.00131 -0.00009 -0.00133
197745.886 0.00101 0.00017 -0.00106
197745.890 0.00017 -0.00108 -0.00236
197745.894 0.00086 -0.00141 -0.00180
197745.898 0.00150 -0.00045 -0.00164
197745.902 0.00120 -0.00080 -0.00175
197745.906 0.00113 -0.00075 -0.00119
197745.910 -0.00007 -0.00162 -0.00012
197745.914 0.00079 -0.00112 -0.00075
197745.918 0.00058 -0.00173 -0.00122
197745.922 0.00112 0.00005 -0.00073
197745.926 0.00155 -0.00037 -0.00166
197745.930 0.00213 -0.00213 -0.00190
197745.934 0.00138 -0.00230 -0.00122
197745.938 0.00133 -0.00218 -0.00164
197745.942 0.00162 -0.00141 -0.00115
197745.946 0.00124 -0.00059 -0.00162
197745.950 0.00070 -0.00159 -0.00204
197745.954 0.00099 -0.00080 -0.00065
197745.958 0.00122 -0.00134 -0.00119
197745.962 0.00204 -0.00058 -0.00239
197745.966 0.00105 -0.00098 -0.00166
197745.970 0.00017 -0.00094 -0.00175
197745.974 0.00072 -0.00124 -0.00194
197745.978 0.00086 -0.00040 -0.00108
197745.982 0.00014 -0.00140 -0.00054
197745.986 0.00086 -0.00105 -0.00192
197745.990 0.00150 -0.00126 -0.00138
197745.994 0.00150 -0.00010 -0.00138
197745.998 0.00152 -0.00010 -0.00049
197746.002 0.00197 -0.00131 -0.00070
197746.006 0.00194 -0.00058 -0.00075
197746.010 0.00133 -0.00084 -0.00182
197746.014 0.00086 0.00000 -0.00059
197746.018 0.00089 -0.00113 -0.00178
197746.022 0.00134 -0.00143 -0.00134
197746.026 0.00058 -0.00106 -0.00093
197746.029 0.00037 -0.00005 -0.00021
197746.034 0.00136 0.00033 0.00026
197746.039 0.00147 -0.00105 -0.00094
197746.042 0.00120 -0.00112 -0.00157
197746.046 0.00052 -0.00066 -0.00143
197746.050 0.00185 -0.00072 -0.00110
197746.054 0.00175 -0.00028 -0.00251
197746.058 0.00052 0.00000 -0.00152
197746.062 0.00140 0.00005 -0.00218
197746.066 0.00103 -0.00066 -0.00159
197746.070 0.00049 -0.00131 -0.00143
197746.074 0.00124 -0.00058 -0.00140
197746.078 0.00070 -0.00129 -0.00140
197746.082 0.00054 -0.00087 -0.00199
197746.086 0.00035 -0.00031 -0.00140
197746.089 0.00136 -0.00077 -0.00063
197746.094 0.00026 -0.00103 -0.00089
197746.098 0.00044 0.00009 -0.00065
197746.102 -0.00010 -0.00021 -0.00134
197746.106 0.00063 0.00059 -0.00197
197746.110 0.00143 -0.00037 -0.00108
197746.114 0.00105 -0.00093 -0.00161
197746.118 0.00108 -0.00093 -0.00054
197746.122 0.00155 -0.00122 -0.00056
197746.126 0.00093 -0.00040 -0.00012
197746.130 -0.00028 -0.00169 -0.00120
197746.134 0.00119 -0.00157 -0.00134
197746.138 0.00023 -0.00110 -0.00077
197746.142 0.00012 -0.00112 -0.00106
197746.146 0.00115 0.00037 -0.00070
197746.149 0.00096 -0.00073 -0.00136
197746.154 0.00122 -0.00073 -0.00168
197746.158 0.00084 -0.00072 -0.00131
197746.162 0.00014 -0.00087 -0.00152
197746.166 0.00086 -0.00045 0.00007
197746.170 0.00089 -0.00005 0.00019
197746.174 0.00166 -0.00024 -0.00082
197746.178 0.00065 -0.00150 -0.00108
197746.182 0.00113 -0.00122 -0.00070
197746.186 0.00127 -0.00070 -0.00091
197746.190 0.00115 -0.00087 -0.00126
197746.194 0.00096 -0.00031 -0.00166
197746.198 0.00047 0.00087 -0.00115
197746.202 0.00033 0.00119 -0.00072
197746.206 0.00105 0.00007 -0.00061
197746.210 0.00124 -0.00051 -0.00133
197746.214 0.00159 0.00066 -0.00031
197746.218 0.00108 -0.00080 -0.00155
197746.222 0.00185 -0.00014 -0.00052
197746.226 0.00161 -0.00072 -0.00101
197746.230 0.00094 -0.00133 -0.00084
197746.234 0.00182 -0.00012 -0.00108
197746.238 0.00129 -0.00012 -0.00101
197746.242 0.00040 0.00031 -0.00068
197746.246 0.00077 -0.00044 -0.00105
197746.249 0.00192 -0.00096 -0.00204
197746.254 0.00117 -0.00063 -0.00157
197746.258 0.00066 -0.00056 -0.00113
197746.262 0.00099 -0.00098 -0.00101
197746.266 0.00031 0.00070 -0.00084
197746.270 0.00075 0.00038 -0.00065
197746.274 0.00072 0.00000 -0.00134
197746.278 0.00024 0.00005 -0.00047
197746.282 0.00087 -0.00021 -0.00099
197746.286 0.00059 0.00000 -0.00068
197746.290 -0.00037 -0.00023 -0.00030
197746.294 0.00026 0.00014 -0.00035
197746.298 0.00103 -0.00124 -0.00080
197746.302 0.00124 -0.00147 -0.00154
197746.306 0.00024 -0.00047 -0.00188
197746.309 0.00058 -0.00005 -0.00195
197746.314 0.00037 -0.00099 -0.00049
197746.318 0.00091 -0.00065 -0.00129
197746.322 0.00105 -0.00040 -0.00106
197746.326 0.00140 -0.00019 -0.00115
197746.330 0.00028 -0.00058 -0.00058
197746.334 -0.00014 -0.00009 -0.00012
197746.338 0.00002 0.00017 -0.00105
197746.342 0.00052 0.00056 -0.00190
197746.346 0.00051 -0.00038 -0.00168
197746.350 0.00140 -0.00019 -0.00131
197746.354 0.00042 -0.00073 -0.00091
197746.358 0.00199 -0.00087 -0.00066
197746.362 0.00073 -0.00077 -0.00014
197746.366 0.00115 -0.00103 -0.00061
197746.370 0.00096 -0.00185 -0.00178
197746.374 0.00168 -0.00042 -0.00223
197746.378 0.00080 -0.00065 -0.00222
197746.382 0.00042 -0.00040 -0.00084
197746.386 0.00033 -0.00079 -0.00110
197746.391 0.00059 -0.00105 -0.00056
197746.393 0.00023 -0.00065 -0.00117
197746.398 0.00087 -0.00131 -0.00133
197746.402 0.00059 -0.00283 -0.00152
197746.406 0.00037 -0.00082 -0.00052
197746.410 0.00077 -0.00014 -0.00056
197746.414 0.00042 -0.00087 -0.00101
197746.418 0.00108 -0.00122 -0.00143
197746.422 0.00080 -0.00086 -0.00169
197746.426 0.00072 -0.00091 -0.00131
197746.430 0.00115 -0.00122 -0.00136
197746.434 0.00141 -0.00054 -0.00077
197746.438 0.00148 -0.00052 -0.00168
197746.442 0.00241 -0.00143 -0.00222
197746.446 0.00099 -0.00195 -0.00161
197746.450 0.00152 -0.00180 -0.00054
197746.454 0.00091 -0.00145 -0.00056
197746.458 0.00195 0.00628 -0.00056
197746.462 0.00374 0.01569 -0.00147
197746.466 0.00436 0.01801 -0.00216
197746.470 0.00332 0.01093 -0.00113
197746.474 0.00288 0.00576 -0.00058
197746.478 0.00127 0.00185 -0.00192
197746.482 0.00084 0.00068 -0.00017
197746.486 0.00148 0.00099 -0.00016
197746.490 0.00061 -0.00058 -0.00136
197746.494 0.00037 -0.00143 -0.00093
197746.498 0.00031 -0.00332 -0.00112
197746.502 0.00016 -0.00442 -0.00117
197746.506 -0.00003 -0.00606 -0.00178
197746.510 0.00065 -0.00768 -0.00103
197746.514 0.00068 -0.00735 -0.00099
197746.518 -0.00019 -0.00682 -0.00113
197746.522 -0.00012 -0.00728 -0.00117
197746.526 0.00047 -0.00574 -0.00162
197746.530 0.00155 -0.00339 -0.00145
197746.534 0.00136 -0.00323 -0.00126
197746.538 0.00178 -0.00227 -0.00120
197746.542 0.00143 -0.00264 -0.00119
