3959.290 -0.00533 -0.00320 0.00107
3959.295 -0.00213 -0.00746 -0.00426
3959.300 0.00533 0.00107 -0.00320
3959.305 -0.00639 0.00533 0.00107
3959.310 0.00000 0.00533 -0.00213
3959.315 0.00746 0.00533 0.00000
3959.320 0.00852 -0.00213 -0.00320
3959.325 0.00107 -0.00746 -0.00533
3959.330 -0.00639 -0.00959 -0.00107
3959.335 -0.00639 0.00000 -0.00320
3959.341 0.00852 0.00533 0.00320
3959.346 0.00320 -0.00426 0.00000
3959.351 0.00426 -0.01491 -0.00213
3959.356 -0.01065 0.00000 -0.00426
3959.361 0.00107 0.00000 0.00107
3959.366 0.00320 0.00320 0.00107
3959.371 0.00000 -0.00320 0.00320
3959.376 -0.00320 -0.00533 0.00213
3959.381 0.00000 0.00426 0.00000
3959.386 -0.00746 -0.00426 0.00533
3959.391 -0.00320 0.00533 -0.00320
3959.396 -0.00639 0.00213 0.00000
3959.401 -0.00533 0.00213 0.00213
3959.406 -0.00320 -0.00107 -0.00533
3959.411 0.00000 -0.00107 -0.00426
3959.416 -0.00426 0.00000 -0.00213
3959.421 0.00213 -0.00533 -0.00320
3959.426 -0.00213 0.00107 -0.01278
3959.431 0.00213 0.00320 0.00639
3959.436 -0.00639 0.00000 -0.00746
3959.441 -0.00852 0.00107 0.00213
3959.446 -0.00320 -0.00213 0.00213
3959.451 -0.00213 0.00107 -0.00320
3959.456 -0.00639 0.00000 0.00426
3959.461 -0.00746 0.00959 0.00000
3959.466 -0.00639 -0.00320 -0.00107
3959.471 -0.00533 -0.00213 -0.00852
3959.476 0.00426 -0.00746 -0.00107
3959.481 -0.00852 -0.00426 0.00426
3959.486 -0.00959 0.00000 0.00213
3959.491 -0.01491 -0.00320 -0.00213
3959.496 -0.00426 -0.00746 0.00426
3959.501 -0.00959 -0.00639 -0.00320
3959.506 0.00426 0.00426 -0.00320
3959.512 -0.00320 0.00107 0.00746
3959.517 -0.00107 0.00107 -0.00639
3959.522 -0.00426 -0.00320 0.00746
3959.527 0.00639 -0.00852 0.00320
3959.532 0.00533 -0.01172 0.00107
3959.537 -0.00639 -0.00107 -0.00213
3959.542 -0.00426 -0.00746 -0.00746
3959.547 -0.00213 0.00000 0.00320
3959.552 -0.00746 -0.00639 -0.00107
3959.557 -0.00746 -0.00107 -0.00320
3959.562 0.00000 -0.01065 0.00000
3959.567 0.00213 -0.00426 -0.00639
3959.572 -0.00107 -0.00320 0.00107
3959.577 0.01065 0.00213 -0.00533
3959.582 0.00746 0.00320 -0.00959
3959.587 -0.00426 0.00107 -0.00213
3959.592 -0.00426 0.00320 0.01065
3959.597 -0.00426 0.00000 -0.00320
3959.602 -0.00746 0.00107 0.00639
3959.607 0.01172 0.00852 -0.00107
3959.612 -0.00533 0.00320 0.00000
3959.617 -0.00213 -0.00213 -0.00107
3959.622 -0.00533 -0.00533 -0.00107
3959.627 0.00746 -0.00107 -0.00746
3959.632 -0.00213 -0.00426 0.00213
3959.637 0.00000 0.00107 -0.00426
3959.643 0.00107 -0.00107 -0.00320
3959.648 -0.00533 0.00000 -0.00107
3959.653 0.00533 0.00852 -0.00533
3959.658 -0.00426 0.00000 -0.00107
3959.663 -0.00639 0.00107 0.00107
3959.668 -0.00320 0.00213 -0.00320
3959.673 -0.01172 0.00320 -0.00746
3959.678 -0.00852 0.00320 -0.00533
3959.683 0.00107 -0.00213 0.00320
3959.688 0.00000 -0.01065 -0.00107
3959.693 -0.00107 0.00426 0.00426
3959.698 -0.00107 0.00000 -0.00213
3959.703 -0.00320 -0.00639 0.00000
3959.708 0.00213 0.01172 0.00639
3959.713 -0.00852 -0.00320 0.00107
3959.718 0.00320 0.00107 -0.00959
3959.723 0.00107 -0.00213 -0.00107
3959.728 -0.00107 -0.00213 -0.00107
3959.733 0.00107 -0.00746 -0.00426
3959.738 0.00533 -0.00426 0.00533
3959.743 -0.01491 0.00320 -0.00533
3959.748 0.00000 0.00107 -0.00852
3959.753 0.00959 -0.00852 0.00426
3959.758 0.00426 -0.00639 -0.00320
3959.763 0.00426 -0.00107 -0.00320
3959.768 -0.00213 0.00000 -0.00426
3959.773 -0.00426 -0.00320 -0.00533
3959.778 0.00213 0.00213 -0.00426
3959.783 -0.01172 0.00533 0.00320
3959.788 0.00000 -0.00533 -0.00426
3959.794 -0.00107 0.00000 -0.00213
3959.799 0.00000 0.00639 -0.00320
3959.804 0.00000 0.00107 0.00320
3959.809 -0.00320 0.00000 0.00639
3959.814 0.00213 -0.00213 0.00320
3959.819 -0.00426 -0.00213 -0.00426
3959.824 0.00213 0.00107 -0.00426
3959.829 -0.01491 -0.00320 -0.00426
3959.834 -0.01172 0.00213 -0.00426
3959.839 -0.00107 -0.00213 0.00639
3959.844 -0.00107 -0.00213 0.00213
3959.849 0.00213 -0.00107 -0.00746
3959.854 0.00959 0.00213 0.00213
3959.859 0.00213 -0.00107 -0.00213
3959.864 0.00852 -0.00746 0.00320
3959.869 -0.00213 0.00426 0.00213
3959.874 0.00213 -0.00639 -0.00959
3959.879 0.00746 -0.00213 -0.00320
3959.884 -0.00639 0.00107 0.00107
3959.889 -0.00852 -0.00426 0.00639
3959.894 -0.00107 -0.00426 0.00533
3959.899 -0.00426 -0.00426 0.00213
3959.904 0.00213 -0.00959 0.00426
3959.909 0.00533 -0.01065 0.00320
3959.914 -0.00959 -0.00426 0.00320
3959.919 -0.00213 -0.00426 -0.00320
3959.924 -0.01598 -0.00639 0.00213
3959.929 -0.00213 -0.00533 0.00426
3959.934 0.00320 -0.00107 -0.00426
3959.939 0.00213 0.00107 -0.00320
3959.944 -0.01172 -0.00639 -0.00533
3959.949 0.00213 -0.00533 0.00852
3959.955 -0.00533 -0.00213 0.00000
3959.959 0.00426 0.00320 -0.00959
3959.965 -0.00320 0.00426 -0.00107
3959.970 0.00852 -0.00852 -0.00852
3959.975 0.00107 0.00320 -0.00746
3959.980 -0.00107 -0.00426 -0.00639
3959.985 -0.00213 0.00000 -0.00533
3959.990 -0.00852 -0.00533 0.00213
3959.995 -0.00107 -0.00533 -0.00213
3960.000 0.00107 -0.00746 0.00107
3960.005 -0.00320 -0.00213 -0.00852
3960.010 -0.00639 -0.00426 0.00426
3960.015 0.00426 -0.00426 0.00213
3960.020 0.00000 0.00426 -0.00320
3960.025 -0.00533 0.00000 0.00213
3960.030 0.00213 -0.00213 -0.00852
3960.035 -0.00320 0.00213 -0.00426
3960.040 -0.00107 0.00426 0.00533
3960.045 -0.00320 0.00426 -0.00213
3960.050 -0.00852 -0.00959 -0.00107
3960.055 -0.00426 -0.00639 0.00746
3960.060 -0.00426 -0.00107 0.00213
3960.065 -0.00533 -0.00426 -0.00107
3960.070 0.00746 -0.00426 -0.00639
3960.075 -0.00107 -0.00320 -0.00533
3960.080 -0.00107 0.00213 -0.00852
3960.085 -0.00320 -0.01065 -0.00213
3960.090 -0.00320 -0.00107 -0.00320
3960.095 -0.00426 -0.00746 -0.00533
3960.100 0.00107 -0.01704 0.00533
3960.105 -0.00213 -0.00746 0.00107
3960.110 0.00000 0.00000 0.00213
3960.115 0.00852 -0.00107 -0.00320
3960.120 0.00000 0.00639 -0.00852
3960.125 0.00320 0.00639 0.00000
3960.130 -0.00213 0.00000 0.00320
3960.135 0.00320 -0.00213 0.00213
3960.140 0.00000 0.00213 -0.00533
3960.145 -0.00107 -0.00213 -0.00426
3960.150 0.00000 -0.00320 -0.00107
3960.156 0.00533 0.00213 -0.00107
3960.161 -0.00107 0.00213 -0.00320
3960.166 -0.00320 -0.00213 -0.00107
3960.171 0.00533 0.00426 -0.00107
3960.176 -0.00320 -0.00320 0.01065
3960.181 -0.00213 0.00107 0.00639
3960.186 0.01065 0.00213 -0.00533
3960.191 0.00213 -0.00213 -0.00426
3960.196 0.00107 -0.00213 -0.00533
3960.201 0.00959 0.00107 0.00107
3960.206 -0.00959 0.00213 0.00107
3960.211 0.00533 0.01065 0.00426
3960.216 -0.00639 -0.00320 -0.00533
3960.221 0.00959 0.00533 -0.00639
3960.226 0.00746 0.00320 0.00107
3960.231 -0.00426 0.00107 -0.00426
3960.236 0.00000 0.00107 -0.00320
3960.241 -0.01172 -0.00320 0.00426
3960.246 -0.00213 -0.00107 0.00533
3960.251 0.00426 0.00426 0.00320
3960.256 0.00639 -0.00107 0.00426
3960.261 -0.00320 0.00000 0.00107
3960.267 0.00639 0.00000 -0.00426
3960.272 0.00107 0.00320 0.00426
3960.277 -0.00639 -0.00639 0.00426
3960.282 -0.01385 -0.00213 -0.00107
3960.287 -0.00107 0.00533 -0.00320
3960.292 -0.00107 0.00852 -0.00533
3960.297 0.00000 -0.00426 -0.01065
3960.302 -0.00533 -0.00426 0.00000
3960.307 -0.00213 0.00746 -0.00107
3960.312 -0.00213 -0.00746 -0.00959
3960.317 0.00107 0.00320 -0.00107
3960.322 0.00533 0.00213 0.00000
3960.327 0.00320 -0.00639 0.00107
3960.332 -0.00533 0.00000 0.00107
3960.337 0.00426 -0.00639 0.00213
3960.342 -0.00213 0.00852 0.00213
3960.347 0.00639 -0.00213 -0.00426
3960.352 -0.00213 0.00000 0.00426
3960.357 -0.00533 -0.00320 -0.00213
3960.362 0.00000 0.00746 0.00000
3960.367 -0.00213 -0.00107 -0.00107
3960.372 0.00107 -0.00426 -0.00639
3960.377 -0.00533 -0.00533 0.00533
3960.382 -0.00213 -0.00320 -0.00213
3960.387 0.00000 -0.00426 -0.00107
3960.392 0.00213 -0.00213 0.00533
3960.397 -0.00533 -0.00320 0.00320
3960.402 -0.00533 -0.00213 0.00000
3960.407 -0.00320 0.00320 -0.00426
3960.412 0.00000 -0.00320 -0.00213
3960.418 -0.00426 -0.00213 0.00000
3960.423 -0.00320 0.00213 -0.00746
3960.428 0.00533 0.00639 0.00000
3960.433 -0.00639 -0.00320 -0.00213
3960.438 -0.00426 0.00533 0.01065
3960.443 0.00000 -0.00320 -0.00213
3960.448 -0.00213 -0.00639 0.00426
3960.453 -0.00107 0.00213 -0.00320
3960.458 -0.00639 -0.00533 0.00213
3960.463 -0.00746 -0.00959 0.00107
3960.468 -0.00533 0.00213 -0.00852
3960.473 0.00426 0.00639 -0.00746
3960.478 0.00213 0.00000 -0.00320
3960.483 0.00107 -0.00213 0.00426
3960.488 0.00107 -0.00533 0.00533
3960.493 -0.00213 0.00000 -0.00533
3960.498 0.00000 -0.00639 -0.00213
3960.503 -0.00320 0.00000 0.00000
3960.508 -0.00426 0.01065 -0.00639
3960.513 0.00746 0.00852 0.00533
3960.518 -0.00213 -0.00107 0.00000
3960.523 -0.00213 -0.00320 0.00213
3960.528 -0.00533 -0.00639 -0.00107
3960.533 0.00213 -0.00426 0.00426
3960.538 0.00639 0.00533 -0.00213
3960.543 0.00000 0.00426 -0.00107
3960.548 -0.00107 -0.00320 0.00213
3960.553 0.00426 -0.00746 0.00107
3960.558 0.00000 -0.01278 0.00107
3960.563 -0.00639 0.00533 0.00533
3960.568 -0.00959 -0.00426 -0.00320
3960.573 -0.00852 -0.00107 0.00107
3960.579 0.00000 -0.01065 0.00320
3960.584 -0.00426 -0.00107 -0.00533
3960.589 -0.00320 -0.00959 -0.00533
3960.594 -0.00533 0.00000 0.00213
3960.599 0.00639 0.00213 -0.00639
3960.604 0.00000 0.00107 0.00213
3960.609 0.00000 -0.00746 0.00320
3960.614 0.00213 -0.00746 0.00213
3960.619 -0.00320 0.00639 0.00426
3960.624 0.00426 0.00107 0.00320
3960.629 0.00213 0.00213 0.00000
3960.634 0.00000 -0.01065 -0.00320
3960.639 -0.00320 -0.01065 0.00213
3960.644 -0.00639 -0.00213 -0.00107
3960.649 -0.00320 -0.00852 -0.00426
3960.654 0.00213 -0.00639 -0.00213
3960.659 -0.00107 0.00426 0.00426
3960.664 -0.00746 -0.01065 0.00000
3960.669 -0.01172 -0.00426 -0.00639
3960.674 0.00426 0.00533 0.01065
3960.679 0.00000 -0.00213 0.00213
3960.684 -0.00107 -0.00426 0.00000
3960.689 -0.00107 -0.00107 -0.00213
3960.694 -0.00107 0.00000 -0.00639
3960.699 -0.00320 -0.00213 0.00746
3960.704 -0.00533 -0.00426 0.00107
3960.709 0.00107 0.00213 0.00000
3960.714 -0.00107 -0.00426 -0.00639
3960.719 -0.00107 -0.00107 -0.00107
3960.724 -0.00213 0.00107 0.00000
3960.729 -0.00320 -0.00533 0.00107
3960.734 -0.00426 -0.00533 -0.00213
3960.740 0.00320 -0.00746 0.00533
3960.745 -0.00746 0.00533 -0.00320
3960.750 -0.00959 0.00320 -0.00107
3960.755 -0.01172 0.00107 -0.00213
3960.760 0.00426 -0.00320 -0.00107
3960.765 0.00320 0.00533 0.00000
3960.770 0.00426 -0.00852 0.00320
3960.775 -0.00426 -0.00426 0.00000
3960.780 -0.00320 -0.00107 -0.00426
3960.785 0.00000 -0.00533 0.00000
3960.790 -0.00426 0.00000 -0.00639
3960.795 -0.00852 -0.00533 -0.00213
3960.800 0.00213 -0.00320 -0.00320
3960.805 -0.01704 0.00000 0.00000
3960.810 0.00213 -0.00320 0.00533
3960.815 -0.00533 -0.00639 0.00213
3960.820 -0.00320 -0.00959 -0.00533
3960.825 0.00107 -0.00320 -0.00533
3960.830 -0.00852 -0.00107 0.00107
3960.835 0.00320 -0.00107 0.00000
3960.840 -0.00533 -0.00320 -0.00107
3960.845 -0.00426 -0.00107 0.00107
3960.850 -0.00107 -0.00746 0.00000
3960.855 0.00107 0.00533 0.00000
3960.860 -0.00107 -0.00639 -0.00320
3960.865 -0.00213 -0.00320 -0.00320
3960.870 0.00000 -0.00320 0.00426
3960.875 0.00320 -0.00852 0.00213
3960.880 -0.00746 0.00852 -0.00852
3960.885 0.00746 0.00320 0.00426
3960.890 -0.00746 0.00107 0.00000
3960.895 0.00320 -0.00426 0.00213
3960.900 0.00320 -0.00533 0.00320
3960.905 -0.00213 -0.00107 0.00213
3960.910 -0.00639 0.01065 -0.00107
3960.915 -0.00959 0.00320 -0.00533
3960.921 0.00320 0.00320 0.00107
3960.926 0.01065 -0.00213 0.00213
3960.931 -0.00426 0.00213 -0.00639
3960.936 -0.00107 -0.00426 0.00107
3960.941 -0.00639 -0.00746 -0.00639
3960.946 0.00213 -0.00107 0.00107
3960.951 0.00852 0.00000 0.00213
3960.956 -0.00639 -0.00107 0.00213
3960.961 -0.00533 -0.00213 0.00213
3960.966 -0.00320 0.00213 0.00639
3960.971 -0.00107 0.00107 0.00533
3960.976 0.00426 0.00533 0.01278
3960.981 -0.00639 -0.00107 -0.00852
3960.986 0.00320 -0.00107 0.00639
3960.991 -0.00639 0.00000 0.00213
3960.996 0.00320 -0.00639 -0.00426
3961.001 0.00000 -0.00959 -0.00746
3961.006 0.00426 0.00852 0.00213
3961.011 0.00000 -0.00852 0.00639
3961.016 -0.01065 -0.00107 -0.00533
3961.021 -0.00533 0.00533 -0.00533
3961.026 -0.00533 0.00426 0.00426
3961.031 0.00107 -0.00746 -0.00107
3961.036 0.00000 -0.01172 -0.00426
3961.041 0.00000 0.00107 0.00426
3961.046 -0.00213 0.00000 -0.00213
3961.051 0.00213 0.00426 0.00213
3961.056 0.00852 -0.00426 -0.00533
3961.061 -0.01385 0.00320 -0.00533
3961.066 -0.01278 -0.00533 0.00533
3961.072 0.00000 0.01065 -0.00107
3961.077 0.00000 -0.00533 0.00426
3961.082 -0.00426 0.00959 0.00107
3961.087 0.00107 0.00000 0.00320
3961.092 -0.00107 -0.00533 0.00639
3961.097 -0.00959 0.00213 -0.00426
3961.102 -0.00107 -0.00320 0.00639
3961.107 0.01278 -0.00533 -0.00426
3961.112 -0.00533 -0.00213 -0.01278
3961.117 -0.00213 0.00533 0.00000
3961.122 -0.00320 0.00107 -0.00213
3961.127 -0.00639 -0.00320 0.00107
3961.132 -0.00320 0.00320 -0.00213
3961.137 -0.00533 0.00213 -0.00107
3961.142 -0.01278 -0.00639 0.00000
3961.147 0.00107 0.00320 0.00000
3961.152 -0.00107 -0.00213 -0.00107
3961.157 -0.00107 -0.00426 -0.00213
3961.162 0.00107 -0.00320 0.00213
3961.167 -0.00746 -0.00959 -0.01065
3961.172 0.00000 0.00426 -0.00426
3961.177 0.00000 -0.00639 0.00000
3961.182 -0.00213 -0.00107 0.00533
3961.187 -0.00320 0.00000 0.00107
3961.192 0.00533 -0.00533 -0.00746
3961.197 0.00213 0.00320 -0.00320
3961.202 0.00107 -0.00107 -0.00639
3961.207 -0.00107 0.00320 0.00533
3961.212 -0.00746 -0.00533 -0.00320
3961.217 0.00213 -0.00320 0.00213
3961.222 0.00000 0.00639 -0.00213
3961.227 0.00533 -0.00426 0.00533
3961.233 0.00426 0.00107 0.00107
3961.238 -0.00959 0.00426 0.00426
3961.243 -0.00533 -0.00107 -0.00107
3961.248 -0.00426 -0.00107 -0.00639
3961.253 0.00107 0.00213 -0.00107
3961.258 0.00320 0.00000 0.00533
3961.263 0.00639 0.00107 0.00426
3961.268 -0.00320 0.00533 0.00639
3961.273 0.00213 0.00639 -0.00320
3961.278 -0.00746 -0.00852 -0.00639
3961.283 0.00320 -0.00107 -0.00533
3961.288 -0.00320 0.00426 0.00000
3961.293 -0.00426 -0.00852 0.00107
3961.298 -0.00426 -0.00320 0.00320
3961.303 -0.00746 -0.00426 -0.00959
3961.308 0.00426 -0.00320 -0.00426
3961.313 0.00213 0.00000 -0.00426
3961.318 0.00533 -0.00107 0.00000
3961.323 0.00320 -0.00852 -0.00426
3961.328 -0.00533 -0.00320 -0.00213
3961.333 -0.00213 -0.00533 -0.00107
3961.338 -0.00639 -0.00107 0.00213
3961.343 -0.01065 -0.00852 0.00000
3961.348 0.00320 -0.00213 -0.00107
3961.353 -0.00320 -0.00320 0.00320
3961.358 0.00426 -0.00320 0.00000
3961.363 -0.00959 0.00000 -0.00426
3961.368 -0.00426 -0.00533 0.00533
3961.373 -0.00213 0.00320 -0.00320
3961.378 0.00213 -0.01172 0.00852
3961.384 -0.00426 0.00746 -0.00746
3961.389 -0.00320 -0.00426 0.00000
3961.393 -0.01278 -0.00426 0.00639
3961.398 -0.00852 -0.00213 0.00213
3961.404 0.00533 0.00000 -0.00213
3961.409 -0.00959 -0.00746 -0.00107
3961.414 -0.00107 -0.00320 -0.00213
3961.419 -0.00213 0.00533 -0.00213
3961.424 0.00639 0.00107 0.00213
3961.429 0.00426 0.01065 -0.00213
3961.434 -0.00426 -0.00320 0.00107
3961.439 0.00000 0.00107 0.00107
3961.444 -0.00107 -0.00107 -0.00213
3961.449 0.01278 0.00213 0.00426
3961.454 0.00213 -0.00426 -0.00213
3961.459 0.00639 -0.00213 -0.00639
3961.464 -0.00533 -0.00746 0.00000
3961.469 0.00320 0.00852 0.00107
3961.474 0.00426 0.00320 0.01385
3961.479 -0.00426 -0.00107 -0.00746
3961.484 0.00107 -0.00107 0.00426
3961.489 -0.01172 0.00426 -0.00320
3961.494 -0.00533 -0.01385 -0.00107
3961.499 -0.00639 -0.00107 -0.00320
3961.504 0.00107 0.00320 -0.00426
3961.509 0.00000 0.00213 -0.00213
3961.514 -0.00320 0.00213 -0.00107
3961.519 0.00426 -0.00107 -0.00746
3961.524 -0.00852 -0.00533 -0.00107
3961.529 -0.00426 -0.00639 0.00320
3961.534 0.00000 0.01385 -0.00320
3961.539 -0.00639 -0.00213 0.00213
3961.544 0.00000 -0.00959 0.00000
3961.549 0.00213 0.00000 -0.00533
3961.554 -0.01065 0.00213 -0.00533
3961.559 -0.00533 0.00213 0.00320
3961.565 -0.00320 -0.00213 -0.00213
3961.570 0.00000 0.00959 -0.00426
3961.575 -0.00959 -0.00639 -0.00320
3961.580 0.00746 0.00320 0.00213
3961.584 0.00213 0.00320 -0.00426
3961.589 -0.00107 -0.00320 0.00213
3961.595 -0.00213 -0.00320 -0.00213
3961.600 -0.01385 -0.00639 -0.00959
3961.605 0.00320 0.01172 -0.00852
3961.610 0.00000 0.00107 0.00959
3961.615 -0.00852 0.00213 -0.00107
3961.620 0.00320 -0.00107 -0.00320
3961.625 -0.00533 -0.00213 -0.00213
3961.630 -0.00320 -0.00533 0.00107
3961.635 0.00852 0.00320 0.00107
3961.640 0.00107 0.00107 -0.00320
3961.645 0.00533 -0.00107 -0.00107
3961.650 0.00107 0.00320 0.00213
3961.655 -0.00639 0.00000 -0.00426
3961.660 -0.01065 -0.00426 0.01598
3961.665 0.00000 -0.00852 0.00000
3961.670 0.00320 -0.00107 0.00213
3961.675 0.00000 -0.00107 -0.00107
3961.680 -0.00426 -0.00107 -0.00107
3961.685 0.00107 -0.00213 0.00000
3961.690 0.00426 -0.00213 0.00000
3961.695 0.00000 -0.00426 -0.01278
3961.700 -0.00107 -0.00320 -0.00320
3961.705 -0.01172 -0.00320 0.00107
3961.710 -0.00533 0.00213 -0.00107
3961.715 -0.01278 -0.00426 -0.00320
3961.720 -0.00320 -0.01172 -0.00107
3961.726 0.00000 0.00000 -0.00533
3961.731 -0.00107 0.00000 0.00533
3961.736 0.00107 -0.00639 0.00213
3961.741 -0.00746 0.00213 -0.00746
3961.746 0.00426 -0.00639 -0.00213
3961.751 -0.00959 0.00107 0.00000
3961.756 0.00000 0.00959 0.00320
3961.761 -0.00959 -0.00852 -0.00533
3961.766 -0.00746 0.00000 0.00213
3961.771 -0.00107 -0.00320 0.00000
3961.776 -0.00426 -0.00533 0.00000
3961.781 0.00213 -0.00213 -0.00213
3961.786 0.00213 0.00000 -0.00959
3961.791 -0.00213 -0.01065 0.00852
3961.796 -0.00959 -0.00639 0.00000
3961.801 -0.00426 -0.00213 -0.00320
3961.806 0.00107 0.00107 0.00746
3961.811 -0.00746 0.00107 -0.00107
3961.816 -0.00213 -0.00639 -0.00107
3961.821 0.00213 0.00213 -0.00107
3961.826 -0.00959 -0.00639 0.00320
3961.831 -0.01278 -0.00213 -0.00426
3961.836 0.00320 0.00107 -0.00320
3961.841 -0.00533 -0.00107 0.00533
3961.846 -0.00213 -0.00107 -0.00107
3961.851 0.00107 -0.00107 0.00213
3961.856 0.00533 0.00320 0.00426
3961.861 -0.00639 -0.00426 -0.00533
3961.866 -0.00746 -0.00320 0.00320
3961.871 -0.00107 0.00000 0.00000
3961.876 -0.00533 -0.00639 0.00000
3961.881 -0.00213 -0.00639 -0.00533
3961.886 0.00000 0.00107 -0.00213
3961.891 -0.00213 -0.00320 -0.00639
3961.896 -0.00320 0.00107 -0.00639
3961.901 0.00213 0.00107 0.00533
3961.907 -0.00746 -0.00426 0.00426
3961.912 0.00426 -0.00320 0.00000
3961.917 0.00213 -0.00213 0.00533
3961.922 0.00320 0.00746 -0.00426
3961.927 -0.00746 -0.00320 0.00533
3961.932 0.00533 0.00426 0.00000
3961.937 -0.00533 -0.00426 -0.00107
3961.942 -0.00746 -0.00320 -0.00320
3961.947 -0.00639 0.00746 -0.00213
3961.952 0.00852 -0.00320 0.00213
3961.957 0.00426 -0.00107 0.00107
3961.962 0.00000 -0.00852 -0.00107
3961.967 -0.00107 0.00000 -0.00213
3961.972 -0.00639 0.00213 0.00320
3961.977 -0.00426 -0.01385 0.00639
3961.982 0.00107 -0.00426 0.00320
3961.987 -0.00852 -0.00213 -0.00533
3961.992 0.00746 -0.00852 0.00107
3961.997 -0.00213 -0.00746 -0.00320
3962.002 0.00000 -0.00213 0.00639
3962.007 -0.00426 -0.00213 -0.00639
3962.012 -0.00213 0.00000 -0.00426
3962.017 -0.01278 -0.00639 -0.00107
3962.022 -0.00213 0.00213 0.00533
3962.027 0.00000 -0.00852 -0.00426
3962.032 0.00000 0.00000 0.00213
3962.037 0.00533 -0.00426 0.00107
3962.042 0.00320 0.00000 -0.00107
3962.048 -0.00320 0.00213 0.00000
3962.053 0.00000 -0.00533 0.00320
3962.058 -0.00213 0.00107 -0.00213
3962.063 0.00000 0.00000 -0.00107
3962.068 0.00213 -0.00213 0.00213
3962.073 -0.00426 -0.00533 -0.00533
3962.078 -0.00213 0.00107 0.00213
3962.083 0.00320 -0.00320 0.00426
3962.088 -0.00746 -0.00320 0.00107
3962.093 -0.00639 0.00639 -0.00426
3962.098 -0.00320 0.00746 0.00320
3962.103 -0.00852 0.00107 -0.00107
3962.108 -0.00533 0.00000 -0.00959
3962.113 -0.00533 -0.00107 -0.00320
3962.118 -0.00320 -0.00320 0.00000
3962.123 0.00000 0.00000 -0.00426
3962.128 0.00426 0.00426 0.00320
3962.133 -0.01385 -0.00107 0.00107
3962.138 -0.00320 -0.00213 -0.00533
3962.143 0.00213 0.00107 -0.00213
3962.148 -0.01917 -0.01172 0.00107
3962.153 0.00000 -0.00746 0.00320
3962.158 0.00213 -0.00107 0.00000
3962.163 0.00213 0.00213 0.00107
3962.168 0.00000 -0.00426 -0.00746
3962.173 0.00426 0.00639 -0.00107
3962.178 0.01065 0.00000 0.00107
3962.183 0.00213 -0.00533 0.00213
3962.188 0.00000 -0.00746 -0.01172
3962.193 0.00426 0.00000 -0.00639
3962.199 -0.00852 0.00639 0.00746
3962.204 -0.00426 0.00107 -0.00746
3962.209 0.00533 -0.00639 -0.00426
3962.214 0.00533 -0.00107 0.00213
3962.219 -0.00107 0.00746 0.00213
3962.224 -0.00746 -0.00107 -0.00426
3962.229 0.00000 -0.00107 -0.00320
3962.234 -0.00320 -0.00426 0.00213
3962.239 0.00213 0.00426 -0.00107
3962.244 0.00320 -0.00426 -0.00320
3962.249 -0.00426 0.00000 0.00852
3962.254 -0.00107 -0.00959 -0.00426
3962.259 -0.00320 0.00533 -0.00107
3962.264 -0.00213 0.00746 0.00959
3962.269 0.00426 0.00107 -0.00533
3962.274 -0.00107 0.00533 0.00107
3962.279 -0.00213 -0.00426 -0.00426
3962.284 -0.00852 -0.01385 0.00000
3962.289 -0.00426 -0.00107 -0.00320
3962.294 0.00213 -0.00852 -0.00213
3962.299 -0.00320 -0.00213 -0.00213
3962.304 0.00000 -0.00426 0.00213
3962.309 -0.00852 -0.00533 -0.00213
3962.314 0.00320 0.00000 -0.00107
3962.319 -0.00213 -0.00320 -0.00213
3962.324 0.00213 -0.00852 0.00320
3962.329 -0.00213 -0.00533 -0.00746
3962.334 0.00107 -0.00320 -0.00426
3962.339 -0.01491 -0.01278 0.00533
3962.344 0.00000 0.00107 0.00426
3962.350 0.00426 -0.00213 0.00107
3962.355 0.00107 -0.00107 0.00320
3962.360 -0.00746 -0.00107 0.00107
3962.365 -0.00639 0.00213 -0.00213
3962.370 -0.00852 -0.00639 -0.00426
3962.375 -0.00426 -0.00320 0.00320
3962.380 -0.00320 0.00107 0.00213
3962.385 0.00320 -0.00426 0.00107
3962.390 0.01172 -0.01065 0.00107
3962.395 -0.00852 0.00213 -0.00639
3962.400 0.00107 -0.00639 -0.00107
3962.405 -0.00426 -0.00852 0.00426
3962.410 -0.00959 -0.00320 0.00533
3962.415 -0.00426 0.00000 -0.00533
3962.420 0.00852 0.00107 -0.00320
3962.425 0.00852 -0.00107 -0.00213
3962.430 -0.01065 0.00213 0.00746
3962.435 -0.00320 -0.00639 -0.00213
3962.440 -0.00639 -0.00213 -0.00107
3962.445 -0.00213 -0.01065 0.00213
3962.450 0.00000 -0.00320 0.00213
3962.455 0.00000 -0.00107 0.00107
3962.460 -0.00320 -0.00213 0.00107
3962.465 -0.00639 0.00000 0.00000
3962.470 0.00213 -0.00320 0.00426
3962.475 0.00320 0.00639 0.00213
3962.480 -0.00959 0.00533 0.00533
3962.485 0.00426 0.00213 0.00533
3962.490 -0.00213 -0.00746 0.00107
3962.495 -0.00533 -0.00107 0.00213
3962.500 -0.00533 -0.00533 -0.00107
3962.505 0.00107 0.00746 0.00320
3962.510 0.00426 0.00213 -0.00107
3962.515 -0.00533 -0.01065 0.00107
3962.520 0.00426 0.00000 0.00320
3962.525 -0.00426 -0.00959 -0.00639
3962.530 0.00320 -0.00533 -0.00746
3962.535 -0.00320 -0.00213 -0.00213
3962.541 0.00000 0.00320 0.00213
3962.546 -0.00639 -0.00320 -0.00107
3962.550 -0.00320 -0.00320 -0.00426
3962.555 -0.00426 0.00107 0.00213
3962.560 -0.00426 -0.00746 -0.00426
3962.565 -0.00320 0.00320 -0.00213
3962.571 0.00320 0.00000 0.00107
3962.576 0.00000 0.00320 0.00000
3962.581 -0.00213 0.00746 0.00000
3962.586 -0.00320 -0.00746 -0.00107
3962.591 -0.00533 0.00426 0.00107
3962.596 0.00213 0.00107 -0.00107
3962.601 0.00107 -0.00746 -0.00213
3962.606 0.00320 0.00533 0.00107
3962.611 -0.00320 -0.00426 0.00107
3962.616 -0.00533 -0.00639 -0.00639
3962.621 0.00000 0.00213 0.00639
3962.626 0.00107 -0.00852 -0.00533
3962.631 0.00426 -0.00320 0.00000
3962.636 0.00320 -0.00426 -0.00320
3962.641 -0.00639 0.00000 0.00107
3962.646 0.01065 -0.00107 0.00213
3962.651 0.00746 0.00426 -0.00852
3962.656 -0.00107 -0.00533 -0.00213
3962.661 0.00746 0.00213 0.00213
3962.666 -0.00213 -0.00213 0.00213
3962.671 -0.00320 -0.00959 0.00107
3962.676 0.00000 -0.00213 -0.00107
3962.681 0.00320 0.00000 0.00533
3962.686 0.00213 0.00746 0.00426
3962.692 0.00746 0.00320 -0.01172
3962.697 0.00107 0.00320 0.00213
3962.702 -0.00213 0.00639 0.00320
3962.707 -0.00320 -0.00107 -0.00426
3962.712 0.00533 0.00213 -0.00320
3962.717 -0.00426 -0.00320 -0.00320
3962.722 -0.00320 -0.00426 0.00000
3962.727 -0.00107 0.00213 0.00426
3962.732 -0.00426 0.00107 0.00107
3962.737 -0.00426 -0.00533 0.00639
3962.742 -0.00320 0.00426 0.00746
3962.747 0.00320 -0.00533 -0.00639
3962.752 0.00213 0.00000 -0.00320
3962.757 -0.00959 -0.00213 -0.00107
3962.762 0.00426 -0.00533 0.00000
3962.767 -0.00320 0.00639 0.00320
3962.772 -0.00959 -0.00107 -0.00107
3962.777 0.00533 -0.00213 0.00107
3962.782 -0.00213 0.00107 -0.00746
3962.787 0.00426 -0.00107 -0.00320
3962.792 0.00320 0.00213 0.00533
3962.797 -0.00533 -0.00533 0.00320
3962.802 -0.00320 -0.01385 -0.01278
3962.807 0.00213 0.01065 0.00000
3962.812 0.00320 -0.00320 -0.00213
3962.817 -0.00533 0.00746 -0.00213
3962.822 0.00533 -0.00746 0.00213
3962.827 -0.00959 -0.00639 -0.01278
3962.832 0.00000 -0.00320 0.00000
3962.837 0.00107 0.00746 -0.00107
3962.842 -0.00639 0.00746 -0.00746
3962.847 -0.00107 -0.00426 -0.00213
3962.852 0.00107 -0.00213 0.00213
3962.857 0.00107 -0.00107 -0.00213
3962.863 0.01278 0.00000 -0.00639
3962.868 0.00426 0.00000 0.00000
3962.873 0.00107 -0.00426 0.01065
3962.878 -0.00852 -0.00639 0.00533
3962.883 -0.00746 -0.01065 -0.00320
3962.888 -0.01385 -0.00213 -0.00320
3962.893 -0.00426 -0.01065 -0.00746
3962.898 -0.00213 0.00320 -0.00107
3962.903 0.00426 0.00320 0.00426
3962.908 -0.00852 0.00426 0.00320
3962.913 0.00000 0.00000 -0.00213
3962.918 0.00320 0.00213 -0.00107
3962.923 0.00320 0.00000 0.00107
3962.928 -0.00213 -0.00426 -0.00746
3962.933 -0.00533 -0.01172 0.00000
3962.938 -0.00107 -0.00107 0.00107
3962.943 -0.00213 -0.00213 -0.00426
3962.948 0.00000 0.00639 0.00107
3962.953 -0.00320 -0.00213 -0.00107
3962.958 -0.00320 0.00746 0.00213
3962.963 0.00320 0.00107 0.00746
3962.968 0.00213 0.00107 -0.00320
3962.973 0.00107 -0.00320 -0.00533
3962.978 -0.00107 0.00213 -0.00213
3962.983 -0.00533 -0.00107 0.00426
3962.988 -0.00639 -0.00107 -0.00426
3962.993 0.01065 0.00639 0.01172
3962.998 -0.00320 -0.00107 0.00426
3963.003 -0.00213 -0.00107 0.00000
3963.008 0.00000 -0.00959 -0.00107
3963.013 -0.00213 0.00533 0.00107
3963.018 -0.00213 -0.00213 -0.00213
3963.024 -0.00213 -0.00639 0.00320
3963.029 0.00639 -0.00852 -0.00426
3963.034 0.00746 0.00000 0.00320
3963.039 0.00213 -0.00533 0.00959
3963.044 0.00320 -0.00107 0.00213
3963.049 -0.00852 -0.00852 0.00426
3963.054 -0.00107 0.00107 -0.00533
3963.059 -0.00533 0.00107 -0.00107
3963.064 0.00000 0.00107 -0.00107
3963.069 -0.00213 -0.00852 0.00426
3963.074 0.00426 0.01278 0.00533
3963.079 0.01278 -0.00107 0.00000
3963.084 0.01172 -0.00426 -0.00639
3963.089 -0.00320 -0.00639 0.00320
3963.094 -0.00320 0.00426 0.00213
3963.099 0.00639 0.00000 0.00107
3963.104 -0.00533 0.00320 0.00107
3963.109 0.00213 0.00746 -0.00426
3963.114 -0.00426 0.00639 -0.00320
3963.119 -0.00107 0.00107 -0.00213
3963.124 0.00426 0.00213 0.00320
3963.129 0.00000 0.00746 0.00959
3963.134 -0.00426 -0.00213 -0.00533
3963.139 -0.00213 -0.00533 0.00107
3963.144 0.00639 -0.00320 0.00426
3963.149 -0.00107 -0.00107 0.00000
3963.154 -0.00852 -0.00107 -0.00639
3963.159 -0.00746 0.00107 -0.00107
3963.164 -0.00639 -0.00320 -0.00213
3963.169 0.00000 -0.00320 0.00320
3963.175 0.00000 0.00000 -0.00426
3963.180 -0.00639 -0.00639 -0.00107
3963.184 -0.00107 -0.01065 0.00533
3963.189 0.00000 -0.00213 -0.00213
3963.195 -0.00213 0.00320 -0.00107
3963.200 -0.00959 0.00213 -0.00639
3963.205 0.00107 -0.00746 0.00107
3963.210 -0.00959 -0.00213 -0.00107
3963.215 -0.00107 -0.00639 -0.00213
3963.220 -0.00639 -0.00320 -0.01065
3963.225 0.00639 0.00746 -0.00107
3963.230 0.00533 0.00639 -0.00533
3963.235 -0.00852 -0.00320 -0.00746
3963.240 -0.00426 0.00213 0.00213
3963.245 -0.00320 -0.00639 -0.00533
3963.250 0.00213 0.00213 -0.00959
3963.255 -0.00533 0.00000 -0.00320
3963.260 -0.00107 -0.00426 -0.00426
3963.265 -0.00213 0.00107 -0.00639
3963.270 0.00426 0.00533 -0.00213
3963.275 -0.01172 0.00107 0.00213
3963.280 -0.00426 -0.00107 0.00107
3963.285 -0.00213 0.00000 -0.00213
3963.290 0.00000 -0.00533 0.00320
3963.295 -0.00426 -0.00213 -0.00639
3963.300 0.00426 -0.00213 -0.00320
3963.305 0.00533 -0.00426 -0.00426
3963.310 -0.00426 -0.00320 0.00320
3963.315 0.00107 -0.00533 -0.00639
3963.320 -0.00426 0.00639 0.00533
3963.325 0.00107 -0.00107 0.00320
3963.330 -0.00213 0.00107 -0.00426
3963.335 0.00107 -0.00107 0.00213
3963.340 -0.01491 0.00213 0.00000
3963.345 -0.00213 -0.01278 -0.00213
3963.350 0.00000 0.00639 -0.00533
3963.355 -0.00213 -0.00852 -0.00320
3963.360 0.00000 -0.00639 0.00320
3963.366 -0.00213 0.00000 -0.00533
3963.370 -0.00426 0.00746 -0.00107
3963.376 -0.01385 0.00746 0.00000
3963.381 0.00000 -0.00107 0.00320
3963.386 -0.00426 -0.00852 -0.00320
3963.391 0.00107 -0.00107 0.00639
3963.396 0.00426 -0.00639 -0.00213
3963.401 0.00320 -0.00213 -0.00107
3963.406 0.00426 -0.01172 -0.00213
3963.411 -0.00213 0.00426 0.00746
3963.416 -0.00959 0.00000 0.00000
3963.421 -0.00746 0.00639 -0.00107
3963.426 -0.00320 0.00107 -0.00320
3963.431 0.00533 -0.00320 -0.00213
3963.436 0.00852 0.00639 -0.00213
3963.441 -0.00852 0.00213 0.00213
3963.446 0.00852 -0.00426 -0.01172
3963.451 0.00213 -0.00107 -0.00320
3963.456 -0.00213 -0.00213 0.01172
3963.461 -0.00533 -0.00320 0.00746
3963.466 0.00639 0.00000 -0.00746
3963.471 -0.00533 0.00107 -0.00639
3963.476 -0.00107 0.00000 0.00000
3963.481 -0.00107 -0.00426 -0.00426
3963.486 -0.00320 -0.00213 0.00107
3963.491 -0.00213 -0.01278 -0.00746
3963.496 -0.00533 0.00426 -0.00959
3963.501 0.00426 0.00000 -0.00320
3963.507 0.01065 0.00213 0.00426
3963.512 0.00213 0.00533 0.00000
3963.517 -0.00639 0.00000 -0.00426
3963.522 -0.00213 -0.00426 -0.00107
3963.527 -0.00533 -0.00213 0.00320
3963.532 -0.00746 -0.00320 0.00213
3963.537 -0.00852 0.00107 -0.01278
3963.542 0.00959 -0.00320 -0.00320
3963.547 0.00320 -0.00107 -0.00533
3963.552 0.00320 -0.00639 0.00000
3963.557 -0.00107 -0.00320 0.00639
3963.562 -0.00746 -0.00320 0.00426
3963.567 0.00639 -0.00107 0.00213
3963.572 0.00852 -0.00852 0.00107
3963.577 -0.00213 0.00107 0.00426
3963.582 0.00000 -0.00320 -0.00107
3963.587 -0.00426 -0.00533 -0.00426
3963.592 -0.00746 -0.00320 0.00107
3963.597 0.00000 0.00320 0.00426
3963.602 0.00000 0.00000 0.00000
3963.607 0.00213 0.00000 0.00107
3963.612 -0.00213 -0.00639 -0.00852
3963.617 -0.00746 -0.00107 -0.00107
3963.622 0.00213 -0.00746 0.00320
3963.627 -0.00320 -0.00426 -0.00533
3963.632 0.01065 -0.00426 -0.00639
3963.637 0.00426 -0.00426 0.00533
3963.642 0.00107 0.01385 0.00426
3963.647 0.01172 0.00639 -0.00426
3963.652 -0.00320 0.00213 -0.00533
3963.657 0.00320 -0.00213 -0.01278
3963.662 -0.00426 0.00000 -0.00639
3963.667 -0.00639 -0.00320 0.00107
3963.672 -0.00107 0.00533 0.00746
3963.678 0.00320 -0.00959 0.00213
3963.683 -0.00320 -0.00746 -0.00639
3963.688 -0.00639 -0.00213 -0.00426
3963.693 -0.00426 0.00000 0.00213
3963.698 -0.00426 -0.00533 0.00320
3963.703 0.00107 0.00107 0.00213
3963.708 -0.00426 -0.00852 0.00000
3963.713 -0.00320 -0.00213 -0.00852
3963.718 -0.00320 0.00639 -0.00320
3963.723 -0.00639 -0.00426 0.00533
3963.728 -0.00426 0.00000 0.00213
3963.733 -0.00107 -0.00959 -0.01065
3963.738 -0.00639 0.00000 0.00213
3963.743 -0.00746 -0.00320 -0.00107
3963.748 0.00213 -0.00107 0.00533
3963.753 -0.00107 -0.00213 -0.00213
3963.758 0.00320 0.00533 0.00746
3963.763 -0.00426 -0.00426 -0.00533
3963.768 0.00426 -0.00107 0.00000
3963.773 -0.00320 0.00746 0.00426
3963.778 0.00639 -0.00533 0.00213
3963.783 0.00107 0.00213 -0.00107
3963.788 0.00107 0.00639 0.00107
3963.793 -0.00852 0.00320 -0.00746
3963.798 0.00000 0.00107 0.00320
3963.803 0.00533 -0.00639 0.01598
3963.808 0.00107 0.00426 -0.01172
3963.813 0.00426 0.00000 0.00213
3963.818 -0.00320 0.00107 -0.00639
3963.823 -0.00426 -0.00107 -0.00213
3963.828 0.00000 -0.00533 -0.00426
3963.833 -0.00426 0.00959 0.00000
3963.839 -0.00426 0.00533 0.00107
3963.844 -0.00320 -0.00639 -0.00639
3963.849 0.00107 -0.00320 0.01385
3963.854 -0.00213 -0.00426 0.00000
3963.859 -0.01811 0.00000 -0.00426
3963.864 0.00320 -0.00533 -0.00107
3963.869 0.00959 0.01172 0.00320
3963.874 -0.00213 -0.00533 0.00000
3963.879 -0.00746 -0.00639 -0.01172
3963.884 -0.00639 -0.00213 0.00000
3963.889 -0.00107 -0.00320 0.00320
3963.894 0.00107 -0.00533 0.00320
3963.899 0.00213 0.00533 -0.00320
3963.904 -0.00639 -0.00213 -0.00426
3963.909 -0.00426 -0.00959 -0.00213
3963.914 -0.00533 -0.00107 0.00320
3963.919 0.00426 0.00426 0.00000
3963.924 -0.00533 0.00107 -0.00107
3963.929 -0.00320 0.00213 -0.00746
3963.934 0.00000 0.00320 0.00213
3963.939 -0.01172 -0.00107 -0.00320
3963.944 0.00533 0.00320 -0.00213
3963.949 -0.00213 -0.00746 -0.00426
3963.954 -0.00320 -0.00107 -0.00320
3963.959 0.00107 -0.00639 0.00000
3963.964 -0.00639 -0.00426 -0.00746
3963.969 0.00107 -0.00426 -0.00213
3963.974 0.00107 -0.00107 -0.00107
3963.979 -0.00533 0.00107 -0.00426
3963.984 -0.00852 -0.00639 -0.00107
3963.989 0.00533 0.00959 -0.00320
3963.994 -0.00746 0.00000 0.00852
3964.000 -0.00320 0.00107 0.00320
3964.005 0.00213 -0.00320 0.01385
3964.010 0.00000 -0.00213 -0.00426
3964.015 0.00000 0.00107 0.00213
3964.020 -0.00639 0.00107 0.00213
3964.025 0.00320 0.00107 -0.00639
3964.030 -0.01065 0.00426 -0.00213
3964.035 -0.00746 -0.00639 -0.00213
3964.040 -0.00320 -0.00107 -0.00852
3964.045 0.00000 0.00746 0.00000
3964.050 0.00213 -0.00533 -0.00426
3964.055 -0.00320 -0.01172 -0.00213
3964.060 -0.01385 -0.00213 0.00213
3964.065 -0.00533 -0.00426 -0.00107
3964.070 -0.00426 -0.00107 -0.00426
3964.075 0.00533 -0.00320 0.00533
3964.080 -0.00107 0.00213 -0.00533
3964.085 -0.00213 -0.00320 -0.00746
3964.090 0.00959 0.00000 -0.00213
3964.095 0.00213 -0.00533 -0.00320
3964.100 0.00000 0.00107 -0.00533
3964.105 0.00000 -0.00426 -0.00639
3964.110 -0.00533 -0.00639 -0.00320
3964.115 -0.00320 -0.00426 -0.00639
3964.120 0.00213 0.00426 -0.00426
3964.125 0.00107 -0.00107 -0.00107
3964.130 0.00320 -0.01172 -0.00426
3964.135 -0.00320 0.00213 0.00533
3964.140 0.00107 -0.00107 -0.00533
3964.145 -0.00320 -0.00213 0.00639
3964.151 -0.00533 -0.00639 0.00852
3964.156 0.00000 -0.00426 0.00107
3964.161 -0.00213 0.00107 0.00426
3964.166 -0.00213 -0.00533 -0.00320
3964.171 0.00107 -0.01172 0.00107
3964.176 -0.00959 0.00000 -0.00213
3964.181 0.00213 -0.00107 0.00213
3964.186 0.00320 0.00000 -0.00320
3964.191 -0.00320 0.00107 0.00533
3964.196 -0.00533 0.00000 -0.00320
3964.201 -0.00533 -0.01172 -0.00320
3964.206 -0.00320 -0.00107 0.00107
3964.211 -0.00213 0.01385 -0.00107
3964.216 0.00213 -0.00533 -0.01172
3964.221 -0.00639 -0.00320 0.00107
3964.226 -0.00533 -0.00746 0.00320
3964.231 -0.00533 0.00107 -0.00320
3964.236 -0.00213 -0.00533 -0.01385
3964.241 0.00213 0.00000 0.00320
3964.246 -0.00107 0.00852 -0.00426
3964.251 -0.00533 -0.01065 0.00000
3964.256 -0.00320 -0.00320 -0.00746
3964.261 -0.00213 -0.00426 0.00746
3964.266 -0.00107 -0.00533 -0.00320
3964.271 -0.00320 0.00000 0.00107
3964.276 0.00107 -0.00533 -0.00107
3964.281 0.00533 -0.00639 -0.00426
3964.286 0.00639 0.00213 0.00213
3964.291 -0.00533 -0.00107 -0.00320
3964.296 0.00000 0.00000 -0.00746
3964.301 -0.00533 0.00213 -0.00213
3964.306 0.00426 -0.00426 -0.00107
3964.312 -0.00320 -0.00320 0.00000
3964.317 0.00639 -0.00213 -0.00746
3964.322 -0.00639 -0.00959 -0.00852
3964.327 -0.00533 0.00426 0.00000
3964.332 -0.00746 0.00000 -0.00213
3964.337 0.00000 0.00320 -0.00213
3964.342 0.00107 -0.00533 0.00213
3964.347 -0.00533 -0.00852 0.00213
3964.352 -0.00320 -0.00426 0.01811
3964.357 -0.00533 -0.00426 -0.00533
3964.362 0.00426 0.00639 -0.00107
3964.367 -0.00107 -0.00213 -0.00213
3964.372 0.00000 0.00320 -0.00533
3964.377 -0.00746 -0.00107 0.00213
3964.382 -0.00426 -0.00320 -0.00533
3964.387 0.00213 -0.00426 0.01598
3964.392 -0.00426 -0.00533 0.00426
3964.397 0.00533 0.00320 -0.00107
3964.402 -0.00639 -0.00213 0.00107
3964.407 -0.00320 -0.00426 -0.00533
3964.412 -0.00746 -0.00533 -0.00213
3964.417 -0.00533 -0.00107 0.00320
3964.422 -0.00426 0.00426 -0.00533
3964.427 -0.00320 0.00320 -0.00213
3964.432 -0.00107 -0.00320 0.00213
3964.437 0.00000 -0.00107 0.00426
3964.442 0.00320 -0.00533 0.00213
3964.447 -0.00426 -0.00533 0.00320
3964.452 0.00639 -0.00533 -0.00746
3964.457 0.00852 -0.00213 -0.00320
3964.462 0.00213 -0.00533 -0.00426
3964.467 0.00000 0.00213 0.00000
3964.473 -0.00107 -0.00639 0.00000
3964.478 0.00107 0.00107 0.00533
3964.483 0.00107 0.00320 -0.00533
3964.488 0.00107 0.00746 0.00533
3964.493 -0.00213 -0.00320 -0.00426
3964.498 -0.00426 -0.00107 -0.00213
3964.503 -0.00746 -0.00320 -0.01385
3964.508 0.00426 0.00639 -0.00746
3964.513 0.00107 -0.00107 0.00639
3964.518 -0.00746 -0.00959 0.00320
3964.523 0.00000 0.00107 -0.01278
3964.528 -0.00639 -0.00213 -0.00533
3964.533 0.00213 -0.00533 0.00639
3964.538 0.00533 0.00213 -0.00213
3964.543 -0.01172 0.00107 -0.00746
3964.548 -0.00426 -0.00533 -0.00320
3964.553 0.00533 -0.00533 0.00107
3964.558 -0.00320 0.00852 0.00107
3964.563 0.00533 0.00213 -0.00320
3964.568 -0.00213 0.00426 -0.00852
3964.573 -0.01065 -0.00746 -0.00639
3964.578 -0.00213 -0.00639 0.01065
3964.583 -0.00852 0.00533 0.00107
3964.588 0.00000 -0.00533 -0.00107
3964.593 -0.00533 -0.00746 -0.00107
3964.598 -0.00533 0.00320 -0.00320
3964.603 -0.00639 -0.00107 0.00000
3964.608 -0.00533 0.00000 -0.00107
3964.613 -0.00107 0.00213 0.00639
3964.618 -0.00959 0.00213 0.00320
3964.624 0.00320 0.00320 -0.00320
3964.629 0.00000 -0.00107 0.00213
3964.634 0.00000 -0.00746 -0.00320
3964.639 0.00107 0.00639 0.00107
3964.644 -0.00426 -0.01172 0.00000
3964.649 -0.00213 0.00107 0.00107
3964.654 0.00107 0.00000 -0.00320
3964.659 -0.00426 -0.00320 0.00320
3964.664 0.00107 -0.00320 0.00213
3964.669 -0.00213 0.00320 -0.00320
3964.674 0.00746 -0.00213 0.00533
3964.679 -0.01065 0.00000 0.00426
3964.684 0.00000 -0.00746 0.00320
3964.689 0.00107 -0.00746 0.00107
3964.694 0.00000 -0.00213 0.00426
3964.699 -0.00213 0.00213 0.00213
3964.704 0.00107 -0.00107 -0.00533
3964.709 -0.00213 0.00320 0.00320
3964.714 -0.00320 -0.00213 -0.00426
3964.719 0.00107 -0.00639 -0.00107
3964.724 -0.00533 -0.00107 -0.01385
3964.729 0.00746 0.00107 -0.00107
3964.734 0.00320 0.00213 -0.00213
3964.739 -0.00426 0.00000 -0.00107
3964.744 0.01065 -0.00533 -0.00959
3964.749 -0.00426 -0.00213 0.00320
3964.754 -0.00320 -0.00213 0.00213
3964.759 -0.00426 -0.00533 0.00000
3964.764 -0.00320 -0.00639 -0.00639
3964.769 0.00107 -0.00213 0.00213
3964.775 -0.00533 0.00000 -0.00320
3964.780 -0.00213 -0.00320 0.00320
3964.785 0.00320 0.00320 0.00213
3964.790 -0.00639 0.00107 -0.01065
3964.795 0.00000 -0.00639 0.00000
3964.800 0.00000 -0.00426 0.00000
3964.805 -0.00213 0.00000 0.00107
3964.810 -0.00107 0.00107 0.00426
3964.815 -0.00426 0.00000 -0.00107
3964.820 0.00000 0.00639 0.00426
3964.825 0.00107 -0.00533 0.00426
3964.830 0.00852 -0.00213 0.00000
3964.835 0.00746 -0.01704 -0.00746
3964.840 -0.00320 0.00426 0.00000
3964.845 -0.00959 -0.00852 0.00533
3964.850 -0.01917 -0.00107 0.00213
3964.855 -0.00852 0.00213 0.00213
3964.860 -0.00533 -0.00320 0.00852
3964.865 0.00533 0.00426 0.00107
3964.870 -0.00426 0.00426 -0.00107
3964.875 -0.00320 -0.00426 -0.00533
3964.880 -0.00426 -0.00320 -0.00213
3964.885 0.00533 -0.00533 -0.00852
3964.890 -0.01065 -0.00426 -0.00213
3964.895 -0.00107 0.00107 -0.00107
3964.900 0.00000 -0.00533 0.00213
3964.905 -0.00213 -0.00426 0.00320
3964.910 -0.00320 -0.00533 -0.00533
3964.915 -0.00213 0.00533 -0.00320
3964.920 -0.00320 0.00320 0.00107
3964.925 0.00426 -0.00426 0.00107
3964.930 -0.00213 0.00107 0.00213
3964.935 0.00000 -0.00959 -0.00320
3964.940 -0.00533 -0.01065 0.00000
3964.945 0.00426 0.00320 -0.00320
3964.950 -0.00320 -0.01065 -0.00426
3964.956 -0.00639 0.00213 -0.00639
3964.961 0.00107 -0.00426 -0.00426
3964.966 -0.00746 -0.00533 -0.00852
3964.971 0.00107 -0.00213 -0.00213
3964.976 -0.00320 -0.00320 -0.00213
3964.981 -0.00852 -0.00320 0.00000
3964.986 -0.00639 -0.00746 -0.00959
3964.991 0.00533 0.00107 -0.00213
3964.996 -0.00213 0.00107 -0.00107
3965.001 0.00533 0.00320 -0.00639
3965.006 0.00320 -0.00426 0.00000
3965.011 0.00000 0.00000 -0.00533
3965.016 -0.00426 -0.00107 0.00639
3965.021 0.00213 -0.00852 -0.00426
3965.026 0.00107 -0.01385 0.00213
3965.031 0.00107 0.00639 0.00533
3965.036 0.00213 0.00533 -0.00852
3965.041 0.00213 -0.00213 0.00533
3965.046 -0.00426 0.00852 -0.00107
3965.051 0.00639 0.00320 0.00107
3965.056 0.00213 0.00107 0.00107
3965.061 -0.01385 0.00213 0.00426
3965.066 -0.00533 -0.00746 0.00107
3965.071 -0.00107 -0.00320 0.00000
3965.076 0.00107 0.00213 0.00852
3965.081 -0.00213 -0.00959 0.00639
3965.086 0.00852 0.00320 -0.00426
3965.091 -0.00107 0.00320 -0.01172
3965.096 0.01491 -0.00426 -0.00320
3965.101 -0.00533 0.00000 -0.00213
3965.106 -0.00426 -0.00426 -0.00213
3965.111 0.00426 0.00213 -0.00213
3965.116 -0.00852 -0.00533 0.00639
3965.121 0.00426 -0.00213 -0.00107
3965.126 -0.00852 -0.00852 0.01172
3965.131 -0.00213 0.00000 -0.00213
3965.136 0.00000 0.00213 0.00107
3965.141 0.00426 -0.00107 -0.00107
3965.147 0.00000 -0.00426 -0.00213
3965.152 -0.00107 -0.00320 -0.00213
3965.157 0.00639 0.00000 -0.00213
3965.162 -0.00426 -0.00533 0.00320
3965.167 -0.00746 0.00107 -0.00107
3965.172 0.00213 0.00533 -0.00213
3965.177 -0.00213 -0.00426 0.00320
3965.182 0.00320 -0.00107 -0.00639
3965.187 0.00107 0.00213 -0.00639
3965.192 -0.01385 0.00213 0.00213
3965.197 0.00426 0.00213 0.00320
3965.202 0.00213 0.00746 0.00000
3965.207 0.00533 0.00107 0.00533
3965.212 0.00426 -0.00107 -0.00213
3965.217 -0.00533 -0.00533 0.01385
3965.222 -0.00426 0.00426 0.00426
3965.227 -0.00213 0.00107 -0.00852
3965.232 -0.00213 0.00320 -0.00533
3965.237 0.00320 -0.00320 -0.00639
3965.242 0.00000 0.00213 0.00107
3965.247 -0.00852 0.00107 -0.00320
3965.252 -0.00320 -0.00213 -0.00426
3965.257 -0.00533 -0.00213 0.00000
3965.262 -0.00107 0.01385 0.00000
3965.267 -0.00533 -0.00639 -0.00107
3965.272 -0.00107 -0.00320 0.00320
3965.277 -0.00426 0.00000 0.00000
3965.282 0.00320 0.00000 -0.00107
3965.288 -0.00213 -0.00746 -0.00959
3965.293 -0.00320 0.00426 0.00107
3965.298 -0.00533 0.00639 0.00746
3965.303 -0.00639 -0.00107 0.00320
3965.308 -0.00426 0.00426 0.00426
3965.313 -0.00320 -0.00533 0.00000
3965.318 0.00426 -0.00426 0.00213
3965.323 -0.00213 -0.00746 0.00426
3965.328 -0.00746 -0.01491 -0.00639
3965.333 -0.00107 0.00213 -0.00107
3965.338 -0.00639 0.00107 -0.00426
3965.343 0.00000 -0.00107 -0.00107
3965.348 0.00000 0.00213 -0.00320
3965.353 -0.00426 -0.00746 -0.00426
3965.358 -0.00213 -0.00426 -0.00746
3965.363 -0.00107 -0.01385 0.00533
3965.368 0.00213 0.00746 -0.00426
3965.373 0.00320 -0.00852 -0.00852
3965.378 -0.00746 -0.00533 -0.00320
3965.383 -0.00533 0.00213 -0.00746
3965.388 -0.00107 -0.00320 -0.00107
3965.393 0.00426 0.00426 -0.00107
3965.398 0.00107 -0.00213 -0.01278
3965.403 -0.00213 -0.00320 0.00000
3965.408 -0.00320 -0.00959 0.00852
3965.413 0.00959 -0.00320 -0.00426
3965.418 0.00000 -0.00107 0.00000
3965.423 -0.00533 -0.00320 -0.00746
3965.428 -0.00533 -0.00320 0.00639
3965.433 0.00320 0.00426 -0.00107
3965.438 0.00213 -0.00320 -0.00639
3965.443 0.00000 -0.00320 0.00320
3965.448 -0.00639 0.00107 0.00320
3965.453 -0.00320 0.00852 0.00533
3965.459 -0.00107 -0.00107 0.00213
3965.464 0.00000 -0.00426 -0.00320
3965.469 -0.00320 0.00426 -0.00639
3965.474 0.00107 -0.00746 -0.00213
3965.479 -0.00639 -0.01065 -0.00107
3965.484 -0.00107 0.00213 0.00213
3965.489 -0.00213 -0.00959 -0.00213
3965.494 0.00107 -0.00639 0.00000
3965.499 0.00000 -0.00426 0.00107
3965.504 0.00107 0.01172 0.00000
3965.509 0.00213 0.00320 0.00959
3965.514 -0.00213 0.00213 -0.00320
3965.519 0.00213 -0.00213 0.00852
3965.524 -0.00533 -0.00213 0.00000
3965.529 -0.00533 0.00213 0.00000
3965.534 -0.01491 -0.00426 -0.00959
3965.539 -0.00107 0.00107 0.00213
3965.544 0.00000 -0.00107 -0.00107
3965.549 0.00426 0.01278 0.00107
3965.554 -0.00533 -0.00639 -0.01172
3965.559 -0.00959 0.00213 0.00213
3965.564 0.00959 -0.00320 0.00426
3965.569 0.00639 0.00107 0.00533
3965.574 0.00746 0.00320 -0.00533
3965.579 0.01065 0.00533 0.00533
3965.584 0.00000 0.00639 -0.00213
3965.589 -0.00639 0.00852 0.00107
3965.594 -0.00107 0.00107 -0.00746
3965.600 0.00852 -0.00426 -0.00852
3965.604 -0.00213 -0.00213 0.00000
3965.610 -0.00320 0.00000 -0.00426
3965.615 0.00852 -0.00639 0.00426
3965.620 -0.00533 0.00426 -0.00852
3965.625 0.00107 0.00320 -0.00639
3965.630 0.00000 -0.00426 -0.00639
3965.635 0.00000 -0.00213 0.00000
3965.640 0.00107 0.00107 0.00213
3965.645 0.01065 -0.01172 -0.00533
3965.650 -0.00639 -0.00107 0.00107
3965.655 0.00107 -0.00213 0.00533
3965.660 -0.00426 -0.00533 -0.00107
3965.665 -0.00213 0.00000 0.00107
3965.670 -0.00959 -0.00639 -0.00426
3965.675 0.00533 0.00533 0.00107
3965.680 -0.00213 -0.00533 -0.00533
3965.685 -0.00107 0.00213 0.00000
3965.690 0.00426 0.00533 -0.00320
3965.695 0.00107 -0.01278 -0.01065
3965.700 -0.00426 0.00107 -0.00107
3965.705 0.00852 -0.00213 0.00000
3965.710 -0.00213 0.00213 -0.00959
3965.715 -0.00533 -0.00533 0.00000
3965.720 0.00426 -0.00107 -0.00426
3965.725 -0.00533 0.00320 -0.00533
3965.730 0.00746 0.00213 0.00000
3965.735 -0.00426 -0.00213 -0.00320
3965.740 0.00426 0.00000 -0.00320
3965.745 0.00426 0.00000 0.00213
3965.750 -0.00213 0.00320 0.00000
3965.755 -0.00852 0.00107 -0.00639
3965.760 0.00107 0.00426 -0.00213
3965.765 -0.00426 0.00000 -0.00639
3965.770 -0.00213 0.00533 -0.00852
3965.775 0.00000 -0.00426 -0.00213
3965.780 0.00213 -0.00533 -0.00213
3965.785 0.00639 -0.00107 -0.00533
3965.790 -0.00320 -0.00426 0.00000
3965.795 -0.01065 -0.00107 0.00746
3965.801 -0.00746 -0.00107 0.00426
3965.806 0.00000 0.00426 -0.00639
3965.811 -0.00107 -0.01172 0.00639
3965.816 -0.00959 -0.00213 0.00213
3965.821 -0.00213 0.00320 -0.00959
3965.826 0.00107 -0.00320 -0.00213
3965.831 0.00746 -0.01172 0.00213
3965.836 -0.00213 -0.00639 -0.00852
3965.841 0.01278 0.00107 -0.00426
3965.846 0.00107 0.00000 -0.01278
3965.851 -0.00746 0.00000 -0.00107
3965.856 -0.00320 -0.00320 -0.00639
3965.861 -0.00852 0.00320 -0.00213
3965.866 -0.00533 0.00426 0.00107
3965.871 0.00639 0.00213 0.00107
3965.876 0.00107 0.00213 0.00107
3965.881 -0.00107 -0.00320 -0.00320
3965.886 0.00426 -0.00639 -0.01172
3965.891 -0.00213 -0.01491 0.00746
3965.896 -0.00213 -0.00426 -0.00213
3965.901 0.00107 -0.00533 0.00533
3965.906 -0.00213 -0.00426 0.00213
3965.912 0.00000 -0.00746 -0.00426
3965.917 0.00000 -0.00213 -0.00107
3965.922 0.00852 0.00533 0.00746
3965.927 0.00000 0.00107 -0.00533
3965.932 0.00107 0.00746 -0.00426
3965.937 -0.00959 0.00533 0.00852
3965.942 0.00852 0.00213 0.00107
3965.947 0.00107 -0.00107 0.00852
3965.952 0.00107 0.00213 0.00426
3965.957 0.00746 0.00533 0.00107
3965.962 -0.01065 0.00213 0.00426
3965.967 -0.00533 -0.00213 -0.00426
3965.972 0.00213 -0.00746 -0.00320
3965.977 0.00426 0.00639 0.00320
3965.982 0.00533 -0.00107 -0.00213
3965.987 0.00639 0.00107 -0.00107
3965.992 0.00746 0.00852 -0.00426
3965.997 0.00639 0.00533 -0.00320
3966.002 0.00320 0.00213 -0.00533
3966.007 -0.00213 -0.00959 -0.00107
3966.012 0.00107 0.00533 -0.00213
3966.017 -0.00213 -0.00213 -0.00426
3966.022 -0.00213 -0.00107 0.00107
3966.027 0.00107 0.00107 -0.00533
3966.032 0.00852 0.00426 0.00000
3966.037 0.00959 -0.00213 0.00639
3966.042 0.00639 0.00639 0.00107
3966.047 0.00000 -0.00213 -0.00852
3966.052 -0.01811 -0.00533 0.00213
3966.057 -0.01065 -0.00107 0.00746
3966.062 -0.00426 -0.00533 0.00000
3966.067 -0.00107 0.00426 0.00213
3966.072 -0.00107 -0.00852 -0.00533
3966.077 0.00000 -0.00639 -0.00320
3966.083 -0.00426 -0.00107 0.00852
3966.088 -0.00320 0.00213 0.00107
3966.093 0.00533 -0.00533 -0.00213
3966.098 -0.00533 -0.00107 -0.00107
3966.103 -0.00107 0.00107 -0.00959
3966.108 -0.00320 0.00746 0.00000
3966.113 0.00000 -0.00746 -0.00959
3966.118 0.00213 -0.01491 0.00426
3966.123 -0.00320 -0.00639 0.00000
3966.128 0.00320 -0.01172 0.00213
3966.133 0.00107 0.00746 0.00000
3966.138 -0.00320 -0.00213 -0.00746
3966.143 -0.00107 0.00213 0.00320
3966.148 0.00213 0.00426 0.00533
3966.153 -0.00426 0.00107 0.00320
3966.158 -0.00213 -0.00107 0.00426
3966.163 -0.00107 -0.00320 -0.00213
3966.168 -0.00107 0.00000 -0.00320
3966.173 -0.00959 0.00320 -0.00107
3966.178 -0.01491 0.00000 -0.00639
3966.183 -0.00107 -0.00959 -0.00320
3966.188 0.00000 -0.00746 -0.00320
3966.193 -0.00320 -0.00320 0.00213
3966.198 -0.00213 -0.00852 -0.00426
3966.203 -0.01278 -0.00213 -0.00213
3966.208 0.00746 0.00746 0.00426
3966.213 -0.00320 0.00320 -0.00746
3966.218 0.00213 0.00107 0.00320
3966.223 -0.00533 0.00959 -0.00107
3966.228 0.00000 -0.01491 0.00426
3966.233 0.00000 -0.00746 0.00107
3966.238 0.00533 -0.00533 0.00533
3966.243 -0.00639 -0.00213 -0.00107
3966.248 0.00852 -0.00533 -0.00746
3966.253 -0.01704 -0.00320 -0.00213
3966.258 0.00426 -0.00320 -0.00213
3966.263 -0.00320 -0.00107 -0.00426
3966.268 -0.00533 -0.00639 -0.00107
3966.274 -0.00213 -0.00639 -0.00426
3966.279 0.00320 -0.00320 -0.00320
3966.284 -0.00107 -0.00213 -0.00852
3966.289 -0.00213 -0.00426 -0.00533
3966.294 0.00852 0.00746 0.00213
3966.299 0.00213 0.00426 0.00533
3966.304 -0.00852 -0.01385 0.00107
3966.309 -0.00426 0.00107 0.00107
3966.314 -0.00639 -0.00213 -0.00426
3966.319 0.00533 0.00107 -0.00107
3966.324 -0.00320 -0.00320 -0.00320
3966.329 -0.00107 -0.00107 0.00426
3966.334 -0.00107 -0.00107 -0.00426
3966.339 -0.00320 0.00000 0.00107
3966.344 -0.00107 -0.00213 0.00000
3966.349 -0.00746 -0.00533 -0.00746
3966.354 -0.00213 -0.00213 0.00107
3966.359 -0.00639 0.00320 -0.00426
3966.364 -0.00107 0.00639 0.00426
3966.369 -0.00426 -0.00426 0.00107
3966.374 -0.00746 -0.00746 0.00639
3966.379 -0.00426 0.00000 0.00000
3966.384 -0.00533 -0.00213 -0.00426
3966.389 -0.00533 -0.00107 -0.00426
3966.394 -0.00852 -0.00852 0.00107
3966.399 -0.00107 0.00107 0.00639
3966.404 0.00533 -0.00320 0.00746
3966.409 -0.00959 0.00107 0.00107
3966.414 0.00746 0.00426 0.00000
3966.419 0.00426 0.01385 -0.00426
3966.425 0.00639 0.00320 -0.00426
3966.430 -0.00746 -0.00107 0.00213
3966.435 -0.00639 0.00000 0.00320
3966.440 0.00000 0.00639 -0.00107
3966.445 0.00213 -0.00320 -0.00533
3966.450 0.00107 -0.01278 0.00426
3966.455 -0.00107 -0.00426 -0.00107
3966.460 0.00320 0.00107 0.00107
3966.465 -0.00320 0.00746 -0.00533
3966.470 0.00107 -0.00213 -0.00533
3966.475 -0.00959 -0.00426 0.00107
3966.480 0.00320 0.00000 0.00000
3966.485 0.00426 -0.00639 0.00320
3966.490 -0.00320 -0.00852 0.00000
3966.495 -0.00426 -0.00852 -0.00107
3966.500 -0.00320 0.00320 0.00107
3966.505 -0.00107 -0.00639 0.00107
3966.510 0.00213 0.00320 -0.00426
3966.515 0.00213 0.00213 0.00107
3966.520 -0.00852 0.00746 -0.01278
3966.525 0.00426 0.01172 0.00107
3966.530 0.00320 0.01065 0.01172
3966.535 -0.00746 0.00426 0.00320
3966.540 -0.00746 0.00426 0.00000
3966.545 -0.00746 -0.00320 0.00107
3966.550 -0.00320 0.00213 -0.00320
3966.555 -0.00426 -0.00213 0.00320
3966.560 0.00639 -0.00959 -0.00213
3966.565 0.00000 0.00000 0.00107
3966.570 -0.00533 -0.00533 -0.00320
3966.576 -0.00639 0.00426 -0.01172
3966.581 -0.00107 0.00959 -0.00746
3966.586 -0.00107 0.00852 -0.00852
3966.591 -0.00533 -0.00107 -0.00320
3966.596 -0.00213 0.00639 -0.00213
3966.601 0.00533 -0.00533 0.00000
3966.606 -0.00320 0.00213 -0.00107
3966.611 -0.00533 0.00320 -0.00320
3966.616 0.00213 0.00000 0.00213
3966.621 -0.00746 0.00107 0.00000
3966.626 0.00320 0.00213 -0.00426
3966.631 0.00000 -0.00107 -0.01598
3966.636 -0.00639 0.00746 -0.00213
3966.641 0.00107 0.00000 0.00000
3966.646 -0.00320 0.00426 -0.00852
3966.651 -0.00959 -0.00533 -0.00320
3966.656 -0.00107 0.00320 0.00533
3966.661 -0.00533 -0.00213 0.00107
3966.666 -0.00852 -0.00959 -0.00533
3966.671 0.00320 0.01065 0.01065
3966.676 0.00000 0.00000 -0.01385
3966.681 0.00320 0.01172 0.00320
3966.686 0.00746 0.00320 0.00533
3966.691 -0.00959 -0.00426 0.00426
3966.696 0.00213 -0.00213 0.00320
3966.701 -0.00107 0.00320 0.00639
3966.706 -0.00639 -0.01065 0.00000
3966.711 0.00213 -0.00107 0.00639
3966.716 -0.00320 -0.01385 -0.00320
3966.721 -0.00320 -0.00533 0.00000
3966.726 0.00426 -0.00213 -0.00320
3966.731 0.00107 -0.00320 -0.00852
3966.737 0.00959 -0.00746 0.00426
3966.742 -0.00213 -0.00107 -0.00639
3966.747 0.00000 0.00320 0.00213
3966.752 -0.00107 -0.00533 0.00107
3966.757 0.00107 0.00426 0.00213
3966.762 0.00320 -0.00533 0.00533
3966.767 -0.00107 -0.00213 0.00320
3966.772 0.00639 0.00107 -0.00107
3966.777 -0.01065 -0.00426 0.00213
3966.782 0.00107 -0.00533 -0.00213
3966.787 0.00533 0.00639 0.00000
3966.792 0.00213 0.00320 0.00107
3966.797 -0.00213 -0.00107 0.00320
3966.802 0.00107 0.00320 0.00000
3966.807 0.00213 -0.01065 0.00000
3966.812 -0.00639 0.00000 -0.00320
3966.817 -0.00320 0.00000 0.00959
3966.822 0.00000 -0.00533 0.00000
3966.827 0.00000 0.00639 -0.00959
3966.832 0.00107 0.00000 0.00107
3966.837 -0.00107 0.00213 0.00320
3966.842 -0.00639 0.00852 -0.00213
3966.847 0.00213 0.00000 0.00213
3966.852 -0.00320 0.00107 -0.00426
3966.857 0.00639 -0.00107 0.00852
3966.862 -0.00426 0.00000 -0.00107
3966.867 -0.01278 0.00320 0.00000
3966.872 0.00426 -0.00107 -0.00107
3966.877 0.00320 0.00320 -0.00639
3966.882 -0.00639 -0.00426 -0.00639
3966.887 -0.00320 -0.01278 -0.00213
3966.892 -0.00320 -0.00533 -0.00426
3966.897 -0.01491 -0.00320 -0.00107
3966.902 0.00426 0.00426 -0.00746
3966.908 0.00320 -0.00852 -0.00213
3966.912 0.00533 -0.00639 0.01385
3966.918 0.00320 -0.00639 -0.00107
3966.923 -0.00426 -0.00533 0.00213
3966.928 -0.00426 -0.00959 0.00000
3966.933 0.00000 0.00000 0.00000
3966.938 -0.00213 0.01278 0.00426
3966.943 0.00213 0.01065 -0.00107
3966.948 -0.01065 -0.00107 0.00213
3966.953 -0.00533 0.00000 -0.00213
3966.958 0.00320 -0.01278 -0.00639
3966.963 -0.00533 -0.00107 0.00213
3966.968 -0.00639 0.00426 0.01491
3966.973 -0.00213 0.00639 0.00000
3966.978 -0.00533 0.00320 -0.00213
3966.983 0.00639 -0.00107 -0.00426
3966.988 -0.00533 0.00107 -0.00107
3966.993 0.01172 -0.00320 -0.00107
3966.998 0.00639 -0.00320 0.00959
3967.003 0.00639 0.00426 0.00639
3967.008 -0.00213 -0.00320 0.00426
3967.013 -0.00959 0.00213 -0.00426
3967.018 -0.00533 0.00213 0.00426
3967.023 -0.00852 -0.00426 0.00426
3967.028 -0.00213 0.00000 -0.00107
3967.033 -0.00213 0.00107 0.00000
3967.038 0.00000 -0.00107 -0.00533
3967.043 0.00959 0.00320 -0.00107
3967.049 0.00639 0.00213 -0.00107
3967.054 0.00320 -0.00639 -0.00213
3967.059 0.00959 -0.00107 0.01278
3967.064 -0.00426 -0.00746 0.00320
3967.069 -0.00852 0.00000 0.00213
3967.074 0.00213 0.00213 -0.00107
3967.078 -0.00107 0.00426 -0.00533
3967.083 -0.01065 -0.00426 0.00852
3967.089 -0.00426 -0.00107 0.00213
3967.093 0.00107 0.00533 -0.00426
3967.099 -0.00107 -0.01278 -0.00426
3967.104 -0.00426 -0.00107 -0.00320
3967.109 0.00533 0.00107 0.00320
3967.114 0.00213 0.00213 0.00213
3967.119 0.00426 -0.00533 -0.00107
3967.124 -0.00426 -0.00533 0.00639
3967.129 -0.00426 -0.00107 -0.00213
3967.134 -0.00746 -0.00426 -0.00107
3967.139 0.00213 -0.00533 0.00107
3967.144 0.00000 -0.00852 0.00107
3967.149 0.00000 -0.00639 -0.00746
3967.154 -0.00107 -0.00639 -0.00639
3967.159 -0.00213 0.00107 -0.01278
3967.164 -0.00213 -0.00426 -0.00107
3967.169 -0.00213 -0.00213 0.00213
3967.174 -0.00426 -0.00213 0.00320
3967.179 -0.00746 -0.00533 0.00320
3967.184 0.00320 0.00000 0.00107
3967.189 0.00852 0.00000 -0.00213
3967.194 -0.00959 -0.00320 -0.00213
3967.199 -0.01065 -0.00639 0.00426
3967.204 -0.00213 -0.00426 0.00320
3967.210 0.00852 0.00107 -0.00320
3967.215 -0.00213 0.00213 0.00533
3967.220 -0.00426 -0.00213 0.01172
3967.225 0.00107 0.00107 -0.00533
3967.230 -0.00533 -0.00533 -0.00426
3967.235 -0.00107 0.00213 0.00320
3967.240 -0.00213 0.00213 0.00639
3967.245 -0.00426 -0.01172 0.00000
3967.250 0.00426 -0.00107 -0.00213
3967.255 -0.00533 -0.00426 0.00213
3967.260 0.00000 -0.00320 -0.01491
3967.265 0.00213 -0.00107 0.00533
3967.270 -0.00639 -0.00213 -0.00639
3967.275 -0.00320 -0.00533 -0.00639
3967.280 -0.00107 0.00852 0.00000
3967.285 0.01278 0.00533 -0.00746
3967.290 -0.00852 -0.00533 -0.00746
3967.295 -0.01278 -0.00320 -0.00959
3967.300 0.00000 -0.00213 -0.00959
3967.305 -0.00746 -0.00426 -0.00213
3967.310 0.00000 -0.00213 0.00746
3967.315 0.00000 0.00000 0.00213
3967.320 -0.00107 -0.00320 -0.00746
3967.325 -0.00426 -0.00852 0.00213
3967.330 0.00107 0.00746 -0.00213
3967.335 -0.01065 -0.00320 0.00213
3967.340 -0.00320 0.00213 -0.00107
3967.345 0.00213 -0.00746 -0.00107
3967.350 -0.00213 -0.00426 0.00426
3967.355 -0.00426 0.00107 -0.00213
3967.360 -0.00320 -0.00426 0.00533
3967.365 -0.00426 0.00213 0.00320
3967.370 0.00213 -0.00107 -0.00426
3967.375 -0.00959 -0.00320 -0.01278
3967.381 -0.00320 -0.00213 0.00320
3967.386 -0.00426 -0.00320 0.00000
3967.391 0.00320 0.00107 -0.00746
3967.396 -0.00213 -0.00320 -0.00107
3967.401 0.00639 -0.00320 0.00213
3967.406 -0.00213 -0.00746 -0.00639
3967.411 0.00213 0.01278 -0.00107
3967.416 -0.00320 0.00213 0.00000
3967.421 0.00426 0.00320 -0.00533
3967.426 -0.00533 0.00639 0.00000
3967.431 0.00107 0.00426 -0.00533
3967.436 0.00320 0.00426 0.00426
3967.441 -0.00107 -0.00107 0.00213
3967.446 0.00107 -0.00533 0.00213
3967.451 0.01065 0.00107 0.00746
3967.456 0.00852 0.00000 -0.00320
3967.461 0.00000 -0.00959 -0.00320
3967.466 -0.00746 0.00107 -0.00213
3967.471 0.00426 -0.00639 0.00213
3967.476 0.00000 -0.00426 0.00533
3967.481 0.00426 0.00426 0.00852
3967.486 -0.00320 0.00426 0.00107
3967.491 -0.00426 -0.00852 0.00107
3967.496 -0.00213 -0.00213 -0.00426
3967.501 -0.01385 -0.00320 0.00533
3967.506 0.00533 -0.00107 0.00320
3967.511 0.00000 -0.00852 -0.00107
3967.516 -0.00320 -0.00426 0.00426
3967.521 -0.00320 -0.00533 -0.00213
3967.526 -0.00320 0.00213 0.00107
3967.531 -0.00426 -0.00107 -0.00639
3967.536 -0.00533 -0.00852 0.00107
3967.541 -0.00959 -0.00107 0.00959
3967.546 -0.00533 -0.00533 0.00000
3967.552 0.00320 0.00320 0.00533
3967.557 -0.00533 -0.00639 0.00533
3967.562 -0.00746 0.00000 -0.00320
3967.567 -0.00533 -0.00639 0.00107
3967.572 0.00639 -0.00426 -0.00213
3967.577 -0.00107 0.00107 -0.00959
3967.582 -0.00320 0.00213 0.00000
3967.587 -0.00746 -0.00213 -0.00959
3967.592 -0.00426 0.00639 0.00533
3967.597 -0.00213 -0.00639 0.00000
3967.602 0.00213 0.00213 0.00000
3967.607 -0.00533 -0.00320 -0.00320
3967.612 -0.00213 -0.00746 -0.00213
3967.617 0.00107 0.00107 -0.00746
3967.622 -0.00533 -0.00320 0.00426
3967.627 -0.00213 0.00426 0.00000
3967.632 -0.01065 -0.00213 -0.00746
3967.637 -0.00107 -0.00320 -0.00213
3967.642 0.00426 0.00746 0.00426
3967.647 -0.00107 0.00213 0.00107
3967.652 -0.00426 0.00426 0.00959
3967.657 0.00320 -0.00213 -0.00320
3967.662 0.00320 0.00213 -0.00533
3967.667 0.00107 -0.00426 -0.00107
3967.672 -0.00107 -0.00746 0.00107
3967.677 -0.00639 0.00000 0.00000
3967.682 0.00000 0.00000 -0.00533
3967.687 -0.00320 -0.00213 0.00639
3967.692 -0.00213 0.01385 -0.00213
3967.697 0.00213 -0.00107 0.00213
3967.703 0.00107 0.00000 -0.00533
3967.708 -0.00533 0.00213 -0.00426
3967.713 0.00426 0.00000 0.00000
3967.718 0.00533 0.00320 0.00107
3967.723 0.00746 -0.00639 0.00213
3967.728 0.00000 -0.01491 -0.00639
3967.733 -0.00320 0.00639 0.00213
3967.738 -0.00533 -0.00426 0.00320
3967.743 0.00107 0.00213 0.00107
3967.748 -0.00852 -0.00213 0.00213
3967.753 -0.00852 0.00107 0.00000
3967.758 0.00426 -0.00213 -0.00852
3967.763 0.00852 0.00213 0.00000
3967.768 -0.00959 -0.00213 0.00320
3967.773 -0.00107 -0.00213 -0.00426
3967.778 -0.00426 -0.00639 0.00213
3967.783 -0.00533 -0.00533 -0.00107
3967.788 -0.00107 0.00320 -0.00320
3967.793 0.00213 -0.00213 -0.00320
3967.798 -0.00852 -0.00533 -0.02024
3967.803 -0.00746 -0.00639 0.00320
3967.808 -0.00107 -0.00426 -0.00426
3967.813 -0.00320 0.00320 0.00213
3967.818 0.00639 -0.00107 -0.00213
3967.823 -0.00213 -0.00107 0.00533
3967.828 0.00852 0.00107 -0.00533
3967.833 0.00426 -0.00213 -0.00320
3967.838 -0.00852 -0.01172 -0.00107
3967.843 -0.00213 -0.01172 -0.00533
3967.848 -0.00533 0.00000 -0.00107
3967.853 0.00746 -0.00426 -0.00426
3967.858 -0.00107 0.00107 -0.00107
3967.863 0.00320 -0.00639 -0.00107
3967.868 0.00107 0.00213 -0.00959
3967.874 0.00107 -0.01065 -0.00107
3967.878 0.00533 0.00959 -0.00426
3967.884 0.00533 -0.00213 0.00107
3967.888 -0.00959 -0.00533 0.00959
3967.894 -0.00852 -0.00107 -0.00533
3967.899 0.00426 -0.00533 0.00426
3967.904 0.00107 0.00213 -0.00107
3967.909 -0.00533 -0.00320 0.00000
3967.914 0.00533 0.00426 -0.00533
3967.919 0.00213 -0.00639 0.00533
3967.924 -0.00533 0.00213 -0.00320
3967.929 0.00213 -0.00320 0.00107
3967.934 0.00533 0.00426 0.00639
3967.939 -0.00639 -0.01278 0.00320
3967.944 -0.00426 0.00426 0.00107
3967.949 -0.00426 -0.00320 0.00000
3967.954 0.00000 -0.01065 0.00426
3967.959 -0.00533 0.00426 -0.00213
3967.964 0.00320 0.00000 -0.00107
3967.969 -0.00533 -0.00426 -0.00852
3967.974 -0.00746 -0.00107 -0.00213
3967.979 -0.00959 0.00107 -0.00746
3967.984 -0.01065 -0.00107 -0.00213
3967.989 -0.00213 -0.00320 -0.00533
3967.994 0.00107 -0.00107 -0.00213
3967.999 -0.00533 0.00426 -0.00639
3968.004 -0.00320 -0.00852 0.00213
3968.009 -0.00639 0.00639 0.00639
3968.014 0.00639 0.00320 0.00852
3968.019 -0.00959 0.00639 -0.00533
3968.024 -0.00746 0.00107 -0.01385
3968.029 -0.00320 -0.00533 -0.00320
3968.035 0.00107 0.00107 -0.00533
3968.040 -0.00959 -0.00213 -0.00107
3968.045 0.00000 -0.00213 -0.00213
3968.050 -0.00320 -0.00107 -0.00746
3968.055 0.00000 0.00000 0.00213
3968.060 -0.00639 0.00107 0.00320
3968.065 0.00746 0.00000 0.00746
3968.070 -0.00852 0.00426 -0.00533
3968.075 -0.00320 -0.00320 -0.00107
3968.080 0.00533 -0.00533 -0.00107
3968.085 0.00000 0.00852 -0.00746
3968.090 -0.00426 0.00107 -0.00639
3968.095 -0.00213 -0.00213 0.00107
3968.100 0.00746 0.00000 0.00107
3968.105 -0.00852 0.00213 -0.00107
3968.110 -0.00639 -0.00426 0.00000
3968.115 -0.00320 0.00426 0.00959
3968.120 0.00639 -0.00320 0.00426
3968.125 0.01065 -0.00213 -0.00426
3968.130 0.00107 0.00000 -0.00213
3968.135 0.00107 -0.00213 0.00000
3968.140 -0.00533 -0.00213 -0.00107
3968.145 -0.00426 0.00000 0.00107
3968.150 0.00107 0.00852 -0.00426
3968.155 0.00000 -0.00852 0.01065
3968.160 0.00000 0.00639 -0.00533
3968.165 -0.00533 0.00107 0.00000
3968.170 0.00107 0.00426 0.01065
3968.175 -0.00213 -0.00746 -0.00426
3968.180 -0.00426 0.00639 -0.00426
3968.185 0.00959 0.00107 0.00639
3968.190 0.00320 0.00107 -0.00852
3968.195 -0.01065 0.00000 0.00213
3968.200 -0.00320 0.00320 0.00000
3968.205 -0.00533 -0.00107 0.00746
3968.210 0.00213 0.00000 -0.00320
3968.216 0.00107 -0.00213 -0.01491
3968.221 -0.00533 0.00213 0.00320
3968.226 0.00426 0.00320 -0.00107
3968.231 0.00107 -0.00426 0.00000
3968.236 -0.00213 0.00107 -0.00533
3968.241 -0.00213 0.00107 0.00426
3968.246 0.00426 -0.00746 0.00213
3968.251 0.00426 -0.00426 0.00746
3968.256 0.00000 -0.00852 0.00213
3968.261 -0.00426 -0.00426 -0.00852
3968.266 -0.00533 0.01065 -0.00639
3968.271 -0.00213 -0.00639 -0.01278
3968.276 -0.00213 0.00213 -0.00426
3968.281 -0.00213 -0.00426 -0.00107
3968.286 -0.00213 0.00213 -0.00746
3968.291 -0.00852 -0.01491 0.00000
3968.296 -0.00639 -0.01598 0.00320
3968.301 -0.00107 0.00746 0.00320
3968.306 -0.00107 0.00000 -0.00533
3968.311 0.00107 0.00107 0.00000
3968.316 -0.00107 -0.00959 0.00000
3968.321 -0.00320 0.00213 -0.01278
3968.326 -0.00852 0.00107 -0.00107
3968.331 -0.00320 0.00852 0.00533
3968.336 0.00000 0.00000 -0.00107
3968.341 0.00107 -0.00639 -0.00746
3968.346 0.00000 0.00320 -0.00213
3968.351 -0.01278 0.00426 0.00213
3968.357 -0.00107 0.00107 -0.00107
3968.362 -0.01065 -0.00852 -0.00320
3968.367 -0.00320 -0.00107 -0.00213
3968.372 -0.00533 -0.00746 0.00107
3968.377 -0.00107 0.00533 -0.00533
3968.382 -0.00213 0.00213 0.00426
3968.387 0.00107 0.00320 -0.00320
3968.392 -0.00107 0.00426 -0.00320
3968.397 -0.00107 0.00107 -0.00852
3968.402 -0.00533 0.00000 0.00746
3968.407 -0.00533 -0.00320 0.00639
3968.412 -0.00107 -0.00852 -0.00639
3968.417 0.00213 0.00213 -0.00533
3968.422 0.00639 0.00000 -0.00320
3968.427 0.00107 0.00320 0.00107
3968.432 0.01172 -0.00533 -0.00213
3968.437 -0.00213 -0.00213 0.00533
3968.442 0.00107 -0.01065 0.00639
3968.447 -0.00320 -0.00213 -0.00213
3968.452 0.00639 0.00533 -0.00959
3968.457 -0.00426 -0.00533 -0.00213
3968.462 0.01598 0.00746 0.01172
3968.467 -0.00426 -0.00852 0.00107
3968.472 0.00320 -0.00533 -0.00533
3968.477 0.00000 0.00533 -0.00320
3968.482 0.00639 0.00426 -0.00746
3968.487 -0.00533 0.00213 -0.00852
3968.492 -0.00320 -0.00320 -0.00320
3968.497 0.00107 0.00213 0.01385
3968.502 -0.00639 -0.00107 -0.00746
3968.507 -0.00213 -0.00320 -0.00320
3968.512 -0.00426 0.00000 -0.00426
3968.518 0.00426 -0.00213 0.00000
3968.523 0.01065 -0.00639 0.00533
3968.528 0.00320 -0.00107 0.00426
3968.533 0.00426 -0.00426 -0.00320
3968.538 0.00746 -0.00213 0.00746
3968.543 -0.01065 -0.00426 0.01385
3968.548 0.00426 -0.00746 -0.00107
3968.553 -0.00213 0.00213 -0.00107
3968.558 0.00746 -0.00746 -0.00426
3968.563 -0.00320 0.00852 -0.00107
3968.568 -0.00107 -0.00320 -0.00533
3968.573 -0.00426 -0.00213 -0.00639
3968.578 -0.00213 0.00107 -0.00213
3968.583 -0.00213 -0.00639 0.00000
3968.588 0.00746 -0.00320 -0.00746
3968.593 -0.00107 -0.00746 0.00320
3968.598 0.00000 0.00320 -0.00213
3968.603 0.00320 -0.00320 -0.00320
3968.608 0.01278 -0.00639 0.00107
3968.613 0.00426 0.00320 0.00213
3968.618 -0.00533 -0.01172 -0.00533
3968.623 -0.00107 -0.00533 0.00320
3968.628 -0.00320 0.00639 0.00000
3968.633 0.00320 -0.00852 -0.00426
3968.638 -0.01172 -0.00426 0.00320
3968.643 -0.00639 -0.00852 -0.01065
3968.648 -0.00639 0.00533 0.00959
3968.653 -0.00746 0.00000 -0.00320
3968.658 -0.00213 -0.00213 0.00000
3968.663 -0.00213 0.00213 0.00000
3968.668 0.00426 -0.00426 0.00107
3968.673 0.00213 -0.00213 -0.00107
3968.678 -0.00107 -0.00213 -0.00213
3968.683 0.00320 -0.00320 0.00320
3968.689 -0.00426 0.00533 0.00426
3968.694 -0.00426 0.00107 0.00746
3968.699 -0.00213 -0.00107 0.00320
3968.704 0.01065 0.00426 -0.00213
3968.709 -0.01065 -0.00639 0.00107
3968.714 -0.00426 0.00000 -0.00107
3968.719 -0.00852 -0.00533 -0.00107
3968.724 0.00426 0.00426 -0.00639
3968.729 0.00107 0.00213 -0.00533
3968.734 -0.00426 -0.00213 -0.00107
3968.739 -0.00213 0.00000 0.00213
3968.744 0.00107 -0.00426 0.00213
3968.749 -0.00746 -0.00533 -0.00426
3968.754 -0.00639 -0.00320 -0.00746
3968.759 -0.00320 -0.00639 -0.00107
3968.764 0.00107 0.00533 0.00639
3968.769 -0.00533 0.00533 -0.00852
3968.774 0.00320 0.00320 -0.00320
3968.779 0.00107 0.00320 -0.00639
3968.784 -0.00320 -0.00852 0.00107
3968.789 -0.01172 0.00000 0.00959
3968.794 -0.00746 -0.00533 -0.00959
3968.799 0.00000 -0.00533 0.00746
3968.804 -0.00746 -0.00746 -0.00107
3968.809 -0.00320 -0.00426 -0.00746
3968.814 0.00000 0.00213 -0.00533
3968.819 -0.00320 0.00213 0.00320
3968.824 -0.00746 0.01491 -0.00639
3968.830 -0.00852 -0.00213 -0.01172
3968.835 0.00639 0.00639 0.01065
3968.840 0.00746 -0.00533 0.00320
3968.845 -0.00213 -0.00213 -0.00639
3968.850 -0.00639 -0.00426 -0.00107
3968.855 -0.00107 0.00852 -0.00213
3968.860 0.00213 -0.00107 0.00107
3968.865 0.00959 0.00000 0.00000
3968.870 0.00320 -0.00320 0.00320
3968.875 0.00426 -0.00213 -0.00533
3968.880 -0.00320 -0.00320 -0.00426
3968.885 0.00000 -0.00320 0.00533
3968.890 -0.00426 -0.00426 0.00639
3968.895 -0.00533 -0.00107 -0.00639
3968.900 -0.00107 0.00639 -0.00533
3968.905 -0.00107 -0.00213 -0.00746
3968.910 -0.00320 0.00107 -0.00639
3968.915 -0.00320 -0.00107 0.00000
3968.920 0.00213 0.00639 -0.00107
3968.925 -0.00639 0.00852 0.00426
3968.930 -0.00213 0.00000 -0.00213
3968.935 0.00533 -0.00213 0.00213
3968.940 0.00000 0.00426 0.00000
3968.945 -0.00639 -0.00213 -0.00213
3968.950 0.00107 -0.00213 -0.00107
3968.955 0.00852 0.00213 -0.00320
3968.960 0.01704 -0.00107 0.00000
3968.965 0.00213 0.00000 -0.00533
3968.970 0.00107 -0.00107 -0.00533
3968.975 0.00213 0.00320 -0.00426
3968.980 0.00000 0.00746 -0.01065
3968.985 -0.01065 -0.00533 -0.00959
3968.990 0.00000 0.00107 0.00426
3968.995 -0.00639 -0.00533 0.00000
3969.000 0.00852 0.00000 -0.00426
3969.005 0.00320 -0.01598 0.00107
3969.011 0.00000 0.00213 -0.00107
3969.015 0.00213 0.00320 -0.00746
3969.021 -0.00639 0.00000 -0.00533
3969.026 0.00533 0.00107 0.00107
3969.031 -0.00639 0.00639 0.00107
3969.036 -0.00213 -0.00746 0.00426
3969.041 -0.00107 -0.00213 0.00959
3969.046 0.00639 -0.00107 -0.00426
3969.051 -0.00320 0.00426 -0.00852
3969.056 -0.00639 -0.00426 0.00533
3969.061 0.00746 0.00426 -0.00107
3969.066 0.00320 0.00746 0.00000
3969.071 0.00107 -0.00426 -0.00107
3969.076 -0.00533 -0.00107 -0.00320
3969.081 -0.00213 0.00639 -0.00320
3969.086 0.00107 0.00000 0.01065
3969.091 -0.00426 0.00000 -0.00107
3969.096 0.00107 -0.00320 0.00320
3969.101 0.00533 -0.00320 0.00746
3969.106 -0.00320 -0.00639 -0.00852
3969.111 -0.00746 -0.00533 0.00000
3969.116 0.00320 -0.00852 -0.00107
3969.121 -0.00959 -0.01172 -0.00107
3969.126 0.00213 -0.00320 -0.00213
3969.131 0.00213 -0.00426 -0.00107
3969.136 -0.00107 -0.00213 0.00426
3969.141 -0.00320 0.00107 0.00000
3969.146 0.00213 0.00107 0.00320
3969.151 0.00533 -0.00852 -0.00426
3969.156 -0.00426 -0.00852 0.00000
3969.161 -0.00107 0.01065 -0.01491
3969.166 0.00533 -0.00426 -0.00213
3969.171 -0.00852 0.00107 0.00533
3969.176 0.00213 -0.00533 -0.00107
3969.181 -0.00533 0.00000 -0.00746
3969.186 -0.00107 -0.00107 -0.00639
3969.192 0.00213 0.00000 0.00107
3969.197 0.00320 -0.01172 -0.00426
3969.202 -0.00852 -0.00320 0.00107
3969.207 -0.00746 0.00639 0.01172
3969.212 -0.01065 -0.00107 -0.00959
3969.217 0.00213 -0.00639 0.00533
3969.222 0.00320 0.00533 0.00000
3969.227 -0.00533 -0.00213 0.00107
3969.232 0.00213 0.00107 -0.00213
3969.237 -0.00959 -0.01278 0.00639
3969.242 -0.00320 -0.00320 0.00320
3969.247 -0.00746 -0.00213 0.00320
3969.252 -0.00320 0.00000 0.01065
3969.257 0.00000 -0.00107 -0.00107
3969.262 -0.00320 0.00533 0.00959
3969.267 0.00320 -0.01065 -0.00320
3969.272 -0.00213 -0.00426 0.00107
3969.277 -0.00213 -0.00746 0.00107
3969.282 -0.00320 0.00320 0.00000
3969.287 -0.00852 -0.00426 0.00320
3969.292 0.00213 -0.00746 -0.00639
3969.297 -0.00639 -0.00213 0.00533
3969.302 -0.00639 0.00107 0.00639
3969.307 -0.00426 0.01704 0.01278
3969.312 0.00000 0.00746 -0.00107
3969.317 -0.00959 -0.00213 0.00000
3969.322 -0.00213 0.00533 -0.00107
3969.327 0.00533 0.00000 0.00000
3969.332 0.00639 -0.00639 -0.00213
3969.337 0.00426 -0.00639 -0.00959
3969.342 -0.01491 -0.00320 0.00107
3969.347 -0.00533 0.00639 -0.00213
3969.353 -0.00107 -0.00320 -0.00107
3969.358 -0.00320 -0.00213 -0.00107
3969.363 -0.00107 0.00000 0.00107
3969.368 -0.00533 -0.00533 0.00000
3969.373 -0.00533 -0.00852 -0.00213
3969.378 -0.00746 0.00107 0.00107
3969.383 -0.00852 0.00213 0.00639
3969.388 -0.00320 -0.00639 -0.00320
3969.393 0.00213 0.00426 0.00213
3969.398 0.00107 -0.00320 0.00320
3969.403 0.00533 0.00213 0.00000
3969.408 -0.00959 0.00107 0.00000
3969.413 -0.00107 -0.00852 0.00107
3969.418 -0.00746 0.00533 0.00320
3969.423 0.00426 0.00746 0.00639
3969.428 -0.00533 -0.00320 -0.00107
3969.433 -0.00746 0.00000 0.00107
3969.438 -0.00213 -0.00213 -0.00107
3969.443 -0.00959 -0.00107 0.00000
3969.448 0.00107 0.00320 0.00320
3969.453 -0.00213 0.00107 0.00320
3969.458 -0.00213 0.00746 0.00000
3969.463 0.00959 0.00000 -0.00533
3969.468 -0.00320 -0.00426 -0.00852
3969.473 0.00107 -0.00426 -0.00320
3969.478 0.00746 0.00107 0.00107
3969.483 -0.00107 -0.01065 -0.00213
3969.488 -0.00213 0.00533 0.00320
3969.494 0.00107 -0.00959 0.00213
3969.499 -0.00107 -0.00852 -0.00213
3969.504 0.00533 -0.00320 0.00107
3969.509 -0.00320 0.00426 -0.00852
3969.514 0.00213 -0.00320 -0.00107
3969.519 -0.01917 -0.00320 0.01172
3969.524 -0.00320 -0.01065 0.00213
3969.529 -0.00320 0.00000 0.00213
3969.534 -0.00639 0.00426 -0.00213
3969.539 -0.00533 -0.00426 0.00000
3969.544 0.00107 0.00426 0.00533
3969.549 0.00320 -0.00959 0.00320
3969.554 -0.00213 0.00213 -0.00426
3969.559 -0.00746 0.00000 0.00746
3969.564 -0.00320 0.00213 -0.00533
3969.569 0.00320 0.00107 0.00320
3969.574 -0.00639 -0.00533 0.00320
3969.579 0.00320 -0.00426 0.00533
3969.584 -0.00107 -0.00639 -0.00107
3969.589 -0.00107 -0.00533 -0.00320
3969.594 -0.00639 0.00000 -0.00213
3969.599 0.00533 -0.00213 0.00320
3969.604 0.00213 -0.00320 -0.00107
3969.609 -0.00107 -0.00426 -0.00426
3969.614 -0.00213 0.00639 0.00852
3969.619 0.00320 0.00426 -0.00320
3969.624 -0.00213 -0.00107 0.00320
3969.629 -0.00213 0.00426 0.00426
3969.635 0.00533 -0.00426 -0.00533
3969.640 -0.00639 -0.00426 -0.00426
3969.645 0.00213 0.00746 0.00213
3969.650 0.00213 -0.00852 -0.00213
3969.655 -0.00426 0.00533 -0.00533
3969.660 0.01172 -0.00639 -0.00533
3969.665 0.00320 -0.00107 -0.00639
3969.669 -0.00533 -0.00107 0.00320
3969.675 -0.00426 0.00000 -0.01491
3969.680 -0.00426 0.00107 0.00107
3969.685 -0.00639 0.00746 0.00000
3969.690 -0.00213 -0.00213 0.00746
3969.695 -0.00426 -0.00533 -0.00639
3969.700 0.00107 -0.00533 -0.00107
3969.705 0.00000 -0.00746 -0.00213
3969.710 -0.00426 0.00213 0.00320
3969.715 -0.00426 -0.00213 0.00959
3969.720 0.00320 0.00852 0.00213
3969.725 -0.01491 -0.00959 0.00000
3969.730 0.00000 -0.00320 -0.00213
3969.735 -0.00639 -0.00213 -0.00213
3969.740 0.00426 -0.00426 -0.00959
3969.745 -0.00639 -0.00959 -0.00213
3969.750 -0.00320 -0.00533 0.00320
3969.755 -0.00639 -0.00213 0.00533
3969.760 -0.00746 -0.00746 -0.00746
3969.765 0.00107 -0.00533 0.00959
3969.770 -0.00533 0.00533 0.00000
3969.775 -0.00746 -0.00639 -0.00533
3969.780 -0.00852 -0.00639 0.00107
3969.785 0.00107 0.01065 -0.00213
3969.790 0.00000 0.00320 0.00320
3969.795 0.00000 -0.00533 0.00213
3969.800 0.00426 0.00320 -0.00852
3969.805 -0.00639 -0.00533 -0.00426
3969.810 -0.00320 -0.00107 -0.00107
3969.815 -0.00107 -0.00213 -0.00533
3969.820 -0.00746 0.00213 -0.00533
3969.826 0.00320 -0.00426 0.00852
3969.831 0.01065 0.00639 0.00533
3969.836 0.00320 0.00000 0.00213
3969.841 0.00639 0.00000 -0.00320
3969.846 0.00746 -0.00320 0.00959
3969.851 -0.00213 0.00107 0.00426
3969.856 0.00213 -0.00107 0.00213
3969.861 0.00213 0.00000 0.00000
3969.866 -0.00639 0.00213 -0.00426
3969.871 -0.00107 -0.00107 -0.00320
3969.876 0.00107 -0.00320 0.01172
3969.881 0.00000 -0.00320 0.00320
3969.886 0.00000 0.00213 -0.00533
3969.891 -0.00213 0.00426 0.00107
3969.896 0.00213 0.00000 0.00000
3969.901 -0.00426 -0.01385 0.00000
3969.906 -0.00533 -0.00213 -0.00639
3969.911 -0.01172 -0.00320 0.01065
3969.916 -0.00746 -0.00213 -0.00107
3969.921 0.00639 -0.00533 0.00639
3969.926 0.00000 -0.00320 -0.00213
3969.931 -0.00426 0.00320 -0.00107
3969.936 0.00533 -0.00320 0.00213
3969.941 -0.00852 0.00320 0.00426
3969.946 -0.00213 -0.00320 -0.00107
3969.951 -0.00639 -0.00426 0.00213
3969.956 -0.00852 -0.00533 -0.00426
3969.961 0.00320 0.00213 -0.00533
3969.967 -0.00426 0.00000 0.00533
3969.972 -0.00213 -0.00852 -0.00320
3969.977 -0.00107 -0.00213 0.00107
3969.982 0.00320 0.00320 -0.00533
3969.987 -0.00107 -0.00746 -0.00426
3969.992 -0.00213 0.00426 0.00426
3969.997 -0.01491 -0.00533 0.00107
3970.002 0.00107 0.00426 0.00746
3970.007 -0.00107 0.00000 -0.00639
3970.012 0.00320 -0.00107 -0.00107
3970.017 0.00107 0.00213 -0.00107
3970.022 -0.00213 0.00426 -0.00533
3970.027 -0.00107 -0.00213 -0.00320
3970.032 0.00533 -0.00107 -0.00852
3970.037 0.00533 -0.00107 0.00320
3970.042 -0.00959 0.00533 0.00000
3970.047 0.00000 -0.00746 -0.00852
3970.052 -0.00533 0.00426 -0.00213
3970.057 -0.00107 -0.00320 -0.00213
3970.062 -0.00213 -0.00107 -0.00426
3970.067 0.00107 0.00107 -0.00426
3970.072 0.00213 0.00320 -0.00959
3970.077 -0.00426 -0.00639 -0.01065
3970.082 -0.00320 -0.00320 0.00000
3970.087 0.00533 -0.00320 -0.00213
3970.092 -0.00107 0.00107 0.00000
3970.097 0.00107 -0.00107 -0.00107
3970.102 -0.00426 -0.00213 0.00000
3970.107 -0.00213 -0.00533 0.00213
3970.112 0.00107 -0.01065 0.00320
3970.117 -0.00320 0.00000 -0.00213
3970.122 -0.00213 0.00746 -0.00426
3970.127 -0.00533 -0.00107 0.00426
3970.132 0.00107 -0.00426 0.00000
3970.138 0.00320 -0.00320 0.00107
3970.143 -0.00320 -0.00213 -0.00639
3970.148 -0.00426 -0.00320 -0.00107
3970.153 -0.00107 -0.00320 0.00533
3970.158 -0.00959 -0.00320 0.00426
3970.163 0.00639 -0.00107 0.00639
3970.168 -0.00213 0.00000 -0.00533
3970.173 -0.00213 0.00533 0.00639
3970.178 -0.00533 -0.00320 0.00320
3970.183 -0.00959 -0.00426 -0.00320
3970.188 -0.00533 -0.00426 -0.00213
3970.193 -0.00746 -0.00639 0.00320
3970.198 -0.00107 0.00000 0.00746
3970.203 0.00639 -0.00746 0.00000
3970.208 -0.00533 0.00107 -0.00852
3970.213 -0.00959 0.00213 0.00426
3970.218 -0.00852 -0.00213 -0.00852
3970.223 -0.00533 -0.00426 0.00000
3970.228 -0.00426 -0.00107 0.00426
3970.233 0.00320 -0.00426 0.00000
3970.238 0.00000 0.00000 0.00000
3970.243 -0.00533 0.00213 -0.00107
3970.248 0.00107 -0.00320 0.00213
3970.253 -0.00320 0.00107 0.00320
3970.258 -0.00213 -0.00320 0.00107
3970.263 0.00426 -0.00320 0.00320
3970.268 -0.00213 -0.00426 -0.00107
3970.273 -0.00107 0.00320 -0.00107
3970.278 0.00639 0.01598 0.00533
3970.283 0.00213 -0.00213 0.00107
3970.288 0.00213 -0.00320 -0.00746
3970.293 0.00746 -0.00746 0.00213
3970.299 0.00639 -0.00533 0.00320
3970.304 -0.00107 -0.00107 -0.00746
3970.308 0.00426 0.00107 -0.00320
3970.313 -0.00213 0.00213 0.00639
3970.318 -0.00426 -0.00852 -0.00426
3970.323 -0.00320 0.00320 -0.00426
3970.329 0.00000 -0.00320 0.00000
3970.334 -0.00852 0.00639 -0.00533
3970.339 -0.01065 -0.00639 0.00320
3970.344 -0.00107 0.00213 0.00000
3970.348 -0.00107 0.00213 -0.00107
3970.353 -0.00639 0.00533 0.00000
3970.358 -0.00320 -0.00426 0.00213
3970.363 0.00320 0.00107 0.00639
3970.368 -0.00213 -0.00533 0.00213
3970.373 -0.00426 0.00320 0.00533
3970.379 -0.00213 -0.00426 0.00000
3970.384 0.00639 0.00107 -0.00107
3970.389 -0.00320 -0.00533 0.00426
3970.394 0.00107 -0.00107 -0.02024
3970.399 -0.00107 -0.00213 0.00426
3970.404 0.00320 -0.00639 0.00746
3970.409 -0.00426 -0.00320 -0.00639
3970.414 -0.00852 0.00426 -0.01278
3970.419 -0.00107 -0.00107 -0.00213
3970.424 -0.00533 0.00000 0.00000
3970.429 -0.00426 -0.00533 -0.00213
3970.434 -0.00213 -0.00213 0.00000
3970.439 -0.00320 -0.00320 0.00746
3970.444 0.00107 -0.00746 0.00213
3970.450 -0.00107 0.00213 -0.01172
3970.455 0.00213 0.00852 -0.00426
3970.460 -0.00213 0.00107 0.00000
3970.465 -0.00959 -0.00639 -0.00213
3970.470 0.00320 0.00320 0.00533
3970.475 0.00000 -0.00320 -0.00639
3970.480 -0.00320 0.00320 -0.00320
3970.485 0.00000 -0.00107 -0.00320
3970.490 -0.00533 0.00000 0.00107
3970.495 0.00746 0.00000 -0.00320
3970.500 -0.00746 -0.00746 0.00213
3970.505 0.01917 0.00107 0.00746
3970.510 -0.00107 0.00426 -0.01065
3970.515 0.00213 -0.00852 -0.00213
3970.520 -0.01172 0.00426 -0.00852
3970.525 -0.00320 0.00000 0.00746
3970.530 -0.00213 0.00746 0.00320
3970.535 -0.00746 -0.00213 -0.00213
3970.540 0.00320 -0.00426 0.00852
3970.545 0.00107 -0.01065 -0.00107
3970.550 0.00533 0.00746 0.01065
3970.555 0.00213 -0.00533 -0.00107
3970.560 0.00107 -0.00426 -0.00107
3970.565 -0.00213 -0.00426 -0.00320
3970.570 -0.00533 -0.00213 -0.00213
3970.575 -0.00320 0.00320 0.00639
3970.580 -0.01598 -0.00852 -0.00639
3970.585 0.00213 -0.00320 0.00320
3970.590 0.00426 -0.00107 0.00213
3970.595 -0.00426 -0.00746 0.00320
3970.600 0.00000 0.00213 0.00213
3970.605 0.00746 -0.00746 0.00000
3970.611 -0.01491 0.00107 -0.00320
3970.616 0.00533 0.00426 -0.00852
3970.621 -0.00426 -0.01811 -0.01065
3970.626 0.00426 0.00213 0.00320
3970.631 0.01172 0.00852 -0.01065
3970.636 -0.00426 0.01172 0.00639
3970.641 0.00213 -0.00426 -0.00213
3970.646 0.00320 -0.00533 -0.00320
3970.651 0.00107 0.00426 -0.00959
3970.656 -0.00533 0.00533 -0.00533
3970.661 -0.00107 -0.01065 -0.00320
3970.666 0.00320 -0.00320 0.00000
3970.671 0.00107 0.00746 0.00320
3970.676 -0.00959 -0.00107 0.00107
3970.681 -0.00852 -0.00320 -0.00320
3970.686 -0.00426 0.00746 -0.00746
3970.691 -0.00533 0.00107 -0.00533
3970.696 0.00426 -0.00320 0.00426
3970.701 -0.00107 -0.00107 -0.00320
3970.706 -0.00320 0.00107 0.00107
3970.711 -0.00639 -0.01491 0.00107
3970.716 -0.01172 0.00107 0.00107
3970.721 -0.00639 -0.00746 -0.00533
3970.726 0.00000 0.00213 0.00639
3970.731 0.00213 -0.01172 -0.00107
3970.736 -0.00320 0.00000 -0.00533
3970.741 0.00426 0.00746 0.00959
3970.746 0.00107 -0.00426 0.00000
3970.751 -0.01172 -0.00213 0.01278
3970.756 0.00320 -0.00107 0.00533
3970.761 -0.00320 -0.00426 -0.00107
3970.766 0.00852 0.00107 0.00213
3970.771 -0.00107 -0.00746 -0.00320
3970.776 0.00426 0.00533 0.00426
3970.781 0.00426 -0.00213 -0.00426
3970.786 0.00213 -0.00533 -0.00852
3970.792 0.00746 0.00000 0.00000
3970.797 -0.00639 -0.00959 0.00533
3970.801 0.00213 0.00107 -0.00746
3970.806 0.00107 -0.00213 0.00107
3970.811 0.00107 0.00426 -0.00107
3970.816 -0.00107 -0.00533 -0.00852
3970.821 0.00213 0.00320 0.00533
3970.826 -0.00320 -0.00426 0.00000
3970.831 -0.00213 -0.00426 0.00000
3970.836 -0.00746 -0.01172 -0.00213
3970.842 -0.00639 -0.00639 -0.01065
3970.847 -0.00320 -0.00107 0.00533
3970.852 -0.00213 0.00533 0.00746
3970.857 0.00107 -0.00639 -0.00533
3970.862 0.00107 -0.00107 -0.00639
3970.867 0.00533 0.00746 0.00426
3970.872 0.00107 -0.00533 0.00107
3970.877 0.00000 0.00213 0.00426
3970.882 0.00533 0.01491 0.00213
3970.887 0.00426 -0.00213 0.00107
3970.892 0.00000 -0.00107 -0.00533
3970.897 0.00000 -0.00213 0.00426
3970.902 0.00320 0.00426 -0.00959
3970.907 0.00000 -0.00320 -0.00213
3970.912 0.00533 0.00852 0.00213
3970.917 0.00213 -0.00639 -0.00320
3970.922 0.00213 -0.00959 -0.00426
3970.927 -0.00426 0.00213 -0.00533
3970.932 -0.00320 -0.00320 -0.00639
3970.937 -0.00639 0.00320 0.00107
3970.943 -0.00107 -0.00639 -0.00107
3970.948 -0.00320 -0.00639 -0.00852
3970.953 0.00213 0.00107 -0.01065
3970.958 0.00746 0.00320 -0.00107
3970.963 -0.00107 0.00320 -0.00107
3970.968 -0.00320 0.00000 0.00213
3970.973 0.00000 -0.00107 0.00213
3970.978 0.01278 -0.00320 0.00852
3970.983 0.00213 -0.00107 0.00320
3970.988 0.00000 0.00000 -0.00107
3970.993 -0.00746 0.00320 -0.00533
3970.998 0.00639 0.00320 0.00320
3971.003 -0.00213 0.00107 -0.00107
3971.008 -0.00426 0.00000 -0.00107
3971.013 -0.00639 -0.00426 -0.00426
3971.018 -0.00533 -0.01172 0.00959
3971.023 0.00426 -0.00213 -0.00746
3971.028 -0.00852 -0.00533 0.00107
3971.033 -0.00639 0.00213 -0.00320
3971.038 0.00426 -0.00533 -0.00320
3971.043 -0.00107 -0.00533 -0.01172
3971.048 -0.00533 -0.00320 0.00107
3971.053 -0.00746 0.00213 0.00000
3971.058 -0.01278 -0.00959 -0.00320
3971.063 0.00107 -0.00426 0.00107
3971.068 0.00639 0.01065 -0.00107
3971.074 0.00320 0.00213 0.00852
3971.079 0.00000 0.00107 0.00000
3971.084 -0.00639 0.00426 0.00639
3971.089 -0.00320 -0.00107 0.00639
3971.094 0.00320 -0.00320 -0.00213
3971.099 0.00213 0.00213 -0.00107
3971.104 0.00320 0.00000 0.00320
3971.109 0.00213 -0.00107 0.00213
3971.114 0.00107 -0.00213 0.00959
3971.119 0.00746 0.00213 0.00000
3971.124 0.00213 -0.00213 0.00426
3971.129 -0.00533 -0.00426 0.00000
3971.134 -0.00959 -0.00213 -0.00746
3971.139 0.00426 0.00000 -0.00426
3971.144 0.00320 0.00426 0.00213
3971.149 -0.00533 -0.01172 0.00000
3971.154 -0.00639 0.00000 -0.00320
3971.159 -0.00107 0.01065 0.00000
3971.164 -0.01172 -0.00533 -0.00213
3971.169 -0.00107 -0.00746 -0.00213
3971.174 0.00000 0.00320 -0.00533
3971.179 -0.00320 -0.01065 -0.00852
3971.184 0.00320 0.00852 0.00000
3971.189 0.00000 0.00107 0.00320
3971.194 0.00746 0.00000 0.00320
3971.199 -0.00107 -0.00107 0.00213
3971.204 0.00107 -0.00213 0.00320
3971.209 -0.00639 -0.00320 0.00213
3971.214 -0.00533 -0.00426 0.00000
3971.219 -0.00107 0.00000 0.00107
3971.225 -0.00426 0.00426 -0.00533
3971.229 -0.00533 0.00320 0.00000
3971.235 0.00000 0.00320 -0.00320
3971.240 0.01065 0.00107 -0.00107
3971.245 0.00320 -0.00213 -0.00639
3971.250 -0.00852 -0.00959 0.00000
3971.255 -0.00426 -0.00107 0.00320
3971.260 -0.00533 -0.00320 0.00000
3971.265 -0.00533 0.00107 0.00746
3971.270 -0.00320 0.00000 -0.00213
3971.275 -0.00639 -0.00426 -0.00107
3971.280 -0.00320 -0.00639 -0.00426
3971.285 -0.00320 -0.01172 -0.00320
3971.290 -0.00639 -0.00107 0.00533
3971.295 0.00000 -0.00320 0.00107
3971.300 -0.00533 0.00320 -0.00213
3971.305 0.00000 -0.00107 0.00320
3971.310 -0.00320 -0.00213 -0.00213
3971.315 0.01385 -0.00107 -0.00639
3971.320 0.00213 -0.01278 0.00000
3971.325 -0.00213 -0.00320 -0.00533
3971.330 -0.00533 0.00959 -0.00426
3971.335 -0.00107 0.00320 -0.01704
3971.340 0.00213 -0.00213 0.00107
3971.345 0.00213 0.00107 0.00000
3971.350 0.00000 -0.00533 0.00533
3971.355 0.00426 0.00107 -0.00320
3971.360 -0.00639 -0.00213 0.00213
3971.365 0.00107 0.00107 0.00000
3971.370 -0.00320 0.00107 -0.00107
3971.375 -0.00533 0.00107 0.00213
3971.380 -0.00959 -0.00107 0.00852
3971.385 -0.00320 0.00426 -0.00107
3971.390 -0.00107 0.00107 0.00320
3971.395 -0.00639 0.00107 -0.00107
3971.400 0.00533 -0.00426 0.00213
3971.405 0.00533 -0.00107 -0.00320
3971.410 0.00746 0.00000 -0.00107
3971.416 0.00320 -0.00426 -0.00213
3971.420 0.00426 -0.00107 0.00426
3971.426 -0.00533 -0.00320 -0.00426
3971.431 0.00000 0.00107 0.00107
3971.436 -0.00107 -0.00746 0.00746
3971.441 -0.00639 -0.00320 0.00107
3971.446 -0.00746 0.00000 0.00639
3971.451 -0.00852 -0.00213 -0.00426
3971.456 -0.00213 0.00213 -0.00426
3971.461 -0.00639 -0.00639 -0.00213
3971.466 -0.00213 0.00320 0.00533
3971.471 0.00533 0.00746 0.00852
3971.476 -0.00533 0.00107 -0.00107
3971.481 -0.00213 0.00639 -0.00320
3971.486 -0.00426 0.00000 -0.00959
3971.491 -0.00320 -0.00320 -0.00213
3971.496 -0.00639 -0.01065 -0.00639
3971.501 -0.00852 -0.00533 -0.00320
3971.506 0.00320 0.00107 0.00320
3971.511 0.00426 -0.00639 -0.00320
3971.516 0.00000 -0.00426 0.00426
3971.521 0.00639 -0.00320 -0.00533
3971.526 -0.00213 0.00320 -0.00320
3971.531 -0.00107 0.00426 0.00213
3971.536 -0.00852 0.00107 -0.00746
3971.541 -0.00426 -0.00533 0.00107
3971.546 0.00426 0.00320 0.00213
3971.551 -0.01065 -0.00852 -0.00320
3971.556 -0.00213 0.00000 -0.00213
3971.561 0.00320 -0.00533 -0.00852
3971.566 -0.00107 -0.00746 -0.00320
3971.571 0.00426 0.00320 -0.00107
3971.576 -0.00533 -0.00426 0.00213
3971.581 -0.00533 -0.01065 -0.00320
3971.587 0.00213 -0.00959 -0.00213
3971.592 -0.00320 -0.00426 0.00000
3971.597 0.00213 -0.00213 -0.00533
3971.602 -0.00107 0.00000 0.00426
3971.607 -0.00426 -0.00533 0.00852
3971.612 0.00533 -0.00639 0.00320
3971.617 -0.00213 0.00000 0.00213
3971.622 -0.00852 -0.00533 0.00746
3971.627 -0.00320 0.00213 0.00000
3971.632 0.00000 -0.00320 -0.00320
3971.637 0.00320 0.00107 -0.00426
3971.642 -0.00426 0.00426 0.00000
3971.647 -0.00639 -0.00107 -0.00213
3971.652 -0.01172 0.00107 -0.00639
3971.657 0.00639 -0.00107 -0.00320
3971.662 -0.00107 -0.01598 -0.00320
3971.667 -0.00213 0.00000 0.00533
3971.672 0.00213 0.00426 -0.00107
3971.677 -0.00533 -0.00320 0.00426
3971.682 0.00533 -0.00320 0.00000
3971.687 0.00000 -0.00746 -0.00746
3971.692 -0.00107 -0.00639 0.00320
3971.697 0.00320 -0.00533 0.00107
3971.702 -0.00213 -0.00213 -0.00107
3971.707 0.00320 -0.01065 0.00426
3971.712 0.00746 0.00533 -0.00746
3971.717 -0.00639 -0.00533 0.00852
3971.722 -0.00533 0.00213 -0.00213
3971.727 -0.00852 -0.00639 -0.00320
3971.732 0.00320 0.00107 -0.00107
3971.737 -0.00852 -0.00426 -0.00213
3971.742 0.00000 -0.00533 0.00000
3971.747 0.00639 0.00213 -0.00533
3971.752 0.01278 0.00000 -0.00852
3971.758 0.00533 -0.00320 0.00426
3971.763 -0.00639 0.00213 0.00533
3971.768 0.00107 0.00746 -0.00533
3971.773 -0.00107 -0.00746 -0.00533
3971.778 0.00213 -0.00320 -0.00320
3971.783 -0.00746 -0.00426 -0.00107
3971.788 0.00426 -0.00426 0.00213
3971.793 -0.00426 0.00533 -0.00426
3971.798 0.00852 0.00213 0.00000
3971.803 -0.00320 -0.00852 0.00213
3971.808 -0.00213 -0.01491 -0.00107
3971.813 -0.00107 0.00639 0.00000
3971.818 0.00107 -0.00959 -0.00639
3971.823 0.00533 -0.00107 0.00533
3971.828 0.00213 -0.00639 0.00533
3971.833 -0.00107 -0.00320 0.00107
3971.838 -0.00107 0.00107 -0.00213
3971.843 0.00000 -0.00107 -0.00746
3971.848 -0.00533 -0.00639 -0.00639
3971.853 0.00107 -0.00426 0.00213
3971.858 -0.00320 0.00107 -0.00959
3971.863 -0.00533 -0.00746 0.00320
3971.868 -0.00213 -0.00107 0.00426
3971.873 0.00426 -0.00426 0.00000
3971.878 0.00320 -0.00213 0.00213
3971.883 0.00320 0.00426 0.00107
3971.888 -0.00320 -0.00107 -0.00320
3971.893 0.00533 0.00213 0.00213
3971.898 -0.00533 0.00426 -0.00426
3971.903 0.00533 -0.00213 0.00320
3971.909 -0.01491 0.00213 -0.00746
3971.914 0.00746 0.00213 -0.00746
3971.919 0.00000 -0.00639 -0.00852
3971.924 -0.00107 0.00746 0.00533
3971.929 -0.00320 -0.00320 -0.00320
3971.934 0.00107 -0.00639 0.00000
3971.939 -0.00320 -0.00213 -0.00107
3971.944 -0.00107 0.00639 0.00639
3971.949 -0.00746 0.00000 -0.00107
3971.954 0.00639 -0.00639 -0.00213
3971.959 0.00107 -0.00746 0.00639
3971.964 0.00320 0.00639 0.00107
3971.969 0.00107 -0.00213 -0.00213
3971.974 -0.00852 -0.00959 0.00320
3971.979 -0.00852 0.00746 0.00000
3971.984 -0.00426 0.00000 0.00213
3971.989 0.00000 0.01278 0.00107
3971.994 0.00213 0.00000 -0.00107
3971.999 0.01385 0.00213 0.00852
3972.004 -0.00320 -0.00959 0.00000
3972.009 0.00533 -0.00107 -0.00533
3972.014 0.00107 -0.00426 0.00107
3972.019 -0.00426 -0.00639 0.00426
3972.024 -0.00852 -0.00320 -0.00426
3972.029 0.01065 -0.00320 -0.00852
3972.034 0.00107 -0.00320 0.00107
3972.039 -0.00320 0.00000 -0.00213
3972.044 0.00107 0.00000 0.00107
3972.049 -0.00639 -0.00639 -0.00320
3972.054 0.00213 0.00213 -0.00533
3972.059 -0.00320 0.00959 0.00320
3972.064 -0.00746 -0.00213 0.00000
3972.069 -0.00533 -0.00107 -0.00213
3972.074 -0.00533 -0.00426 0.00533
3972.079 0.00000 0.00426 -0.00213
3972.084 0.00000 -0.00426 0.00000
3972.089 -0.00320 0.00320 -0.00533
3972.094 -0.00213 -0.00213 -0.00107
3972.100 0.00533 0.00320 0.00533
3972.105 -0.00320 -0.00107 -0.00320
3972.110 0.00426 -0.00959 0.00639
3972.115 -0.00746 -0.01704 -0.00107
3972.120 -0.00426 -0.00533 -0.00426
3972.125 -0.00107 0.00533 0.00639
3972.130 0.00639 -0.00213 0.00639
3972.135 0.00426 0.00000 0.00320
3972.140 0.00213 0.00533 0.00320
3972.145 -0.00852 0.00107 -0.00959
3972.150 -0.00746 0.00000 -0.00426
3972.155 0.00746 -0.00533 0.00320
3972.160 -0.00639 0.00107 -0.00320
3972.165 -0.00107 -0.00320 -0.00746
3972.170 0.00107 0.00000 0.00107
3972.175 0.00320 -0.00852 -0.00320
3972.180 -0.00107 0.00000 0.00320
3972.185 -0.00746 0.00426 0.00213
3972.190 0.00107 0.00107 -0.00533
3972.195 -0.00852 -0.00213 0.00107
3972.200 -0.00213 -0.00639 -0.00213
3972.205 -0.00213 0.00426 0.00107
3972.210 0.00213 0.00213 -0.00533
3972.215 -0.01172 -0.00426 0.00000
3972.220 0.00000 -0.00213 -0.00959
3972.225 -0.00426 0.01065 0.00213
3972.230 0.00426 -0.00320 -0.00746
3972.235 -0.00107 -0.00533 -0.00213
3972.240 -0.00107 0.00107 -0.00426
3972.245 0.00213 -0.00107 0.00107
3972.251 0.00746 -0.00533 -0.00639
3972.256 -0.00533 0.00213 -0.00213
3972.261 -0.01278 0.00107 0.00533
3972.266 0.00000 -0.00426 -0.00426
3972.271 -0.00107 0.00107 -0.00213
3972.276 0.00000 -0.00959 -0.00320
3972.281 -0.00426 0.00107 0.00000
3972.286 -0.00107 -0.00320 -0.00426
3972.291 -0.01065 -0.01278 -0.00533
3972.296 0.00320 0.00852 -0.00320
3972.301 0.00533 0.00320 -0.00533
3972.306 0.00213 -0.00959 0.00213
3972.311 -0.00426 0.00426 -0.00746
3972.316 -0.00639 -0.01065 -0.01172
3972.321 0.00000 -0.00107 0.00107
3972.326 -0.00426 -0.00533 -0.00533
3972.331 0.00000 -0.00639 -0.00213
3972.336 0.00426 0.00320 0.00320
3972.341 -0.00639 -0.00213 0.00426
3972.346 -0.00213 0.00426 0.00852
3972.351 0.00852 0.00320 0.00107
3972.356 -0.00746 -0.00107 -0.00746
3972.361 -0.00426 0.00000 0.00746
3972.366 0.00000 -0.00107 -0.00107
3972.371 -0.00959 0.00000 -0.00959
3972.376 -0.00320 0.00213 0.00107
3972.381 -0.00639 -0.00746 -0.00213
3972.386 0.00107 -0.00320 -0.00426
3972.391 0.00426 -0.00320 -0.00533
3972.396 -0.00320 -0.00213 0.00107
3972.402 -0.00426 -0.00533 -0.00213
3972.407 0.00533 -0.00107 0.00320
3972.412 -0.00213 -0.00426 0.00320
3972.417 -0.00533 0.00320 0.00107
3972.422 0.01278 -0.01385 0.00426
3972.427 -0.00746 -0.00746 -0.01278
