3973.669 -0.00426 -0.00852 0.00000
3973.674 0.00533 -0.00426 -0.00746
3973.679 -0.00107 -0.01065 0.00000
3973.684 0.00426 0.00320 -0.00320
3973.689 0.00639 0.00533 0.00320
3973.694 0.00746 0.00107 0.00213
3973.700 0.00107 0.00639 -0.00107
3973.705 -0.00426 0.00639 0.00107
3973.710 0.00852 -0.01704 0.00000
3973.715 -0.00533 0.00000 0.00533
3973.720 0.00639 0.00000 -0.00213
3973.725 -0.00213 -0.00320 -0.00426
3973.730 -0.00320 -0.00426 0.00000
3973.735 -0.00533 -0.00426 0.00320
3973.740 0.00320 0.01385 0.00426
3973.745 0.00000 -0.00639 -0.00107
3973.750 -0.00533 -0.00213 0.00320
3973.755 -0.00213 -0.00107 0.00639
3973.760 -0.00533 -0.00426 0.00107
3973.765 0.00213 -0.00852 -0.00107
3973.770 -0.00107 0.00639 -0.00107
3973.775 0.00320 -0.00320 -0.00213
3973.780 0.00107 -0.01385 -0.00213
3973.785 0.00320 0.00107 0.00426
3973.790 -0.00533 0.00000 0.00320
3973.795 -0.00107 -0.00426 0.00426
3973.800 -0.00426 -0.00320 -0.00213
3973.805 -0.00320 -0.00426 0.00107
3973.810 0.00213 -0.00107 0.00107
3973.815 0.00213 0.00000 0.00426
3973.820 0.01065 0.00320 -0.00107
3973.825 0.00852 0.00107 -0.00213
3973.830 0.00000 0.00320 0.00107
3973.835 0.00000 -0.00320 0.00000
3973.840 -0.00426 -0.00852 -0.00852
3973.845 0.00107 0.00426 -0.00213
3973.850 0.00746 -0.00107 0.00320
3973.855 -0.00639 -0.00639 0.00107
3973.861 0.00320 -0.00426 -0.00320
3973.865 -0.00426 0.00213 0.00320
3973.871 -0.00533 0.00107 0.00000
3973.876 -0.00320 0.00107 0.00639
3973.881 0.00639 -0.00533 0.00533
3973.886 0.00320 0.02344 -0.01598
3973.891 0.00000 0.00107 -0.00320
3973.896 0.00107 -0.00107 -0.00320
3973.901 -0.00852 0.00107 0.00000
3973.906 0.00000 -0.00107 -0.00107
3973.911 0.00320 -0.00213 0.00320
3973.916 -0.01491 -0.00426 0.00426
3973.921 0.00426 -0.00320 -0.01065
3973.926 0.00213 -0.00533 0.00320
3973.931 0.00213 0.00426 0.00426
3973.936 0.00426 -0.00213 0.00426
3973.941 -0.00107 -0.00639 0.00533
3973.946 -0.00746 -0.00852 -0.00426
3973.951 -0.00107 0.00852 -0.00533
3973.956 0.00213 -0.00107 -0.00320
3973.961 0.00213 -0.00852 0.00320
3973.966 0.00213 0.00852 0.00746
3973.971 -0.00426 -0.00320 -0.00533
3973.976 0.00000 -0.00107 0.00000
3973.981 -0.00213 -0.00639 0.00107
3973.986 -0.00320 -0.00426 0.01385
3973.991 -0.00320 0.00639 -0.00107
3973.996 0.00320 0.00533 0.00000
3974.001 -0.00320 -0.00639 0.00320
3974.006 0.00107 -0.00426 -0.00746
3974.012 0.00533 0.00533 0.01065
3974.017 0.00213 -0.00213 0.00107
3974.022 0.00213 -0.00320 -0.00213
3974.027 0.00746 0.00426 -0.00107
3974.032 0.00320 -0.00213 -0.00107
3974.037 0.00533 -0.01065 0.00746
3974.042 0.00320 0.00107 0.00107
3974.047 -0.00426 -0.00852 0.00639
3974.052 -0.01385 -0.00533 -0.00320
3974.057 0.00320 0.00213 0.00639
3974.062 -0.00107 -0.00533 -0.00533
3974.067 -0.00426 -0.00746 0.00320
3974.072 0.00000 -0.00426 -0.00426
3974.077 0.00320 -0.00426 -0.00107
3974.082 -0.00213 0.00426 0.00639
3974.087 0.00426 0.00320 -0.00533
3974.092 -0.00426 0.00000 -0.00107
3974.097 -0.00320 -0.00426 0.00533
3974.102 -0.00426 -0.00426 0.00639
3974.107 -0.00639 -0.00320 0.00320
3974.112 -0.00746 0.00213 0.00426
3974.117 0.00000 0.00426 0.00320
3974.122 -0.00959 -0.00213 -0.00426
3974.127 -0.00213 -0.00213 0.00426
3974.132 -0.00852 0.00107 0.00426
3974.137 0.00533 0.00000 0.00000
3974.142 0.00639 -0.00320 0.00107
3974.147 -0.00107 0.00213 -0.00213
3974.152 -0.00107 -0.00320 0.00213
3974.157 0.00213 -0.00213 -0.00533
3974.162 -0.00320 -0.00426 0.00213
3974.167 -0.00320 0.00000 0.00213
3974.172 0.00000 -0.00107 0.00107
3974.177 0.00852 -0.00426 0.00426
3974.183 0.00639 0.00320 0.00533
3974.188 0.00533 -0.00320 -0.00746
3974.193 -0.00746 -0.00320 -0.00533
3974.198 -0.00639 -0.00959 -0.00533
3974.203 0.00320 -0.00107 -0.00426
3974.208 0.00533 -0.00533 -0.00107
3974.213 -0.00213 -0.00426 0.00746
3974.218 -0.02237 -0.00533 -0.00213
3974.223 -0.00426 0.00000 -0.00426
3974.228 -0.00533 -0.00320 -0.00426
3974.233 -0.01172 -0.00213 0.00426
3974.238 -0.00213 -0.00213 -0.01065
3974.243 0.00107 0.00107 -0.00320
3974.248 -0.00320 -0.00213 -0.00213
3974.253 0.00746 0.00320 0.00213
3974.258 -0.00107 -0.00107 0.00533
3974.263 -0.00320 -0.01065 -0.00320
3974.268 0.00000 0.00426 -0.00533
3974.273 -0.00107 -0.00107 -0.00107
3974.278 -0.00213 0.00533 0.00107
3974.283 -0.00852 -0.00426 -0.00213
3974.288 0.00107 0.00000 0.00746
3974.293 -0.00213 -0.00213 -0.00320
3974.298 0.00533 0.00107 -0.00213
3974.303 0.00426 -0.01385 0.00213
3974.308 -0.00639 -0.01065 0.00107
3974.313 -0.00426 -0.00959 -0.00746
3974.318 0.00320 -0.00533 -0.00959
3974.323 0.00426 0.00000 0.00320
3974.328 -0.00426 -0.00213 -0.00426
3974.334 0.00213 0.00107 -0.00533
3974.339 0.00426 -0.00852 -0.00320
3974.344 -0.00639 0.00000 0.00639
3974.349 -0.00959 -0.00533 -0.00426
3974.354 0.00213 -0.00213 0.00533
3974.359 0.00213 -0.00213 -0.00320
3974.364 -0.00426 -0.00426 0.00213
3974.369 0.00000 -0.00533 0.00320
3974.374 0.00107 0.00107 0.00213
3974.379 -0.00107 -0.00533 0.00320
3974.384 -0.00320 0.00000 0.00107
3974.389 -0.00107 0.00213 -0.00213
3974.394 0.00426 -0.00213 0.00533
3974.399 -0.00320 0.00107 0.00533
3974.404 -0.00639 -0.00852 0.00213
3974.409 -0.00639 0.00107 -0.00746
3974.414 -0.00320 0.00639 0.00320
3974.419 -0.01385 0.00213 0.00426
3974.424 0.00426 -0.00107 -0.00639
3974.429 -0.01385 -0.00639 0.00107
3974.434 -0.00746 -0.00320 0.00000
3974.439 -0.00426 -0.00107 0.00320
3974.444 -0.00533 0.00213 0.00320
3974.449 0.00000 0.00000 -0.00107
3974.454 0.00533 -0.00107 0.00533
3974.459 -0.00746 -0.00852 0.00533
3974.464 -0.00320 -0.00426 0.00426
3974.469 -0.00639 0.00746 -0.00107
3974.474 0.00320 0.00000 0.00107
3974.479 -0.00852 -0.00426 -0.00426
3974.484 0.00107 -0.00320 -0.00320
3974.489 -0.00213 0.00107 0.00213
3974.494 -0.00639 0.00320 0.00852
3974.499 -0.00320 0.00426 -0.00746
3974.504 0.00320 0.00107 -0.00533
3974.509 -0.00320 -0.00213 -0.00107
3974.514 0.00000 0.00000 -0.00213
3974.519 -0.00107 0.00533 -0.00107
3974.525 0.00000 0.01278 -0.00746
3974.530 0.00213 -0.00107 0.00107
3974.535 -0.00213 0.00426 0.00426
3974.540 0.00107 0.00107 0.00533
3974.545 -0.00213 -0.00320 0.00959
3974.550 -0.00852 -0.00426 -0.00107
3974.555 0.00320 -0.00107 -0.00213
3974.560 -0.00746 -0.00426 0.00426
3974.565 -0.00746 -0.00426 0.00107
3974.570 0.00533 -0.00107 0.00000
3974.575 -0.00426 0.00107 0.00000
3974.580 -0.00426 -0.00320 -0.00213
3974.585 -0.00213 0.00533 0.00000
3974.590 -0.00533 0.00000 -0.00107
3974.595 0.00000 -0.00426 0.00746
3974.600 0.00107 -0.00746 -0.00639
3974.605 -0.00746 0.00000 0.00533
3974.610 -0.00639 -0.00107 0.00000
3974.615 0.00000 0.00000 -0.00639
3974.620 -0.00107 0.00000 -0.00320
3974.625 -0.00320 -0.00426 0.00746
3974.630 -0.00213 -0.00426 -0.00852
3974.635 -0.00852 0.00107 -0.00107
3974.640 0.00213 0.00107 0.00533
3974.645 -0.00320 0.00639 0.00000
3974.650 -0.00107 0.00213 0.00639
3974.655 -0.00107 0.00533 -0.00533
3974.660 0.00639 -0.00320 -0.00107
3974.666 0.00000 0.00107 -0.00320
3974.671 -0.00107 0.00426 -0.00107
3974.676 0.00320 -0.00107 -0.00639
3974.681 0.01278 -0.00213 -0.00426
3974.686 -0.00852 0.00213 0.00000
3974.691 0.00746 -0.00852 0.00639
3974.696 0.00107 -0.00746 0.00000
3974.701 -0.00107 0.00213 0.00852
3974.706 -0.00320 0.00213 -0.00426
3974.711 -0.00107 -0.01172 -0.00426
3974.716 -0.00213 -0.00107 -0.00107
3974.721 0.00000 0.00107 0.00107
3974.726 -0.00320 -0.00107 -0.00107
3974.731 0.00107 0.00107 0.00213
3974.736 -0.00107 0.00107 0.00213
3974.741 -0.00320 -0.00426 -0.00320
3974.746 -0.00320 -0.00213 0.00107
3974.751 -0.00213 0.00533 -0.00426
3974.756 0.00320 0.00426 0.00213
3974.761 0.00000 -0.00320 0.00107
3974.766 0.00000 -0.00426 0.00213
3974.771 -0.00426 0.00213 0.00320
3974.776 0.00000 0.00746 0.00000
3974.781 -0.00213 0.00639 0.00320
3974.786 0.00639 -0.00533 0.00320
3974.791 0.00852 0.00107 -0.00213
3974.796 -0.00107 -0.00959 -0.00533
3974.801 -0.00426 0.00426 0.01065
3974.806 -0.00533 -0.00746 0.00107
3974.811 0.00000 -0.00107 0.00000
3974.817 0.00107 0.00107 0.00213
3974.822 0.01065 -0.00426 -0.00107
3974.827 -0.00213 -0.00426 -0.00533
3974.832 0.00533 0.00320 0.00639
3974.837 -0.00320 -0.00639 -0.00426
3974.842 -0.00107 -0.00533 -0.00746
3974.847 -0.00426 -0.00639 -0.00320
3974.852 -0.00746 -0.00107 0.00107
3974.857 -0.00426 0.00107 -0.00213
3974.862 0.00746 -0.00852 -0.00426
3974.867 0.00426 -0.00533 0.00213
3974.872 0.00320 -0.00107 -0.00107
3974.877 -0.00213 -0.00320 0.00213
3974.882 -0.00107 0.00533 -0.01278
3974.887 0.00746 -0.00320 0.00320
3974.892 0.00000 -0.00213 0.00107
3974.897 -0.00107 -0.00533 0.00213
3974.902 -0.01065 -0.00533 0.00320
3974.907 -0.00213 0.00746 0.00426
3974.912 -0.00746 -0.00107 0.00213
3974.917 0.00213 0.00426 -0.00107
3974.922 -0.00213 -0.00426 0.00959
3974.927 0.00107 0.00320 -0.00107
3974.932 -0.00213 -0.00320 -0.00426
3974.937 -0.00852 0.00639 0.00000
3974.942 -0.00959 -0.00426 0.00107
3974.947 -0.00533 -0.00320 0.00213
3974.952 0.00959 -0.00533 -0.00107
3974.957 -0.00320 0.00426 -0.00320
3974.962 -0.00107 -0.00639 0.00426
3974.967 -0.00320 0.00426 0.00639
3974.972 0.00639 0.00639 0.00000
3974.978 0.00213 -0.00213 -0.01065
3974.983 -0.00213 -0.00320 0.00107
3974.988 0.00213 0.00320 0.00959
3974.993 -0.00426 -0.00533 -0.00213
3974.998 -0.00320 -0.00746 0.00000
3975.003 0.00107 0.00959 -0.00107
3975.008 -0.00533 0.00000 -0.00533
3975.013 0.00107 -0.00107 0.00426
3975.018 0.00000 -0.00533 -0.00959
3975.023 -0.00107 -0.00107 -0.00426
3975.028 0.00852 0.00107 -0.00320
3975.033 0.00213 -0.00426 0.00533
3975.038 0.00533 -0.00320 0.00533
3975.043 0.00107 0.00000 0.01385
3975.048 -0.00320 0.00000 -0.00213
3975.053 -0.00107 0.00107 -0.00746
3975.058 -0.00107 0.00959 -0.00107
3975.063 0.00213 0.00320 0.00107
3975.068 -0.00746 -0.00107 0.00426
3975.073 0.00213 0.00320 0.00533
3975.078 -0.00959 -0.00320 -0.00320
3975.083 0.00320 0.00426 -0.00107
3975.088 0.00320 0.00213 0.00107
3975.093 -0.00213 0.00320 -0.00320
3975.098 0.00213 0.00320 -0.00213
3975.103 0.00320 -0.00639 0.00320
3975.108 0.00320 -0.00746 0.00213
3975.113 0.00639 -0.00852 0.00107
3975.118 0.00320 -0.00426 0.00213
3975.123 -0.00213 -0.00107 -0.01065
3975.128 -0.00107 -0.00746 -0.00852
3975.133 -0.00320 -0.00320 -0.00213
3975.138 0.00107 -0.00213 -0.00320
3975.143 -0.00746 0.00213 -0.00213
3975.149 -0.00533 0.00852 -0.01065
3975.154 0.00107 0.00426 0.00639
3975.159 -0.00107 0.00213 0.00213
3975.164 -0.00426 0.00107 -0.00320
3975.169 0.01065 -0.00213 0.00533
3975.174 0.00320 -0.00107 0.00426
3975.179 -0.00320 -0.00320 0.00107
3975.184 -0.00426 -0.00107 0.00000
3975.189 -0.00107 -0.00533 -0.00426
3975.194 0.00320 0.00000 0.00852
3975.199 0.00426 0.00000 -0.00107
3975.204 0.00213 -0.00533 -0.00213
3975.209 -0.00320 0.00213 0.00533
3975.214 -0.00107 -0.01491 -0.00533
3975.219 -0.00852 -0.01172 0.00426
3975.224 0.00107 -0.00213 -0.00426
3975.229 -0.00107 -0.00320 -0.00107
3975.234 0.00426 -0.00107 0.00639
3975.239 -0.00426 -0.01598 -0.00533
3975.244 -0.00320 -0.00426 -0.00639
3975.249 0.00000 -0.00746 -0.00107
3975.254 -0.00107 0.00000 -0.00107
3975.259 -0.00213 -0.00320 0.00213
3975.264 -0.00320 -0.00213 0.00746
3975.269 0.00000 0.00426 0.00746
3975.274 0.00320 -0.00320 -0.00426
3975.279 -0.00213 0.00000 0.00320
3975.284 0.00533 0.00000 -0.00746
3975.289 0.00000 0.00533 0.00213
3975.294 -0.00213 0.00533 0.00107
3975.299 -0.00320 0.00320 -0.00426
3975.304 -0.00213 0.00639 0.00213
3975.309 -0.00533 0.00639 -0.00320
3975.314 -0.01385 -0.00639 0.00213
3975.319 -0.00533 -0.00213 0.00959
3975.324 0.00426 -0.00107 0.00426
3975.329 -0.01065 -0.00213 -0.00426
3975.334 -0.00107 -0.00426 -0.00639
3975.339 0.00000 -0.00320 -0.00533
3975.344 0.00107 0.00000 0.00107
3975.350 0.00639 0.00533 0.00320
3975.355 -0.00107 -0.00320 0.00852
3975.360 -0.00213 -0.00426 -0.00107
3975.365 -0.00107 -0.00639 -0.00533
3975.370 0.00107 -0.00107 0.00533
3975.375 -0.00320 0.00000 -0.00959
3975.380 -0.00320 0.00213 -0.00426
3975.385 -0.00320 -0.00426 0.00320
3975.390 -0.00426 -0.00213 -0.00107
3975.395 0.00426 -0.00533 -0.00213
3975.400 0.00426 0.00533 0.00320
3975.405 -0.00639 -0.00426 0.00959
3975.410 0.00426 -0.00107 0.00000
3975.415 0.00320 0.00213 -0.00746
3975.420 -0.00107 -0.00426 -0.00320
3975.425 -0.00107 -0.00320 -0.01172
3975.430 -0.00213 0.00320 0.00533
3975.435 0.00107 -0.00533 -0.00533
3975.440 -0.00533 -0.01065 0.00107
3975.445 0.00213 0.00959 -0.00639
3975.450 -0.00746 -0.00320 -0.00533
3975.455 -0.00213 0.00000 0.00533
3975.460 -0.00426 0.00000 -0.00107
3975.465 0.00213 0.00213 -0.00533
3975.470 -0.00639 0.00213 -0.00746
3975.475 -0.00746 -0.00852 -0.00533
3975.481 -0.00639 -0.00107 -0.00107
3975.486 -0.00639 -0.00746 0.00107
3975.491 0.01172 -0.00107 -0.00639
3975.496 -0.00959 -0.00852 0.00320
3975.501 -0.00533 -0.00107 0.00746
3975.506 -0.00320 -0.00320 -0.00533
3975.511 0.00000 0.00533 -0.00426
3975.516 -0.00107 -0.00852 -0.00320
3975.521 -0.00107 -0.00320 -0.00426
3975.526 -0.00320 -0.00107 0.00107
3975.531 -0.00852 -0.00107 0.00959
3975.536 -0.01598 -0.00107 -0.00320
3975.541 0.00426 0.00213 -0.00213
3975.546 -0.00107 -0.00533 0.00000
3975.551 -0.00533 -0.00426 0.00426
3975.556 -0.00746 -0.00320 0.00000
3975.561 -0.00533 -0.00426 -0.01704
3975.566 -0.00746 -0.00107 -0.00213
3975.571 -0.00639 0.00107 -0.00213
3975.576 0.00000 0.00000 -0.00107
3975.581 -0.00107 -0.00213 -0.00213
3975.586 0.00213 0.00107 -0.00107
3975.591 -0.00320 -0.00107 -0.00746
3975.596 -0.00213 0.00000 0.00000
3975.601 -0.00426 -0.00320 -0.00213
3975.606 -0.00107 -0.00533 0.00320
3975.611 -0.00639 0.00533 0.00000
3975.616 -0.00320 0.00213 0.00213
3975.621 -0.00533 0.00320 0.00320
3975.626 -0.00426 0.00320 0.00746
3975.631 -0.00426 0.00639 0.00426
3975.636 0.00000 -0.01065 -0.00213
3975.641 0.00639 0.00107 -0.00107
3975.646 -0.00107 -0.00213 -0.00107
3975.651 0.00107 0.00533 -0.00746
3975.656 0.00426 -0.00852 -0.00426
3975.661 -0.00852 0.00000 -0.00107
3975.666 0.00533 0.00320 0.00746
3975.671 0.00213 0.00000 -0.00639
3975.676 -0.00213 0.00639 0.00000
3975.682 0.00107 0.00320 -0.00533
3975.687 -0.00320 -0.00426 0.01278
3975.692 -0.01065 -0.00746 0.00533
3975.697 0.00959 -0.00533 0.00639
3975.702 -0.00533 0.00852 0.00426
3975.707 0.00000 0.00000 0.00213
3975.712 -0.00426 0.00107 -0.00320
3975.717 -0.00213 -0.00852 -0.00746
3975.722 -0.00426 0.00000 -0.00213
3975.727 -0.00852 -0.00107 -0.00426
3975.732 0.00320 0.01065 -0.00533
3975.737 -0.00213 -0.00746 0.00000
3975.742 -0.01172 -0.00320 0.00107
3975.747 0.00320 -0.00107 -0.00320
3975.752 -0.00107 0.00000 0.01172
3975.757 -0.00107 0.00107 -0.00107
3975.762 -0.00639 -0.00426 -0.01065
3975.767 0.00107 -0.00426 -0.00426
3975.772 -0.00213 0.00959 0.00533
3975.777 -0.00533 -0.00213 -0.00426
3975.782 0.01491 -0.00320 -0.00213
3975.787 0.00000 0.00000 -0.00213
3975.792 -0.00213 -0.00107 -0.00320
3975.797 0.00213 0.00639 0.00000
3975.802 0.00426 -0.01065 -0.00320
3975.807 -0.00746 -0.00107 -0.00533
3975.813 -0.00426 -0.00213 -0.00213
3975.818 -0.00213 -0.00320 -0.00533
3975.823 -0.00533 0.00426 -0.00320
3975.828 -0.00320 -0.00639 -0.00426
3975.833 0.01704 -0.00107 -0.00107
3975.838 0.00320 0.00213 0.00107
3975.843 -0.00426 -0.01278 0.00000
3975.848 -0.00107 0.00639 0.00320
3975.853 -0.00107 -0.00639 -0.00213
3975.858 -0.00852 -0.00320 0.00533
3975.863 -0.00107 -0.00639 -0.01065
3975.868 0.00107 0.00000 -0.00426
3975.873 0.00320 0.00746 0.00000
3975.878 -0.00107 0.00000 -0.00213
3975.883 0.00000 -0.00426 0.00320
3975.888 0.00000 0.01172 -0.00533
3975.893 0.00852 -0.00107 -0.00320
3975.898 0.00000 0.00213 -0.01598
3975.903 -0.00426 -0.00107 0.00107
3975.908 0.00000 -0.00213 0.01065
3975.913 0.00320 -0.00426 0.00320
3975.918 0.00639 -0.00959 -0.00746
3975.923 -0.01491 -0.00746 -0.00426
3975.928 0.00426 -0.00426 -0.00107
3975.933 -0.00533 -0.00320 0.00000
3975.938 0.00320 0.00107 -0.00639
3975.943 0.00533 -0.00107 -0.00213
3975.948 -0.00107 0.00426 0.00213
3975.953 -0.00107 -0.00426 0.00213
3975.958 0.00000 0.00213 -0.00533
3975.963 -0.00426 -0.01491 0.00000
3975.968 -0.00107 -0.00426 -0.00426
3975.974 0.00852 0.00107 0.00213
3975.979 0.00746 0.00852 0.00107
3975.984 -0.00426 0.00852 0.00213
3975.989 0.00000 -0.00320 -0.00107
3975.994 0.00320 -0.00426 -0.00213
3975.999 -0.00639 -0.00426 -0.00959
3976.004 -0.00746 -0.00533 0.00426
3976.009 -0.01385 -0.00320 -0.00426
3976.014 -0.00426 -0.00533 -0.00213
3976.019 -0.00426 0.00746 0.00000
3976.024 -0.00213 0.00107 -0.00426
3976.029 0.00000 0.00852 -0.00533
3976.034 0.00107 -0.00746 0.00426
3976.039 -0.00533 -0.01598 -0.00746
3976.044 -0.01065 -0.00213 0.00320
3976.049 0.00320 0.00107 0.00852
3976.054 -0.01065 0.00000 -0.00426
3976.059 -0.00107 0.00639 0.00107
3976.064 0.00213 -0.00107 0.00320
3976.069 -0.00533 0.00000 -0.00213
3976.074 0.00107 -0.00426 -0.00533
3976.079 0.00320 0.00746 0.00320
3976.084 0.00426 0.00320 0.00426
3976.089 0.01385 -0.00213 0.01385
3976.094 -0.00213 0.00639 0.00320
3976.099 0.00746 -0.00533 -0.00746
3976.104 -0.00426 0.01172 0.00320
3976.109 -0.00320 0.00852 -0.00852
3976.114 -0.01065 -0.00639 -0.00213
3976.119 -0.00639 0.00320 0.00320
3976.124 -0.01065 0.00533 -0.00320
3976.129 -0.00426 -0.01278 -0.00639
3976.134 -0.00107 0.00107 0.00533
3976.139 -0.00959 -0.01065 -0.00320
3976.144 -0.00107 0.00320 0.01704
3976.149 -0.00107 -0.00213 0.00320
3976.154 0.00107 -0.00639 0.00746
3976.159 -0.00426 0.00426 -0.00213
3976.164 0.00000 -0.00107 0.00426
3976.169 -0.00426 0.00320 0.00107
3976.175 -0.01065 -0.00533 0.00000
3976.180 -0.00746 0.00533 0.00426
3976.185 0.00213 0.00107 0.00320
3976.190 0.00000 0.00746 -0.00852
3976.195 0.00213 -0.00213 0.00533
3976.200 0.00533 0.00426 0.00320
3976.205 0.01065 -0.00107 -0.00959
3976.210 -0.00107 -0.00107 -0.00639
3976.215 0.00639 -0.00639 -0.00639
3976.220 0.00533 0.01385 0.00107
3976.225 -0.00959 -0.00533 0.00213
3976.230 0.00746 -0.00213 0.00213
3976.235 -0.00533 -0.00320 0.00000
3976.240 0.00000 0.00000 0.00000
3976.245 0.00000 -0.00213 -0.00426
3976.250 0.00852 -0.00426 0.00320
3976.255 -0.00852 -0.01385 -0.00533
3976.260 0.00426 -0.00426 0.00533
3976.265 -0.00426 -0.00746 0.01065
3976.270 0.00213 -0.00107 -0.00213
3976.275 0.00107 0.00746 0.00426
3976.280 0.00320 -0.00852 0.00107
3976.285 -0.00426 0.00107 -0.00639
3976.290 -0.00107 0.01491 0.00213
3976.295 -0.00639 0.01065 0.00746
3976.300 0.00852 -0.00639 -0.00213
3976.305 -0.01065 -0.00107 -0.00107
3976.310 0.01172 -0.00213 -0.00533
3976.316 0.00426 0.00000 0.00213
3976.321 -0.01065 0.00107 -0.00320
3976.326 0.00213 0.00959 -0.00107
3976.331 0.00107 0.00107 0.00213
3976.336 -0.00639 -0.01065 -0.00213
3976.341 -0.00107 -0.00746 -0.00746
3976.346 -0.00107 0.00000 -0.00533
3976.351 0.00000 -0.00426 -0.00107
3976.356 -0.00320 -0.00320 -0.00213
3976.361 -0.00852 -0.00959 -0.00320
3976.366 -0.00533 0.00000 -0.00533
3976.371 0.00426 -0.00213 -0.00213
3976.376 -0.00426 -0.00533 -0.00107
3976.381 -0.00746 0.00107 -0.00426
3976.386 -0.00533 -0.00107 0.00107
3976.391 -0.00426 0.00107 0.00000
3976.396 0.00320 0.00000 -0.00320
3976.401 0.00107 0.00533 0.00107
3976.406 -0.00852 0.00426 -0.00533
3976.411 0.00320 -0.00959 -0.00746
3976.416 0.00213 0.00426 0.00000
3976.421 -0.00746 -0.00533 -0.00533
3976.426 -0.00213 -0.01172 0.00213
3976.431 0.00000 0.00320 0.00000
3976.437 -0.00426 -0.00426 -0.01065
3976.442 -0.00639 -0.00746 -0.00426
3976.447 0.00000 -0.00533 -0.00213
3976.452 -0.00107 -0.00746 0.00000
3976.457 -0.01065 -0.00213 -0.00107
3976.462 0.00107 -0.00426 -0.00107
3976.467 -0.00107 -0.00320 -0.00320
3976.472 0.00852 0.00107 0.00000
3976.477 -0.00639 0.00000 0.00213
3976.482 -0.00320 0.00213 -0.01065
3976.487 -0.00320 -0.00533 -0.00320
3976.492 0.00000 -0.00213 -0.00426
3976.497 0.00533 -0.00426 -0.00107
3976.502 0.00213 -0.00639 0.00000
3976.507 -0.00213 0.00000 -0.00213
3976.512 0.00107 0.01065 0.00000
3976.517 0.00426 -0.00213 -0.02131
3976.522 -0.00533 0.00213 -0.00213
3976.527 0.00320 0.00533 -0.00213
3976.532 -0.00852 0.00000 0.00426
3976.537 0.00320 -0.00320 0.00426
3976.542 -0.00639 0.00000 -0.00426
3976.547 -0.00426 -0.00320 -0.00320
3976.552 0.00639 -0.00107 -0.00533
3976.557 0.00107 0.00320 0.00320
3976.562 0.00426 -0.00213 -0.00959
3976.567 0.00639 0.00320 -0.00107
3976.572 -0.00213 -0.00533 -0.00320
3976.577 -0.00320 -0.00533 0.00107
3976.582 -0.00107 -0.00639 -0.01491
3976.587 0.00639 0.00426 -0.00107
3976.592 -0.00639 0.00000 0.00533
3976.597 0.00107 0.00107 0.00000
3976.602 -0.00107 0.00426 0.00213
3976.608 -0.00107 -0.00959 0.00000
3976.613 -0.00746 0.00320 0.00213
3976.618 -0.00213 -0.00426 -0.00107
3976.623 -0.00320 0.00213 -0.00213
3976.628 -0.00426 -0.00426 0.00320
3976.633 -0.00426 -0.00426 -0.00107
3976.638 -0.00426 0.00107 0.00746
3976.643 -0.00533 -0.00107 -0.00107
3976.648 -0.00426 0.00533 0.00107
3976.653 -0.00213 0.00426 0.00213
3976.658 -0.00213 -0.00639 0.00320
3976.663 -0.00107 -0.00746 0.00000
3976.668 -0.00533 0.00213 0.00107
3976.673 -0.00213 -0.00533 -0.00533
3976.678 0.00107 -0.00213 0.00107
3976.683 -0.00213 0.00320 0.00320
3976.688 -0.00639 0.00320 -0.00746
3976.693 0.00107 -0.00746 0.00959
3976.698 0.01172 0.00107 0.00852
3976.703 -0.00107 -0.00213 -0.00320
3976.708 0.00107 0.01172 -0.00533
3976.713 -0.00746 -0.00426 -0.00213
3976.718 0.00533 0.00320 0.00533
3976.723 -0.00533 -0.00107 0.00000
3976.728 -0.00852 0.00107 -0.00213
3976.733 -0.00107 -0.00320 -0.00320
3976.738 0.00107 -0.00107 -0.00639
3976.743 0.00107 0.00107 0.00000
3976.749 -0.00213 0.00107 0.00000
3976.753 0.00107 0.00000 0.00000
3976.759 -0.00320 -0.00107 -0.00533
3976.764 -0.00746 -0.00426 0.00107
3976.769 -0.00107 -0.00426 0.00213
3976.774 -0.00213 0.00320 -0.00320
3976.779 -0.00426 -0.00213 -0.00533
3976.784 -0.00852 0.00852 -0.00213
3976.789 -0.00213 0.00000 0.01172
3976.794 -0.00213 -0.00533 -0.00213
3976.799 -0.00852 0.00107 -0.00213
3976.804 -0.00213 0.00107 -0.00320
3976.809 -0.00213 0.00107 0.00107
3976.814 0.00000 0.00000 0.00639
3976.819 0.00213 -0.00213 -0.01172
3976.824 -0.00320 0.00000 0.00000
3976.829 -0.00107 -0.00426 -0.00533
3976.834 -0.00746 -0.00107 0.00426
3976.839 -0.00746 -0.00320 0.00533
3976.844 0.01278 -0.00320 0.00426
3976.849 -0.00107 -0.00426 0.00213
3976.854 -0.00213 -0.00533 -0.00746
3976.859 0.00320 -0.00107 -0.00213
3976.864 0.00107 0.00000 -0.00320
3976.869 0.00320 -0.00426 -0.00107
3976.874 0.00000 0.00107 0.00000
3976.879 -0.00426 -0.00639 -0.00107
3976.884 -0.00426 -0.00533 0.00000
3976.889 -0.00426 -0.00746 0.00213
3976.894 0.00213 0.00213 0.00213
3976.899 0.00320 -0.00426 -0.00426
3976.904 -0.00320 -0.00426 -0.00639
3976.909 -0.00213 -0.00959 -0.00746
3976.914 0.00107 -0.00320 -0.00320
3976.920 -0.00213 0.00320 -0.00533
3976.924 -0.00320 0.00533 -0.01172
3976.930 0.00000 0.00639 0.00959
3976.935 -0.00959 -0.00213 -0.00426
3976.940 0.00213 -0.00213 -0.00426
3976.945 -0.00320 0.00426 -0.00213
3976.950 -0.00320 -0.00213 0.00213
3976.955 -0.00426 -0.00107 -0.00213
3976.960 -0.00639 0.00107 0.00107
3976.965 -0.00213 -0.00213 0.00107
3976.970 -0.00533 0.00426 -0.00533
3976.975 -0.00746 0.00213 -0.00213
3976.980 -0.01278 0.00000 -0.00320
3976.985 -0.00639 -0.00639 -0.00107
3976.990 -0.00533 0.00000 0.00213
3976.995 -0.00107 0.00959 -0.00639
3977.000 -0.00533 -0.01491 0.00000
3977.005 0.00000 -0.00746 -0.00320
3977.010 -0.00639 -0.01385 0.00213
3977.015 0.00213 -0.00746 0.00107
3977.020 -0.00107 -0.00746 -0.01172
3977.025 0.00213 -0.00746 -0.00426
3977.030 -0.00107 -0.00107 -0.00213
3977.035 0.00746 -0.01172 0.00213
3977.040 0.00852 0.00746 -0.00320
3977.045 0.00213 -0.00746 -0.00320
3977.050 -0.00320 0.00107 0.00320
3977.055 -0.01172 -0.00107 -0.01065
3977.060 0.00639 -0.00107 -0.00213
3977.065 0.00320 0.00426 0.00213
3977.070 0.00000 -0.00107 -0.00533
3977.075 0.00107 -0.01172 0.00320
3977.081 -0.00639 -0.00639 0.00320
3977.086 -0.00107 -0.00746 0.00533
3977.091 -0.00533 0.00107 0.00107
3977.096 0.00320 0.00107 0.00533
3977.101 0.00107 -0.00107 -0.00213
3977.106 0.00000 -0.00213 0.00533
3977.111 -0.00426 -0.00746 -0.00852
3977.116 -0.00213 -0.00320 -0.00959
3977.121 0.00213 -0.00959 -0.00107
3977.126 -0.00213 -0.00107 0.00320
3977.131 -0.00320 -0.00213 -0.00107
3977.136 -0.00213 -0.00320 -0.00426
3977.141 -0.00533 -0.00533 0.00320
3977.146 -0.00107 0.00107 -0.00213
3977.151 -0.00533 0.00426 -0.00533
3977.156 0.00213 0.01385 -0.00639
3977.161 0.00213 -0.00107 -0.00320
3977.166 -0.00533 -0.00959 -0.00533
3977.171 0.00000 -0.00852 0.00000
3977.176 0.00213 -0.00426 -0.00746
3977.181 0.00213 0.00107 0.00107
3977.186 0.00746 0.00852 0.00426
3977.191 -0.01278 0.00107 -0.00320
3977.196 0.00107 -0.00426 0.00213
3977.201 -0.00852 -0.00533 0.00959
3977.206 -0.00320 -0.00426 -0.00320
3977.211 0.00533 0.00000 -0.00426
3977.216 -0.00426 0.00107 -0.00639
3977.221 -0.00426 -0.00213 0.00533
3977.226 -0.01065 -0.00533 -0.00107
3977.231 -0.00213 -0.00852 -0.00213
3977.236 -0.00213 0.00320 -0.00320
3977.242 0.00107 0.00426 -0.00213
3977.247 0.00426 0.00000 0.00426
3977.252 -0.00213 0.00320 -0.00746
3977.257 0.00533 -0.00107 -0.00320
3977.262 -0.00213 0.00533 -0.00213
3977.267 -0.00639 -0.00213 0.00000
3977.272 0.00746 -0.00213 0.00107
3977.277 -0.00426 -0.00852 -0.00320
3977.282 0.00852 0.00213 0.00213
3977.287 -0.00213 -0.00213 -0.00213
3977.292 0.00000 -0.00213 -0.00533
3977.297 0.00107 -0.00320 0.00213
3977.302 0.00000 -0.00107 0.00426
3977.307 -0.00213 0.00533 -0.00639
3977.312 -0.00320 -0.00107 0.00746
3977.317 -0.00213 -0.00320 0.00107
3977.322 -0.00959 0.00426 0.00107
3977.327 -0.01491 0.00000 0.00107
3977.332 -0.01172 -0.00107 0.00107
3977.337 -0.00320 -0.00107 0.00000
3977.342 -0.00426 0.00000 -0.00107
3977.347 -0.00959 0.00320 -0.00320
3977.352 -0.00213 0.00320 0.00533
3977.357 0.00320 -0.00107 0.01598
3977.362 0.00426 -0.00320 -0.00213
3977.367 -0.01172 -0.00213 -0.00213
3977.372 -0.00746 -0.00107 -0.00213
3977.377 -0.00426 0.00213 -0.00533
3977.382 0.00213 -0.00107 -0.00107
3977.387 -0.00107 -0.00320 0.00746
3977.392 0.00639 0.00746 -0.00639
3977.397 0.00320 -0.00213 0.00000
3977.402 -0.00426 -0.00746 0.00000
3977.407 0.00320 0.00000 -0.00213
3977.413 -0.00320 0.01065 0.00320
3977.418 -0.00426 -0.00639 0.00000
3977.423 -0.00746 -0.00533 -0.00320
3977.428 -0.00320 0.00000 0.00107
3977.433 0.00639 -0.00426 -0.00107
3977.438 -0.00533 -0.00107 -0.00107
3977.443 -0.00107 0.00426 0.00320
3977.448 0.00000 -0.00107 -0.00959
3977.453 -0.00639 -0.00426 0.00000
3977.458 0.00107 0.00320 0.00107
3977.463 -0.00639 -0.01172 0.00213
3977.468 -0.00107 -0.00533 0.00746
3977.473 -0.00213 -0.00746 -0.00107
3977.478 0.00533 0.00426 0.00320
3977.483 0.00107 0.00639 0.00000
3977.488 -0.00426 -0.00213 -0.00107
3977.493 -0.00746 0.00320 0.00533
3977.498 -0.00213 0.00000 -0.00533
3977.503 0.00213 -0.00426 -0.00746
3977.508 -0.00320 -0.00959 -0.00533
3977.513 -0.00107 -0.00426 -0.00426
3977.518 0.00107 0.00000 -0.00107
3977.523 0.00107 0.00320 -0.00107
3977.528 -0.00746 0.00000 -0.00533
3977.533 -0.00107 0.00639 -0.00533
3977.538 0.00320 -0.00746 -0.00426
3977.543 -0.00320 -0.00320 0.00320
3977.548 -0.00426 -0.00213 -0.00320
3977.553 -0.00107 -0.00852 0.00533
3977.558 0.00320 -0.00639 0.00107
3977.563 0.00852 0.00000 0.00213
3977.568 -0.00746 -0.00107 -0.00107
3977.573 -0.00107 0.00000 0.00320
3977.578 -0.00213 -0.00639 0.00533
3977.583 -0.00320 -0.00426 -0.00959
3977.588 -0.00639 -0.00320 -0.00213
3977.593 -0.00107 0.00107 0.00000
3977.598 0.00000 0.00000 0.00000
3977.604 0.00320 0.00213 0.00639
3977.609 0.00107 0.00533 0.00107
3977.614 -0.00852 0.00107 -0.00320
3977.619 0.02131 0.00213 -0.00639
3977.624 0.00852 -0.00107 0.00320
3977.629 -0.00426 -0.00533 0.00000
3977.634 -0.00959 -0.00533 0.00213
3977.639 0.00213 0.00320 0.00107
3977.644 -0.00213 0.00107 0.01385
3977.649 -0.00213 -0.00320 0.00533
3977.654 -0.00213 -0.00533 -0.00107
3977.659 -0.00852 -0.00533 0.00107
3977.664 -0.00213 0.00320 -0.00213
3977.669 0.00000 0.00107 0.00213
3977.674 0.00426 -0.00426 -0.00639
3977.679 -0.00107 -0.00639 0.00533
3977.684 -0.00107 -0.00107 0.01065
3977.689 0.00107 0.00639 -0.00107
3977.694 -0.00213 -0.00533 0.00213
3977.699 -0.00107 0.00320 0.00000
3977.704 -0.01172 0.01385 0.00213
3977.709 0.00213 0.00639 -0.00213
3977.714 0.00533 -0.00426 -0.00320
3977.719 -0.01065 -0.00959 -0.00320
3977.724 -0.00426 -0.00426 -0.00746
3977.729 0.00000 -0.00213 -0.00533
3977.734 0.00746 0.00000 -0.00107
3977.739 0.00107 0.00107 0.00533
3977.745 0.00000 -0.00107 -0.00320
3977.750 -0.00213 0.00000 -0.00107
3977.755 -0.00852 0.00000 0.00426
3977.760 -0.00213 -0.01172 -0.00213
3977.765 -0.00107 -0.00107 0.00213
3977.770 -0.00533 0.00000 -0.00639
3977.775 0.00320 -0.00320 0.00107
3977.780 -0.00426 -0.00639 -0.00533
3977.785 -0.00852 -0.00426 -0.00746
3977.790 0.00000 0.00107 0.00213
3977.795 -0.01172 -0.00533 0.00639
3977.800 -0.00746 0.00213 0.00000
3977.805 -0.00852 -0.00213 -0.00213
3977.810 -0.00107 -0.00107 0.00107
3977.815 0.00000 -0.00533 -0.00426
3977.820 -0.00320 0.01065 0.00533
3977.825 -0.00213 0.00533 -0.00213
3977.830 0.00000 0.00107 -0.00426
3977.835 -0.00639 -0.01065 -0.00107
3977.840 -0.00533 -0.00213 0.00320
3977.845 -0.00320 0.00213 -0.00533
3977.850 -0.00213 -0.00107 0.00000
3977.855 0.00107 -0.01811 0.00320
3977.860 -0.00639 -0.01598 0.00426
3977.865 -0.00533 -0.00533 0.00320
3977.870 -0.00107 -0.00426 -0.00746
3977.875 -0.00107 -0.00213 -0.00320
3977.880 -0.00426 0.00000 -0.00213
3977.885 -0.00852 0.00852 -0.00746
3977.890 -0.00213 -0.00533 -0.00746
3977.895 -0.00426 -0.00959 -0.00320
3977.900 -0.00426 -0.00320 0.00000
3977.906 -0.00320 0.00213 -0.00533
3977.911 -0.00213 0.00107 0.00000
3977.916 -0.00107 0.00426 0.00533
3977.920 0.00320 0.00213 0.00107
3977.926 -0.01385 -0.00213 0.00320
3977.931 -0.00107 -0.00213 0.00213
3977.936 0.00000 0.00320 -0.00426
3977.941 -0.00639 0.00213 0.00426
3977.946 0.00213 0.00107 -0.00426
3977.951 -0.00320 0.00426 -0.00852
3977.956 -0.00959 -0.00426 0.00000
3977.961 -0.00213 0.00000 0.00852
3977.966 -0.00426 -0.00426 0.00107
3977.971 -0.00107 0.00533 -0.00213
3977.976 -0.00533 -0.00533 0.00000
3977.981 -0.00639 -0.00852 -0.00213
3977.986 0.00320 0.00107 0.00107
3977.991 0.00107 -0.00107 -0.00746
3977.996 -0.00639 -0.00746 0.00213
3978.001 0.00107 -0.00426 0.00000
3978.006 -0.00533 0.00852 0.00639
3978.011 0.00107 0.00639 -0.00320
3978.016 -0.00107 -0.00107 -0.00320
3978.021 -0.00213 -0.00213 0.00426
3978.026 0.00107 -0.00213 -0.00107
3978.031 0.00639 0.00000 -0.00107
3978.036 -0.00320 -0.00107 -0.00213
3978.041 -0.00533 -0.00852 -0.00639
3978.046 -0.00320 -0.00426 -0.00213
3978.051 0.00107 -0.00320 0.00213
3978.056 -0.00107 0.00639 0.00107
3978.061 0.00320 0.00107 0.00107
3978.067 -0.00639 0.00000 0.00000
3978.072 -0.00320 0.00639 -0.00107
3978.077 -0.00107 -0.00213 -0.00213
3978.082 0.00107 -0.00320 0.00320
3978.087 -0.00533 0.00320 -0.00107
3978.092 0.00639 -0.00107 -0.00320
3978.097 -0.00213 -0.00320 -0.00639
3978.102 0.00000 -0.00746 -0.00320
3978.107 0.00320 -0.00107 -0.00533
3978.112 -0.00959 0.00320 -0.00320
3978.117 0.00000 0.00213 0.00639
3978.122 -0.00852 -0.00533 -0.00320
3978.127 -0.00107 -0.00107 -0.00213
3978.132 0.00639 -0.00533 0.00320
3978.137 0.00320 -0.00213 0.00320
3978.142 -0.00320 -0.00107 0.00639
3978.147 0.00213 -0.01172 0.00426
3978.152 -0.00533 0.00213 -0.00320
3978.157 0.00000 0.00533 0.00533
3978.162 -0.00107 -0.00426 -0.00426
3978.167 0.00213 -0.00639 0.00213
3978.172 0.00213 0.00107 -0.00320
3978.177 0.00426 -0.00107 0.00426
3978.182 0.00000 -0.00533 -0.00107
3978.187 0.00746 0.00213 -0.00426
3978.192 -0.00852 0.00107 -0.00213
3978.197 -0.00426 0.00107 -0.00107
3978.202 0.00320 0.00320 0.00000
3978.207 -0.00213 -0.00746 0.00213
3978.212 0.00639 0.01065 0.00000
3978.217 -0.01065 0.00533 0.00107
3978.222 -0.00639 0.00000 0.01065
3978.227 -0.00320 0.00959 0.00746
3978.232 0.00000 0.00639 -0.00852
3978.238 0.00107 0.00213 0.00533
3978.243 -0.00639 -0.00107 -0.00426
3978.248 0.00213 0.00000 0.00320
3978.253 -0.00213 0.00533 -0.00533
3978.258 -0.00426 -0.00320 0.00000
3978.263 0.00426 -0.00639 -0.00320
3978.268 -0.00533 0.01385 0.00959
3978.273 -0.00107 -0.00320 0.00000
3978.278 -0.00107 0.01278 -0.00107
3978.283 -0.00533 -0.00426 0.00000
3978.288 -0.00852 -0.00639 0.00426
3978.293 -0.00746 0.00107 0.00000
3978.298 -0.00426 -0.00852 0.00320
3978.303 -0.00426 -0.01491 0.00213
3978.308 -0.00746 -0.00213 0.00000
3978.313 0.00213 -0.00320 -0.00533
3978.318 -0.00213 -0.00107 -0.00639
3978.323 0.00000 0.00320 0.01278
3978.328 -0.00320 0.00213 0.00107
3978.333 0.00000 0.00320 -0.00746
3978.338 0.00533 -0.01065 -0.00320
3978.343 -0.00746 0.00426 0.00320
3978.348 0.00639 0.00426 0.00533
3978.353 0.00639 0.00639 -0.00213
3978.358 -0.01278 -0.00533 -0.00426
3978.363 -0.00639 0.00107 -0.00852
3978.368 0.00000 0.00320 0.00639
3978.373 -0.00852 -0.00107 0.00000
3978.379 0.00533 -0.00320 0.00320
3978.384 0.00426 0.00533 -0.00107
3978.389 0.00639 0.00213 0.00213
3978.394 -0.00107 -0.00213 0.00000
3978.399 -0.00426 0.00000 -0.00320
3978.404 -0.00426 -0.00213 0.00000
3978.409 0.01065 0.00000 0.00000
3978.414 0.00107 0.00213 -0.00213
3978.419 0.00000 0.00107 -0.00107
3978.424 -0.00107 0.00000 0.00852
3978.429 0.00213 0.00320 -0.00320
3978.434 -0.00426 -0.01278 0.00426
3978.439 0.00107 -0.00852 -0.00852
3978.444 0.00107 -0.00213 0.00213
3978.449 -0.00213 0.00746 -0.00959
3978.454 0.00533 0.00959 -0.00852
3978.459 0.00107 -0.00213 -0.00320
3978.464 -0.00320 0.00533 0.00107
3978.469 0.00533 0.00107 -0.00107
3978.474 -0.00852 0.00320 -0.00746
3978.479 -0.00746 -0.00213 0.00107
3978.484 0.00213 0.00107 -0.00426
3978.489 0.00000 -0.00639 0.00107
3978.494 0.00213 0.00107 -0.00213
3978.499 0.00213 -0.00107 0.00000
3978.504 0.00639 -0.00533 0.00533
3978.509 -0.00107 0.00000 -0.00533
3978.514 0.00639 0.00000 -0.00107
3978.519 0.00107 -0.00213 0.00426
3978.524 0.00426 -0.00320 0.00639
3978.529 0.00107 -0.00533 0.00213
3978.534 -0.00213 0.00000 0.00000
3978.539 0.00852 0.00107 -0.00320
3978.544 -0.00746 0.00107 0.00426
3978.550 -0.00107 0.00000 -0.00426
3978.555 -0.00746 -0.00107 -0.00213
3978.560 -0.00533 0.00000 -0.00213
3978.565 0.00000 -0.00320 0.00320
3978.570 0.00000 -0.00320 0.00426
3978.575 -0.00426 -0.01065 -0.00426
3978.580 -0.00639 -0.00746 -0.00320
3978.585 -0.00320 -0.00107 0.00533
3978.590 0.00320 -0.00426 -0.00320
3978.595 -0.00852 -0.00959 -0.00426
3978.600 0.00000 0.00639 -0.00107
3978.605 -0.00320 0.01172 -0.00426
3978.610 -0.00533 0.00213 -0.00107
3978.615 0.00107 0.00213 -0.00107
3978.620 0.00000 0.00426 0.00107
3978.625 -0.00107 -0.00533 0.00000
3978.630 0.00320 0.00213 -0.00107
3978.635 0.00533 -0.00213 -0.00959
3978.640 0.00107 0.00533 -0.00426
3978.645 -0.00213 -0.01385 0.00107
3978.650 0.00213 -0.00320 -0.00533
3978.655 0.01385 -0.00746 -0.00639
3978.660 0.00320 -0.00213 -0.00852
3978.665 0.00213 0.00426 0.00107
3978.670 0.00213 -0.00746 -0.00639
3978.675 -0.00533 0.00000 0.00320
3978.680 0.00000 -0.00213 -0.00426
3978.685 0.00000 0.01065 -0.00107
3978.690 0.00213 -0.00426 -0.00426
3978.695 -0.00320 -0.00107 0.00213
3978.700 -0.00213 -0.00746 -0.00320
3978.705 0.00107 -0.00852 0.00533
3978.711 -0.00107 0.00320 -0.00107
3978.716 0.00639 0.01385 -0.00426
3978.721 -0.00639 -0.00959 -0.00426
3978.726 -0.00426 0.00107 0.00213
3978.731 -0.00107 -0.00107 0.00107
3978.736 0.00000 -0.00639 -0.00639
3978.741 0.00213 0.00107 0.00213
3978.746 -0.00107 -0.00746 0.00107
3978.751 -0.00320 0.00213 0.01385
3978.756 0.00533 -0.00320 0.00000
3978.761 0.00213 -0.00320 -0.00959
3978.766 0.00213 -0.00107 -0.00213
3978.771 0.00107 0.00320 0.00852
3978.776 0.00107 0.00107 -0.00852
3978.781 -0.00746 0.00213 0.00213
3978.786 -0.00107 -0.00639 -0.00533
3978.791 0.00213 -0.00533 -0.00320
3978.796 0.00639 0.00320 -0.00213
3978.801 -0.00746 0.00533 -0.00107
3978.806 0.00426 -0.00107 -0.00746
3978.811 0.00000 0.00107 -0.00320
3978.816 -0.00852 -0.00213 -0.00746
3978.821 -0.00959 -0.00426 0.00107
3978.826 -0.00533 -0.00639 0.00213
3978.831 -0.00320 0.00107 0.00426
3978.836 -0.00107 -0.00320 -0.00320
3978.841 -0.00746 -0.00959 -0.00639
3978.846 0.00107 0.00213 -0.00426
3978.851 -0.01811 0.00213 0.01065
3978.856 0.00213 -0.00213 0.00852
3978.861 -0.00320 0.00107 -0.00320
3978.866 -0.00852 0.00107 0.00426
3978.872 -0.00746 -0.00213 -0.00426
3978.877 0.00639 -0.00426 -0.00320
3978.882 0.00320 0.00639 0.00746
3978.887 -0.00426 -0.00107 0.00107
3978.892 -0.00107 0.00213 0.00107
3978.897 0.00000 0.00213 -0.00852
3978.902 0.00000 -0.00639 0.00107
3978.907 0.00000 0.00000 0.00213
3978.912 -0.00533 -0.00320 -0.00107
3978.917 0.00000 -0.00213 0.00000
3978.922 0.00000 -0.00213 0.00320
3978.927 -0.00213 0.00000 -0.00639
3978.932 -0.00426 0.00213 -0.00213
3978.937 -0.00107 0.00320 0.00426
3978.942 0.00533 0.00426 0.00107
3978.947 0.00107 0.00320 -0.00639
3978.952 0.00107 -0.00213 0.01065
3978.957 -0.00213 -0.00107 0.00107
3978.962 0.01065 0.00426 0.00107
3978.967 -0.00213 0.00320 0.00107
3978.972 0.00213 0.00320 0.00320
3978.977 -0.00320 -0.00107 -0.00213
3978.982 -0.00107 -0.00213 -0.00426
3978.987 -0.00959 0.00320 0.00320
3978.992 -0.01278 -0.00213 0.00107
3978.997 -0.00426 -0.00107 0.00533
3979.002 -0.00426 0.00107 -0.00320
3979.007 -0.01065 -0.00533 -0.00107
3979.012 -0.00533 -0.00533 0.00320
3979.017 0.00107 0.00533 -0.00426
3979.022 0.00639 0.00639 -0.00213
3979.027 -0.00320 -0.00320 -0.00533
3979.032 0.00107 0.00213 0.01278
3979.037 -0.00320 -0.00320 0.00107
3979.043 -0.00746 0.00213 -0.00639
3979.048 0.00000 0.00533 0.00000
3979.053 0.00426 -0.01065 -0.00533
3979.058 0.00107 0.01278 0.00746
3979.063 0.00426 0.00213 0.00320
3979.068 0.00213 0.00107 -0.00213
3979.073 -0.00639 -0.00746 -0.00320
3979.078 -0.00107 0.00000 -0.00959
3979.083 -0.00320 -0.00426 0.00107
3979.088 0.00320 0.00107 -0.00426
3979.093 0.00533 0.00426 0.00000
3979.098 -0.00107 -0.01065 -0.00107
3979.103 0.00000 0.00213 0.00213
3979.108 -0.00426 0.00533 -0.00320
3979.113 -0.00426 0.00213 -0.00213
3979.118 0.00320 -0.00213 0.00107
3979.123 -0.00107 0.00000 -0.00320
3979.128 -0.00639 0.00107 -0.01172
3979.133 0.00533 0.01278 -0.00746
3979.138 -0.00533 0.00852 0.00213
3979.143 -0.00639 0.00000 -0.00533
3979.148 -0.00852 -0.00107 -0.00107
3979.153 0.00107 0.00213 0.00000
3979.158 -0.00107 0.00426 -0.00533
3979.163 0.00000 0.00000 0.00213
3979.168 -0.00213 -0.00426 -0.00320
3979.173 -0.00533 0.00213 0.00320
3979.178 -0.00320 0.00107 0.00000
3979.183 0.00107 -0.00320 0.00107
3979.188 -0.00320 0.00213 -0.00213
3979.193 -0.00213 -0.00320 -0.00107
3979.198 0.00107 -0.00213 -0.00213
3979.203 -0.00533 -0.01065 0.00107
3979.208 0.00213 0.01065 -0.00320
3979.213 -0.00213 -0.00639 -0.00213
3979.218 -0.00320 -0.00426 -0.00639
3979.223 0.00107 0.00320 0.00852
3979.228 -0.00107 -0.00320 -0.00107
3979.233 -0.00213 0.00533 -0.00959
3979.238 0.00533 0.00000 0.00213
3979.244 -0.00213 -0.00426 -0.00320
3979.249 -0.00213 -0.00213 0.00213
3979.254 -0.00320 -0.00426 0.00000
3979.259 0.00320 -0.00107 0.00107
3979.264 -0.00320 -0.00746 0.00213
3979.269 0.00000 0.00000 -0.00959
3979.274 -0.00426 0.00107 0.00320
3979.279 -0.00426 0.01065 0.00746
3979.284 0.00213 -0.00107 0.00107
3979.289 0.00107 -0.00107 -0.00213
3979.294 0.00107 -0.00533 0.00639
3979.299 -0.00426 -0.00107 0.00213
3979.304 0.00533 0.00213 0.00426
3979.309 0.00320 -0.00320 0.00107
3979.314 -0.00746 -0.00426 0.00320
3979.319 -0.00320 0.00107 -0.00107
3979.324 -0.00852 -0.00852 0.00107
3979.329 -0.00639 -0.00320 0.00426
3979.334 -0.00426 0.00320 -0.00746
3979.339 0.00213 0.00000 0.00320
3979.344 0.00213 -0.00213 0.00213
3979.349 0.00320 -0.00107 -0.01065
3979.354 -0.00852 -0.00107 -0.00213
3979.359 -0.00107 0.00320 0.00000
3979.364 0.00107 -0.00746 0.00107
3979.369 -0.01065 -0.00320 0.00426
3979.374 0.00533 0.00213 -0.00107
3979.379 0.00746 0.00426 0.00320
3979.384 0.00213 0.00320 -0.00426
3979.389 0.00639 -0.00533 -0.00213
3979.395 -0.00426 -0.00746 0.00213
3979.400 0.00746 -0.00213 0.00852
3979.404 0.00746 -0.00320 0.00107
3979.409 -0.00852 -0.00213 -0.00213
3979.415 0.00320 -0.00959 -0.00746
3979.420 -0.00639 -0.00426 -0.00533
3979.425 -0.00107 -0.01278 -0.00746
3979.430 0.00213 -0.00426 0.00107
3979.435 -0.00213 -0.00533 0.00000
3979.440 -0.00320 -0.00213 0.00320
3979.445 0.00000 0.00213 -0.00320
3979.450 -0.00533 0.00107 -0.00213
3979.455 0.00107 0.00213 -0.00639
3979.460 -0.00107 -0.00426 -0.00746
3979.465 0.01172 -0.01385 -0.00852
3979.470 0.00320 -0.00320 -0.00320
3979.475 -0.01065 -0.00533 -0.00213
3979.480 -0.00213 -0.00533 0.00107
3979.485 0.00959 0.00426 -0.00213
3979.490 0.00000 0.00320 -0.00639
3979.495 -0.00320 -0.00426 -0.00320
3979.500 -0.00533 -0.00533 -0.00852
3979.505 -0.00320 0.00000 -0.00852
3979.510 -0.00746 -0.00426 0.00000
3979.515 0.00320 0.00213 0.00426
3979.520 0.00320 -0.00107 -0.00107
3979.525 -0.00426 -0.00426 -0.00746
3979.530 -0.00639 0.00000 -0.00213
3979.536 -0.00639 -0.00746 0.00107
3979.541 -0.00213 0.00320 -0.00213
3979.546 -0.01278 0.00107 -0.00746
3979.551 0.00639 -0.00213 0.00107
3979.556 0.00959 -0.00107 0.00000
3979.561 -0.00107 0.00746 -0.00320
3979.566 0.00213 -0.00320 -0.00320
3979.571 -0.00533 -0.00213 0.00107
3979.576 0.00320 -0.00213 0.00000
3979.581 0.00000 -0.00213 -0.00426
3979.586 -0.00107 -0.00213 0.00213
3979.591 0.00320 -0.00426 0.00000
3979.596 -0.00852 0.00000 -0.00213
3979.601 0.00000 -0.00639 0.00107
3979.606 -0.00107 0.00213 0.01917
3979.611 -0.00639 0.00213 -0.00426
3979.616 -0.00107 -0.00320 0.00213
3979.621 0.00639 0.00107 0.00746
3979.626 0.00107 0.00000 0.00213
3979.631 -0.00213 0.00746 -0.00107
3979.636 -0.00533 0.00746 -0.00213
3979.641 -0.00533 -0.01385 0.00213
3979.646 0.00107 0.01065 0.00639
3979.651 -0.00639 0.00000 -0.00213
3979.656 -0.01172 -0.00426 0.00107
3979.661 -0.00426 -0.00213 -0.00639
3979.666 -0.00213 -0.00320 0.00320
3979.671 0.00000 -0.00639 0.01065
3979.676 -0.00213 -0.00746 -0.00107
3979.681 -0.00107 -0.00852 0.00426
3979.686 -0.00320 -0.00639 -0.00320
3979.691 -0.00426 -0.00213 -0.00213
3979.697 -0.01598 -0.00213 -0.01065
3979.702 -0.00746 -0.00639 -0.00320
3979.707 0.00213 -0.00639 0.01172
3979.712 0.00000 -0.00107 0.00213
3979.717 -0.00213 0.00426 -0.00107
3979.722 -0.00533 -0.00320 0.00639
3979.727 0.00213 0.00000 0.00000
3979.732 -0.00213 -0.00107 -0.00320
3979.737 -0.00533 -0.00426 0.00320
3979.742 -0.00426 -0.00426 0.00320
3979.747 -0.00639 -0.00320 -0.00213
3979.752 0.00533 -0.00533 -0.00213
3979.757 0.00639 0.00107 -0.00107
3979.762 -0.00426 -0.00959 -0.00426
3979.767 -0.00533 -0.00639 0.00213
3979.772 -0.00213 -0.00107 -0.00426
3979.777 0.01172 -0.00320 -0.00852
3979.782 -0.00213 0.00426 -0.00533
3979.787 0.00639 0.00533 0.00000
3979.792 -0.00320 -0.00213 -0.00639
3979.797 0.00107 0.00320 0.00959
3979.802 0.00533 0.00852 0.00320
3979.807 -0.00107 -0.00639 -0.00213
3979.812 -0.00533 -0.00533 0.00213
3979.817 -0.00213 0.00107 0.00639
3979.822 -0.00746 -0.00320 -0.00320
3979.827 -0.00746 -0.01065 -0.00746
3979.832 -0.00320 0.00320 -0.00426
3979.838 0.00000 -0.00213 -0.00213
3979.843 -0.00533 0.00852 -0.00746
3979.848 -0.00213 0.00320 -0.00852
3979.853 0.00426 -0.00533 0.00107
3979.858 -0.00533 -0.00213 -0.00213
3979.863 -0.00533 -0.00107 0.00426
3979.868 0.00426 -0.01065 0.00639
3979.873 0.00426 0.00533 0.00639
3979.878 0.00320 -0.00213 0.00320
3979.883 0.00107 -0.00426 0.00000
3979.888 -0.00959 -0.00426 -0.01065
3979.893 0.00639 -0.00320 -0.00107
3979.898 0.00000 -0.00107 0.00533
3979.903 -0.00533 0.00000 -0.00533
3979.908 -0.00320 -0.00533 0.00639
3979.913 -0.00107 0.00213 -0.00959
3979.918 0.00107 -0.00320 0.00533
3979.923 0.01172 0.00213 -0.00320
3979.928 -0.00959 0.00000 -0.00213
3979.933 -0.00107 -0.00213 -0.01598
3979.938 -0.00213 -0.00320 0.00107
3979.943 0.00000 0.00533 -0.00746
3979.948 -0.00639 0.00426 0.00000
3979.953 -0.00639 -0.00213 -0.00639
3979.958 0.00852 0.00107 -0.00852
3979.963 0.00320 -0.00639 0.00213
3979.968 -0.00213 -0.00746 -0.00639
3979.973 -0.00852 0.00107 0.00000
3979.978 -0.00639 0.00213 -0.00320
3979.983 -0.00320 -0.01065 0.00320
3979.988 0.00426 0.01065 -0.01598
3979.993 0.00320 -0.00426 0.00000
3979.999 0.00426 0.00213 -0.00852
3980.004 0.00533 0.00000 0.00426
3980.009 -0.00426 0.00107 -0.00320
3980.014 0.00000 0.00213 0.00320
3980.019 -0.00746 -0.00426 -0.00107
3980.024 -0.00320 0.00000 -0.00107
3980.029 0.00107 -0.00320 0.00426
3980.034 -0.00639 -0.00107 -0.00107
3980.039 -0.00426 -0.00426 -0.00213
3980.044 -0.00746 -0.00852 -0.00959
3980.049 0.00213 -0.00426 0.00533
3980.054 -0.00107 0.00107 0.00213
3980.059 0.00107 -0.00213 -0.00320
3980.064 -0.00107 -0.00107 0.00000
3980.069 0.00000 0.00746 -0.00320
3980.074 -0.00107 -0.00852 -0.00533
3980.079 -0.01065 -0.00746 -0.00320
3980.084 0.00213 0.00000 0.00533
3980.089 0.00107 0.00107 -0.00426
3980.094 0.00320 -0.00746 0.00107
3980.099 -0.00533 -0.00533 0.00107
3980.104 0.00959 0.00000 0.00426
3980.109 0.00852 0.00107 -0.00213
3980.114 -0.00533 -0.00746 0.00000
3980.119 -0.00959 -0.00533 0.00213
3980.124 -0.00746 -0.00426 0.00639
3980.129 -0.00639 0.01278 0.00213
3980.134 -0.01172 -0.00213 -0.00639
3980.139 -0.00426 0.00533 -0.00320
3980.144 -0.00213 -0.00746 0.00959
3980.149 0.00320 0.00213 0.00000
3980.154 -0.00852 0.00107 -0.00213
3980.159 0.00320 0.00426 -0.00107
3980.164 -0.00107 0.00000 -0.00320
3980.169 0.00107 -0.01065 -0.00213
3980.174 0.00213 -0.00746 0.00213
3980.179 -0.00320 -0.00639 -0.00533
3980.184 0.00426 0.00746 0.00000
3980.189 -0.00213 -0.00107 0.00320
3980.194 -0.00746 -0.00426 0.00000
3980.200 -0.00107 0.00107 -0.00533
3980.205 0.00320 -0.00426 -0.00426
3980.210 -0.00107 -0.00213 0.00213
3980.215 0.00320 -0.00426 0.01065
3980.220 0.00000 0.00213 0.00213
3980.225 0.00107 0.00107 -0.00107
3980.230 -0.00213 0.00107 -0.00213
3980.235 -0.00959 -0.00320 0.00320
3980.240 0.00107 0.00320 0.00213
3980.245 0.00533 0.00639 -0.00426
3980.250 -0.00746 -0.00107 -0.00426
3980.255 -0.00426 0.00000 -0.00213
3980.260 -0.00533 0.00213 0.00000
3980.265 0.00107 0.00426 0.00426
3980.270 0.00213 0.00320 -0.00852
3980.275 -0.00320 0.00000 0.00320
3980.280 -0.00533 -0.01065 -0.00852
3980.285 0.00000 0.01065 0.00107
3980.290 0.00000 -0.00426 0.00746
3980.295 -0.00107 0.00107 -0.00107
3980.300 -0.00533 -0.00107 0.00320
3980.305 -0.00107 -0.00213 -0.00426
3980.310 0.00000 -0.00426 -0.00533
3980.315 -0.00213 -0.01172 0.00107
3980.320 -0.00426 -0.00426 0.00000
3980.325 -0.00746 -0.00107 -0.00959
3980.330 -0.00533 -0.01065 -0.00320
3980.335 -0.00426 -0.00320 -0.00107
3980.341 0.00426 0.00107 0.00213
3980.346 0.00320 0.01065 0.00107
3980.351 -0.00320 -0.00107 0.00000
3980.356 -0.00959 0.00746 -0.00107
3980.361 -0.00320 -0.00213 -0.00320
3980.366 0.00000 -0.00639 -0.01172
3980.371 -0.00107 -0.00533 -0.00107
3980.376 -0.00426 0.00426 0.00533
3980.381 -0.00533 -0.00107 0.00533
3980.386 0.00000 0.00213 -0.00320
3980.391 -0.00852 0.00639 -0.00320
3980.396 0.00000 -0.00426 0.00107
3980.401 -0.00320 -0.00639 -0.00639
3980.406 0.00000 -0.00107 -0.00533
3980.411 -0.00426 0.00000 0.00107
3980.416 0.00426 0.00426 -0.00320
3980.421 -0.01065 0.00533 0.00426
3980.426 -0.00213 0.00107 -0.00426
3980.431 -0.01065 -0.00213 -0.00213
3980.436 0.00107 0.00426 0.00213
3980.441 0.00107 0.00000 0.00107
3980.446 -0.00107 -0.00213 -0.00639
3980.451 0.00107 0.00426 -0.00426
3980.456 -0.01385 0.00000 -0.00852
3980.461 0.00107 -0.00107 0.00107
3980.466 -0.00533 0.00107 -0.00746
3980.471 -0.01278 -0.00639 0.00000
3980.476 0.00533 -0.00213 0.00107
3980.481 0.00107 0.00213 0.00639
3980.486 -0.00533 0.00000 -0.00107
3980.492 -0.01278 -0.00533 0.00000
3980.497 -0.00533 0.00000 0.00000
3980.501 -0.00107 0.00000 -0.00533
3980.506 -0.00959 -0.00426 -0.00213
3980.512 -0.00107 -0.00746 0.00107
3980.517 -0.01172 -0.00959 -0.00213
3980.522 -0.00107 0.00000 -0.00320
3980.527 0.00107 0.00000 -0.00426
3980.532 0.00320 -0.00746 0.00000
3980.537 0.00107 -0.01491 -0.00320
3980.542 -0.00852 0.00107 -0.00533
3980.547 0.00746 -0.01065 -0.00426
3980.552 0.00320 -0.00213 -0.00426
3980.557 -0.00852 0.00426 0.00320
3980.562 0.00533 -0.00639 0.00213
3980.567 -0.00213 -0.00107 0.00107
3980.572 0.00213 -0.00426 -0.00320
3980.577 0.00852 -0.00107 -0.00320
3980.582 -0.00959 0.00107 -0.00320
3980.587 -0.00426 -0.00426 0.00000
3980.592 -0.00852 -0.00639 0.00639
3980.597 -0.01385 -0.00533 -0.00426
3980.602 -0.00213 -0.00852 0.00000
3980.607 -0.00213 0.00533 -0.00852
3980.612 -0.00320 0.00000 -0.00746
3980.617 -0.00426 0.00426 -0.00213
3980.622 -0.00320 -0.00107 0.00213
3980.627 -0.00213 0.00959 -0.00213
3980.632 -0.00426 -0.00107 -0.00320
3980.637 -0.00426 0.00107 0.00213
3980.642 -0.00107 -0.00426 -0.00746
3980.647 -0.00320 -0.00107 -0.00533
3980.653 -0.00107 -0.00959 -0.00639
3980.658 0.00107 0.00320 0.00320
3980.663 0.01704 -0.00746 -0.00426
3980.668 -0.00639 0.00426 -0.00320
3980.673 -0.00213 0.00000 -0.00852
3980.678 -0.01704 -0.00426 -0.00639
3980.683 -0.00213 0.01065 0.00426
3980.688 -0.00426 0.01065 0.00426
3980.693 -0.00320 -0.00426 0.00000
3980.698 -0.00533 0.00000 -0.00107
3980.703 -0.00320 -0.00107 0.00107
3980.708 0.00213 -0.00107 -0.00107
3980.713 0.00320 -0.00320 -0.00107
3980.718 0.00426 0.00746 0.00213
3980.723 0.00533 0.00533 -0.00426
3980.728 0.00426 -0.00852 -0.00107
3980.733 -0.00213 -0.01385 -0.00533
3980.738 -0.00746 -0.00639 0.00426
3980.743 -0.00533 -0.00746 0.00000
3980.748 -0.00320 -0.00959 0.00426
3980.753 -0.00852 -0.00426 -0.00639
3980.758 -0.00533 -0.00213 0.00000
3980.763 -0.00213 -0.00107 -0.01917
3980.768 0.00533 0.00533 -0.00320
3980.773 -0.00107 0.01065 0.00426
3980.778 0.00107 -0.00213 -0.00213
3980.783 0.00426 -0.00213 0.00107
3980.788 -0.01065 0.00000 -0.00213
3980.793 0.00107 0.00320 -0.00852
3980.798 0.00107 0.00320 -0.01491
3980.803 0.00320 -0.01065 0.00533
3980.808 -0.00852 -0.00320 -0.00533
3980.813 0.00426 0.00639 0.00107
3980.818 0.00320 -0.00213 -0.00213
3980.824 0.00639 -0.00852 0.00426
3980.829 -0.00213 0.00639 -0.00107
3980.834 -0.00320 0.00213 -0.00852
3980.839 0.00426 -0.00320 0.00213
3980.844 -0.00107 0.00533 -0.00213
3980.849 -0.00639 -0.00107 -0.00533
3980.854 -0.01172 -0.00746 0.00320
3980.859 0.00320 -0.00320 -0.00426
3980.864 -0.00320 -0.00426 0.00533
3980.869 0.00000 -0.00533 -0.00533
3980.874 -0.00320 0.00533 -0.00746
3980.879 0.00213 0.00107 -0.00533
3980.884 0.00107 0.01491 0.00533
3980.889 0.00320 -0.00320 -0.00426
3980.894 -0.00639 -0.00533 -0.00533
3980.899 -0.00639 0.00320 0.00426
3980.904 -0.00107 -0.01065 -0.00213
3980.909 -0.00533 0.00213 -0.00426
3980.914 -0.00107 0.00533 0.00107
3980.919 -0.00107 -0.00320 -0.00320
3980.924 -0.00213 0.00852 0.00213
3980.929 -0.00320 -0.00213 0.00320
3980.934 -0.00426 0.00000 0.00000
3980.939 -0.01385 -0.00320 0.00213
3980.944 0.00107 0.00213 0.00639
3980.949 0.00213 -0.00320 0.00000
3980.954 0.00000 -0.01172 0.00320
3980.959 -0.00107 -0.00107 -0.00533
3980.964 -0.00426 -0.00107 -0.00213
3980.969 0.00426 -0.00533 -0.00213
3980.975 0.00000 0.00533 -0.00533
3980.980 -0.00107 -0.00533 0.00639
3980.985 -0.00852 -0.00213 -0.00213
3980.990 0.00000 -0.00107 0.00107
3980.995 -0.00959 -0.00533 -0.00426
3981.000 0.00426 -0.00320 -0.00107
3981.005 0.00639 0.00320 0.00533
3981.010 0.00000 -0.00852 0.00746
3981.015 -0.00107 0.00213 -0.00533
3981.020 -0.00533 -0.00320 -0.00959
3981.025 -0.00426 0.00213 -0.01278
3981.030 0.00213 -0.00320 0.00213
3981.035 0.00213 0.00000 0.00320
3981.040 -0.00213 -0.00320 -0.00107
3981.045 -0.00533 -0.00107 -0.00959
3981.050 -0.00639 0.00320 0.00320
3981.055 -0.00852 -0.00533 -0.00746
3981.060 -0.01172 -0.00426 0.00533
3981.065 -0.00533 0.00213 0.00107
3981.070 0.00852 0.01278 0.00213
3981.075 -0.00852 -0.00213 0.00000
3981.080 0.00959 0.00000 0.00107
3981.085 0.00533 0.00639 0.00107
3981.090 0.00107 -0.01065 0.00426
3981.095 0.00533 0.00213 0.00000
3981.100 -0.00746 0.00107 0.00000
3981.105 -0.00533 -0.00533 -0.00852
3981.110 -0.00533 -0.00959 0.00000
3981.115 0.00639 0.00852 0.00320
3981.120 0.00000 -0.00426 -0.00213
3981.125 -0.00426 -0.00959 -0.00533
3981.130 0.00107 -0.00107 -0.00107
3981.136 0.00107 0.00320 0.00852
3981.141 -0.00213 0.00320 0.00533
3981.146 0.00000 0.00426 -0.01278
3981.151 0.00852 -0.00320 0.00959
3981.156 -0.00213 0.00213 -0.00107
3981.161 -0.00426 0.00000 -0.00107
3981.166 0.00107 -0.00213 -0.00320
3981.171 -0.00639 -0.00320 0.01172
3981.176 0.00426 -0.00320 -0.00213
3981.181 -0.00107 0.00746 0.00746
3981.186 -0.00639 0.00000 0.00107
3981.191 0.00000 -0.00213 0.00320
3981.196 -0.00107 -0.00959 0.00000
3981.201 0.00852 -0.00426 0.00746
3981.206 -0.00426 -0.00959 0.00000
3981.211 0.00107 -0.00213 -0.00533
3981.216 0.00107 0.00639 0.01172
3981.221 0.00107 -0.00320 -0.00959
3981.226 0.00320 -0.00107 -0.00320
3981.231 -0.00639 -0.00639 0.00426
3981.236 0.00000 0.00213 0.00533
3981.241 -0.00213 0.00533 0.00000
3981.246 -0.00320 0.00107 -0.00852
3981.251 0.00320 0.00320 0.00000
3981.256 -0.00107 -0.00533 -0.00320
3981.261 -0.00320 -0.00426 0.00213
3981.266 -0.00320 -0.00746 -0.00533
3981.271 0.01385 -0.00107 0.00213
3981.276 -0.00426 0.00107 -0.00213
3981.281 -0.00639 -0.01278 -0.00107
3981.286 0.00533 -0.01172 -0.00426
3981.291 0.00426 0.00533 0.00959
3981.297 -0.00107 -0.00426 -0.00213
3981.302 -0.00320 0.00000 -0.00320
3981.307 0.00213 -0.00320 0.00000
3981.312 0.00639 -0.00852 0.00639
3981.317 0.00000 -0.00213 -0.01172
3981.322 -0.00746 0.00107 0.00320
3981.327 0.00746 -0.01065 0.00213
3981.332 -0.01278 -0.00426 -0.00746
3981.337 0.00213 0.00213 0.00426
3981.342 0.00320 -0.00959 0.00107
3981.347 0.00533 -0.00107 0.00107
3981.352 -0.00533 -0.01491 -0.00107
3981.357 -0.00213 0.00000 -0.00533
3981.362 0.00000 0.00107 0.00213
3981.367 -0.00213 0.00000 0.00107
3981.372 -0.00426 -0.00213 0.00533
3981.377 0.00107 0.00107 0.00639
3981.382 -0.00746 -0.00533 0.00000
3981.387 -0.00426 -0.00107 -0.00320
3981.392 -0.00639 -0.00107 0.00320
3981.397 0.00000 -0.00213 -0.00320
3981.402 -0.00213 0.00320 -0.00639
3981.407 -0.00852 -0.00320 0.00107
3981.412 -0.00107 -0.00746 -0.00107
3981.417 0.00320 0.00533 0.00000
3981.422 -0.00213 -0.00213 0.00000
3981.427 -0.01065 -0.00107 -0.00107
3981.432 0.00107 0.00320 0.00000
3981.437 0.00000 0.00852 0.00746
3981.442 -0.00107 0.00320 -0.00320
3981.447 -0.00533 -0.00959 0.00320
3981.452 -0.01917 0.00107 0.00320
3981.457 -0.00533 -0.00426 -0.00639
3981.462 0.00000 -0.00320 -0.00746
3981.468 0.00107 -0.00107 -0.00107
3981.473 0.00000 0.00107 -0.00107
3981.478 -0.00852 0.00320 -0.00639
3981.483 -0.00746 -0.00639 -0.00107
3981.488 0.00000 -0.00639 -0.00746
3981.493 -0.01172 0.00107 0.00533
3981.498 -0.00852 -0.01278 -0.00426
3981.503 -0.00533 0.00320 0.00213
3981.508 0.00426 -0.00426 0.00533
3981.513 -0.00213 -0.00107 0.00213
3981.518 0.01385 0.00320 0.00213
3981.523 -0.00107 0.00107 -0.00639
3981.528 -0.00533 0.00107 0.00107
3981.533 0.00320 -0.00426 0.00746
3981.538 0.00213 0.00533 0.00320
3981.543 -0.00426 0.00000 -0.00426
3981.548 0.00000 0.00213 0.00639
3981.553 0.00213 -0.00107 -0.00426
3981.558 0.00107 0.00639 0.00320
3981.563 -0.00639 0.00107 0.00213
3981.568 0.00320 0.00320 0.00213
3981.573 0.00533 -0.00213 -0.01172
3981.578 -0.00533 -0.00107 0.00639
3981.583 0.01278 -0.00426 -0.00639
3981.588 -0.00320 -0.00107 -0.00320
3981.593 0.00746 0.00426 0.00107
3981.598 -0.00852 0.00000 0.00000
3981.603 -0.00426 0.00320 -0.00426
3981.608 0.00213 -0.00426 0.00213
3981.613 0.00107 -0.00426 -0.00320
3981.618 0.00533 0.00639 -0.00213
3981.623 -0.00320 -0.00213 -0.00426
3981.628 0.00533 -0.00746 0.00426
3981.633 0.00320 -0.00107 -0.00213
3981.639 -0.00533 -0.00320 0.00000
3981.644 -0.00107 0.00213 -0.00533
3981.649 0.00426 0.00320 -0.00533
3981.654 0.00746 -0.00426 -0.00213
3981.659 -0.00533 -0.00107 0.00107
3981.664 0.00320 0.00639 0.00426
3981.669 0.01491 -0.00320 -0.00213
3981.674 -0.01385 -0.01278 0.00213
3981.679 0.00746 -0.00213 -0.00639
3981.684 -0.00639 0.00107 -0.00426
3981.689 -0.00107 -0.00213 0.00213
3981.694 -0.00320 -0.00107 0.00639
3981.699 -0.00746 0.00107 -0.00107
3981.704 0.00107 -0.00213 0.00320
3981.709 -0.00533 0.00426 -0.00746
3981.714 -0.00639 0.00000 -0.00533
3981.719 -0.00426 -0.00639 0.00213
3981.724 0.00000 0.00107 0.00320
3981.729 0.00320 -0.00213 -0.00107
3981.734 0.00107 -0.00320 0.00000
3981.739 -0.00639 0.00426 0.00107
3981.744 0.00959 0.00107 0.00213
3981.749 -0.00426 0.00959 -0.00426
3981.754 -0.00213 -0.00107 -0.00107
3981.759 0.00320 0.00852 0.00639
3981.764 0.00000 -0.00533 0.00213
3981.769 0.00000 -0.00852 0.00426
3981.774 -0.00107 0.00000 -0.00213
3981.779 -0.00959 -0.00959 0.00639
3981.784 0.00000 -0.00639 -0.00426
3981.789 0.00107 0.00533 -0.00213
3981.794 -0.00213 -0.00213 0.00000
3981.799 0.00426 -0.00746 0.00533
3981.804 -0.00533 -0.00320 0.00107
3981.810 0.00213 0.00959 0.00213
3981.815 -0.00213 0.00426 -0.00107
3981.820 0.00320 -0.00639 -0.00213
3981.825 0.00000 -0.00533 -0.00107
3981.830 0.00000 -0.00107 -0.01172
3981.835 0.00426 0.00426 -0.00320
3981.840 -0.00533 -0.00320 0.01491
3981.845 0.00746 0.00213 0.00000
3981.850 0.00213 -0.00533 -0.00426
3981.855 -0.00959 -0.00746 0.00213
3981.860 -0.00746 -0.00426 0.00213
3981.865 -0.00213 0.00639 0.01917
3981.870 -0.00107 -0.00107 -0.00213
3981.875 -0.00213 -0.00852 0.01065
3981.880 0.00533 0.00320 -0.00107
3981.885 -0.01172 0.00107 -0.00107
3981.890 -0.00213 0.00107 0.00107
3981.895 -0.01385 -0.00213 -0.00746
3981.900 -0.00959 -0.00320 -0.00320
3981.905 0.00213 0.00533 -0.00320
3981.910 0.00213 -0.00107 -0.00959
3981.915 0.00000 -0.00533 0.00213
3981.920 -0.01917 -0.00213 0.00213
3981.925 0.00213 0.00639 -0.00639
3981.930 -0.00639 0.00426 0.00107
3981.935 -0.00213 -0.00213 0.00320
3981.940 0.00000 0.00107 0.00746
3981.945 0.00213 -0.00107 0.00320
3981.950 -0.00320 0.00000 0.00000
3981.955 0.00639 0.00213 0.00426
3981.961 -0.00213 -0.00320 -0.00107
3981.966 -0.01172 0.00639 -0.00426
3981.970 0.00000 -0.00107 -0.00533
3981.975 -0.01172 -0.00639 0.00000
3981.980 0.00320 0.00107 0.00107
3981.985 0.00000 -0.00107 -0.00746
3981.991 0.00426 -0.00320 -0.00320
3981.996 -0.00746 -0.00746 0.00000
3982.001 0.00107 -0.00746 0.00107
3982.006 0.01491 -0.00746 -0.00533
3982.011 0.00000 -0.00639 -0.00533
3982.016 0.00000 -0.00959 -0.00533
3982.021 -0.00426 -0.00746 -0.00320
3982.026 -0.00852 -0.00107 -0.00533
3982.031 0.00000 0.00426 0.00426
3982.036 -0.00320 -0.00107 -0.00533
3982.041 -0.00320 -0.00213 0.00000
3982.046 -0.00533 -0.00639 0.00213
3982.051 -0.00107 0.00213 -0.00320
3982.056 -0.00320 0.00000 0.00000
3982.061 -0.00213 0.00213 -0.00639
3982.066 0.00000 -0.00746 -0.01172
3982.071 -0.00107 0.00000 -0.00746
3982.076 0.00213 -0.00213 0.00320
3982.081 -0.00213 -0.01065 -0.00213
3982.086 0.00426 0.01172 -0.00107
3982.092 0.00000 -0.00426 0.00213
3982.096 -0.00533 -0.00533 0.00746
3982.102 0.00000 0.00533 -0.00320
3982.107 -0.00746 -0.00320 -0.00107
3982.112 -0.00746 -0.00426 -0.00959
3982.117 -0.00107 -0.00533 -0.00959
3982.122 0.00959 0.00000 -0.00320
3982.127 -0.00533 0.00000 0.00320
3982.132 0.00426 -0.00426 0.00320
3982.137 -0.00746 -0.00746 0.00639
3982.142 0.00533 0.00000 -0.00320
3982.147 0.00533 -0.00213 0.00213
3982.152 -0.00213 -0.00746 -0.00426
3982.157 -0.00213 0.01065 0.00533
3982.162 0.00000 0.00320 -0.00639
3982.167 0.00320 -0.00213 -0.00426
3982.172 -0.00959 0.00213 -0.00320
3982.177 -0.00639 0.00746 0.00107
3982.182 -0.00213 0.00426 0.00639
3982.187 -0.00426 -0.00639 -0.00426
3982.192 0.00107 0.00639 -0.00320
3982.197 0.00320 -0.00107 -0.00213
3982.202 -0.00533 -0.00426 0.00320
3982.207 -0.00213 -0.00213 -0.00426
3982.212 -0.00213 -0.00533 -0.00107
3982.217 0.00000 -0.00320 -0.00213
3982.222 0.01065 0.00107 -0.00533
3982.227 -0.00107 0.00000 -0.00107
3982.232 0.00320 -0.00320 0.00533
3982.237 -0.00959 0.00639 -0.00426
3982.242 -0.00426 0.00107 -0.00107
3982.247 -0.00639 0.00213 0.00426
3982.252 -0.00213 -0.00639 0.00000
3982.257 -0.00852 0.00000 -0.00533
3982.262 -0.01385 0.00320 -0.00320
3982.267 0.00213 -0.00959 -0.00533
3982.273 0.00426 -0.00107 0.00213
3982.278 -0.00533 0.00000 0.00533
3982.283 -0.00107 0.00107 0.00000
3982.288 0.00000 -0.01065 0.00320
3982.293 -0.00959 -0.00639 0.00107
3982.298 -0.00746 -0.00533 -0.00320
3982.303 -0.00852 0.00107 0.00426
3982.308 -0.00107 -0.00107 -0.00107
3982.313 -0.00639 0.00426 -0.00107
3982.318 0.00852 -0.00426 -0.00107
3982.323 0.00426 -0.00639 0.00107
3982.328 0.00426 -0.00959 -0.00213
3982.333 -0.00639 -0.00533 0.00107
3982.338 -0.00426 0.00746 0.00213
3982.343 -0.00107 -0.00959 0.00000
3982.348 -0.00533 -0.00533 -0.00959
3982.353 0.00320 0.00426 0.00213
3982.358 0.00000 -0.00107 -0.00107
3982.363 0.00000 -0.00426 0.00000
3982.368 -0.00533 -0.00213 -0.00533
3982.373 0.00000 0.00639 -0.00426
3982.378 0.00533 -0.00533 -0.00107
3982.383 0.00213 -0.00320 0.00639
3982.388 0.00000 -0.00959 0.00533
3982.393 0.00000 0.00320 -0.00320
3982.398 -0.00639 0.00426 -0.00213
3982.403 -0.00107 0.00107 0.00852
3982.408 0.00426 0.00852 -0.00852
3982.413 0.00107 -0.00639 0.01065
3982.418 0.00746 0.01278 0.00213
3982.424 -0.00107 -0.00533 0.00533
3982.429 -0.00213 -0.00107 -0.00639
3982.434 0.00107 -0.00107 -0.00213
3982.439 -0.00107 -0.00746 0.00533
3982.444 0.00533 -0.00639 -0.00213
3982.449 -0.00320 -0.00320 -0.00213
3982.454 0.00107 0.00107 0.00426
3982.459 0.00639 0.00213 -0.00107
3982.464 -0.00959 -0.00107 -0.00426
3982.469 0.00000 -0.00959 -0.00852
3982.474 -0.00746 -0.00320 -0.00426
3982.479 -0.00533 -0.00213 0.00000
3982.484 0.00000 -0.00533 -0.00320
3982.489 0.01065 0.00533 -0.00107
3982.494 -0.00426 -0.00107 0.00320
3982.499 0.00426 -0.00426 -0.00426
3982.504 0.00107 -0.00107 -0.00852
3982.509 0.00000 -0.00426 0.00320
3982.514 -0.00533 -0.00426 -0.00959
3982.519 -0.00852 -0.00320 -0.01172
3982.524 -0.00107 0.00426 -0.00959
3982.529 0.00639 -0.01065 -0.00213
3982.534 -0.00533 0.00107 -0.00213
3982.539 -0.00426 0.00533 -0.00213
3982.544 0.00213 0.00639 0.00533
3982.549 0.00000 0.00426 -0.00320
3982.554 -0.00426 -0.00746 0.00107
3982.559 -0.00320 -0.00533 0.00426
3982.564 0.00959 -0.00639 0.00320
3982.569 -0.00107 -0.00107 0.00639
3982.574 0.00426 -0.00107 0.00746
3982.579 0.00000 0.00107 0.00746
3982.584 0.00000 -0.01065 0.00320
3982.589 0.00426 0.00533 0.00000
3982.594 -0.00426 -0.00533 -0.00107
3982.599 -0.00426 -0.00639 0.00213
3982.605 -0.00426 0.00000 -0.01065
3982.610 -0.00213 0.00426 -0.00320
3982.615 0.00213 0.00107 -0.00746
3982.620 -0.00107 -0.00107 0.00213
3982.625 0.00213 -0.00426 -0.00320
3982.630 0.00107 -0.00426 -0.00959
3982.635 0.00213 -0.01065 0.00426
3982.640 -0.00852 -0.00639 -0.00426
3982.645 -0.00426 -0.01065 0.00000
3982.650 -0.00533 -0.00107 0.00000
3982.655 -0.00852 0.00000 0.00852
3982.660 -0.00533 0.00107 0.00000
3982.665 0.00107 -0.00107 0.00639
3982.670 -0.00746 -0.00746 -0.00213
3982.675 -0.00426 0.00320 -0.00533
3982.680 0.00000 0.00746 -0.00213
3982.685 -0.00639 0.00000 0.00213
3982.690 0.00107 0.00107 0.00533
3982.695 0.00746 -0.00852 -0.00746
3982.700 0.00639 0.00533 0.00000
3982.705 -0.00426 0.00000 0.00533
3982.710 -0.00426 -0.00639 -0.00533
3982.715 -0.00639 -0.00639 0.00213
3982.720 -0.00213 0.00746 -0.00107
3982.725 0.00852 -0.00533 0.00852
3982.730 -0.00213 -0.00107 -0.00213
3982.735 0.00000 -0.00426 0.00320
3982.740 -0.00746 0.00107 0.00746
3982.745 0.00107 0.00213 0.00000
3982.750 -0.00746 0.00107 -0.00426
3982.756 0.00107 0.00533 0.00426
3982.761 -0.00533 -0.00107 0.00426
3982.766 -0.00852 0.00426 0.00213
3982.771 -0.00213 0.00213 -0.00426
3982.776 0.00746 0.00107 -0.00213
3982.781 -0.00852 0.00000 0.00213
3982.786 0.00852 -0.00320 -0.00639
3982.791 0.00000 0.00320 -0.00107
3982.796 -0.00213 0.00320 0.00746
3982.801 0.00107 0.00213 0.00000
3982.806 0.00107 0.00320 -0.00426
3982.811 -0.00107 0.00639 0.00533
3982.816 -0.00107 -0.00746 -0.00213
3982.821 0.00320 -0.00107 -0.00107
3982.826 -0.00107 -0.00533 -0.00213
3982.831 -0.00107 0.00213 0.00426
3982.836 -0.00426 -0.00852 -0.00533
3982.841 0.00213 -0.00107 0.01172
3982.846 0.00533 -0.00746 0.00320
3982.851 0.00426 -0.00533 0.00639
3982.856 -0.00639 -0.00639 -0.00426
3982.861 -0.00852 -0.00639 -0.00639
3982.866 -0.00959 0.00426 0.00213
3982.871 -0.00746 -0.00426 -0.00320
3982.876 -0.00213 0.00213 0.00213
3982.881 -0.00107 0.00320 0.00000
3982.886 -0.00107 -0.00320 -0.00213
3982.891 -0.00639 -0.00639 0.00107
3982.896 -0.00426 0.00213 -0.00533
3982.901 0.00213 -0.00426 0.00959
3982.906 -0.00426 0.00852 -0.00746
3982.911 -0.00852 -0.00852 0.00639
3982.916 -0.00320 -0.00107 0.00000
3982.921 -0.00639 0.00426 0.00426
3982.926 0.00000 -0.00746 -0.00426
3982.931 0.00000 -0.00426 0.00320
3982.937 -0.00959 -0.00320 0.00213
3982.941 -0.01385 -0.01598 0.00320
3982.947 0.00852 -0.00107 -0.00107
3982.952 -0.00213 -0.00639 -0.00533
3982.957 0.00107 0.00107 0.00213
3982.962 -0.00107 -0.00533 0.00746
3982.967 -0.01172 -0.00426 -0.00320
3982.972 -0.00213 -0.00213 -0.00320
3982.977 0.00000 0.00213 -0.00107
3982.982 -0.00107 -0.00533 -0.00320
3982.987 -0.00639 0.00000 0.00320
3982.992 -0.00852 -0.00213 -0.00426
3982.997 0.00426 -0.00533 0.00107
3983.002 0.00533 -0.00320 0.00000
3983.007 -0.00426 -0.00320 0.01065
3983.012 0.00533 0.00000 -0.00639
3983.017 -0.01172 -0.00533 -0.00533
3983.022 -0.01065 -0.00852 -0.00107
3983.027 0.00426 -0.00426 0.00426
3983.032 -0.00639 0.00000 0.00213
3983.037 0.00107 -0.00107 -0.00320
3983.042 0.00213 0.00639 0.01278
3983.047 0.00320 -0.00426 -0.00426
3983.052 -0.01065 0.00746 -0.00852
3983.057 -0.00852 -0.00639 0.00426
3983.062 -0.00426 0.00533 0.00000
3983.067 -0.00213 0.00107 -0.00320
3983.072 0.00639 -0.00426 -0.00320
3983.078 -0.00320 0.00000 0.00107
3983.083 -0.00107 -0.00959 0.00107
3983.088 0.00320 0.00320 0.00213
3983.093 -0.00320 -0.00852 0.00000
3983.098 0.00426 -0.00533 0.00213
3983.103 -0.00320 0.00000 -0.01065
3983.108 -0.00213 0.00107 0.01385
3983.113 -0.00213 -0.00107 0.00107
3983.118 0.00000 0.00000 -0.00639
3983.123 0.00000 -0.00320 0.00213
3983.128 -0.00426 -0.00639 -0.00533
3983.133 0.00959 -0.00320 0.01172
3983.138 -0.00746 -0.00213 -0.00213
3983.143 -0.00639 -0.00213 -0.00107
3983.148 -0.00426 0.00639 -0.00639
3983.153 -0.00426 -0.00746 0.00107
3983.158 0.00320 0.00320 0.00000
3983.163 -0.00533 -0.00959 -0.00320
3983.168 -0.00107 0.00639 -0.00852
3983.173 -0.00852 -0.00533 0.00000
3983.178 -0.00533 0.00213 0.00107
3983.183 -0.00533 0.00107 -0.00213
3983.188 0.00000 -0.00213 0.00320
3983.193 -0.00107 0.00000 0.00213
3983.198 0.00000 0.00000 0.01491
3983.203 -0.00107 0.00107 0.00426
3983.208 -0.00107 0.00213 -0.00107
3983.213 0.00213 0.00107 0.00320
3983.218 0.00000 0.00000 -0.00426
3983.223 -0.00320 0.00000 0.00213
3983.228 -0.00320 0.00320 0.00107
3983.233 -0.00107 0.00213 -0.00213
3983.238 -0.01172 -0.00852 0.00000
3983.243 0.00320 0.00533 -0.00426
3983.248 -0.02024 0.00533 0.00000
3983.253 0.00639 0.00107 -0.00746
3983.259 -0.00107 -0.00320 0.00000
3983.264 -0.00426 -0.00320 -0.00213
3983.268 -0.00959 -0.00107 0.00107
3983.273 -0.00852 -0.00959 0.00213
3983.279 -0.00107 -0.00746 0.00107
3983.284 -0.00107 -0.00426 -0.00320
3983.289 0.00000 -0.00426 -0.01065
3983.294 -0.00107 0.00533 0.00000
3983.299 0.00959 0.00107 -0.00107
3983.304 -0.00213 0.00213 -0.00320
3983.309 0.00000 -0.00426 -0.00213
3983.314 0.00107 0.00000 0.00320
3983.319 0.00426 -0.00426 -0.00213
3983.324 0.00426 0.00746 0.00533
3983.329 0.00533 0.00107 -0.00107
3983.334 -0.00533 0.00000 -0.00213
3983.339 -0.00746 -0.00533 0.00107
3983.344 0.00320 -0.00959 -0.00213
3983.349 -0.00533 -0.00746 0.00000
3983.354 -0.00533 0.00213 -0.00213
3983.359 -0.00959 0.00320 -0.00746
3983.364 0.00533 -0.00533 -0.00107
3983.369 0.01598 -0.00107 0.00213
3983.374 -0.00852 -0.00639 0.00213
3983.379 -0.00426 0.00533 -0.00213
3983.384 0.00426 0.00107 0.00107
3983.389 -0.00639 -0.00320 -0.00639
3983.394 -0.00852 -0.00107 0.00213
3983.399 -0.00426 -0.00639 0.00533
3983.404 -0.00852 0.00000 -0.00639
3983.410 0.00213 -0.00213 0.00000
3983.415 0.00320 -0.01172 0.00320
3983.420 -0.01278 -0.00639 0.00320
3983.425 0.00000 -0.00213 0.00959
3983.430 -0.00426 0.00000 0.00000
3983.435 -0.00320 -0.00320 0.00000
3983.440 -0.00746 -0.00533 -0.00320
3983.445 0.00213 0.00107 -0.00533
3983.450 -0.01598 0.00107 -0.00213
3983.455 0.00000 -0.00107 -0.00639
3983.460 0.00426 0.00320 -0.00320
3983.465 0.00746 -0.00533 0.00000
3983.470 -0.00107 0.00213 -0.00533
3983.475 -0.00426 -0.00533 -0.00213
3983.480 0.00213 0.00000 0.00000
3983.485 -0.00320 0.00107 -0.00320
3983.490 -0.00107 -0.00213 -0.00213
3983.495 -0.00320 -0.00426 0.00426
3983.500 -0.00852 -0.01065 -0.00320
3983.505 0.00746 0.00533 0.00107
3983.510 -0.00320 0.00000 0.00320
3983.515 -0.00426 0.00213 0.00213
3983.520 0.00000 0.00533 0.00000
3983.525 0.00213 0.00426 -0.00107
3983.530 -0.00959 0.00213 0.00107
3983.535 0.00533 -0.00320 -0.00107
3983.540 0.00426 0.00000 0.00213
3983.545 -0.00426 0.01172 -0.00426
3983.550 -0.00320 -0.00320 -0.00746
3983.555 -0.00213 0.00107 0.00426
3983.560 -0.00213 -0.00320 -0.00852
3983.565 -0.00533 -0.00959 0.00213
3983.571 -0.00746 -0.00533 -0.00320
3983.576 0.00426 -0.00639 0.00639
3983.581 0.00426 -0.00533 0.00213
3983.586 0.00107 0.00639 0.00320
3983.591 -0.01172 0.00213 0.00000
3983.596 0.00213 0.00107 -0.00213
3983.601 -0.00107 -0.00533 0.00320
3983.606 0.00639 0.00852 -0.00213
3983.611 -0.00426 0.00000 -0.00320
3983.616 -0.00533 0.00213 -0.00639
3983.621 0.00107 -0.00107 -0.00213
3983.626 0.00639 0.00426 0.00959
3983.631 0.00746 -0.00320 0.00107
3983.636 -0.00639 -0.00213 0.00000
3983.641 0.00000 0.00426 0.00320
3983.646 -0.00107 0.00107 -0.00213
3983.651 0.00107 -0.00639 0.00426
3983.656 0.00000 -0.00107 0.00107
3983.661 0.00107 -0.00533 0.00000
3983.666 -0.00533 0.00639 -0.01172
3983.671 0.00213 -0.00320 0.00426
3983.676 0.00426 0.00000 0.00426
3983.681 -0.00320 -0.00107 0.00213
3983.686 0.00533 -0.00213 -0.00746
3983.691 -0.00426 -0.01385 -0.00213
3983.696 0.00000 -0.00107 -0.00426
3983.701 -0.00533 -0.00213 -0.00107
3983.706 -0.00320 0.00320 0.00107
3983.711 -0.00959 0.00320 -0.00746
3983.716 0.00320 0.00533 0.00213
3983.721 -0.00533 -0.00426 -0.00533
3983.726 0.00320 -0.00213 0.00000
3983.731 -0.00746 0.00107 -0.00213
3983.736 0.00000 0.00639 0.00320
3983.742 0.00000 -0.01065 -0.00107
3983.747 -0.00107 0.00426 0.00533
3983.752 0.00000 -0.00213 -0.00426
3983.757 0.00320 -0.00107 0.00107
3983.762 -0.01278 -0.00426 -0.00533
3983.767 -0.00959 -0.01172 -0.00107
3983.772 0.00320 -0.00320 -0.00533
3983.777 0.00000 0.00000 -0.00107
3983.782 0.00000 -0.00213 -0.00533
3983.787 0.00320 0.00000 0.00000
3983.792 -0.00213 -0.01278 0.00426
3983.797 -0.00533 0.00213 -0.00213
3983.802 0.00107 -0.00213 0.00000
3983.807 -0.00107 0.00639 -0.00533
3983.812 -0.00746 -0.00107 0.00107
3983.817 -0.00639 0.00000 0.01172
3983.822 0.00000 -0.00852 -0.00320
3983.827 -0.00320 -0.00107 0.00000
3983.832 0.00213 0.00000 0.00533
3983.837 -0.00426 -0.00213 -0.00639
3983.842 -0.00852 -0.00852 0.00000
3983.847 0.00320 0.00426 0.00000
3983.852 -0.00213 -0.00213 -0.00107
3983.857 -0.00959 -0.00213 -0.00746
3983.862 -0.00320 0.00320 0.00639
3983.867 0.00746 -0.00107 -0.00852
3983.872 -0.00213 0.00320 0.00000
3983.877 -0.01065 -0.00426 0.00000
3983.882 -0.00426 0.00213 -0.00320
3983.887 0.00746 -0.00639 -0.00426
3983.893 0.00746 -0.00639 0.00107
3983.898 0.00000 0.00213 -0.00426
3983.903 0.00746 -0.00213 0.00320
3983.908 -0.00426 0.00000 -0.00107
3983.913 -0.00533 -0.00107 -0.00426
3983.918 0.00213 0.00000 -0.00639
3983.923 -0.00426 0.00000 -0.00533
3983.928 -0.00213 0.00213 0.00639
3983.933 0.00000 -0.00746 -0.01065
3983.938 -0.00639 0.00107 -0.00107
3983.943 0.00213 0.00213 -0.00107
3983.948 0.00000 -0.00426 -0.00107
3983.953 -0.00426 -0.00639 0.00533
3983.958 -0.00426 -0.00426 -0.00320
3983.963 0.00320 -0.01172 -0.00320
3983.968 -0.00959 -0.00107 0.00320
3983.973 0.00320 -0.00639 -0.00213
3983.978 -0.00320 -0.00107 -0.00426
3983.983 -0.00107 -0.00533 -0.00213
3983.988 -0.00107 0.00426 -0.00746
3983.993 -0.00746 -0.00852 -0.00320
3983.998 -0.00959 -0.00213 0.00107
3984.003 0.00000 0.00213 0.00213
3984.008 -0.00320 -0.00426 0.00107
3984.013 -0.00213 -0.00107 0.00000
3984.018 0.00000 -0.00533 -0.00533
3984.023 0.00320 0.00320 -0.00213
3984.028 -0.00533 -0.00426 0.00213
3984.033 -0.00746 -0.00852 -0.00107
3984.038 0.00852 0.00639 -0.00107
3984.043 -0.00213 -0.00213 -0.00107
3984.048 -0.00746 -0.00533 0.01065
3984.053 -0.00852 -0.00213 0.00213
3984.058 0.00426 -0.00107 0.00213
3984.064 0.00213 -0.00107 0.01172
3984.069 0.00533 -0.00852 0.00000
3984.074 -0.00852 -0.00107 0.00426
3984.079 -0.00320 -0.00533 -0.00320
3984.084 -0.00107 -0.00320 -0.00320
3984.089 -0.00213 0.00213 -0.00320
3984.094 0.00000 -0.00852 0.00000
3984.099 -0.00107 0.00320 0.00000
3984.104 -0.00639 -0.00213 -0.00213
3984.109 -0.00213 0.01172 -0.00639
3984.114 0.00107 0.00000 -0.00533
3984.119 -0.00213 0.00959 -0.00959
3984.124 0.00320 0.00426 0.00639
3984.129 0.00000 0.00000 -0.00533
3984.134 -0.00107 -0.00320 -0.00639
3984.139 -0.00320 -0.00320 -0.00426
3984.144 0.01172 0.00320 0.00852
3984.149 0.00000 -0.00320 -0.00107
3984.154 0.00107 -0.00639 -0.00213
3984.159 -0.00533 -0.00426 0.00000
3984.164 0.00213 -0.00533 0.00320
3984.169 -0.00320 0.00320 0.00426
3984.174 0.00107 -0.00213 0.00107
3984.179 -0.00746 0.00000 0.00639
