3862.612 0.00107 0.00107 0.00000
3862.617 -0.00107 -0.00426 0.00533
3862.622 -0.00639 -0.01172 0.00320
3862.627 -0.00533 -0.01491 0.00426
3862.632 -0.00107 -0.00320 0.00320
3862.637 -0.00426 -0.00426 -0.00426
3862.642 -0.00533 0.00107 0.00639
3862.647 -0.00213 -0.00320 -0.00213
3862.652 0.00639 0.00320 0.00107
3862.657 -0.00107 -0.00213 -0.00320
3862.662 -0.00107 -0.00426 0.00000
3862.667 0.00107 0.00107 0.00426
3862.673 0.00959 0.00000 0.00213
3862.677 -0.00959 0.00852 0.00533
3862.683 0.00320 0.00533 -0.00852
3862.688 -0.00852 -0.00320 0.00000
3862.693 -0.00213 0.00000 -0.00533
3862.698 -0.00852 -0.00959 -0.00959
3862.703 -0.00320 -0.00426 0.00320
3862.708 0.00533 0.00107 0.00639
3862.713 -0.00746 -0.00107 -0.01065
3862.718 0.00107 -0.00213 -0.00533
3862.723 -0.00213 -0.00533 -0.00107
3862.728 -0.00213 -0.00639 -0.00320
3862.733 0.00639 -0.00320 -0.00213
3862.738 0.00320 -0.00426 0.00000
3862.743 -0.00533 -0.00533 -0.00320
3862.748 0.00213 -0.00213 0.00320
3862.753 0.00000 -0.00426 -0.00107
3862.758 0.00320 -0.00426 -0.00746
3862.763 -0.00426 -0.00320 -0.00426
3862.768 -0.00852 -0.00213 -0.00533
3862.773 -0.01065 -0.00213 0.00000
3862.778 -0.00107 -0.00533 0.00320
3862.783 -0.00213 -0.00639 0.00000
3862.788 -0.00213 -0.00107 -0.00213
3862.793 -0.00746 0.00320 0.00213
3862.798 -0.00107 -0.02344 0.00107
3862.803 -0.00213 -0.00320 0.00746
3862.808 0.00000 0.00533 -0.00852
3862.813 0.00000 0.00320 0.00213
3862.818 0.00213 0.00213 0.00107
3862.823 0.00533 -0.00852 0.00426
3862.828 -0.00320 0.00107 0.00852
3862.834 0.00426 -0.00213 0.00000
3862.839 0.00320 0.00107 -0.00426
3862.844 0.00000 -0.00213 -0.00533
3862.849 -0.00852 -0.01172 0.00426
3862.854 0.00426 -0.01917 0.00959
3862.859 -0.00213 -0.00213 0.00107
3862.864 0.00852 -0.00320 0.00213
3862.869 -0.01172 0.00107 0.00533
3862.874 0.00107 -0.00426 -0.00213
3862.879 0.00000 -0.01278 -0.00959
3862.884 0.00107 -0.00320 -0.00426
3862.889 -0.00426 -0.00213 -0.00533
3862.894 0.00107 -0.00107 -0.00426
3862.899 -0.00533 -0.00533 -0.00213
3862.904 0.00213 0.00426 -0.00213
3862.909 -0.00426 0.00320 0.00107
3862.914 0.00000 0.00426 -0.00746
3862.919 -0.00107 0.00000 0.00107
3862.924 0.00320 0.00000 0.00107
3862.929 -0.00213 0.00107 -0.00213
3862.934 0.00213 -0.00852 0.00320
3862.939 -0.00107 0.00107 -0.00320
3862.944 -0.00852 -0.00213 -0.00533
3862.949 -0.00426 0.00000 -0.00852
3862.954 0.00107 -0.00320 -0.00107
3862.959 0.00000 -0.00107 0.00426
3862.964 0.00000 0.00426 -0.00320
3862.969 0.00320 0.00746 0.00213
3862.974 0.00852 -0.00107 -0.00107
3862.979 0.00213 0.00107 -0.00107
3862.984 0.00426 -0.00639 0.00320
3862.989 -0.00213 -0.00959 0.00107
3862.994 0.00000 -0.00320 0.00000
3862.999 0.00533 -0.00107 -0.00107
3863.005 0.00320 -0.00533 0.00533
3863.010 0.00213 0.00107 -0.00426
3863.015 -0.00107 -0.00107 -0.00320
3863.020 -0.00320 -0.00213 -0.00107
3863.025 -0.00320 -0.00213 -0.00107
3863.030 -0.00426 -0.00533 -0.00426
3863.035 0.00213 0.00320 -0.00426
3863.040 -0.00320 0.00320 -0.00746
3863.045 0.00320 0.00000 0.00533
3863.050 -0.00533 -0.00426 0.00107
3863.055 -0.00639 -0.00213 0.00426
3863.060 0.00533 0.01811 0.00959
3863.065 0.00107 0.00426 -0.00639
3863.070 0.00426 -0.00639 -0.00320
3863.075 -0.00533 0.00959 0.00213
3863.080 -0.00107 -0.00107 -0.00426
3863.085 -0.00746 -0.00107 0.00213
3863.090 -0.00639 -0.00639 -0.00320
3863.095 -0.00320 -0.01172 -0.00426
3863.100 -0.00213 0.00213 0.00533
3863.105 -0.00213 -0.00533 0.00000
3863.110 -0.00852 0.00852 0.00320
3863.115 0.00639 0.00533 -0.00746
3863.120 -0.00426 0.00000 0.00426
3863.125 0.00426 0.00852 -0.00426
3863.130 0.00639 0.00213 0.00107
3863.135 -0.00213 0.00852 0.00213
3863.140 -0.00639 -0.00320 -0.00107
3863.145 -0.01065 -0.01385 -0.00533
3863.150 -0.01065 -0.00213 -0.00107
3863.156 0.00320 0.00000 -0.00746
3863.161 0.00426 0.00426 0.00107
3863.166 -0.00213 -0.00746 -0.00426
3863.171 0.00000 -0.00959 -0.00107
3863.176 -0.00852 0.00000 0.00213
3863.181 0.00639 0.00426 -0.00426
3863.186 0.00213 0.00107 0.00426
3863.191 0.00000 -0.00426 -0.00533
3863.196 -0.00320 0.00000 -0.00213
3863.201 0.00639 0.00320 -0.00107
3863.206 0.00533 -0.00426 0.00426
3863.211 -0.00320 0.00107 -0.00213
3863.216 0.00533 0.00533 0.00639
3863.221 -0.00320 0.00320 -0.00213
3863.226 -0.00959 -0.00213 0.00746
3863.231 0.00533 0.00533 -0.00107
3863.236 0.00639 0.00533 -0.00107
3863.241 0.00426 -0.00107 0.00426
3863.246 0.00426 -0.00107 -0.00533
3863.251 0.00213 -0.00213 0.00959
3863.256 -0.00107 0.00000 0.00213
3863.261 0.00107 0.00107 -0.00320
3863.266 0.00213 0.00213 -0.00213
3863.271 0.01065 0.00533 -0.00426
3863.276 0.00320 -0.00213 0.00320
3863.281 0.00959 0.00107 -0.00533
3863.286 0.00852 0.00533 -0.00107
3863.291 0.00107 -0.00107 0.00426
3863.296 -0.00533 -0.00852 -0.00107
3863.301 0.00426 -0.00320 0.00213
3863.306 0.00000 0.00320 0.00213
3863.311 -0.00533 -0.00107 0.00213
3863.317 -0.00320 0.00000 -0.00639
3863.322 -0.00533 -0.00426 -0.00107
3863.327 0.00533 -0.00107 0.00320
3863.332 0.00639 0.00000 -0.00213
3863.337 0.00639 0.00213 -0.00107
3863.342 0.00320 -0.00107 0.00320
3863.347 0.00107 -0.00533 -0.00426
3863.352 0.00533 0.00746 -0.01385
3863.357 0.00533 0.00639 -0.00533
3863.362 -0.00426 -0.00320 0.01598
3863.367 -0.00426 0.00639 -0.00320
3863.372 0.00852 -0.00426 -0.00533
3863.377 0.00213 -0.00320 0.00426
3863.382 -0.00959 0.00320 -0.00213
3863.387 0.00107 -0.00852 -0.00639
3863.392 -0.00746 -0.00213 -0.00107
3863.397 0.00426 0.00213 0.00533
3863.402 0.00746 -0.00852 0.00426
3863.407 -0.00533 -0.00320 -0.00426
3863.412 -0.00320 -0.00320 -0.01065
3863.417 -0.01172 -0.00107 0.00000
3863.422 0.00107 -0.00107 0.00107
3863.427 0.00639 0.01172 -0.00320
3863.432 -0.00107 0.00639 -0.00320
3863.437 -0.00213 0.00000 -0.00746
3863.442 -0.00320 -0.00746 -0.00320
3863.447 -0.01278 -0.00959 0.00000
3863.452 -0.00320 -0.01278 -0.00426
3863.457 -0.01065 -0.00639 -0.00746
3863.462 -0.00959 -0.00639 -0.00852
3863.467 0.00000 0.00320 -0.00639
3863.472 -0.00533 -0.00746 0.00107
3863.478 0.00533 0.00320 0.00107
3863.483 0.00000 -0.00107 0.00426
3863.488 0.00320 -0.00639 -0.00426
3863.493 -0.00320 -0.00533 -0.00320
3863.498 -0.00533 -0.00533 -0.00213
3863.503 0.00639 -0.00426 -0.00320
3863.508 0.00213 0.00000 -0.00213
3863.513 0.00000 0.00959 0.00426
3863.518 -0.00533 -0.00639 -0.00639
3863.523 0.00746 -0.00107 0.00320
3863.528 -0.00107 0.00426 0.00639
3863.533 0.00426 -0.00852 -0.00852
3863.538 0.00533 -0.00639 -0.00533
3863.543 0.00107 0.00213 0.00000
3863.548 -0.00107 -0.00852 -0.00213
3863.553 -0.00320 0.00320 0.00639
3863.558 0.00320 -0.00213 -0.00107
3863.563 0.00213 -0.00320 0.00426
3863.568 0.00213 0.00000 0.00107
3863.573 -0.00426 -0.00213 -0.00852
3863.578 -0.00852 -0.00959 -0.00107
3863.583 -0.00639 -0.00107 -0.00533
3863.588 -0.00533 0.00000 0.00107
3863.593 0.00852 -0.00213 0.00320
3863.599 -0.00107 0.00107 -0.00533
3863.604 0.01172 0.00320 0.00213
3863.609 -0.00852 -0.00426 -0.00320
3863.614 -0.00852 -0.00320 0.00107
3863.619 0.00000 -0.00533 0.00746
3863.624 0.00213 -0.00107 -0.00320
3863.629 -0.00533 0.00533 -0.00213
3863.634 -0.00320 0.00000 0.00639
3863.639 -0.00320 0.00000 0.00213
3863.644 0.00213 -0.00533 0.00000
3863.649 -0.00426 0.00320 0.00107
3863.654 0.00000 0.00213 0.00107
3863.659 -0.00533 -0.00107 0.00000
3863.664 -0.00426 -0.00213 0.00639
3863.669 -0.00426 0.00107 -0.00107
3863.674 0.00639 0.00213 -0.00213
3863.679 -0.00533 0.00000 0.00107
3863.684 -0.00746 0.01172 0.00000
3863.689 -0.01065 0.01278 -0.00533
3863.694 0.00107 -0.00107 -0.00213
3863.699 0.00000 -0.00213 0.00320
3863.704 -0.00107 -0.00107 0.00107
3863.709 -0.00639 0.00959 -0.00533
3863.714 -0.00320 -0.00107 0.00320
3863.719 -0.00213 -0.00426 0.00426
3863.724 -0.00426 -0.00213 -0.00320
3863.729 -0.00959 0.00000 0.00320
3863.734 0.00320 0.00000 0.00107
3863.739 0.00000 -0.00107 0.00107
3863.744 -0.00746 -0.00959 -0.00320
3863.749 0.00107 0.00107 -0.00213
3863.754 -0.00426 -0.01065 -0.00213
3863.759 -0.00639 -0.00959 -0.00426
3863.764 -0.00533 -0.00213 -0.00426
3863.770 0.00107 -0.00107 0.00000
3863.775 0.00107 0.00320 0.01065
3863.780 -0.00107 -0.00107 -0.00213
3863.785 0.00000 0.00000 0.00107
3863.790 -0.00639 -0.00320 0.00107
3863.795 -0.00107 -0.00107 0.00000
3863.800 -0.00533 -0.00959 0.00213
3863.805 -0.00533 0.00533 -0.00107
3863.810 -0.00533 -0.00746 -0.00533
3863.815 -0.00639 0.00426 0.00213
3863.820 -0.00213 0.00426 0.00000
3863.825 -0.00213 -0.00107 0.00000
3863.830 -0.00852 -0.00639 -0.00959
3863.835 -0.00746 0.01491 0.00213
3863.840 -0.00639 -0.00213 -0.00426
3863.845 0.00426 -0.00107 0.00000
3863.850 0.00533 0.00000 -0.00426
3863.855 0.01065 0.00213 -0.01172
3863.860 0.00533 -0.00107 0.00107
3863.865 0.00000 0.00852 -0.00533
3863.870 -0.00107 -0.00320 0.00107
3863.875 -0.00107 -0.00107 0.00107
3863.880 -0.00426 -0.00533 -0.00852
3863.885 0.00000 -0.00639 -0.01172
3863.890 0.00000 -0.00320 -0.00639
3863.895 -0.00959 -0.00639 -0.00107
3863.900 0.00426 0.00533 -0.00213
3863.905 0.00107 -0.00533 -0.00746
3863.910 0.00426 -0.00533 -0.01065
3863.915 -0.00533 -0.00107 0.00213
3863.920 -0.00107 0.00107 -0.00107
3863.925 0.00000 -0.00746 0.00213
3863.931 -0.00746 -0.00107 0.00426
3863.936 -0.00746 -0.00533 -0.00639
3863.941 -0.00213 -0.00426 -0.00320
3863.946 0.00639 -0.00533 -0.00533
3863.951 -0.00426 0.00107 -0.00213
3863.956 -0.01065 -0.00639 -0.00320
3863.961 -0.00639 -0.00746 0.00000
3863.966 0.00426 0.00320 0.00320
3863.971 0.00959 0.00320 -0.00320
3863.976 -0.00533 -0.00320 -0.00107
3863.981 0.00213 -0.01172 -0.00107
3863.986 -0.00213 0.00426 -0.00213
3863.991 -0.00426 0.00533 -0.01385
3863.996 0.00000 -0.00213 -0.00107
3864.001 0.00320 -0.00639 -0.00213
3864.006 -0.00320 -0.00320 0.00000
3864.011 -0.00746 0.00213 -0.00320
3864.016 0.00000 0.00852 0.00000
3864.021 -0.00213 0.00746 0.00639
3864.026 -0.00107 -0.01065 -0.00320
3864.031 0.00107 -0.00639 0.00000
3864.036 0.00213 -0.00959 0.00533
3864.041 -0.00533 0.00107 -0.00213
3864.046 -0.00852 0.00107 0.00426
3864.051 -0.00852 0.00320 0.00320
3864.056 0.01278 -0.01278 -0.00426
3864.061 -0.00639 -0.00320 -0.00213
3864.066 0.00107 0.00000 -0.00107
3864.071 0.00107 0.00107 -0.00213
3864.076 -0.00320 -0.00320 0.00107
3864.081 0.01172 0.00000 -0.00533
3864.086 -0.00426 0.00320 -0.00426
3864.092 0.00852 0.00000 0.00533
3864.097 -0.00852 -0.00426 -0.00213
3864.102 -0.00852 0.00107 0.00959
3864.107 -0.00320 0.00213 0.00320
3864.112 -0.00320 -0.00746 0.00000
3864.117 -0.00533 -0.00213 -0.00107
3864.122 0.00533 0.00533 0.00000
3864.127 -0.00639 0.00107 -0.00746
3864.132 -0.00213 -0.00533 -0.00746
3864.137 0.00639 0.00320 -0.00852
3864.142 -0.00426 -0.00746 -0.00639
3864.147 0.00746 -0.00639 0.00000
3864.152 -0.00107 0.00000 0.00320
3864.157 -0.00107 0.00000 -0.00320
3864.162 -0.00107 -0.00107 -0.00426
3864.167 0.00533 0.00639 0.00426
3864.172 -0.00533 0.00000 0.00320
3864.177 0.01065 -0.00107 -0.00320
3864.182 0.00320 -0.00320 0.00213
3864.187 -0.00426 0.00213 0.00107
3864.192 -0.00639 0.00107 -0.00213
3864.197 -0.00213 -0.00426 0.00426
3864.202 -0.00107 0.00533 -0.02663
3864.207 0.00000 -0.00959 -0.00213
3864.212 0.00107 -0.00213 0.00426
3864.217 0.00000 0.00426 0.00000
3864.222 0.00000 0.00107 0.00320
3864.227 0.00107 0.00533 -0.00746
3864.232 0.00000 0.00426 0.00107
3864.237 0.00000 -0.00213 -0.00426
3864.242 -0.00320 -0.00107 -0.00852
3864.247 -0.00320 -0.00320 0.00213
3864.252 0.00107 -0.00959 0.00107
3864.257 -0.00107 0.00000 0.00000
3864.263 -0.00639 -0.00107 -0.00107
3864.267 -0.00320 -0.00639 0.00746
3864.273 0.00320 -0.00107 0.00320
3864.278 -0.00426 -0.00107 -0.00107
3864.283 -0.00107 -0.00852 -0.00852
3864.288 -0.00107 -0.00320 -0.00320
3864.293 -0.00426 -0.00107 0.00959
3864.298 -0.00426 -0.00959 0.00320
3864.303 -0.00320 -0.00320 -0.00533
3864.308 0.00746 0.00213 -0.00107
3864.313 -0.00213 0.00213 -0.00320
3864.318 -0.01598 -0.00426 0.00000
3864.323 0.00000 -0.01065 -0.00426
3864.328 0.00000 -0.00107 0.00000
3864.333 -0.00107 0.00000 0.00533
3864.338 -0.00107 -0.00107 -0.00639
3864.343 -0.00533 -0.00746 -0.00213
3864.348 -0.00852 -0.00107 -0.00107
3864.353 -0.00533 -0.00213 -0.00852
3864.358 0.00533 -0.00320 0.00320
3864.363 0.01491 0.00107 -0.00639
3864.368 0.00639 0.00107 0.00107
3864.373 0.00000 0.00213 -0.00107
3864.378 0.00320 -0.00213 -0.00426
3864.383 0.00320 0.00426 -0.00533
3864.388 -0.00746 0.00000 -0.00320
3864.393 -0.00320 0.00107 0.00213
3864.398 0.00746 -0.00533 0.00320
3864.403 -0.00426 -0.00320 -0.00213
3864.408 -0.00533 -0.00533 0.00107
3864.413 -0.00320 -0.00213 0.00000
3864.418 0.00000 -0.00213 -0.00639
3864.423 -0.00746 -0.00746 0.00000
3864.428 -0.01065 0.00320 -0.00746
3864.434 0.00000 -0.01385 0.00213
3864.439 -0.00746 0.00000 0.00320
3864.444 0.00213 -0.00320 -0.00639
3864.449 -0.00533 0.00107 -0.00426
3864.454 -0.00213 0.00000 0.00746
3864.459 -0.00746 -0.00639 0.00213
3864.464 0.00000 0.00000 -0.00107
3864.469 0.00852 0.01385 0.00107
3864.474 0.00000 -0.00213 0.00426
3864.479 0.00426 -0.00426 -0.00320
3864.484 -0.00533 -0.00213 0.00107
3864.489 -0.00320 -0.00852 -0.00107
3864.494 0.00533 -0.00533 -0.00107
3864.499 -0.00107 -0.00107 -0.00213
3864.504 -0.00426 -0.00320 -0.00426
3864.509 -0.00426 -0.00213 0.00426
3864.514 -0.01065 0.00426 -0.00533
3864.519 -0.00107 -0.00426 -0.00213
3864.524 -0.00213 -0.00107 0.00000
3864.529 -0.00533 -0.00639 0.00426
3864.534 -0.00107 0.00107 0.00000
3864.539 -0.00213 -0.00107 -0.00107
3864.544 0.00426 -0.00746 -0.00639
3864.549 0.00000 0.00426 0.00107
3864.554 -0.00746 -0.00426 -0.00213
3864.559 0.00533 -0.00639 -0.00426
3864.564 0.00107 -0.00852 0.00000
3864.569 0.00000 -0.00213 -0.00320
3864.574 -0.01385 0.00000 0.00213
3864.579 -0.00959 -0.00533 0.00107
3864.585 -0.00320 -0.00639 -0.00107
3864.589 0.00000 -0.00639 0.00107
3864.595 0.00320 0.00107 0.00213
3864.600 -0.01065 -0.00320 0.00426
3864.604 -0.00213 -0.00213 0.00107
3864.609 0.00852 -0.00320 0.00426
3864.614 -0.00639 0.00426 0.00107
3864.619 -0.01491 -0.00426 0.00107
3864.625 0.00000 -0.00213 -0.00746
3864.629 -0.00426 0.00320 -0.00320
3864.635 -0.00213 0.00959 -0.00107
3864.640 0.01385 0.00000 -0.00426
3864.645 0.00000 0.00320 -0.00426
3864.650 0.00107 -0.00746 0.00426
3864.655 0.00107 0.00000 0.00107
3864.660 -0.00320 -0.01385 0.00320
3864.665 -0.00426 -0.00320 0.00426
3864.670 -0.00213 -0.00746 0.00000
3864.675 -0.00533 -0.00639 -0.00107
3864.680 -0.00852 -0.00533 -0.00213
3864.685 -0.00746 0.00213 -0.00639
3864.690 0.00213 0.00320 0.00320
3864.695 -0.00746 -0.00320 -0.00746
3864.700 -0.00107 0.00213 0.00533
3864.705 0.00320 0.00213 0.00107
3864.710 -0.00639 -0.00213 0.00107
3864.715 -0.00107 0.00107 -0.00320
3864.720 -0.00426 -0.00107 0.00320
3864.725 -0.00639 0.00000 -0.00426
3864.730 0.00213 -0.00107 -0.00426
3864.735 -0.00426 0.00320 -0.00213
3864.740 -0.00320 -0.00320 -0.00213
3864.746 -0.00639 -0.00320 -0.00213
3864.751 -0.00426 0.00000 -0.00320
3864.756 -0.00533 -0.00213 0.00107
3864.761 -0.00320 0.00533 0.00959
3864.766 0.00000 -0.00320 0.00107
3864.771 -0.00107 0.00746 0.00213
3864.776 0.00000 -0.00746 0.00320
3864.781 0.00107 -0.00852 -0.00320
3864.786 -0.01172 -0.00426 0.00320
3864.791 -0.00959 -0.01065 -0.00213
3864.796 0.01172 0.00213 0.00000
3864.801 0.00000 -0.01278 -0.00107
3864.806 0.00213 0.00213 0.00000
3864.811 -0.00107 0.00320 0.00320
3864.816 -0.00107 0.00426 0.00320
3864.821 0.00746 -0.00213 0.00320
3864.826 0.00320 -0.00320 -0.00426
3864.831 -0.00852 0.00000 -0.00213
3864.836 -0.00213 -0.00107 -0.00426
3864.841 -0.00213 -0.00213 0.00213
3864.846 0.00000 -0.00213 -0.00533
3864.851 0.00213 -0.00639 -0.00639
3864.856 -0.00107 -0.00746 -0.00320
3864.861 -0.00533 -0.00213 -0.00320
3864.866 -0.00639 -0.00746 0.00000
3864.871 -0.00320 -0.00426 0.00533
3864.876 -0.00426 0.00213 0.00852
3864.881 -0.00213 -0.00107 0.00000
3864.886 -0.00639 -0.00959 -0.00213
3864.891 -0.00959 -0.01598 -0.00107
3864.897 -0.00107 0.00107 0.01385
3864.902 -0.00107 0.00107 -0.00639
3864.907 0.00107 0.00107 -0.00533
3864.912 -0.00852 -0.00107 -0.00107
3864.917 -0.00213 -0.00639 -0.00107
3864.922 -0.01491 -0.00426 0.00000
3864.927 0.00533 -0.00426 0.00426
3864.932 -0.00533 -0.00426 -0.00426
3864.937 -0.00639 0.00000 -0.00426
3864.942 -0.00107 -0.00213 0.00852
3864.947 0.00107 -0.00213 0.00320
3864.952 0.00213 -0.00213 0.00213
3864.957 -0.00639 0.00959 0.00000
3864.962 -0.00213 0.00320 -0.00639
3864.967 0.00320 -0.00213 0.00000
3864.972 -0.00107 0.00107 -0.00213
3864.977 -0.00639 -0.00426 -0.00213
3864.982 -0.00959 0.00107 -0.00426
3864.987 -0.00639 -0.00426 0.00107
3864.992 -0.00852 -0.00959 0.00107
3864.997 -0.00107 0.00746 0.00533
3865.002 0.00852 -0.00213 -0.00213
3865.007 0.00000 0.00426 0.00107
3865.012 -0.00107 -0.00533 0.00000
3865.017 -0.00639 -0.00213 -0.00107
3865.022 -0.00107 0.00426 0.00000
3865.027 -0.00639 -0.00213 -0.00426
3865.032 -0.00426 0.00000 0.00320
3865.037 0.00000 -0.00426 -0.00320
3865.042 -0.01172 0.00107 0.00959
3865.047 -0.00320 -0.00639 -0.00320
3865.052 -0.01172 -0.00746 0.00213
3865.057 0.00639 0.00746 -0.00320
3865.062 -0.00639 -0.00852 0.00000
3865.067 -0.00320 -0.00213 -0.00213
3865.072 -0.00320 -0.00426 0.00000
3865.077 -0.00320 -0.00533 0.00107
3865.082 0.00320 0.00213 0.00000
3865.088 0.00639 0.00533 -0.01065
3865.093 -0.00533 -0.00213 0.00213
3865.098 0.00426 0.00746 0.00213
3865.103 0.00107 0.00639 0.00213
3865.108 -0.00746 0.00000 -0.00320
3865.113 0.00213 -0.00320 0.00533
3865.118 -0.01065 0.00000 -0.00213
3865.123 0.00213 0.00107 0.00213
3865.128 -0.00320 -0.00213 -0.00213
3865.133 -0.00107 -0.00320 0.00000
3865.138 -0.00852 -0.00107 0.00107
3865.143 0.00107 -0.00213 0.00213
3865.148 -0.00213 -0.00426 -0.00426
3865.153 0.00426 0.00959 0.00213
3865.158 0.00213 -0.00320 -0.00320
3865.163 -0.00533 -0.00107 -0.00426
3865.168 -0.01065 0.00533 0.00426
3865.173 -0.01385 -0.00746 0.00213
3865.178 0.00213 -0.00213 -0.00107
3865.183 0.00426 0.00000 -0.00639
3865.188 -0.00533 0.00426 0.00639
3865.193 -0.00213 -0.00213 -0.00213
3865.198 0.00000 -0.00533 0.00107
3865.203 -0.00852 -0.00639 0.00533
3865.208 -0.00213 0.00533 -0.00426
3865.213 0.00107 0.00000 -0.00107
3865.218 0.00852 -0.00107 -0.00213
3865.223 -0.00320 0.00107 0.00000
3865.228 0.00320 0.00213 0.00320
3865.233 -0.00107 -0.00852 -0.01065
3865.238 -0.00533 0.00320 -0.00320
3865.243 -0.00107 0.00213 0.00320
3865.248 -0.00639 0.00000 -0.00213
3865.253 0.00213 0.00639 -0.00426
3865.259 -0.00213 0.00213 0.00213
3865.264 -0.00959 0.01065 0.00107
3865.269 0.00213 0.00320 -0.00852
3865.274 -0.00320 0.00000 0.00000
3865.279 -0.00533 -0.00426 0.00959
3865.284 0.00320 -0.00320 0.00107
3865.289 -0.00320 -0.00426 0.00213
3865.294 -0.00213 0.00000 -0.00639
3865.299 -0.01065 0.00107 0.00533
3865.304 0.00639 -0.01491 -0.00320
3865.309 0.00426 0.00213 0.00107
3865.314 0.00320 0.00107 0.00639
3865.319 -0.00320 -0.00426 0.00000
3865.324 -0.00426 0.00426 -0.00107
3865.329 -0.00213 0.00107 -0.00107
3865.334 0.00107 -0.00639 -0.01385
3865.339 -0.00426 -0.00107 -0.00639
3865.344 -0.00639 -0.01172 -0.00426
3865.349 0.00000 0.00320 0.00213
3865.354 -0.00852 -0.00320 0.00107
3865.359 -0.00320 -0.00426 0.00107
3865.364 -0.00746 -0.01065 0.00107
3865.369 0.00107 0.00000 0.00000
3865.374 0.01172 0.00533 0.00320
3865.379 -0.00426 -0.00107 -0.00852
3865.384 -0.00320 -0.00533 -0.00533
3865.389 -0.00746 -0.00533 -0.00107
3865.394 0.00533 0.00000 0.00213
3865.400 0.00107 0.00533 0.00320
3865.405 -0.00746 0.00107 -0.00320
3865.410 0.00852 -0.00320 -0.00107
3865.415 0.00000 -0.00959 0.00533
3865.420 0.00107 -0.00852 0.00000
3865.425 0.01065 0.00107 -0.00426
3865.430 -0.01065 0.00107 -0.00213
3865.435 0.01278 -0.00320 -0.00426
3865.440 0.00000 0.00000 0.00000
3865.445 0.00639 -0.00320 0.00213
3865.450 -0.00426 0.00107 -0.00107
3865.455 0.00213 -0.00107 -0.00107
3865.460 0.00213 -0.00639 0.00000
3865.465 -0.00213 -0.00639 -0.00213
3865.470 0.00213 0.00213 0.00746
3865.475 -0.00320 -0.01278 0.00000
3865.480 0.00533 0.00107 0.00107
3865.485 -0.00426 -0.00320 0.00107
3865.490 -0.00426 -0.00639 0.00320
3865.495 0.00746 -0.00107 -0.00107
3865.500 -0.00533 0.00533 0.00107
3865.505 0.00213 0.00213 -0.00320
3865.510 -0.00320 -0.00746 -0.00320
3865.515 -0.00213 -0.00639 0.00107
3865.520 0.00533 -0.00107 -0.00107
3865.525 0.00000 -0.00533 -0.00426
3865.530 -0.00107 -0.00533 0.00426
3865.535 -0.00213 0.00107 0.00320
3865.540 -0.00639 -0.00320 0.00213
3865.545 0.00000 -0.00426 0.00213
3865.551 -0.00533 -0.01278 -0.00533
3865.556 -0.00320 0.00000 0.00320
3865.561 -0.00320 0.01385 0.00320
3865.566 -0.00426 -0.00320 -0.00852
3865.571 0.00213 -0.00959 -0.00426
3865.576 0.00533 -0.00107 -0.00107
3865.581 -0.00639 -0.00213 0.00426
3865.586 0.00107 -0.00320 0.00213
3865.591 -0.00107 0.00533 -0.00746
3865.596 0.00000 -0.00213 0.00320
3865.601 -0.00852 0.00852 0.00000
3865.606 0.00000 -0.00213 -0.00533
3865.611 -0.00533 0.00959 0.00107
3865.616 -0.00533 0.00533 -0.00213
3865.621 -0.00107 -0.00213 -0.00426
3865.626 0.00000 0.00320 -0.00959
3865.631 -0.00107 -0.00213 0.00107
3865.636 -0.00320 -0.00426 -0.00533
3865.641 -0.00320 0.00426 -0.00852
3865.646 -0.00107 0.00320 -0.00426
3865.651 -0.00852 -0.00426 -0.00426
3865.656 -0.00426 -0.00426 -0.00746
3865.661 -0.00746 -0.00852 0.00746
3865.666 0.00852 0.00213 0.00746
3865.671 0.00107 -0.00107 0.00746
3865.676 -0.00746 -0.00533 -0.00852
3865.681 -0.00426 0.00639 0.00426
3865.686 0.00426 -0.00852 0.00320
3865.691 -0.00213 -0.00533 0.00107
3865.696 -0.01065 0.00320 0.00426
3865.701 0.01172 -0.00639 -0.00320
3865.706 -0.00320 0.00639 -0.00320
3865.711 -0.00852 -0.00107 0.00107
3865.716 -0.00213 -0.01065 0.00000
3865.721 0.00000 -0.00107 -0.00213
3865.726 0.00639 -0.00320 0.00959
3865.732 -0.00213 -0.00107 0.00107
3865.736 -0.00320 0.00107 -0.00426
3865.742 -0.00533 0.00000 -0.00320
3865.747 0.00533 0.00320 -0.00320
3865.752 -0.00533 0.00000 0.00107
3865.757 -0.00426 0.00320 -0.00213
3865.762 -0.00213 -0.00746 -0.00107
3865.767 -0.00426 0.00107 0.00533
3865.772 0.01172 0.00533 -0.00320
3865.777 -0.00533 -0.00746 -0.00107
3865.782 0.01172 0.00320 0.00000
3865.787 0.00213 -0.00213 0.00000
3865.792 -0.00533 -0.01491 -0.01278
3865.797 -0.00320 0.00426 0.00000
3865.802 -0.00213 0.00320 -0.00107
3865.807 -0.00320 -0.00426 -0.00639
3865.812 -0.00426 -0.00107 0.00000
3865.817 -0.00959 -0.00639 0.00000
3865.822 0.00000 -0.00107 -0.00213
3865.827 -0.00213 0.00107 0.00426
3865.832 -0.00959 -0.00852 0.00426
3865.837 0.00426 0.00107 0.00000
3865.842 -0.00426 0.00107 0.00213
3865.847 0.00213 0.00107 0.00320
3865.852 -0.00639 -0.00107 -0.00320
3865.857 -0.00213 0.00000 -0.00213
3865.863 -0.00426 -0.00959 -0.00426
3865.868 -0.00639 -0.00426 0.00213
3865.873 0.00639 0.00213 -0.00639
3865.878 0.00639 0.00000 0.00213
3865.883 -0.00639 0.00000 0.00426
3865.888 -0.00213 -0.00852 -0.00533
3865.893 -0.00320 -0.00213 0.00533
3865.898 0.00107 0.00000 0.00213
3865.903 -0.00426 -0.00533 0.00533
3865.908 -0.01065 0.00107 0.00426
3865.913 -0.00746 -0.00746 -0.00320
3865.918 -0.00639 -0.00533 -0.00320
3865.923 0.00107 -0.00746 0.00426
3865.928 -0.00320 0.00533 -0.00320
3865.933 0.00320 -0.00107 -0.00426
3865.938 -0.00320 -0.00107 0.00000
3865.943 -0.00107 0.00426 -0.00107
3865.948 -0.00959 -0.00426 0.00107
3865.953 -0.01278 0.00320 0.00107
3865.958 -0.00426 -0.00852 -0.00107
3865.963 0.00639 -0.00533 -0.00107
3865.968 -0.00426 0.00320 0.00426
3865.973 -0.00426 -0.00533 0.01172
3865.978 0.00213 -0.00852 -0.00426
3865.983 -0.00852 0.00000 -0.00959
3865.988 -0.00852 0.00320 -0.00320
3865.993 0.00000 -0.00746 -0.00213
3865.998 0.00426 -0.00320 0.00426
3866.003 0.00107 -0.00320 -0.00533
3866.008 0.00000 0.00107 -0.00746
3866.013 0.00000 0.00000 -0.00320
3866.018 0.00000 -0.01491 0.00213
3866.023 -0.00533 0.00107 -0.00320
3866.028 0.00426 0.00107 -0.00533
3866.033 -0.00320 -0.00107 -0.00320
3866.038 0.00000 0.00639 -0.00533
3866.043 0.00107 -0.00320 -0.00107
3866.048 0.00213 0.00533 -0.00639
3866.054 0.00852 0.00639 -0.01065
3866.059 0.00000 -0.00852 -0.00426
3866.064 0.00000 -0.00852 -0.01065
3866.069 -0.00107 0.00107 0.00213
3866.074 -0.00213 -0.00533 -0.01598
3866.079 0.00107 -0.00533 0.00746
3866.084 0.00320 -0.00213 -0.00959
3866.089 -0.00107 -0.01385 -0.00107
3866.094 -0.00320 0.00426 -0.00533
3866.099 -0.00320 0.00533 -0.00320
3866.104 -0.00426 0.00213 -0.00107
3866.109 -0.00107 -0.00213 0.00320
3866.114 -0.00213 -0.00426 0.00107
3866.119 -0.00639 -0.00213 -0.00107
3866.124 0.00213 -0.00426 -0.00533
3866.129 -0.00320 0.00533 0.00000
3866.134 -0.01065 -0.00533 -0.00107
3866.139 -0.00746 0.00107 -0.00320
3866.144 -0.00320 -0.00639 0.00213
3866.149 -0.00533 0.00320 -0.00746
3866.154 -0.00426 0.00746 -0.00213
3866.159 -0.00320 -0.00213 -0.00320
3866.164 0.00000 -0.01491 0.00426
3866.169 -0.00213 0.00320 -0.00213
3866.174 -0.00426 0.00746 -0.00639
3866.179 -0.00107 0.00426 -0.00213
3866.184 -0.00107 0.00213 0.00426
3866.189 -0.00533 0.00000 0.00533
3866.194 0.00746 0.00959 0.00533
3866.199 -0.00213 0.00000 -0.00320
3866.204 0.00213 -0.00533 -0.00320
3866.209 0.00213 0.00533 0.00000
3866.215 -0.02024 -0.00959 0.00320
3866.220 -0.00426 0.00320 -0.00320
3866.225 -0.00639 -0.00213 0.00107
3866.230 -0.00426 0.00213 -0.01172
3866.235 -0.00533 -0.00746 -0.00426
3866.240 0.00320 -0.01172 0.00426
3866.245 0.00320 -0.00533 -0.00213
3866.250 -0.00107 -0.00959 -0.00639
3866.255 0.00426 -0.00533 0.00213
3866.260 -0.00426 -0.00533 -0.00852
3866.265 -0.01811 -0.00213 -0.01278
3866.270 -0.00213 0.00000 0.00000
3866.275 -0.00213 -0.00213 0.00107
3866.280 -0.00107 -0.00320 -0.00213
3866.285 -0.00320 -0.00639 0.00213
3866.290 0.01065 0.00852 -0.00426
3866.295 -0.00426 -0.00213 0.00107
3866.300 0.00213 0.00107 0.00320
3866.305 0.00213 0.00320 -0.00213
3866.310 -0.00959 -0.00533 0.00852
3866.315 0.00320 -0.00213 0.00639
3866.320 0.00320 0.00426 -0.00639
3866.325 -0.00533 0.00426 0.00000
3866.330 -0.00320 -0.00852 0.00000
3866.335 0.00320 0.00852 0.00320
3866.340 -0.00639 -0.00320 -0.00639
3866.345 0.00426 -0.00107 -0.00320
3866.350 0.00426 -0.00213 0.00639
3866.356 -0.00533 0.00000 -0.00426
3866.360 -0.00639 0.01065 -0.00639
3866.366 -0.00639 0.00639 0.00320
3866.371 -0.00746 0.00320 0.00533
3866.376 -0.00639 -0.00107 0.00533
3866.381 -0.00533 -0.00107 -0.00213
3866.386 0.00107 -0.00107 0.00320
3866.391 -0.00746 -0.01065 0.00000
3866.396 -0.00533 -0.00533 -0.00533
3866.401 -0.00533 -0.00213 0.00213
3866.406 -0.00426 -0.00320 0.00746
3866.411 0.00320 0.00000 -0.00533
3866.416 -0.00107 -0.00639 0.00320
3866.421 -0.00533 0.00639 -0.00107
3866.426 -0.00320 -0.00746 0.00000
3866.431 -0.01172 -0.00959 -0.00107
3866.436 0.00746 -0.01172 -0.00213
3866.441 0.00000 -0.00320 -0.00426
3866.446 -0.00320 -0.00320 -0.00107
3866.451 -0.00213 0.00320 0.00107
3866.456 0.00000 -0.00639 -0.00107
3866.461 -0.00426 -0.00213 0.00426
3866.466 -0.00107 -0.00320 -0.00107
3866.471 -0.00852 -0.00213 -0.00320
3866.476 -0.00320 -0.00426 -0.01917
3866.481 -0.01917 0.00213 -0.00746
3866.486 -0.00426 -0.00320 -0.00959
3866.491 -0.00320 -0.00213 -0.00213
3866.496 -0.00213 0.00107 0.00107
3866.501 0.00107 0.00213 0.00000
3866.506 -0.00852 0.00107 0.00426
3866.511 -0.00639 0.00639 -0.00107
3866.516 -0.00746 -0.00107 -0.00213
3866.521 0.00426 -0.00746 -0.00746
3866.527 0.00213 -0.00213 0.00213
3866.532 -0.00426 0.00320 -0.00639
3866.537 -0.00320 0.00746 0.00426
3866.542 0.00320 -0.00213 -0.00107
3866.547 0.00000 0.00852 -0.00426
3866.552 -0.00639 0.00000 -0.00639
3866.557 -0.00746 0.00213 -0.00320
3866.562 0.00639 -0.00320 0.00000
3866.567 0.00213 -0.00213 0.00107
3866.572 0.00639 -0.00320 0.00000
3866.577 -0.00852 0.00213 0.00320
3866.582 -0.00320 -0.00213 0.00107
3866.587 0.00000 0.00213 0.00320
3866.592 -0.00533 0.00107 -0.00746
3866.597 0.00426 -0.00533 -0.00852
3866.602 -0.00320 -0.00746 -0.00107
3866.607 0.00000 -0.00639 0.00426
3866.612 -0.00533 0.00000 -0.00107
3866.617 -0.00426 -0.00533 -0.00213
3866.622 0.00639 -0.00639 0.01065
3866.627 -0.00426 0.01278 0.00107
3866.632 0.00000 -0.00213 -0.00320
3866.637 0.00533 -0.00107 -0.00320
3866.642 0.00107 -0.00320 -0.00639
3866.647 -0.00320 -0.00426 -0.00959
3866.652 -0.01598 -0.00852 0.00107
3866.657 0.00639 -0.00107 -0.00533
3866.662 -0.00852 -0.00320 -0.00320
3866.667 0.00746 -0.00639 -0.00213
3866.672 -0.00533 0.00426 0.00000
3866.677 -0.00959 0.00320 0.01065
3866.682 -0.00746 -0.00107 0.00213
3866.688 0.00000 0.00320 0.00533
3866.693 0.00000 0.00213 -0.00426
3866.698 0.00746 0.00959 0.00533
3866.703 0.00959 -0.00533 -0.00533
3866.708 -0.00320 -0.00426 -0.01598
3866.713 0.00213 -0.00107 -0.00746
3866.718 -0.00533 -0.00959 0.00000
3866.723 0.00533 0.00320 -0.00107
3866.728 0.00000 -0.00320 0.00320
3866.733 0.00533 -0.00426 -0.00213
3866.738 0.00213 -0.00533 0.00746
3866.743 0.00426 0.00213 0.00000
3866.748 0.00959 -0.00533 0.00000
3866.753 -0.00107 -0.00746 0.00107
3866.758 -0.00107 0.00000 -0.00320
3866.763 -0.00213 -0.00213 -0.00320
3866.768 0.00107 -0.01172 -0.00852
3866.773 -0.00852 -0.00213 -0.00213
3866.778 0.00852 -0.00426 0.00426
3866.783 -0.00533 0.00107 -0.00533
3866.788 -0.00426 -0.00746 -0.00746
3866.793 0.00320 -0.00533 -0.00320
3866.798 0.00000 -0.00533 -0.00107
3866.803 0.00320 0.00213 -0.00107
3866.808 -0.00426 -0.00533 0.00426
3866.813 -0.00213 0.00320 0.00320
3866.818 -0.00959 -0.00107 0.00107
3866.823 0.01065 -0.00639 -0.00320
3866.828 -0.00746 -0.00213 -0.00426
3866.833 -0.00213 -0.00533 0.00320
3866.838 -0.00426 -0.00426 0.00852
3866.843 -0.00320 -0.00107 -0.00213
3866.849 -0.00320 0.00426 0.00000
3866.854 0.00000 -0.00852 -0.00320
3866.859 -0.00320 0.00107 -0.00533
3866.864 -0.00426 0.00320 -0.00107
3866.869 -0.00213 -0.00639 0.00533
3866.874 -0.00852 -0.00533 -0.01065
3866.879 0.00107 0.00000 0.00107
3866.884 0.00320 0.00639 0.00533
3866.889 -0.00320 -0.00213 -0.00107
3866.894 -0.00320 -0.00320 -0.00107
3866.899 -0.00107 -0.01278 -0.00320
3866.904 -0.01598 -0.00533 -0.00107
3866.909 -0.00959 -0.00959 -0.00852
3866.914 0.01811 0.00533 -0.00426
3866.919 0.00852 -0.00746 -0.00213
3866.924 0.00320 0.00320 0.00000
3866.929 0.00533 -0.00533 0.00639
3866.934 0.00213 -0.00639 -0.00107
3866.939 -0.00320 0.00213 -0.00320
3866.944 0.00746 0.00852 0.00000
3866.949 0.00107 -0.00426 -0.00746
3866.954 -0.00213 -0.00107 -0.00533
3866.959 -0.00746 -0.00426 -0.00213
3866.964 -0.01065 -0.00426 -0.00213
3866.969 0.00213 0.00533 -0.00107
3866.974 -0.00107 -0.00852 -0.00639
3866.979 -0.01172 -0.00320 0.00852
3866.984 0.00107 0.00426 -0.00213
3866.989 0.00320 -0.00533 -0.00320
3866.994 0.01172 0.00320 0.00000
3867.000 -0.00959 -0.00320 0.00426
3867.004 -0.00533 0.00107 0.00852
3867.010 0.00320 0.00107 0.00107
3867.015 -0.00213 0.00213 0.00000
3867.020 0.00000 0.00320 0.00426
3867.025 0.00533 -0.00107 0.00533
3867.030 -0.01065 0.00320 -0.00533
3867.035 0.00000 -0.00639 0.00320
3867.040 -0.00746 -0.00426 -0.00426
3867.045 -0.01278 0.00000 0.00746
3867.050 0.00107 -0.01065 -0.00320
3867.055 -0.00320 -0.00426 0.00000
3867.060 0.00107 0.00213 -0.00426
3867.065 -0.00426 0.00000 0.00213
3867.070 -0.00107 -0.00639 -0.00426
3867.075 -0.00320 -0.00320 -0.00533
3867.080 0.00746 -0.00426 -0.00746
3867.085 -0.00107 -0.00107 0.00107
3867.090 0.00426 -0.00320 -0.00320
3867.095 0.00107 0.00320 -0.00213
3867.100 -0.00852 -0.00320 0.00213
3867.105 0.00107 -0.00426 0.00213
3867.110 0.00000 -0.00426 -0.00320
3867.115 0.00000 0.00000 -0.01385
3867.120 0.00213 -0.00426 -0.00320
3867.125 -0.00426 0.00107 -0.00426
3867.130 -0.00107 0.00852 -0.00426
3867.135 0.00320 0.00107 0.00000
3867.140 -0.00639 0.00533 -0.00426
3867.145 -0.00320 0.00639 0.00320
3867.150 -0.00107 -0.00320 -0.00107
3867.155 -0.00746 -0.00320 0.00959
3867.161 -0.00320 0.00213 -0.00852
3867.166 -0.00533 0.00000 -0.00320
3867.171 -0.01278 0.00000 -0.01278
3867.176 -0.00320 -0.00746 0.00000
3867.181 -0.00639 0.00959 -0.00107
3867.186 -0.00107 -0.00213 0.00107
3867.191 -0.00320 0.00959 0.00107
3867.196 0.00533 -0.00107 0.00213
3867.201 0.00320 -0.00959 -0.00533
3867.206 0.00533 -0.00213 0.00320
3867.211 -0.00426 -0.00107 -0.00213
3867.216 -0.00320 0.01385 0.01385
3867.221 0.00320 0.00320 0.00000
3867.226 0.00213 -0.00426 0.00320
3867.231 -0.00533 0.00213 -0.00213
3867.236 0.00107 -0.00107 -0.00107
3867.241 -0.00107 -0.00213 -0.00213
3867.246 -0.00533 -0.00320 -0.00320
3867.251 -0.00959 -0.00213 0.00000
3867.256 0.00000 0.00320 -0.00107
3867.261 0.00213 0.00000 0.00639
3867.266 -0.00426 0.00320 -0.00107
3867.271 -0.00107 0.00000 0.00000
3867.276 0.00000 -0.00426 -0.00213
3867.281 0.00639 -0.00107 0.00000
3867.286 0.00426 0.00107 -0.00746
3867.291 -0.00107 -0.00320 0.00107
3867.296 0.00213 -0.00426 -0.00533
3867.301 -0.01917 -0.00107 -0.00107
3867.306 -0.01278 -0.00639 0.00000
3867.311 -0.00107 0.00107 0.00746
3867.316 0.00000 -0.00213 0.00852
3867.321 0.00639 -0.00213 -0.00639
3867.326 -0.00320 0.00107 -0.00320
3867.331 -0.00107 0.00107 0.00213
3867.336 0.00533 -0.00639 -0.00426
3867.341 0.00959 -0.00426 0.00213
3867.346 -0.00746 -0.00746 0.00000
3867.352 0.00746 0.00533 -0.00107
3867.357 0.00213 -0.00852 -0.00639
3867.362 0.00107 0.00746 0.00107
3867.367 -0.00533 -0.00213 -0.00213
3867.372 -0.01172 0.00533 0.00533
3867.377 -0.00746 -0.00213 0.00320
3867.382 0.00213 -0.00852 -0.01065
3867.387 -0.00533 -0.00320 -0.00959
3867.392 0.00533 -0.00107 0.00533
3867.397 0.00107 -0.00107 0.00426
3867.402 0.00107 -0.00639 0.00000
3867.407 0.00426 -0.00746 -0.00959
3867.412 0.00000 0.00320 0.00320
3867.417 -0.00213 0.00000 0.00959
3867.422 -0.00213 -0.00426 -0.00213
3867.427 -0.00107 0.00320 -0.00320
3867.432 0.00107 0.00426 -0.00426
3867.437 -0.00533 -0.00533 -0.00533
3867.442 -0.01065 0.00213 -0.00426
3867.447 -0.00533 0.00320 0.00746
3867.452 0.00639 -0.00426 -0.00213
3867.457 -0.00107 0.00639 0.00639
3867.462 -0.00746 0.00746 -0.00213
3867.467 0.00000 -0.00320 -0.00107
3867.472 -0.00426 0.00107 0.00213
3867.477 0.00107 -0.01917 -0.00107
3867.482 0.00107 0.00000 -0.00426
3867.487 -0.00639 0.00320 -0.00107
3867.493 -0.00107 -0.00320 -0.00852
3867.497 0.00000 -0.00426 -0.00320
3867.503 -0.00639 -0.00746 -0.00213
3867.508 -0.00320 -0.00639 -0.00639
3867.513 -0.00533 -0.00213 -0.00852
3867.518 -0.00746 -0.00746 -0.00107
3867.523 -0.00213 -0.00533 0.00000
3867.528 -0.00533 0.00213 0.00107
3867.533 0.00000 -0.00959 0.00107
3867.538 0.00426 -0.00852 0.00107
3867.543 -0.00746 -0.00107 0.00746
3867.548 -0.00213 -0.00320 -0.00533
3867.553 0.00107 -0.00320 0.00213
3867.558 -0.00746 -0.00426 -0.00639
3867.563 -0.01278 -0.00533 -0.00213
3867.568 -0.00213 -0.01278 0.00213
3867.573 -0.00639 -0.00213 -0.00320
3867.578 -0.00426 0.00107 -0.00639
3867.583 -0.00213 -0.00746 -0.00213
3867.588 0.00107 -0.00533 -0.00107
3867.593 -0.00320 0.00959 0.00639
3867.598 -0.00746 -0.00213 0.00000
3867.603 -0.00852 0.00320 0.00107
3867.608 -0.00533 -0.00426 -0.00533
3867.613 0.00320 0.00426 -0.00320
3867.618 -0.00107 0.00213 0.00213
3867.623 -0.00426 -0.00213 0.00746
3867.628 -0.00107 -0.00213 0.00320
3867.633 -0.00426 -0.00533 0.00639
3867.638 0.00852 -0.00639 -0.00639
3867.643 0.00320 0.00000 -0.00959
3867.648 0.00426 0.00000 -0.00320
3867.653 -0.00426 0.00000 0.00000
3867.658 0.00320 -0.00213 0.00320
3867.663 -0.00639 -0.00320 0.00320
3867.668 0.00213 -0.00213 0.00746
3867.674 -0.00746 0.00746 -0.00426
3867.679 0.00000 -0.00213 -0.00426
3867.684 0.00000 -0.00213 -0.00426
3867.689 -0.00533 -0.00426 -0.00639
3867.694 -0.00746 -0.00426 0.00746
3867.699 -0.00959 0.00000 -0.00213
3867.704 0.00000 0.00320 -0.00107
3867.709 -0.00320 -0.00746 -0.00107
3867.714 0.00107 -0.00213 0.00000
3867.719 -0.00746 -0.00107 -0.00639
3867.724 -0.00533 -0.00320 -0.00639
3867.729 -0.01917 0.00107 0.00107
3867.734 -0.00533 0.00320 -0.00320
3867.739 -0.00213 -0.00107 -0.00107
3867.744 -0.00639 -0.00639 -0.00107
3867.749 -0.00533 0.00213 0.00639
3867.754 -0.00107 -0.00107 0.00746
3867.759 -0.01278 -0.00107 -0.00426
3867.764 -0.00533 0.00213 0.00107
3867.769 0.00107 0.00426 -0.00426
3867.774 0.00852 -0.00533 0.00639
3867.779 -0.00426 -0.01278 0.00959
3867.784 -0.00107 -0.00107 -0.00320
3867.789 0.00213 0.00320 0.00213
3867.794 0.00533 0.00000 0.00107
3867.799 0.00320 -0.00426 -0.00213
3867.804 0.00213 -0.00426 -0.00426
3867.809 -0.00426 -0.00213 0.00639
3867.815 -0.00533 -0.00852 -0.00107
3867.820 -0.00852 0.00320 0.00213
3867.825 -0.00213 0.00320 0.00000
3867.830 0.00320 -0.00639 -0.00959
3867.835 0.00533 -0.00213 0.00533
3867.840 0.00533 -0.00639 0.00213
3867.845 -0.00213 -0.01065 -0.01065
3867.850 -0.00320 -0.00533 0.00320
3867.855 0.00426 0.00213 -0.00533
3867.860 -0.00320 0.00533 -0.00107
3867.865 -0.00107 0.00320 -0.00107
3867.870 -0.00533 -0.00533 -0.00746
3867.875 -0.00320 -0.00107 -0.00639
3867.880 -0.00107 0.00320 0.00959
3867.885 0.00000 -0.00213 0.00426
3867.890 -0.00639 -0.00533 -0.00533
3867.895 -0.01065 -0.00213 0.00107
3867.900 -0.00746 0.00000 -0.00533
3867.905 -0.00107 0.00213 -0.00426
3867.910 -0.00213 0.00000 0.00426
3867.915 -0.00213 -0.00426 -0.00213
3867.920 0.00107 0.00000 -0.00533
3867.925 -0.00426 -0.00213 0.00000
3867.930 0.00320 -0.00852 0.00213
3867.935 0.00746 0.01065 -0.00213
3867.940 -0.00320 0.00000 0.00000
3867.945 -0.00639 -0.00959 -0.00639
3867.950 -0.00426 -0.00533 -0.00320
3867.955 -0.00426 0.00533 0.00320
3867.960 -0.00320 -0.00107 -0.00107
3867.965 0.00213 0.01065 0.00746
3867.970 -0.00213 0.00107 -0.00320
3867.976 0.01172 -0.00533 0.00000
3867.981 -0.00746 -0.00107 -0.00959
3867.986 -0.00639 0.00852 0.01065
3867.991 0.00107 -0.00107 0.00213
3867.996 0.00213 -0.00639 0.00107
3868.001 0.00000 0.00107 -0.00320
3868.006 0.00213 0.00107 -0.00639
3868.011 -0.00852 -0.00852 0.01065
3868.016 -0.00426 -0.00107 -0.00639
3868.021 0.00426 0.01172 -0.00213
3868.026 0.00320 -0.00426 0.00000
3868.031 0.00426 -0.00533 0.00533
3868.036 0.00533 0.00107 -0.00639
3868.041 0.00000 -0.01172 0.00213
3868.046 -0.00639 0.00533 0.00639
3868.051 -0.00320 0.00000 -0.00852
3868.056 0.00426 0.00000 -0.00426
3868.061 0.00213 -0.00213 0.00320
3868.066 0.00533 -0.00213 -0.00426
3868.071 -0.01065 0.00000 0.00320
3868.076 0.00107 0.00107 0.00107
3868.081 0.00213 0.00320 0.00107
3868.086 0.01172 -0.00533 0.01065
3868.091 -0.00213 0.00426 0.00533
3868.096 -0.01278 -0.00959 0.00213
3868.101 -0.00639 -0.00320 0.00213
3868.106 0.00533 -0.00746 0.00320
3868.111 -0.00959 0.00320 0.00213
3868.116 -0.00107 0.00746 0.00000
3868.121 0.00000 0.00000 0.00320
3868.126 -0.00107 0.00320 -0.01065
3868.131 -0.00959 -0.00426 0.00320
3868.136 -0.00320 0.00320 0.00000
3868.141 -0.00746 -0.00426 0.00213
3868.146 0.00746 0.00320 -0.00852
3868.151 0.01385 -0.00533 -0.00213
3868.157 0.00000 0.00213 0.00533
3868.162 0.00213 -0.00107 0.01385
3868.167 -0.00213 -0.00320 0.00426
3868.172 0.00213 -0.00107 -0.00852
3868.177 0.00107 -0.00746 -0.00426
3868.182 -0.01172 -0.00852 -0.01704
3868.187 0.00213 -0.00107 -0.00213
3868.192 0.01278 -0.00320 -0.00107
3868.197 0.00852 0.00533 0.00000
3868.202 0.00639 -0.00639 -0.00320
3868.207 -0.00852 0.00000 -0.00639
3868.212 -0.00107 -0.00320 -0.00213
3868.217 -0.01172 -0.00852 -0.00213
3868.222 -0.00639 -0.00639 0.00213
3868.227 0.00533 -0.00320 0.00426
3868.232 -0.01172 0.00000 -0.00213
3868.237 0.00320 0.00000 -0.01065
3868.242 -0.01065 -0.00320 0.00107
3868.247 0.00320 -0.00852 -0.00639
3868.252 -0.00320 0.00746 0.00000
3868.257 -0.00213 0.00107 0.00213
3868.262 -0.00320 -0.01065 -0.00320
3868.267 0.00213 0.00639 -0.00746
3868.272 -0.00959 0.00000 -0.00533
3868.277 0.00852 -0.00426 -0.00533
3868.282 -0.00533 0.00000 -0.00107
3868.287 -0.00639 0.00213 0.00000
3868.292 0.00000 0.00639 -0.00320
3868.297 0.00320 -0.00533 0.00107
3868.302 -0.00213 0.00213 0.00320
3868.308 -0.00107 0.00320 -0.00426
3868.313 -0.00533 -0.00320 -0.00320
3868.318 0.00213 0.00107 0.00533
3868.323 -0.00746 0.00107 -0.00639
3868.328 -0.00746 0.00639 0.00213
3868.333 -0.00426 0.01172 -0.00533
3868.338 0.00000 0.00107 0.00852
3868.343 -0.00639 -0.00639 -0.00639
3868.348 0.00320 -0.00639 -0.00320
3868.353 0.00107 0.00533 0.00213
3868.358 -0.00426 0.00000 0.00426
3868.363 -0.01172 -0.00213 -0.00426
3868.368 -0.00320 0.00746 -0.00107
3868.373 -0.00852 0.00000 -0.00320
3868.378 -0.00639 0.00320 0.00107
3868.383 -0.00107 0.00533 -0.00213
3868.388 -0.00426 -0.00320 0.00533
3868.393 -0.00533 -0.00533 -0.00533
3868.398 -0.00639 -0.00107 0.00426
3868.403 -0.00426 0.00213 -0.00213
3868.408 0.00000 -0.00426 0.00426
3868.413 -0.00639 -0.01065 0.00320
3868.418 0.00213 -0.01278 -0.00533
3868.423 0.00320 0.00213 -0.00107
3868.428 -0.00320 0.00107 0.00000
3868.433 -0.00213 0.00320 0.00107
3868.439 -0.00426 -0.00533 -0.00533
3868.444 -0.01172 0.00533 0.00107
3868.449 0.00213 0.00533 0.00746
3868.454 0.00107 0.00533 0.00000
3868.459 -0.00746 -0.00320 0.00107
3868.464 -0.00533 -0.00746 -0.00533
3868.469 0.00426 0.00000 0.00746
3868.474 -0.01491 -0.00107 0.00107
3868.479 0.00107 -0.00107 -0.00320
3868.484 -0.00426 -0.00533 0.00213
3868.489 0.00426 -0.00533 0.00533
3868.494 -0.00959 -0.00107 -0.00213
3868.499 -0.00107 -0.00426 0.00107
3868.504 0.01065 0.00213 0.00107
3868.509 0.00107 0.00320 0.00000
3868.514 -0.00320 -0.00533 0.00107
3868.519 -0.00533 -0.00639 0.00426
3868.524 -0.00639 0.00000 0.00852
3868.529 0.00533 -0.01278 0.00426
3868.534 -0.00639 -0.00213 0.00107
3868.539 0.01704 -0.00426 0.00213
3868.544 -0.00426 0.00533 0.00533
3868.549 0.00000 -0.00213 0.00426
3868.554 0.00746 -0.00426 0.00533
3868.559 -0.00426 -0.00107 0.00213
3868.564 0.00107 -0.00213 0.00107
3868.569 -0.00533 0.00426 0.00320
3868.574 -0.00959 0.00107 0.00107
3868.579 -0.01065 -0.00426 -0.00639
3868.584 -0.00852 -0.00426 -0.00533
3868.589 -0.00426 -0.00533 0.00000
3868.594 -0.00959 -0.00426 -0.00746
3868.599 -0.01065 -0.00852 -0.00426
3868.604 0.00746 -0.00213 -0.00213
3868.609 -0.00107 -0.01065 -0.00533
3868.614 -0.00426 0.00320 0.00213
3868.620 0.00213 0.00320 0.00107
3868.625 0.01065 -0.00107 0.00213
3868.630 -0.00320 -0.00426 0.00426
3868.635 0.00320 -0.00213 0.00426
3868.640 0.00107 0.00533 -0.00959
3868.645 -0.00213 -0.00320 0.00533
3868.650 0.00320 -0.00107 0.00107
3868.655 0.00639 0.00213 -0.00213
3868.660 0.00320 0.00320 -0.00107
3868.665 0.00533 -0.00320 -0.00107
3868.670 0.00959 -0.00852 -0.00213
3868.675 0.01172 -0.00107 0.00320
3868.680 -0.00107 -0.00426 0.00000
3868.685 -0.00639 -0.00320 -0.00959
3868.690 -0.00639 -0.00639 0.00107
3868.695 -0.00426 0.00746 0.00320
3868.700 -0.00213 -0.00213 0.00320
3868.705 0.00426 -0.00213 -0.00533
3868.710 0.00107 -0.01065 0.00000
3868.715 0.00107 -0.00426 0.00107
3868.720 0.01278 0.00746 -0.00107
3868.725 0.00426 0.00320 -0.00107
3868.730 0.00000 -0.00107 -0.00107
3868.735 0.00000 -0.00533 -0.00320
3868.740 -0.01065 0.00213 -0.00426
3868.745 -0.00533 -0.00533 0.00107
3868.750 0.00320 0.01065 0.00426
3868.755 0.00213 -0.00213 -0.00533
3868.760 0.00000 -0.00320 -0.00533
3868.765 0.00000 -0.00426 -0.00320
3868.770 -0.00320 -0.00533 -0.00107
3868.775 -0.00320 -0.00959 -0.00107
3868.780 0.00213 0.00107 0.00213
3868.785 -0.00639 -0.00746 0.00000
3868.791 -0.00320 0.00107 -0.00533
3868.796 -0.00320 -0.00746 -0.00320
3868.801 -0.00107 -0.00107 0.00320
3868.806 0.00213 -0.00852 -0.00533
3868.811 -0.00213 0.00533 -0.00107
3868.816 -0.00533 -0.00320 -0.00320
3868.821 -0.00213 0.00000 0.00000
3868.826 -0.00639 0.00426 -0.00320
3868.831 0.00000 -0.00320 0.00639
3868.836 0.00107 0.00320 0.00000
3868.841 0.00746 -0.00639 -0.00320
3868.846 -0.00426 0.00000 -0.00426
3868.851 0.00746 0.00213 0.00533
3868.856 0.00000 -0.00320 0.00107
3868.861 0.00213 0.00107 -0.00107
3868.866 -0.00107 -0.01065 0.00639
3868.871 -0.00639 -0.00639 -0.00639
3868.876 -0.00746 -0.01278 0.00213
3868.881 0.00000 0.00000 0.00107
3868.886 0.00213 -0.00320 0.00746
3868.891 -0.00533 -0.00320 -0.00107
3868.896 0.00000 0.00213 -0.00213
3868.901 0.01065 0.00213 -0.00107
3868.906 0.00639 -0.00959 0.01278
3868.911 -0.00213 -0.01598 0.00213
3868.916 0.00000 -0.01065 0.00107
3868.921 -0.00852 -0.00320 0.00107
3868.926 -0.01172 -0.00426 -0.00213
3868.931 -0.00959 -0.00213 -0.00107
3868.936 -0.00320 0.00000 0.00426
3868.942 -0.00533 -0.00746 -0.00107
3868.947 0.00320 0.01598 -0.00107
3868.952 0.00000 -0.00320 0.00320
3868.957 0.00107 0.00426 0.00533
3868.962 -0.00107 -0.00852 -0.01172
3868.967 -0.00213 -0.00107 0.00639
3868.972 -0.00533 -0.00426 -0.00639
3868.977 0.00213 -0.00320 -0.00426
3868.982 0.00320 -0.00426 -0.00213
3868.987 0.00213 -0.00320 -0.00320
3868.992 -0.00639 -0.00320 0.00107
3868.997 0.00533 0.00107 -0.00746
3869.002 0.00000 0.00426 -0.01172
3869.007 0.00213 -0.00426 0.00107
3869.012 0.00000 -0.00639 -0.00533
3869.017 0.00107 -0.00320 -0.01172
3869.022 0.00000 0.00320 0.00107
3869.027 0.00000 0.00000 0.00426
3869.032 0.00107 -0.00107 0.00533
3869.037 0.00213 -0.00107 0.00426
3869.042 -0.00639 -0.00639 -0.00320
3869.047 -0.00852 -0.00213 -0.00426
3869.052 -0.00959 0.00213 0.00959
3869.057 -0.00107 -0.00320 -0.00426
3869.062 -0.00320 0.00533 -0.01385
3869.067 -0.00107 -0.00107 0.00746
3869.072 0.00000 0.00213 -0.00213
3869.077 0.00213 -0.00426 0.00320
3869.082 -0.00107 0.00639 -0.00852
3869.087 0.00426 -0.00533 0.00000
3869.092 0.00213 0.00000 0.00320
3869.097 -0.00213 0.00533 -0.00107
3869.102 0.00000 -0.00746 -0.00426
3869.107 -0.00426 0.00320 0.00000
3869.112 -0.00213 0.00213 -0.00107
3869.117 -0.00320 -0.00426 0.00107
3869.123 -0.00959 -0.00533 -0.01065
3869.128 0.00213 -0.00213 -0.00426
3869.133 -0.00107 0.00213 0.00213
3869.138 0.00107 0.00426 0.00320
3869.143 0.00213 0.00107 0.00107
3869.148 0.00107 0.00213 -0.00426
3869.153 0.00107 -0.00213 -0.00426
3869.158 0.00639 0.00320 0.00000
3869.163 -0.01172 -0.00852 0.00213
3869.168 -0.00107 -0.00426 -0.00533
3869.173 -0.00639 0.00000 -0.01385
3869.178 -0.00533 0.00213 0.00320
3869.183 0.00213 -0.00320 -0.00320
3869.188 -0.00320 -0.00426 0.00639
3869.193 -0.01278 0.00533 0.00320
3869.198 0.00213 0.00107 -0.00107
3869.203 -0.00746 0.00213 0.00107
3869.208 0.00213 -0.00426 -0.00533
3869.213 0.00107 -0.00639 -0.01065
3869.218 -0.00639 -0.00959 0.00000
3869.223 -0.00852 -0.00213 0.00213
3869.228 -0.00107 -0.00107 -0.01811
3869.233 0.00533 0.00852 0.00320
3869.238 0.00320 -0.00533 0.00000
3869.243 -0.00746 -0.00426 0.00213
3869.248 0.00320 -0.00959 -0.00320
3869.253 -0.00213 0.00000 0.00639
3869.258 0.00000 -0.00320 0.00107
3869.263 -0.00213 -0.00533 0.00000
3869.268 -0.00107 0.00639 -0.00426
3869.274 0.00213 -0.00213 -0.00107
3869.279 -0.00320 -0.00107 0.00746
3869.284 0.00000 0.00639 -0.00213
3869.289 0.00000 0.00107 0.00746
3869.294 0.00213 -0.01172 0.00213
3869.299 0.00213 0.00000 0.00533
3869.304 0.00000 -0.00426 -0.00426
3869.309 -0.00320 0.00533 0.00213
3869.314 0.00852 0.00426 -0.00213
3869.319 0.00320 -0.00320 -0.00213
3869.324 -0.00746 -0.00746 -0.00426
3869.329 0.00000 0.00213 0.00213
3869.334 0.00213 -0.00426 -0.00107
3869.339 0.00533 0.00320 -0.00533
3869.344 -0.00639 -0.00320 0.00852
3869.349 -0.00107 0.00639 -0.01385
3869.354 0.00000 -0.00426 0.00107
3869.359 0.00426 -0.00320 -0.00107
3869.364 0.00213 -0.00107 0.00000
3869.369 0.00213 0.00107 0.00320
3869.374 -0.00639 -0.00746 -0.00533
3869.379 -0.00107 -0.00213 -0.00426
3869.384 -0.00639 -0.00639 0.00213
3869.389 -0.00852 -0.00746 -0.00426
3869.394 0.00107 0.00852 -0.00213
3869.399 -0.00533 -0.00213 -0.00426
3869.404 0.01172 0.01704 -0.00213
3869.409 -0.00320 -0.00107 -0.00426
3869.414 -0.00852 0.00000 -0.00213
3869.419 -0.00533 -0.00213 0.00107
3869.424 -0.00852 0.00000 0.00000
3869.429 0.00533 0.00320 -0.00639
3869.435 -0.00107 0.00000 -0.00213
3869.440 -0.00107 -0.00426 -0.00533
3869.445 -0.00426 -0.00426 0.00959
3869.450 0.00426 -0.00107 0.00000
3869.455 -0.00639 -0.00107 -0.00426
3869.460 -0.00533 0.00639 -0.00426
3869.465 0.00639 -0.00533 -0.00107
3869.470 -0.00213 -0.00639 -0.00107
3869.475 -0.00426 -0.00320 0.00213
3869.480 0.00107 0.00000 -0.00107
3869.485 -0.00107 -0.00320 -0.00320
3869.490 -0.00426 0.00426 -0.00213
3869.495 0.00533 0.00000 0.00320
3869.500 -0.00213 -0.00107 0.00639
3869.505 -0.00107 -0.00426 0.00107
3869.510 0.00000 -0.00320 0.00320
3869.515 -0.00959 0.00000 -0.00107
3869.520 -0.00107 -0.00852 0.00107
3869.525 -0.00852 -0.00320 -0.00426
3869.530 -0.01172 0.00000 0.00426
3869.535 -0.00107 0.00000 -0.00213
3869.540 -0.00320 0.00000 0.00852
3869.545 0.00533 0.00852 -0.00746
3869.550 0.00107 0.00426 0.00107
3869.555 -0.00639 -0.00107 -0.00320
3869.560 -0.00426 -0.00107 -0.00746
3869.565 0.00000 0.00639 -0.00320
3869.570 -0.00107 -0.00426 -0.00213
3869.575 -0.00533 0.00533 -0.00213
3869.580 0.00000 -0.00320 0.00213
3869.585 0.00107 0.00000 0.01065
3869.590 0.00426 0.00000 -0.00320
3869.596 -0.00852 -0.00320 0.00000
3869.601 -0.00320 -0.00320 0.00000
3869.606 0.00000 0.00426 -0.00852
3869.611 0.00000 0.00746 0.00639
3869.616 -0.00639 0.00107 -0.00426
3869.621 -0.00320 0.00213 -0.00426
3869.626 0.00107 -0.00320 0.00000
3869.631 0.00746 0.00213 0.00213
3869.636 -0.00107 -0.00320 0.00320
3869.641 -0.00426 -0.00426 -0.00107
3869.646 -0.00213 0.00000 -0.00213
3869.651 0.00107 0.00000 -0.00639
3869.656 0.00107 -0.00426 -0.00639
3869.661 -0.00213 0.00320 0.00213
3869.666 -0.00320 -0.01598 -0.00320
3869.671 0.00320 -0.01065 0.00426
3869.676 0.00426 -0.00533 0.00000
3869.681 0.00533 -0.00639 -0.00320
3869.686 0.00213 -0.00320 0.00426
3869.691 -0.00213 0.00426 0.01811
3869.696 0.00426 -0.00107 0.00000
3869.701 -0.00746 0.00107 0.00107
3869.706 0.00533 0.00107 -0.00213
3869.711 0.00746 -0.00639 0.00000
3869.716 0.00320 -0.00320 -0.00426
3869.721 -0.00320 -0.00320 -0.00533
3869.726 -0.00213 -0.00533 0.00107
3869.731 -0.00107 -0.00320 -0.00107
3869.736 -0.00320 0.00533 0.00000
3869.741 0.00107 -0.00213 0.00426
3869.746 0.01917 -0.00320 -0.00852
3869.751 -0.00107 -0.00213 -0.00213
3869.756 -0.00533 -0.00639 -0.01065
3869.761 0.00107 -0.01065 -0.00213
3869.767 -0.00426 -0.00639 -0.00107
3869.772 0.00320 -0.00533 0.00107
3869.777 0.00426 0.01278 0.00852
3869.782 0.00320 0.00000 -0.00320
3869.787 0.00426 -0.00533 -0.00320
3869.792 0.00213 0.00000 -0.00107
3869.797 -0.00639 0.00213 -0.00426
3869.802 0.00213 -0.00426 0.00639
3869.807 0.00320 -0.00107 0.00000
3869.812 0.00746 -0.01172 -0.01172
3869.817 -0.00213 0.01278 0.00213
3869.822 -0.00533 -0.00426 0.00426
3869.827 -0.00426 -0.00746 -0.00213
3869.832 -0.00426 -0.00959 0.00000
3869.837 -0.00959 -0.00213 -0.00533
3869.842 -0.00533 -0.00639 -0.00320
3869.847 -0.00213 0.00000 0.00639
3869.852 0.00746 -0.00852 -0.00107
3869.857 -0.00426 -0.00213 -0.00107
3869.862 0.00320 -0.01491 -0.00107
3869.867 -0.00533 -0.00639 0.00107
3869.872 -0.00746 -0.00426 -0.00213
3869.877 -0.01385 -0.00639 0.00852
3869.882 -0.00107 0.00107 -0.00320
3869.887 0.00533 0.00426 0.00000
3869.892 0.00107 -0.00533 -0.00107
3869.897 -0.00426 -0.00213 0.00107
3869.902 0.00107 -0.00213 -0.00213
3869.908 -0.00320 -0.00107 -0.00320
3869.913 -0.00746 -0.00639 0.00000
3869.918 -0.00107 -0.00213 -0.00426
3869.923 0.00746 -0.00107 -0.00959
3869.928 0.00107 -0.00533 -0.00746
3869.933 -0.00852 -0.00107 0.00320
3869.938 -0.00107 0.00107 0.00426
3869.943 0.00107 0.00107 -0.00639
3869.948 0.00000 0.00213 0.00746
3869.953 -0.00533 -0.00639 -0.00639
3869.958 -0.00213 -0.00320 0.00000
3869.963 -0.01065 0.00320 -0.00639
3869.968 -0.00107 0.00107 0.00000
3869.973 0.00107 0.00213 0.00746
3869.978 -0.00959 0.00213 -0.00320
3869.983 0.00213 0.00107 0.00107
3869.988 -0.00426 0.00426 0.00639
3869.993 -0.00533 -0.01278 -0.00213
3869.998 -0.00320 -0.00959 0.00426
3870.003 0.01491 0.00639 -0.00107
3870.008 -0.00426 -0.00426 -0.00533
3870.013 0.00533 -0.00107 -0.00852
3870.018 -0.00320 -0.00639 0.00107
3870.023 -0.00320 -0.00426 -0.00746
3870.028 0.00213 0.00000 -0.00533
3870.033 -0.00107 -0.00107 -0.00533
3870.038 -0.00959 -0.00213 0.00107
3870.043 -0.00639 -0.00426 -0.00426
3870.048 -0.00533 0.00213 -0.00213
3870.053 0.00959 -0.00852 -0.00107
3870.058 0.00000 0.00107 -0.00213
3870.063 0.00533 0.00000 0.00533
3870.069 -0.00320 0.00426 0.00213
3870.074 -0.00959 0.00533 -0.00320
3870.079 0.00107 0.00000 0.00213
3870.084 0.00107 -0.00746 -0.00533
3870.089 -0.00746 0.00107 -0.00107
3870.094 0.00107 -0.00426 -0.00320
3870.099 -0.00639 -0.00320 0.00000
3870.104 -0.00639 0.00107 0.00746
3870.109 0.00213 -0.00639 0.00213
3870.114 -0.00533 -0.01811 -0.00107
3870.119 -0.00320 -0.00320 -0.00746
3870.124 0.00000 -0.00213 -0.00320
3870.129 -0.01172 -0.00213 0.00000
3870.134 0.00959 -0.00533 -0.00213
3870.139 -0.01065 -0.00426 -0.00107
3870.144 -0.00533 0.00320 0.00000
3870.149 0.00426 -0.00746 -0.00426
3870.154 0.00000 0.01172 -0.00213
3870.159 -0.00213 -0.00213 -0.00213
3870.164 -0.00639 0.00000 0.00000
3870.169 -0.00746 -0.00639 -0.00213
3870.174 -0.00320 0.00320 -0.00426
3870.179 0.00746 -0.00107 -0.00320
3870.184 -0.00746 -0.00426 0.00213
3870.189 -0.00639 -0.00213 0.00000
3870.194 -0.00639 -0.00107 0.00000
3870.199 -0.00533 -0.00639 0.00107
3870.204 0.00107 -0.00426 0.00107
3870.209 -0.00426 -0.00107 -0.00639
3870.214 -0.00533 -0.00107 0.00213
3870.219 0.00533 -0.00213 -0.00107
3870.224 0.00107 -0.00533 -0.00107
3870.229 0.00320 -0.00107 -0.00639
3870.234 0.00639 -0.00107 -0.00320
3870.240 0.00213 0.00426 -0.00746
3870.245 0.00107 0.00107 -0.00213
3870.250 -0.00213 -0.00426 0.00213
3870.255 0.00426 -0.00213 0.00000
3870.260 -0.00107 0.00426 -0.00533
3870.265 -0.01172 0.00213 -0.00426
3870.270 0.00533 -0.00533 0.00639
3870.275 0.00107 0.00213 0.00959
3870.280 -0.00213 -0.00426 -0.00533
3870.285 -0.00426 0.00107 -0.01172
3870.290 -0.00746 -0.00959 -0.00533
3870.295 0.00107 -0.00107 -0.00426
3870.300 -0.01278 -0.01278 0.00533
3870.305 0.00639 -0.00107 -0.00107
3870.310 0.00107 0.01172 0.00320
3870.315 -0.00746 -0.00533 0.00107
3870.320 -0.00426 -0.01172 0.00213
3870.325 -0.00213 0.00000 -0.00426
3870.330 -0.00533 -0.00213 -0.00320
3870.335 -0.00639 -0.00107 0.00000
3870.340 0.00107 -0.00320 0.00000
3870.345 0.00533 0.00107 0.00320
3870.350 -0.02131 -0.00107 -0.00533
3870.355 0.00852 0.00213 0.00107
3870.360 0.00000 -0.00639 -0.00320
3870.365 -0.00639 -0.00213 -0.00533
3870.370 -0.00107 -0.00213 -0.00320
3870.375 -0.00426 0.00426 -0.00852
3870.381 -0.00533 -0.00107 -0.00533
3870.386 0.00107 -0.00533 -0.00639
3870.391 -0.01065 -0.00533 -0.00852
3870.396 0.00213 0.00320 -0.00107
3870.401 0.00320 0.00426 -0.00533
3870.406 0.00000 0.00533 0.00533
3870.411 -0.00320 0.00213 0.00320
3870.416 -0.00320 -0.01172 0.00107
3870.421 0.00107 0.00320 0.00107
3870.426 0.00213 0.00000 -0.00639
3870.431 0.00107 0.00426 -0.00746
3870.436 0.00320 -0.00533 0.00213
3870.441 -0.00107 -0.00852 -0.00852
3870.446 0.00107 0.00533 0.00320
3870.451 0.00959 0.00639 0.00213
3870.456 -0.01172 -0.00107 -0.00426
3870.461 -0.00533 0.00107 -0.00213
3870.466 0.00000 0.00320 0.00213
3870.471 0.00959 0.00852 -0.00107
3870.476 -0.00107 -0.00213 0.00107
3870.481 -0.00213 -0.01065 -0.00213
3870.486 0.00213 0.00533 -0.01278
3870.491 0.00000 0.00426 0.00533
3870.496 -0.00852 -0.00639 0.00426
3870.501 0.00426 -0.00852 -0.00320
3870.506 -0.00639 -0.00426 -0.00213
3870.511 0.00426 -0.00959 -0.00533
3870.516 -0.00107 0.00320 -0.00852
3870.521 -0.00959 0.01065 0.00107
3870.526 0.00426 0.00959 0.00213
3870.531 0.00000 0.00213 -0.00213
3870.536 -0.00426 0.00852 -0.00426
3870.541 0.00107 0.00000 0.00107
3870.546 -0.00639 -0.00107 0.00107
3870.552 0.00426 0.00533 -0.00320
3870.557 0.01385 0.00000 -0.00107
3870.562 0.00000 0.00000 -0.00213
3870.567 -0.00426 0.00107 -0.00107
3870.572 -0.00852 -0.00107 -0.00639
3870.577 0.00000 0.00213 0.01917
3870.582 0.00852 -0.00426 -0.00426
3870.587 -0.00746 0.00000 0.00213
3870.592 0.00000 0.00213 0.00533
3870.597 -0.01385 -0.00426 -0.00426
3870.602 -0.00213 0.00107 0.00320
3870.607 -0.00426 0.00107 0.01065
3870.612 0.00000 -0.00107 -0.00320
3870.617 0.00000 0.00320 0.00000
3870.622 -0.00320 0.00320 0.00746
3870.627 0.00533 -0.00533 0.00000
3870.632 0.00852 0.01385 -0.00852
3870.637 0.00000 0.00000 -0.00426
3870.642 -0.01278 -0.00639 0.00213
3870.647 0.01172 -0.00426 0.00107
3870.652 -0.01065 -0.00852 -0.00533
3870.657 -0.00213 0.00533 0.00000
3870.662 -0.00746 0.00000 -0.00426
3870.667 0.00213 0.00426 0.00107
3870.673 -0.00533 0.00746 -0.00426
3870.678 -0.00213 -0.00213 0.00107
3870.683 0.00107 0.00000 0.00000
3870.688 -0.00533 -0.00426 -0.00320
3870.693 -0.00213 0.00107 0.00000
3870.698 -0.01278 0.00000 0.00107
3870.703 -0.00639 0.00533 0.00213
3870.708 -0.00746 -0.01065 -0.00852
3870.713 -0.00533 -0.00426 0.00107
3870.718 0.00426 -0.00107 0.00213
3870.723 -0.00107 -0.00426 0.00639
3870.728 0.00746 -0.00320 -0.00213
3870.733 -0.00426 0.00107 -0.00426
3870.738 -0.01172 -0.00213 -0.00746
3870.743 0.00000 0.00000 0.00107
3870.748 -0.00533 0.00107 0.00213
3870.753 0.00000 0.00320 -0.00320
3870.758 0.00000 -0.00426 0.00320
3870.763 -0.00639 0.00000 0.00213
3870.768 -0.00426 -0.00533 0.00213
3870.773 0.01278 0.00533 -0.00320
3870.778 0.00533 -0.00426 -0.00107
3870.783 0.00639 -0.00426 -0.00107
3870.788 0.00000 0.00000 -0.00107
3870.793 -0.00320 0.00213 -0.00107
3870.798 0.00000 -0.00213 -0.00213
3870.803 -0.00320 -0.00213 0.00533
3870.808 0.00639 -0.00639 -0.00426
3870.813 0.00852 -0.00107 0.00852
3870.818 -0.00533 -0.00320 0.00426
3870.824 -0.00107 -0.00533 -0.00639
3870.829 0.00213 0.00426 -0.00426
3870.834 -0.00107 0.00000 -0.00852
3870.839 0.00107 0.00213 -0.00213
3870.844 -0.00852 0.00426 -0.00426
3870.849 -0.00213 0.00000 0.00320
3870.853 -0.00426 -0.00959 0.00107
3870.858 -0.00639 0.00746 0.00426
3870.863 -0.00107 0.00533 0.00107
3870.868 -0.00746 0.00426 0.00746
3870.874 -0.00107 -0.00639 -0.00213
3870.879 0.00639 -0.00320 0.00213
3870.884 -0.00107 -0.00639 -0.00639
3870.889 0.00746 0.00213 0.00533
3870.894 -0.00213 0.00852 0.00107
3870.899 0.00639 0.00213 -0.00213
3870.904 -0.00746 0.00320 -0.00320
3870.909 -0.00213 0.00107 -0.00320
3870.914 -0.00852 -0.00320 -0.00852
3870.919 -0.00533 -0.00213 -0.00533
3870.924 -0.00107 -0.00426 0.00746
3870.929 -0.00426 0.00533 0.01065
3870.934 -0.00107 -0.01704 -0.00533
3870.939 0.00000 -0.00746 0.00213
3870.944 0.00107 -0.00320 -0.01065
3870.949 -0.01917 -0.00639 -0.00107
3870.954 0.00320 0.00639 -0.00107
3870.959 -0.00852 0.00213 0.01704
3870.964 -0.00533 0.00213 -0.00213
3870.969 0.00639 -0.00107 0.00639
3870.974 -0.00426 0.00426 -0.00213
3870.979 0.00213 0.00852 -0.00107
3870.984 -0.00852 0.00320 -0.00107
3870.989 0.00639 0.00320 -0.00107
3870.994 -0.00213 0.00107 0.00320
3870.999 0.00959 -0.00639 0.00000
3871.004 -0.00107 0.00000 -0.00426
3871.009 -0.00107 0.00000 0.00000
3871.015 0.00426 -0.00533 0.00426
3871.020 0.00107 0.00107 -0.00639
3871.025 -0.00107 -0.00639 -0.00639
3871.030 0.00107 0.00533 -0.00426
3871.035 0.00000 -0.00533 -0.00107
3871.040 -0.00426 0.00959 0.00107
3871.045 -0.00852 -0.00426 0.00107
3871.050 0.00533 0.00213 0.00320
3871.055 0.00000 0.00107 0.00213
3871.060 -0.00320 0.00426 0.00852
3871.065 -0.00213 0.00533 0.00000
3871.070 0.00533 -0.00213 -0.00426
3871.075 0.00533 0.00533 0.00426
3871.080 -0.00107 -0.00426 -0.00426
3871.085 0.00213 -0.00107 -0.00426
3871.090 0.00107 -0.00213 0.00213
3871.095 -0.00107 0.00107 -0.00107
3871.100 -0.01491 0.00533 -0.00533
3871.105 0.00426 -0.00107 0.00213
3871.110 0.00533 -0.00213 -0.00320
3871.115 0.00213 -0.00639 0.00000
3871.120 -0.01598 -0.00320 0.00320
3871.125 0.00000 -0.00107 -0.00852
3871.130 0.00107 -0.00533 -0.00107
3871.135 -0.00107 -0.01065 -0.00213
3871.140 0.00213 0.00320 0.00107
3871.145 0.00213 0.00213 0.00533
3871.150 -0.00959 0.00213 0.00426
3871.155 0.00213 -0.00426 0.00320
3871.160 -0.00107 0.00107 -0.00959
3871.166 0.00000 0.00213 0.00000
3871.171 0.00320 -0.00107 -0.00533
3871.176 -0.00320 -0.00639 -0.00213
3871.181 -0.00213 -0.00320 0.00639
3871.186 0.00107 0.00213 -0.00320
3871.191 -0.00533 0.00639 -0.00639
3871.196 0.00107 0.00000 -0.00320
3871.201 0.00639 -0.00213 -0.00320
3871.206 -0.00107 0.00320 -0.00320
3871.211 -0.00320 -0.00533 -0.00320
3871.216 -0.00320 -0.00213 -0.00320
3871.221 0.00107 -0.00639 -0.00107
3871.226 -0.00213 -0.01065 0.00107
3871.231 -0.00426 0.00000 0.00959
3871.236 -0.00533 -0.00213 0.00213
3871.241 0.00213 0.00639 -0.00426
3871.246 -0.00213 0.00426 0.00107
3871.251 -0.00320 -0.00107 0.00107
3871.256 -0.00746 0.00746 0.00533
3871.261 0.00000 -0.00107 0.01065
3871.266 -0.01172 -0.00746 -0.00639
3871.271 0.00107 -0.00852 -0.00426
3871.276 -0.00746 -0.00639 -0.00320
3871.281 0.00213 -0.00213 -0.00213
3871.286 -0.00107 -0.00639 0.00213
3871.291 0.00107 -0.00107 0.00639
3871.296 -0.01065 0.00320 -0.00746
3871.301 -0.00959 -0.00852 -0.00213
3871.306 0.00000 -0.00426 -0.01278
3871.311 -0.00107 0.00213 -0.00107
