3668.458 -0.00320 -0.00213 -0.00320
3668.463 -0.00107 0.00000 0.00533
3668.468 -0.00533 0.00320 0.00852
3668.473 -0.00213 -0.00107 0.00107
3668.478 -0.00107 -0.00107 -0.00107
3668.483 -0.00639 0.00852 -0.00213
3668.488 0.00213 0.00107 0.00533
3668.493 -0.00533 0.00320 -0.00426
3668.499 0.00320 0.00213 0.00000
3668.504 -0.00426 -0.00320 -0.00320
3668.509 -0.00213 0.00959 -0.00213
3668.514 0.01065 -0.00639 0.00320
3668.519 -0.00639 -0.00107 -0.00320
3668.524 0.00959 0.00320 0.00000
3668.529 0.00213 -0.00320 0.00107
3668.534 -0.00107 -0.00320 -0.00213
3668.539 0.00959 0.00000 0.00107
3668.544 -0.00107 0.00213 0.00213
3668.549 -0.00107 0.00000 0.00000
3668.554 0.00107 0.00320 0.00107
3668.559 -0.00426 -0.00639 -0.00107
3668.564 0.00213 -0.00639 -0.00213
3668.569 -0.00426 -0.00533 -0.00320
3668.574 0.00959 0.00959 0.00000
3668.579 0.00320 -0.00639 -0.00959
3668.584 0.00639 -0.00746 0.00213
3668.589 0.00107 -0.00213 0.00107
3668.594 -0.00639 -0.00426 0.00213
3668.599 0.00426 -0.00426 -0.00639
3668.604 -0.00107 -0.00852 0.00639
3668.609 0.00426 -0.00107 -0.00107
3668.614 -0.00107 -0.00320 0.00000
3668.619 0.00426 -0.00533 -0.00107
3668.624 0.00000 0.00533 -0.00320
3668.629 0.00213 -0.00533 0.00107
3668.634 -0.00213 0.00320 -0.00213
3668.639 -0.00213 -0.00107 0.00320
3668.644 -0.00426 -0.00746 0.00107
3668.649 -0.00639 0.00000 0.00320
3668.654 0.00533 0.00213 0.00213
3668.659 -0.00426 0.00000 0.01065
3668.664 -0.00213 -0.00213 0.00000
3668.670 -0.00107 -0.00213 -0.00107
3668.675 -0.00639 -0.00213 0.00000
3668.680 -0.01704 -0.00746 -0.00320
3668.685 0.00426 -0.00213 -0.00426
3668.690 -0.00320 -0.00107 -0.00746
3668.695 -0.00213 -0.00746 0.00213
3668.700 0.00213 0.01811 -0.00213
3668.705 -0.00107 -0.00533 0.00107
3668.710 -0.00213 -0.00107 0.00320
3668.715 0.00213 0.00000 0.00107
3668.720 -0.01491 -0.00426 -0.00320
3668.725 -0.00426 0.00320 -0.01065
3668.730 -0.00320 0.00107 -0.00213
3668.735 -0.00213 -0.00107 0.00000
3668.740 0.00639 0.00000 -0.00320
3668.745 -0.00639 -0.00426 -0.00426
3668.750 -0.00213 0.00000 -0.00320
3668.755 0.00213 -0.00213 0.00107
3668.760 -0.00639 -0.00320 -0.00107
3668.765 -0.00320 -0.00320 -0.00320
3668.770 0.00320 -0.00107 -0.00639
3668.775 -0.00213 0.00426 0.00107
3668.780 -0.00746 -0.00107 0.00213
3668.785 0.00107 0.00107 -0.00426
3668.790 -0.00533 -0.01385 -0.00107
3668.795 0.00107 -0.00320 0.00107
3668.800 0.00213 0.00213 0.00426
3668.805 -0.00533 -0.00213 0.00639
3668.810 -0.00107 0.00320 -0.00107
3668.815 -0.00107 0.00426 -0.00426
3668.821 -0.00213 -0.00533 -0.00213
3668.826 -0.01172 -0.00426 0.00533
3668.831 -0.00533 -0.00533 0.00107
3668.836 -0.00426 0.00426 -0.00426
3668.841 -0.00320 -0.00213 0.00639
3668.846 0.00107 -0.00852 -0.00320
3668.851 -0.00533 -0.00639 0.00107
3668.856 0.00213 -0.00320 -0.00107
3668.861 -0.00107 0.00213 -0.00107
3668.866 -0.00107 0.00639 -0.00533
3668.871 -0.00426 -0.00320 -0.00639
3668.876 -0.00426 -0.00852 -0.00533
3668.881 -0.00533 -0.00213 -0.00533
3668.886 0.00000 -0.00320 0.00000
3668.891 0.00000 -0.00639 -0.00213
3668.896 -0.01385 0.00000 0.00426
3668.901 -0.00107 0.00000 -0.00320
3668.906 -0.00959 0.00320 0.00746
3668.911 0.00107 -0.00426 -0.00320
3668.916 -0.00852 -0.00107 0.00213
3668.921 -0.00320 -0.00852 -0.00107
3668.926 -0.00852 -0.01065 0.00320
3668.931 -0.00533 -0.00213 0.00320
3668.936 -0.00746 -0.00107 0.00213
3668.941 -0.00213 0.00320 0.00107
3668.946 -0.00533 -0.00639 -0.00213
3668.951 -0.00320 -0.00426 0.00320
3668.956 -0.00852 0.00213 -0.00320
3668.961 -0.00746 0.00107 -0.00852
3668.966 0.00320 -0.00107 -0.00639
3668.971 -0.00533 -0.00213 0.00107
3668.976 0.00213 0.00107 0.00426
3668.981 0.00320 0.00320 -0.00213
3668.986 0.00107 -0.00107 -0.00533
3668.992 -0.00107 0.00426 0.00320
3668.996 0.00213 -0.01172 0.00213
3669.002 -0.00426 -0.00213 0.00213
3669.007 0.00320 0.00959 -0.00533
3669.012 -0.01065 0.00000 -0.00320
3669.017 -0.01278 -0.00533 -0.00533
3669.022 -0.00852 -0.00426 0.00533
3669.027 -0.00746 0.00000 -0.00213
3669.032 0.00852 -0.00107 0.00000
3669.037 0.00107 -0.00746 -0.00107
3669.042 0.00107 -0.00533 0.00426
3669.047 0.00746 0.00746 0.00000
3669.052 -0.00852 0.00000 -0.01704
3669.057 0.00533 -0.00639 0.00320
3669.062 -0.00639 -0.00213 -0.00213
3669.067 0.00852 -0.00320 0.00107
3669.072 -0.00107 -0.00320 -0.00213
3669.077 -0.00852 0.00213 0.00320
3669.082 0.00000 -0.00639 -0.01065
3669.087 -0.00426 0.00213 0.00426
3669.092 -0.00213 -0.00107 -0.00213
3669.097 -0.00426 -0.00426 0.00533
3669.102 -0.00746 0.00000 0.00107
3669.107 0.00000 -0.00320 0.00533
3669.112 0.00107 -0.00213 0.00639
3669.117 -0.00213 0.00213 0.00320
3669.122 0.00320 0.00320 0.00107
3669.127 -0.00320 -0.00213 -0.00320
3669.132 0.00959 -0.00107 -0.00320
3669.137 0.00213 -0.00107 0.00000
3669.142 0.00852 -0.00213 0.00426
3669.147 -0.00426 -0.00852 0.00533
3669.152 0.00000 -0.00320 -0.00639
3669.157 -0.00959 -0.00213 0.00000
3669.163 -0.00426 0.00533 0.00533
3669.168 0.00852 0.00852 -0.00107
3669.173 -0.00533 -0.00107 -0.01065
3669.178 0.00000 -0.00746 0.00107
3669.183 -0.00107 -0.00426 0.00639
3669.188 -0.01065 0.00000 0.00213
3669.193 0.00213 -0.00320 0.00639
3669.198 -0.00533 -0.00533 -0.00213
3669.203 0.01065 0.00000 0.00426
3669.208 -0.00213 -0.00320 -0.00107
3669.213 0.00000 -0.00107 0.00107
3669.218 0.00639 -0.00107 -0.00746
3669.223 0.00213 -0.00533 0.00426
3669.228 -0.00959 0.00533 -0.00746
3669.233 0.00320 0.00107 0.00213
3669.238 0.00107 -0.00746 0.00000
3669.243 -0.00320 0.00320 0.00320
3669.248 -0.00213 0.00639 -0.00320
3669.253 -0.00639 -0.00213 0.01385
3669.258 -0.00426 -0.01065 -0.00213
3669.263 -0.00533 -0.00107 -0.01917
3669.268 -0.00107 0.00000 0.00000
3669.273 -0.00852 0.00852 0.00852
3669.278 -0.01385 -0.00426 -0.00426
3669.283 -0.00320 -0.00639 -0.00426
3669.288 -0.00213 0.00000 -0.00320
3669.293 -0.00213 0.00639 -0.00639
3669.298 -0.00213 -0.00107 -0.00533
3669.303 0.00107 -0.00852 -0.00639
3669.308 -0.00320 0.00213 0.01385
3669.314 0.00107 0.00000 -0.00213
3669.319 0.01598 0.00426 -0.00639
3669.324 -0.00213 0.00000 -0.00213
3669.329 0.00959 0.00213 -0.00320
3669.334 0.00107 -0.00213 0.00746
3669.339 -0.00320 0.00746 -0.00533
3669.344 0.00107 0.00213 -0.00639
3669.349 -0.00746 -0.00213 -0.00639
3669.354 0.00959 0.00533 0.00639
3669.359 0.00107 -0.00426 0.00000
3669.364 0.00213 0.00213 0.00213
3669.369 0.00000 0.00000 -0.00213
3669.374 -0.01065 0.00426 -0.00213
3669.379 0.00213 -0.00320 0.00000
3669.384 -0.00320 0.00320 0.00320
3669.389 0.00426 0.00213 -0.00213
3669.394 -0.00746 -0.00746 0.00320
3669.399 -0.00639 0.00426 0.00533
3669.404 0.00320 0.00852 0.00213
3669.409 0.00533 -0.00746 -0.00426
3669.414 0.00000 -0.00533 0.00639
3669.419 0.00213 -0.00426 0.00107
3669.424 0.00320 0.00213 -0.00213
3669.429 -0.00426 -0.00107 0.00107
3669.435 -0.00746 -0.00639 -0.00107
3669.440 0.01172 0.00213 0.00426
3669.445 0.00107 0.00213 0.00213
3669.450 0.00107 0.00000 -0.00639
3669.455 -0.00213 -0.00746 0.00639
3669.460 -0.00746 -0.00746 0.00213
3669.465 -0.00213 0.00000 -0.00320
3669.470 -0.00426 -0.00959 0.00000
3669.475 0.00213 0.00852 0.00107
3669.480 0.00213 0.00107 0.00320
3669.485 -0.00213 0.00000 0.00320
3669.490 0.01172 0.00533 0.00320
3669.495 -0.00746 -0.00426 -0.01065
3669.500 -0.00320 -0.00426 0.00639
3669.505 -0.00426 -0.00959 -0.00746
3669.510 -0.00426 -0.00213 0.01172
3669.515 -0.00213 0.00213 -0.00533
3669.520 -0.01704 0.00000 -0.00639
3669.525 0.00213 -0.01172 0.00000
3669.530 -0.00533 0.00426 0.00107
3669.535 -0.00533 -0.00213 -0.00213
3669.540 0.00426 0.00000 -0.00852
3669.545 -0.00746 -0.00852 -0.00107
3669.550 -0.00426 -0.00639 -0.00746
3669.555 -0.00320 0.00213 0.00213
3669.560 -0.00639 0.00320 0.00107
3669.565 -0.00213 -0.00107 -0.00959
3669.570 0.00320 0.00213 -0.00107
3669.575 -0.01172 0.00426 0.00320
3669.580 -0.00107 0.00000 0.00107
3669.585 0.00213 0.00213 0.00000
3669.590 -0.01065 0.00746 0.00746
3669.596 -0.00107 -0.00213 0.00320
3669.601 0.00000 -0.01065 0.00107
3669.606 -0.00959 -0.00107 -0.00107
3669.611 -0.00107 0.00213 -0.00746
3669.616 -0.00639 -0.00107 0.00213
3669.621 0.00320 0.00746 0.00107
3669.626 0.00000 -0.00107 -0.00746
3669.631 -0.00426 0.00107 -0.00107
3669.636 -0.00959 -0.01491 -0.00426
3669.641 -0.00639 0.00107 0.00107
3669.646 0.00320 -0.00533 -0.00320
3669.651 -0.00426 0.00107 0.00959
3669.656 -0.00213 0.00320 0.00107
3669.661 0.00213 -0.00426 0.00533
3669.666 0.00426 0.00000 -0.00107
3669.671 -0.00852 0.00852 0.00320
3669.676 0.00107 0.00746 0.00107
3669.681 0.00213 0.00213 0.00533
3669.686 -0.00426 0.00320 -0.00426
3669.691 -0.00320 -0.00107 -0.00320
3669.696 0.00107 -0.00639 0.00426
3669.701 -0.00639 0.00000 0.00533
3669.706 -0.00213 0.00320 -0.00746
3669.711 -0.00320 -0.00746 0.00533
3669.716 0.00852 0.00320 0.00000
3669.721 0.00533 0.00107 -0.00426
3669.726 -0.00746 0.00320 0.00426
3669.731 0.00639 -0.00533 -0.00107
3669.736 0.00213 -0.00213 0.00107
3669.741 0.00107 -0.00533 0.00000
3669.746 0.00107 -0.01065 0.00107
3669.751 -0.00320 -0.00320 0.00000
3669.756 0.00107 0.00320 -0.00107
3669.761 0.00000 0.00213 0.00000
3669.766 -0.00320 -0.00639 -0.00320
3669.771 0.00107 -0.00533 -0.00320
3669.776 0.00213 -0.00639 0.00320
3669.781 -0.00426 0.00320 0.00426
3669.787 -0.00533 0.00639 0.00213
3669.792 0.00426 -0.00639 0.01065
3669.797 -0.00107 0.00320 0.00213
3669.802 0.00320 0.00000 0.00107
3669.807 -0.00852 0.00320 -0.00852
3669.812 -0.00639 -0.00639 0.00107
3669.817 0.00426 0.01065 0.00213
3669.822 0.00213 0.00107 -0.00320
3669.827 -0.00426 -0.00639 -0.00533
3669.832 0.00533 0.00426 0.00107
3669.837 -0.00107 -0.00426 0.00746
3669.842 -0.00320 -0.00107 0.00320
3669.847 0.00000 0.00000 -0.00639
3669.852 0.00000 0.00746 0.00107
3669.857 -0.00746 0.00107 -0.00107
3669.862 -0.01065 0.00213 -0.00320
3669.867 0.00852 0.00533 -0.00213
3669.872 0.00000 0.00107 -0.01385
3669.877 0.00107 -0.00639 0.00533
3669.882 -0.00639 -0.00639 0.01598
3669.887 -0.00213 0.00639 0.00000
3669.892 -0.00639 -0.00426 -0.00426
3669.897 0.00426 0.00000 -0.00320
3669.902 0.00746 -0.00639 0.00426
3669.907 0.00320 0.00746 -0.00107
3669.912 -0.01172 -0.00213 0.00426
3669.917 0.00213 -0.00426 -0.00107
3669.922 0.00107 -0.01278 -0.00213
3669.927 0.00107 -0.00959 -0.00107
3669.932 -0.00533 -0.00320 0.00639
3669.937 -0.00639 -0.00426 0.00639
3669.942 0.00000 -0.00533 -0.00746
3669.948 -0.00639 -0.00426 0.00533
3669.953 -0.00852 -0.00213 0.00213
3669.958 -0.00533 -0.00533 -0.00320
3669.963 0.00320 -0.00533 0.00107
3669.968 -0.00213 -0.01491 -0.00639
3669.973 -0.00426 0.00320 0.00426
3669.978 -0.00320 0.00639 -0.00107
3669.983 0.00107 -0.00746 0.00426
3669.988 -0.00107 0.00533 0.00107
3669.993 -0.00533 -0.00320 -0.00746
3669.998 -0.01172 -0.00213 -0.00320
3670.003 0.00107 -0.00107 0.00107
3670.008 -0.00533 -0.00107 -0.00213
3670.013 -0.00426 0.00000 -0.00107
3670.018 0.00107 0.00746 -0.00639
3670.023 0.00213 -0.00426 -0.00852
3670.028 -0.00426 0.00213 -0.01278
3670.033 -0.00426 -0.00320 0.00107
3670.038 -0.00213 -0.00533 -0.00213
3670.043 -0.01065 -0.00426 0.00213
3670.048 0.00426 -0.00426 -0.00107
3670.053 -0.00426 -0.00533 0.00107
3670.058 0.00000 -0.00320 0.00107
3670.063 -0.00107 -0.00426 0.00426
3670.068 0.00107 -0.00107 0.00746
3670.073 0.00426 0.00213 0.00000
3670.078 0.00107 -0.01065 -0.00533
3670.083 0.00213 -0.00213 0.01385
3670.088 -0.00959 -0.00639 -0.00852
3670.093 -0.00107 -0.00426 0.00320
3670.099 0.00320 -0.00639 0.00959
3670.104 -0.00533 0.00213 0.00320
3670.109 -0.00213 0.00213 0.00320
3670.114 -0.00533 -0.01172 0.00213
3670.119 -0.00959 0.00107 -0.00107
3670.124 -0.00320 0.00000 0.00107
3670.129 0.00533 0.00000 0.00107
3670.134 0.00746 0.00533 0.00213
3670.139 -0.00107 -0.00426 -0.00426
3670.144 -0.00213 -0.00852 0.00000
3670.149 0.00000 0.00426 -0.00320
3670.154 -0.00107 0.00000 0.00107
3670.159 -0.00107 -0.00426 -0.00320
3670.164 0.00746 0.00000 0.00107
3670.169 -0.00746 -0.00320 -0.00533
3670.174 -0.00746 -0.00426 -0.00533
3670.179 -0.00107 0.00000 0.00000
3670.184 0.00533 0.00639 0.00107
3670.189 -0.00533 -0.00746 0.00320
3670.194 -0.00213 -0.00426 -0.00746
3670.199 -0.00533 -0.00213 0.00107
3670.204 -0.00426 0.00107 -0.00426
3670.209 -0.00426 -0.00213 -0.00533
3670.214 0.00533 0.00213 -0.00320
3670.219 -0.00852 -0.00320 -0.00320
3670.224 0.00533 0.00533 -0.00320
3670.229 0.00107 0.00000 -0.00107
3670.234 -0.00320 0.00639 0.00000
3670.239 -0.00320 0.00426 0.00320
3670.244 -0.00852 0.00320 0.00107
3670.250 -0.01065 -0.00320 0.00000
3670.255 0.00533 -0.00426 -0.00320
3670.260 -0.00852 -0.00426 -0.00213
3670.265 0.00107 -0.00959 0.00320
3670.270 -0.00213 0.00852 0.00107
3670.275 0.00426 -0.00320 -0.00746
3670.280 -0.00533 0.00320 -0.00107
3670.285 0.00320 0.00746 0.00320
3670.290 -0.00852 0.00000 -0.00107
3670.295 0.00107 -0.00213 0.00320
3670.300 -0.00107 0.00000 0.00426
3670.305 -0.00639 -0.00639 -0.00107
3670.310 0.00213 0.00320 -0.00213
3670.315 0.00000 -0.00213 0.00533
3670.320 -0.00852 0.00320 0.00107
3670.325 -0.00426 -0.00107 -0.00320
3670.330 -0.01385 -0.01065 -0.00533
3670.335 0.00746 0.00107 0.00320
3670.340 -0.00320 0.00426 -0.00426
3670.345 -0.00426 0.00213 -0.00213
3670.350 -0.00533 -0.00746 -0.00639
3670.355 -0.01065 0.00000 0.00426
3670.360 0.00426 -0.01385 0.00107
3670.365 0.00426 0.00000 -0.00107
3670.370 -0.00426 -0.00213 0.00320
3670.375 0.00000 -0.00213 -0.00426
3670.380 -0.00533 0.00000 -0.00746
3670.385 0.00107 -0.00107 0.00000
3670.390 0.00107 0.00000 0.00426
3670.395 -0.00852 -0.00852 -0.00213
3670.400 -0.00213 0.00213 -0.00213
3670.405 -0.00426 -0.00533 0.00213
3670.411 0.00213 0.00213 -0.00213
3670.415 -0.00746 0.00852 0.00533
3670.421 0.00533 0.00000 0.00320
3670.426 0.01065 -0.00213 -0.00213
3670.431 0.00426 0.00533 -0.00320
3670.436 -0.00320 -0.00107 0.00639
3670.441 -0.00746 -0.00107 0.00426
3670.446 0.00320 0.00426 0.00107
3670.451 0.00852 -0.00213 -0.00533
3670.456 0.00107 -0.00426 0.01704
3670.461 -0.00320 0.00107 0.00426
3670.466 0.00639 -0.00213 0.00213
3670.471 -0.00426 -0.00213 0.00213
3670.476 0.00852 -0.00533 -0.00213
3670.481 -0.00639 -0.00320 -0.00213
3670.486 0.00000 -0.00426 -0.00533
3670.491 -0.01065 0.00107 0.00000
3670.496 0.00426 0.00533 0.00107
3670.501 -0.00107 -0.00746 0.00000
3670.506 -0.00107 0.00000 -0.00107
3670.511 -0.00213 -0.00959 0.01065
3670.516 0.00533 0.00000 0.00000
3670.521 -0.00852 0.00213 -0.01385
3670.526 0.00107 -0.01278 -0.00320
3670.531 0.00426 -0.00959 -0.00852
3670.536 -0.00320 -0.01172 0.00533
3670.541 -0.00213 -0.00426 0.00000
3670.546 -0.00533 0.00213 0.00746
3670.551 0.00107 -0.00959 0.00746
3670.556 0.00000 -0.00320 -0.00213
3670.561 0.00000 0.00320 -0.00107
3670.566 0.00852 0.00746 -0.00746
3670.571 -0.00533 -0.00213 -0.00213
3670.576 0.00107 -0.01065 -0.00320
3670.581 -0.01278 -0.00320 0.00000
3670.586 0.00107 -0.00746 0.00426
3670.591 -0.00107 0.00426 -0.00213
3670.596 -0.00320 0.00746 0.00107
3670.601 -0.00107 -0.00107 -0.00320
3670.606 -0.00213 0.00639 0.00213
3670.612 -0.00213 -0.00426 0.00639
3670.617 -0.00533 -0.00533 0.00426
3670.622 0.00107 -0.00639 -0.00107
3670.627 0.00639 0.00107 0.00000
3670.632 -0.00533 0.00000 -0.00320
3670.637 0.00000 0.00213 -0.00107
3670.642 -0.00107 0.00320 0.00426
3670.647 0.00320 -0.00639 -0.00320
3670.652 -0.00213 0.00000 0.00426
3670.657 -0.00213 -0.00746 -0.00533
3670.662 -0.00639 0.00639 -0.00107
3670.667 -0.00959 0.00213 0.00639
3670.672 -0.00213 -0.00213 -0.00426
3670.677 0.00639 0.00000 -0.00639
3670.682 -0.00639 0.00213 0.00107
3670.687 -0.00852 0.00000 -0.00426
3670.692 0.00107 -0.00320 -0.00213
3670.697 -0.01172 0.00533 0.00000
3670.702 0.00107 -0.00213 0.00746
3670.707 -0.00107 -0.00852 -0.00107
3670.712 0.00213 0.00000 -0.00746
3670.717 -0.00639 -0.00426 0.00639
3670.722 -0.00213 0.00426 0.00213
3670.727 -0.00426 -0.00320 0.00000
3670.732 -0.00426 -0.00959 -0.00320
3670.737 -0.00107 -0.00852 0.00000
3670.743 0.00107 0.00533 -0.00320
3670.748 -0.00107 -0.00213 0.00320
3670.753 -0.00213 -0.00107 0.00213
3670.758 0.00533 -0.00107 -0.00746
3670.763 -0.00320 -0.00852 -0.00213
3670.768 0.00959 0.00213 -0.00639
3670.773 0.00320 0.00213 0.00320
3670.778 0.00533 0.00533 0.00107
3670.783 0.01065 -0.00320 0.00107
3670.788 -0.00107 -0.00852 0.00000
3670.793 0.00107 -0.00639 0.00426
3670.798 -0.01065 -0.00533 0.00213
3670.803 -0.01278 0.00533 0.00639
3670.808 0.00426 0.00320 0.00213
3670.813 -0.00107 -0.00746 -0.00426
3670.818 -0.00639 0.00746 -0.00107
3670.823 -0.00107 -0.00213 0.00000
3670.828 -0.00533 0.01278 -0.00426
3670.833 -0.00107 0.00426 0.01278
3670.838 -0.00852 -0.00320 0.00000
3670.843 -0.00213 -0.00533 -0.00107
3670.848 -0.00639 -0.00746 0.00107
3670.853 -0.00746 0.00213 0.00107
3670.858 0.00213 0.00213 -0.01172
3670.863 -0.00320 -0.00852 -0.00213
3670.868 -0.00639 0.01278 -0.00533
3670.873 0.00746 -0.00213 -0.00213
3670.878 -0.00107 -0.00213 -0.00107
3670.883 0.00000 0.00426 0.00746
3670.888 -0.00426 -0.00639 0.00533
3670.893 0.00320 -0.00320 0.00533
3670.898 0.00426 -0.00213 0.00213
3670.903 0.00213 -0.00320 0.00639
3670.908 -0.00320 -0.00107 -0.00107
3670.913 -0.00213 -0.00959 0.00426
3670.918 -0.00533 0.00533 -0.00107
3670.924 -0.01172 -0.00533 0.00320
3670.929 -0.00320 0.00426 -0.00107
3670.934 -0.00426 -0.00426 -0.00533
3670.939 -0.00426 -0.01065 -0.00107
3670.944 -0.00213 0.00213 -0.00320
3670.949 -0.00213 0.00639 -0.00852
3670.954 0.00000 0.00426 -0.00213
3670.959 0.00000 0.00320 -0.00959
3670.964 0.00107 -0.00320 -0.00320
3670.969 0.01065 0.00107 0.00426
3670.974 -0.00639 -0.00213 -0.00426
3670.979 0.00000 -0.01065 0.00000
3670.984 -0.00852 0.00213 -0.00213
3670.989 -0.00320 -0.00107 -0.00213
3670.994 0.00107 0.00213 -0.00426
3670.999 0.00000 -0.00320 0.00000
3671.004 0.00639 0.00426 -0.00320
3671.009 -0.00320 -0.00959 -0.00852
3671.014 -0.01278 -0.00426 0.00533
3671.019 -0.00320 -0.00533 0.00320
3671.024 -0.00852 0.00107 0.00320
3671.029 0.00639 -0.00213 0.00533
3671.034 0.00320 0.00639 -0.00320
3671.039 0.00000 -0.00533 0.00320
3671.044 -0.00533 0.00639 0.00000
3671.049 0.00852 0.00000 -0.00852
3671.054 0.00746 -0.00107 -0.00426
3671.059 0.00426 -0.00533 0.00107
3671.064 -0.00213 -0.00213 0.00107
3671.069 -0.00320 -0.00320 0.00533
3671.074 -0.00852 -0.00533 0.00000
3671.079 -0.00533 0.00320 -0.00213
3671.085 -0.01065 0.00320 0.00639
3671.090 -0.00107 0.00852 -0.00746
3671.095 -0.00746 -0.01172 0.00533
3671.100 0.00000 0.00320 0.00107
3671.105 0.00533 0.01278 -0.00959
3671.110 -0.00852 -0.00320 -0.00107
3671.115 0.01065 -0.00213 -0.01065
3671.120 -0.00213 0.01811 0.00107
3671.125 0.00320 0.00000 0.00320
3671.130 0.00107 -0.00639 0.00000
3671.135 -0.00852 0.00213 -0.00213
3671.140 -0.00107 0.00533 0.00426
3671.145 -0.00746 -0.00426 -0.00533
3671.150 -0.00107 0.00000 0.00000
3671.155 0.00107 -0.00746 0.00639
3671.160 0.00000 -0.00213 0.00320
3671.165 0.00959 0.00639 0.00320
3671.170 0.00107 0.00000 0.00426
3671.175 -0.00533 0.00213 -0.00213
3671.180 -0.00320 0.00107 0.00213
3671.185 -0.00533 -0.00426 -0.00107
3671.190 -0.00746 0.00213 -0.00533
3671.195 -0.00746 -0.00320 0.00213
3671.200 -0.00533 -0.00533 -0.00213
3671.205 -0.00107 -0.01491 0.00213
3671.210 0.00213 0.00213 -0.00107
3671.215 -0.01491 0.00107 0.00107
3671.220 0.00320 -0.00639 0.00320
3671.226 -0.01065 0.00000 -0.00533
3671.231 0.00426 0.00107 0.00000
3671.236 -0.00213 -0.00213 0.00426
3671.241 -0.00533 -0.00639 0.00320
3671.246 0.00320 -0.00320 0.00426
3671.251 0.00320 -0.00107 0.00852
3671.256 -0.00959 -0.00533 0.00213
3671.261 0.00213 -0.00107 -0.00107
3671.266 -0.01385 -0.00426 0.00213
3671.271 -0.00426 0.00107 -0.00426
3671.276 0.00000 0.00533 0.00320
3671.281 0.00213 -0.00320 -0.00320
3671.286 -0.00107 0.00320 0.00213
3671.291 0.01065 0.00107 0.00320
3671.296 0.00107 0.00320 0.00426
3671.301 0.01172 0.00746 -0.00107
3671.306 0.00959 -0.00852 0.00533
3671.311 0.01172 -0.00426 -0.00426
3671.316 -0.00320 -0.00426 -0.00959
3671.321 -0.00852 -0.00426 0.00320
3671.326 -0.00213 0.00426 0.00000
3671.331 0.00213 -0.00426 -0.00213
3671.336 0.00107 0.00746 0.00320
3671.341 0.00000 -0.00533 -0.00107
3671.346 0.00000 0.00320 -0.00213
3671.351 -0.00107 -0.00533 0.00000
3671.356 -0.00320 -0.00533 0.00320
3671.361 0.00107 0.00639 0.01491
3671.366 -0.00320 -0.00107 0.00213
3671.371 0.00426 -0.00213 0.00107
3671.376 0.00000 -0.00213 -0.00639
3671.381 0.00320 -0.00107 -0.00533
3671.387 -0.00107 -0.00426 0.00213
3671.392 0.00320 -0.00320 -0.00426
3671.397 -0.00107 0.00746 -0.00107
3671.402 -0.00320 -0.00320 -0.00213
3671.407 -0.00852 -0.00320 0.00000
3671.412 -0.00320 -0.00320 -0.00213
3671.417 -0.00320 -0.00107 0.00320
3671.422 -0.00213 0.00213 -0.00107
3671.427 -0.00320 0.00107 -0.00533
3671.432 -0.00426 0.00000 0.00107
3671.437 0.00426 0.00320 -0.00426
3671.442 0.00533 -0.00639 0.00213
3671.447 -0.00107 0.00107 -0.00852
3671.452 -0.00213 0.00213 -0.00107
3671.457 0.00320 0.00213 0.00000
3671.462 0.00746 -0.00959 0.00746
3671.467 -0.00426 -0.00320 0.00107
3671.472 0.01278 0.00852 0.00107
3671.477 -0.00746 -0.00213 0.00426
3671.482 -0.00213 0.00533 0.00533
3671.487 0.00000 0.00107 -0.00639
3671.492 -0.00213 -0.00107 0.00320
3671.497 0.00746 0.00320 -0.01172
3671.502 -0.00320 -0.00746 -0.00107
3671.507 -0.00320 0.00213 -0.01172
3671.512 -0.00852 -0.00107 -0.00639
3671.517 0.00320 -0.00533 -0.00213
3671.522 0.00107 0.00000 0.00533
3671.527 -0.01172 -0.00320 0.00107
3671.532 0.00320 0.00533 -0.00746
3671.537 0.00320 -0.00852 0.00746
3671.542 0.00000 0.00320 0.00107
3671.548 0.00320 0.00107 0.00213
3671.553 -0.00426 -0.00746 -0.00426
3671.558 0.00320 0.00107 0.00426
3671.563 -0.00533 -0.00107 0.00107
3671.568 -0.00320 0.00000 -0.00213
3671.573 0.00320 0.00746 -0.00107
3671.578 0.00426 -0.00426 0.00000
3671.583 0.00426 -0.00107 0.00320
3671.588 -0.00213 -0.01385 0.00533
3671.593 0.00213 0.00426 -0.00533
3671.598 -0.00533 -0.00533 0.00426
3671.603 0.00213 -0.00639 -0.00426
3671.608 -0.00320 -0.00320 -0.00320
3671.613 -0.00533 -0.01172 -0.00320
3671.618 0.00746 0.00426 -0.00426
3671.623 -0.00533 -0.00213 -0.00639
3671.628 0.00107 0.00000 -0.00533
3671.633 -0.00213 0.00000 -0.00213
3671.638 -0.00533 -0.00426 0.00107
3671.643 0.00639 0.00852 -0.00320
3671.648 -0.00213 -0.00533 0.00213
3671.653 0.00746 0.00320 0.00000
3671.658 0.00000 -0.00107 0.00000
3671.663 0.00426 0.00320 0.00000
3671.668 0.00000 0.00107 -0.00213
3671.673 -0.00320 -0.00852 -0.00320
3671.678 -0.00639 0.00000 0.00213
3671.683 -0.00107 0.00213 0.00107
3671.688 -0.00852 -0.00213 0.00000
3671.693 0.00213 0.00107 0.00639
3671.698 -0.00959 -0.01065 -0.00639
3671.703 -0.00426 -0.00533 0.00426
3671.708 0.00213 -0.00213 -0.00426
3671.713 -0.00426 0.00000 0.00426
3671.718 0.00000 -0.00959 -0.00639
3671.723 -0.00533 -0.00107 -0.00746
3671.728 0.00959 -0.00533 0.00107
3671.733 0.00852 0.00107 0.00426
3671.739 -0.00639 -0.00213 -0.00320
3671.744 0.00533 0.00533 0.00000
3671.749 -0.00426 -0.00320 -0.00107
3671.754 -0.00426 0.00107 -0.00320
3671.759 -0.00320 -0.01065 0.00213
3671.764 -0.00533 0.00852 -0.00959
3671.769 -0.00107 0.00107 -0.00213
3671.774 -0.01065 -0.00213 -0.00320
3671.779 0.01065 0.00426 0.00213
3671.784 0.00107 0.00639 0.00639
3671.789 0.00000 0.00320 0.00107
3671.794 -0.00959 0.00000 -0.00213
3671.799 -0.00639 -0.00746 -0.00213
3671.804 0.00213 0.00000 -0.00213
3671.809 -0.00213 0.00426 0.00852
3671.814 0.00639 0.00320 0.00000
3671.819 -0.00852 -0.00213 0.00426
3671.824 -0.00852 0.00107 0.00000
3671.829 0.00320 0.00426 0.00213
3671.834 -0.01278 -0.00533 -0.00107
3671.839 -0.00320 0.00000 -0.00213
3671.844 -0.00107 -0.00107 -0.00639
3671.849 0.00000 0.00213 0.00107
3671.854 0.00639 0.00000 0.00533
3671.859 -0.00426 0.00107 -0.00213
3671.864 0.00000 0.00107 0.00000
3671.870 0.00000 0.00426 0.00213
3671.875 -0.00746 0.00426 0.00426
3671.880 -0.00426 0.00852 0.00107
3671.885 -0.00107 -0.00320 -0.00533
3671.890 0.00639 0.00746 -0.00746
3671.895 -0.00746 -0.00746 -0.00107
3671.900 0.00000 -0.00533 -0.00213
3671.905 0.01172 -0.00213 -0.00213
3671.910 -0.00746 0.00320 -0.00533
3671.915 0.00000 -0.01172 0.00533
3671.920 -0.01598 -0.00320 0.00213
3671.925 -0.00533 -0.00320 0.00107
3671.930 -0.00213 -0.00107 0.00107
3671.935 -0.00320 -0.00746 0.00000
3671.940 0.00107 -0.00320 0.00213
3671.945 -0.00426 -0.00639 0.00213
3671.950 0.00213 -0.00320 -0.00107
3671.955 0.00320 -0.00426 -0.00959
3671.960 -0.00107 0.00213 0.00000
3671.965 -0.00852 0.00426 -0.00746
3671.970 -0.00533 -0.00320 0.00213
3671.975 0.00213 0.00639 -0.00533
3671.980 0.00533 -0.00107 -0.00213
3671.985 0.00000 0.00107 0.00320
3671.990 0.01172 0.00320 -0.00213
3671.995 -0.01811 -0.00852 -0.00107
3672.000 0.00000 0.00000 -0.00320
3672.005 -0.00107 0.00000 0.00000
3672.010 0.00107 -0.00107 -0.00426
3672.015 0.00746 0.00639 -0.00213
3672.020 -0.00533 -0.00746 -0.00320
3672.025 0.00213 0.00000 -0.00320
3672.030 -0.00852 -0.01065 0.00000
3672.035 0.00426 -0.00426 -0.00746
3672.041 -0.00107 0.00639 -0.00320
3672.046 -0.00320 -0.00639 -0.00107
3672.051 0.00213 0.00533 0.00639
3672.056 0.00000 -0.00746 0.00213
3672.061 0.00639 0.00000 0.00107
3672.066 0.00000 -0.00426 0.00107
3672.071 -0.00320 -0.00533 0.00000
3672.076 0.00320 0.00533 0.00000
3672.081 0.00213 -0.00320 -0.00213
3672.086 -0.00107 0.00213 0.00000
3672.091 -0.00107 0.00426 -0.00533
3672.096 -0.00533 0.00000 0.00533
3672.101 0.00533 -0.00213 -0.00320
3672.106 -0.01172 -0.00533 -0.00320
3672.111 0.00000 -0.00426 0.00959
3672.116 0.00852 -0.00320 -0.00426
3672.121 -0.00533 0.00320 0.00000
3672.126 0.00107 0.00533 0.00852
3672.131 -0.00213 -0.00320 0.00320
3672.136 0.00213 0.00426 0.00000
3672.141 -0.00320 -0.00746 -0.00213
3672.146 -0.00107 -0.00213 0.00746
3672.151 0.00639 -0.00639 0.00107
3672.156 -0.00746 0.00000 0.00746
3672.161 0.00639 0.00320 0.00107
3672.166 0.00107 0.00426 0.00533
3672.171 -0.00213 0.00320 -0.00213
3672.176 0.00426 0.00213 -0.00213
3672.181 -0.00107 0.00213 -0.00533
3672.186 0.00107 0.00426 -0.00852
3672.191 0.00000 0.00213 0.00213
3672.196 -0.00639 0.00000 0.00213
3672.201 -0.00107 0.00639 -0.00213
3672.206 -0.00320 -0.01278 -0.00213
3672.211 -0.00639 -0.00959 -0.00852
3672.216 0.00000 -0.00533 0.00213
3672.221 0.00213 0.00107 0.00000
3672.226 -0.00639 0.00107 0.00000
3672.232 0.00107 -0.00107 -0.00533
3672.237 0.00000 0.00533 -0.00107
3672.242 0.00000 -0.00426 0.00000
3672.247 0.00107 0.00320 0.00320
3672.252 -0.00533 -0.00213 0.00107
3672.257 -0.00426 -0.00533 -0.00639
3672.262 0.00320 -0.00426 0.00320
3672.267 -0.00639 -0.00426 0.00213
3672.272 0.00426 0.00533 -0.00320
3672.277 -0.00533 -0.00107 0.00000
3672.282 0.00000 0.00000 -0.00213
3672.287 0.00533 0.00000 0.00107
3672.292 -0.00639 -0.01172 0.00320
3672.297 0.00213 0.00639 0.00107
3672.302 0.00000 -0.00852 0.00107
3672.307 0.00533 0.00320 0.00426
3672.312 0.00107 -0.00213 0.00107
3672.317 0.00426 0.00959 -0.00107
3672.322 0.00746 -0.01385 0.00746
3672.327 0.00533 0.00107 0.00107
3672.332 0.00213 0.00320 -0.00639
3672.337 -0.00213 -0.00213 0.00320
3672.342 0.00107 0.00533 0.00746
3672.347 -0.00852 0.00639 -0.00320
3672.352 -0.00959 -0.00959 -0.00426
3672.357 0.00320 -0.01598 0.00426
3672.362 -0.00107 -0.00533 0.00213
3672.367 -0.00107 -0.00213 0.00107
3672.373 0.00213 -0.00746 0.00000
3672.378 -0.00639 -0.01172 -0.00639
3672.382 -0.00533 -0.00533 0.00000
3672.387 0.00000 -0.00107 -0.00213
3672.393 -0.00639 -0.00959 -0.00639
3672.398 0.00426 -0.00852 -0.00320
3672.403 0.00320 0.00107 -0.00426
3672.408 0.00426 -0.00320 -0.00533
3672.413 0.01385 -0.00213 -0.00746
3672.418 0.01065 0.00852 0.00107
3672.423 -0.00533 0.00639 -0.00107
3672.428 -0.00320 -0.00959 0.00000
3672.433 0.00107 -0.00746 0.00320
3672.438 -0.00746 -0.00320 -0.00746
3672.443 -0.00426 0.00852 0.00107
3672.448 0.00533 -0.00107 0.00746
3672.453 0.00852 -0.00533 -0.00320
3672.458 0.00852 0.00426 -0.00107
3672.463 -0.00320 -0.00107 0.00000
3672.468 0.00533 0.00000 0.00213
3672.473 0.00107 -0.01065 0.00107
3672.478 0.00320 -0.00213 -0.00213
3672.483 0.00639 0.00426 -0.00107
3672.488 -0.01491 -0.01172 -0.00746
3672.493 0.00000 0.01172 -0.00639
3672.498 0.00533 -0.00107 0.00213
3672.503 -0.00107 -0.00426 -0.00533
3672.508 0.00213 -0.00639 -0.00426
3672.513 -0.00107 -0.00107 -0.00639
3672.518 0.00213 0.00213 0.00107
3672.524 -0.00639 -0.00746 -0.00213
3672.529 0.00107 0.00213 0.00000
3672.534 0.00320 -0.00213 0.01065
3672.539 0.00320 -0.01172 -0.00213
3672.544 0.00107 -0.00213 0.00213
3672.549 -0.00959 -0.00426 0.00213
3672.554 -0.00426 -0.00320 -0.00320
3672.559 -0.00213 0.00213 0.00107
3672.564 -0.00213 -0.00320 0.00320
3672.569 -0.00107 0.00639 -0.00746
3672.574 -0.00852 -0.00213 -0.00320
3672.579 0.00533 0.00213 0.00107
3672.584 0.01278 -0.00533 0.01704
3672.589 -0.00426 -0.00639 0.00426
3672.594 0.00213 0.00107 -0.00107
3672.599 -0.01385 -0.00426 0.00000
3672.604 -0.00426 0.00320 -0.00852
3672.609 0.00107 -0.00639 -0.00107
3672.614 0.00746 -0.00533 0.00320
3672.619 -0.00639 0.00107 0.00000
3672.624 0.00213 0.00000 -0.00107
3672.629 -0.01065 0.00320 -0.00107
3672.634 -0.00426 -0.00213 -0.00426
3672.639 0.00213 -0.00320 0.00320
3672.644 -0.00746 0.00213 0.00213
3672.649 0.00639 0.00000 -0.00533
3672.654 -0.00533 -0.00107 0.00533
3672.659 0.01278 0.00852 0.00000
3672.664 -0.00639 -0.00426 0.00000
3672.669 0.00213 0.00426 0.00107
3672.674 -0.00107 0.00639 0.00320
3672.679 -0.00746 -0.00533 0.00213
3672.684 0.00746 -0.00639 0.00000
3672.689 -0.00639 -0.00852 0.00213
3672.694 0.00213 0.00000 -0.00852
3672.699 -0.00107 0.00746 -0.00107
3672.705 0.00320 0.00533 -0.01811
3672.710 -0.00746 0.00107 -0.00107
3672.715 -0.00107 -0.00320 0.00426
3672.720 0.00320 -0.00639 0.00533
3672.725 -0.00320 -0.00639 0.00213
3672.730 -0.00639 -0.00320 0.00213
3672.735 0.00426 -0.00213 -0.00320
3672.740 0.00426 -0.00852 0.00320
3672.745 0.00639 0.00533 0.00000
3672.750 0.00852 0.00320 -0.00533
3672.755 -0.00107 0.00320 0.00000
3672.760 -0.00107 -0.00639 0.00746
3672.765 0.00746 -0.00426 0.00213
3672.770 0.00213 -0.01172 0.00320
3672.775 -0.00213 -0.00107 0.00213
3672.780 0.00213 -0.00426 -0.00320
3672.785 0.00107 -0.00213 -0.00213
3672.790 0.00533 0.00213 -0.00213
3672.795 0.00000 -0.00426 -0.00320
3672.800 0.00213 -0.00746 -0.00959
3672.805 -0.01065 -0.00746 0.00426
3672.810 0.00320 -0.00533 -0.00533
3672.815 0.00107 -0.00213 -0.00213
3672.820 0.00107 0.00426 0.00320
3672.825 -0.00639 0.00320 -0.00426
3672.830 -0.00320 -0.00320 -0.00320
3672.835 0.00320 0.00426 0.00107
3672.840 -0.00107 -0.00107 -0.00639
3672.845 0.00000 -0.00213 -0.00852
3672.850 -0.00320 -0.00213 -0.00533
3672.856 -0.00852 -0.00639 -0.00107
3672.861 -0.00213 -0.00320 -0.00852
3672.866 0.00107 0.00000 -0.00213
3672.871 -0.00533 -0.00426 0.00213
3672.876 -0.00852 -0.00533 -0.00107
3672.881 0.00639 -0.00213 -0.00107
3672.886 0.00533 0.00000 0.00000
3672.891 0.00213 -0.01278 -0.00426
3672.896 0.00213 0.00000 0.00852
3672.901 -0.00107 0.00107 0.00000
3672.906 -0.00426 0.00213 -0.00107
3672.911 0.00107 -0.00320 -0.00320
3672.916 0.00107 -0.00639 -0.01385
3672.921 -0.00852 -0.01172 -0.00107
3672.926 0.00320 -0.00639 -0.00533
3672.931 0.00213 -0.00213 -0.00107
3672.936 -0.00746 0.00213 0.00107
3672.941 0.00107 0.00213 -0.00320
3672.946 -0.00320 0.00107 -0.00213
3672.951 -0.00746 0.00320 0.01917
3672.956 -0.00213 -0.00320 -0.00533
3672.961 0.00426 -0.00213 0.00852
3672.966 0.00639 0.00959 0.00426
3672.971 -0.00426 -0.01172 -0.00107
3672.976 0.00852 -0.00426 -0.00533
3672.981 0.00107 -0.00746 -0.00213
3672.986 -0.00107 0.00000 -0.00213
3672.991 0.00000 -0.00852 -0.00746
3672.996 0.00213 0.00852 0.00213
3673.001 0.00639 -0.00320 -0.00107
3673.006 0.00213 -0.00746 0.00746
3673.011 0.00320 -0.00426 0.00533
3673.016 0.00320 -0.00426 0.00000
3673.021 -0.00426 0.00213 -0.00320
3673.027 0.00107 0.00533 0.00213
3673.032 -0.00320 -0.00213 0.00000
3673.037 0.00213 -0.00213 0.00533
3673.042 -0.00426 0.00746 -0.00213
3673.047 0.00639 -0.00639 -0.01065
3673.052 0.00959 -0.00746 0.00852
3673.057 0.00107 -0.00320 -0.00746
3673.062 0.00639 -0.00426 0.00213
3673.067 0.00213 -0.00320 0.00000
3673.072 0.00746 0.00107 0.00533
3673.077 0.00000 -0.00320 -0.00639
3673.082 0.00107 -0.00107 0.00213
3673.087 -0.00426 -0.00320 0.00213
3673.092 0.00533 0.00213 -0.00213
3673.097 -0.00852 -0.00852 -0.00639
3673.102 -0.00533 0.00639 0.00426
3673.107 -0.00107 -0.00426 0.00107
3673.112 -0.00746 -0.00213 -0.00213
3673.117 -0.00426 0.00639 0.00426
3673.122 0.00107 0.01491 -0.00213
3673.127 -0.00107 -0.00426 0.00107
3673.132 0.00107 -0.00107 -0.00639
3673.137 0.00213 -0.00320 0.00213
3673.142 -0.00213 0.00107 0.00533
3673.147 0.00426 -0.00107 -0.00213
3673.152 -0.00746 -0.00852 -0.00959
3673.157 -0.00639 -0.00533 -0.00639
3673.162 -0.00213 -0.01385 -0.00213
3673.168 -0.00746 0.00000 -0.01385
3673.173 0.00213 -0.00426 0.00107
3673.178 0.00426 -0.00320 0.00639
3673.183 -0.01598 -0.00213 -0.00533
3673.188 0.00000 0.00213 -0.00852
3673.193 0.00426 0.01385 -0.00320
3673.198 0.00107 -0.00213 0.00533
3673.203 0.00320 -0.00107 0.00000
3673.208 0.00000 -0.00320 0.00213
3673.213 -0.01598 0.00320 -0.00533
3673.218 0.00426 -0.01278 -0.00107
3673.223 -0.00426 -0.00533 0.00852
3673.228 0.00000 0.01278 0.00213
3673.233 0.00320 -0.00746 0.00213
3673.238 0.00000 0.00000 0.00639
3673.243 -0.00213 -0.00107 0.00533
3673.248 -0.00213 -0.00746 0.00000
3673.253 -0.00320 -0.00107 -0.00426
3673.258 0.00320 0.00107 0.00000
3673.263 -0.00107 0.00107 -0.00320
3673.268 0.00959 0.00107 -0.00213
3673.273 0.00213 -0.00107 0.00107
3673.278 -0.00213 0.00107 0.00213
3673.283 -0.00533 -0.00107 -0.00320
3673.288 0.00107 -0.00107 0.00959
3673.293 0.00000 0.00000 0.00426
3673.298 -0.00213 -0.00746 0.00213
3673.303 0.01172 0.00213 -0.01172
3673.308 0.00000 -0.00107 -0.00426
3673.313 -0.00533 0.00213 -0.00852
3673.318 0.00107 -0.00959 -0.00320
3673.323 -0.00746 -0.00213 0.00213
3673.328 -0.00320 -0.00320 0.00320
3673.333 0.00107 0.00000 -0.00213
3673.339 -0.00852 -0.01811 0.00107
3673.344 -0.00213 -0.00107 0.00213
3673.349 0.00000 0.00000 -0.00213
3673.354 -0.00533 0.00426 0.00107
3673.359 -0.00959 -0.00213 0.00107
3673.364 -0.00426 -0.00852 0.00426
3673.369 -0.00959 0.00426 0.00533
3673.374 -0.00320 -0.00959 -0.00639
3673.379 -0.01065 0.01065 0.00000
3673.384 -0.00852 0.00320 0.00000
3673.389 -0.00107 -0.00533 -0.00213
3673.394 0.00320 0.00213 -0.00107
3673.399 -0.00213 -0.00107 -0.00213
3673.404 0.00533 0.00533 0.00000
3673.409 -0.00426 -0.00533 0.00000
3673.414 -0.00426 0.00213 -0.00213
3673.419 0.00320 -0.00426 -0.00320
3673.424 -0.00213 -0.00320 -0.00107
3673.429 -0.00639 -0.00533 0.00107
3673.434 0.00320 -0.00107 -0.00320
3673.439 -0.00320 0.00959 0.00533
3673.444 -0.00107 0.00746 -0.00746
3673.449 0.00533 0.00746 0.00000
3673.454 -0.00852 -0.00320 0.00320
3673.459 0.00000 -0.00746 -0.00533
3673.464 -0.00426 -0.00213 0.00213
3673.469 -0.00746 0.00107 -0.00639
3673.474 -0.00320 -0.00213 -0.00213
3673.479 -0.00746 -0.00426 -0.00533
3673.484 -0.00320 -0.00639 -0.00959
3673.489 -0.00213 0.00000 0.00213
3673.494 0.00107 0.00107 -0.00107
3673.499 0.00320 -0.00107 0.00320
3673.504 0.00107 0.00107 -0.00107
3673.509 -0.00639 0.00533 -0.00533
3673.514 0.00639 -0.01172 -0.00852
3673.519 -0.00533 0.00000 -0.00533
3673.524 -0.00533 0.00533 0.00000
3673.529 -0.00107 -0.00426 0.00000
3673.534 0.00533 -0.00320 0.01278
3673.540 0.00213 -0.00320 -0.00533
3673.545 -0.00320 0.00213 0.00107
3673.550 0.00426 -0.00533 -0.00107
3673.555 -0.01172 -0.00107 0.00639
3673.560 -0.00746 -0.00107 -0.00533
3673.565 0.00000 -0.00426 0.00213
3673.570 -0.00320 -0.00213 0.00107
3673.575 -0.01065 0.00533 -0.00107
3673.580 0.00426 0.00320 -0.00639
3673.585 0.00213 -0.00426 0.00000
3673.590 0.00000 -0.00852 -0.00639
3673.595 0.00959 0.00000 0.00107
3673.600 -0.00426 -0.01278 -0.00213
3673.605 -0.00426 -0.00959 -0.00533
3673.610 -0.00533 0.00000 -0.01065
3673.615 -0.00107 0.00320 -0.00107
3673.620 -0.00533 -0.00852 -0.00107
3673.625 0.00426 -0.00213 0.00107
3673.630 -0.00533 -0.00426 0.00000
3673.635 0.00746 -0.00426 0.00639
3673.640 0.00213 -0.00533 0.00959
3673.645 0.00746 0.00000 -0.00533
3673.650 0.00320 0.00107 0.00213
3673.655 0.00639 0.00320 0.00107
3673.661 0.00320 0.00320 -0.00107
3673.666 0.00533 -0.00213 -0.00426
3673.671 -0.00533 0.00107 -0.00107
3673.676 0.00000 -0.01598 0.00213
3673.681 0.00320 -0.00320 0.00959
3673.686 0.00320 0.00426 -0.00320
3673.691 -0.00320 -0.01065 0.00852
3673.696 -0.00533 -0.00959 0.00107
3673.701 0.00107 -0.00426 -0.00213
3673.706 0.00320 -0.00426 -0.00213
3673.711 -0.00320 -0.00320 0.00000
3673.716 0.00000 0.00213 -0.00213
3673.721 -0.00213 -0.00746 -0.00533
3673.726 0.00639 -0.00107 -0.00426
3673.731 0.00000 -0.00426 -0.00320
3673.736 0.00107 0.00107 0.00000
3673.741 -0.00746 -0.00213 0.00107
3673.746 0.00852 0.00213 0.00107
3673.751 0.00426 -0.00426 0.00426
3673.756 0.00000 0.00213 0.00639
3673.761 0.00107 -0.00426 -0.00320
3673.766 -0.00746 0.00107 0.00320
3673.771 -0.00426 -0.00426 0.00426
3673.776 0.00000 0.00426 0.00107
3673.781 -0.00320 -0.00320 -0.00107
3673.786 0.00213 0.00000 0.00533
3673.791 -0.00213 -0.00426 0.00213
3673.796 -0.00533 0.00320 0.00533
3673.801 0.00107 0.00639 -0.00107
3673.806 0.00000 0.00000 0.00426
3673.811 0.00533 -0.00746 -0.00107
3673.816 0.00213 -0.00426 0.01598
3673.821 -0.00533 -0.00639 0.00852
3673.826 0.00000 -0.00533 -0.00639
3673.831 0.00639 -0.00852 -0.00320
3673.836 0.00426 0.00107 -0.00107
3673.842 -0.00426 -0.00107 -0.00320
3673.847 0.00746 0.00320 -0.00320
3673.852 -0.00320 -0.00533 0.00213
3673.857 -0.00213 0.00000 0.00107
3673.862 -0.00320 -0.00320 0.00000
3673.867 0.00320 0.00639 -0.00426
3673.872 0.00213 -0.00746 0.00959
3673.877 0.00213 0.00000 -0.00320
3673.882 -0.00746 -0.00213 0.00213
3673.887 0.00639 -0.00639 -0.00213
3673.892 0.00000 -0.00320 0.00213
3673.897 -0.00959 0.00852 0.00107
3673.902 -0.00639 0.00000 0.00000
3673.907 -0.00107 0.00000 0.00107
3673.912 -0.00320 -0.01065 -0.00320
3673.917 -0.00426 0.00213 -0.00533
3673.922 0.00000 -0.00213 0.00000
3673.927 -0.00213 -0.00426 -0.00320
3673.932 -0.00746 0.00320 -0.00107
3673.937 0.00320 0.00213 0.00320
3673.947 0.00852 -0.00213 -0.00213
3673.952 0.00639 -0.00426 0.00000
3673.957 -0.00746 0.00107 -0.00852
3673.962 -0.00533 -0.00426 -0.00533
3673.967 -0.01172 0.00426 0.00000
3673.972 -0.00213 0.00320 0.00213
3673.977 -0.00533 -0.00426 0.00107
3673.982 0.01278 -0.00213 0.00000
3673.987 -0.00426 -0.00639 -0.00426
3673.993 0.00320 -0.00639 -0.00213
3673.998 0.00107 0.00320 -0.00213
3674.003 -0.00533 -0.00213 0.00107
3674.008 -0.00320 0.00000 0.00639
3674.013 -0.00213 0.00000 0.00107
3674.018 -0.00213 -0.01065 -0.00213
3674.023 0.00533 -0.00639 -0.00213
3674.028 -0.01385 -0.00213 0.00107
3674.033 -0.00639 0.00213 -0.00426
3674.038 0.00852 0.00746 0.00107
3674.043 -0.00426 0.00107 0.00000
3674.048 -0.00639 -0.00533 0.00107
3674.053 -0.00107 0.00213 -0.00107
3674.058 -0.00320 -0.00639 -0.00426
3674.063 0.00107 0.00320 0.00107
3674.068 -0.00320 0.00000 -0.00213
3674.072 -0.00213 -0.00213 0.00320
3674.077 -0.00213 0.00959 0.00533
3674.082 -0.00320 -0.00639 -0.00213
3674.087 0.00320 0.00000 0.00213
3674.093 -0.00320 -0.00107 0.00213
3674.098 -0.00852 -0.00107 -0.00320
3674.103 -0.01172 -0.00852 -0.00959
3674.108 -0.00213 -0.00426 0.00213
3674.113 0.00107 0.00320 -0.00213
3674.118 0.00107 0.00000 -0.00213
3674.123 -0.00213 0.00426 -0.00320
3674.128 -0.00533 0.00213 -0.00426
3674.133 -0.00426 -0.00852 -0.00426
3674.138 -0.00639 0.00426 -0.00320
3674.143 -0.00639 0.00107 -0.00320
3674.148 -0.00533 -0.00107 0.00000
3674.153 -0.00639 -0.00320 -0.00639
3674.158 0.00213 0.00000 -0.00533
3674.163 -0.01065 0.00320 0.00533
3674.168 0.00213 -0.01491 -0.00533
3674.172 -0.00107 -0.00107 -0.00533
3674.177 0.00320 -0.00320 -0.00320
3674.182 -0.00533 0.00639 0.00533
3674.187 -0.00959 -0.00107 -0.00107
3674.193 -0.00426 -0.00639 -0.00426
3674.198 -0.02344 0.00000 -0.00320
3674.203 0.00426 -0.00639 -0.00107
3674.208 0.00639 -0.00639 0.00000
3674.213 -0.00107 0.00107 0.00107
3674.218 -0.00213 0.00426 0.00213
3674.223 0.00107 -0.00213 -0.00320
3674.228 -0.00107 0.00213 0.00426
3674.233 -0.00746 0.00107 -0.00746
3674.238 -0.00213 -0.00852 0.00107
3674.243 0.00107 -0.00320 -0.00213
3674.248 0.00000 -0.00213 0.00533
3674.253 -0.00107 0.00533 0.00320
3674.258 -0.00213 -0.00107 -0.00107
3674.263 -0.00107 0.00107 -0.00533
3674.268 0.00107 0.00959 -0.00107
3674.272 0.00426 0.00426 0.00746
3674.277 0.00746 0.00213 0.00107
3674.283 -0.00213 0.00426 0.00426
3674.288 0.00000 0.00107 -0.00533
3674.293 -0.00426 0.00320 0.00000
3674.298 -0.00533 0.00000 0.00107
3674.303 -0.00107 0.00426 -0.00107
3674.308 -0.01278 -0.00320 0.00639
3674.313 -0.00426 -0.00320 0.00426
3674.318 0.00533 -0.00852 0.00852
3674.323 0.00000 -0.00320 -0.00533
3674.328 0.00213 -0.00213 -0.00213
3674.333 -0.00213 -0.00959 -0.00852
3674.338 0.00426 -0.00107 0.00959
3674.343 0.00000 -0.00213 0.00320
3674.348 0.00107 0.00107 0.00320
3674.353 0.00000 -0.00533 0.00000
3674.358 -0.00959 0.00639 -0.00320
3674.363 -0.00533 0.01385 0.00320
3674.368 0.00852 0.00959 0.00213
3674.373 0.00107 0.00320 0.00320
3674.378 0.00000 -0.00639 -0.00852
3674.383 -0.00746 0.00320 0.00426
3674.388 -0.00320 -0.00107 0.00426
3674.393 0.00213 -0.00533 -0.00320
3674.398 0.01385 -0.00852 -0.00107
3674.403 0.00213 -0.00107 -0.00426
3674.408 0.00533 0.00107 0.00533
3674.413 0.00426 -0.00852 -0.00107
3674.418 0.00426 -0.00746 -0.00320
3674.423 -0.00533 -0.00639 0.00213
3674.428 -0.00426 -0.00639 -0.00533
3674.433 0.00213 0.00107 -0.00639
3674.438 0.00320 -0.00320 -0.00213
3674.443 -0.00852 -0.00107 -0.00639
3674.448 0.00639 -0.00426 0.00639
3674.453 0.00213 0.00107 0.01065
3674.458 -0.00320 0.00320 0.00426
3674.463 -0.00746 -0.00639 0.00320
3674.468 -0.00426 0.00107 0.00320
3674.473 0.00000 -0.00426 0.00213
3674.478 0.00107 -0.00852 -0.01065
3674.483 -0.00320 -0.00213 -0.00107
3674.488 0.01172 -0.00852 0.00426
3674.493 -0.00107 -0.00426 -0.00533
3674.498 0.00959 0.01065 0.00852
3674.503 -0.00107 -0.00426 -0.00213
3674.508 0.00000 0.00107 0.00107
3674.513 0.00107 0.00213 -0.00320
3674.518 -0.00426 0.00320 -0.00426
3674.523 -0.00320 0.00000 -0.00320
3674.528 0.00213 -0.00746 0.00320
3674.533 0.00320 -0.00533 -0.00639
3674.538 -0.01491 -0.00320 -0.00320
3674.543 0.00213 -0.01385 0.00000
3674.548 -0.00639 0.00852 0.00107
3674.553 0.00213 0.00320 -0.00107
3674.558 0.00746 0.00213 -0.00107
3674.564 -0.00320 -0.00426 0.00107
3674.569 -0.00426 -0.00213 -0.01172
3674.573 -0.00852 -0.00426 0.00000
3674.578 0.00107 0.00426 0.00000
3674.583 -0.01278 -0.01065 -0.00213
3674.588 -0.00213 -0.00426 0.00000
3674.593 -0.00213 0.00000 0.00320
3674.598 0.00426 -0.00320 -0.00426
3674.603 -0.00320 -0.00107 0.00000
3674.608 0.00639 0.00107 0.00426
3674.613 -0.00426 -0.00213 0.00107
3674.618 -0.00746 0.00000 0.00107
3674.623 -0.00213 -0.00213 -0.01598
3674.628 -0.00426 0.00320 -0.00213
3674.633 -0.00959 -0.00533 0.00107
3674.638 0.00959 -0.00107 0.00852
3674.644 -0.00213 0.00107 -0.00107
3674.649 0.00213 -0.00107 -0.00320
3674.654 -0.00533 -0.00533 0.00213
3674.659 0.00852 0.00426 -0.00852
3674.664 0.00852 -0.00746 -0.00107
3674.669 -0.00639 -0.00107 -0.00852
3674.673 -0.00639 0.00107 -0.00107
3674.678 0.00000 0.00213 0.00213
3674.683 -0.00533 -0.00852 -0.00639
3674.688 -0.00107 0.00639 0.00107
3674.693 -0.00320 0.00000 0.00533
3674.698 0.00852 -0.01172 0.00107
3674.703 0.00213 -0.00639 0.00213
3674.708 0.00000 0.00213 -0.00213
3674.713 -0.00320 0.00213 -0.00746
3674.718 0.00320 -0.00107 0.00533
3674.724 -0.00320 0.00107 0.00320
3674.729 -0.00426 -0.01065 -0.00320
3674.734 0.00000 -0.00213 0.00533
3674.739 -0.00852 0.00000 0.00107
3674.744 0.01065 0.00000 -0.00213
3674.749 0.00213 0.00107 -0.00107
3674.754 0.00000 -0.00426 -0.00213
3674.759 0.00426 -0.00213 -0.00639
3674.764 -0.00320 0.00426 0.00320
3674.769 -0.00107 0.00639 -0.00639
3674.773 -0.00213 -0.00320 -0.00639
3674.778 0.00213 -0.00107 0.00213
3674.784 -0.00426 0.00000 -0.00320
3674.789 0.00213 0.00000 0.00320
3674.794 0.00000 -0.00959 0.00426
3674.799 -0.00746 -0.00533 0.00533
3674.804 -0.00213 -0.00107 0.00533
3674.809 0.00320 -0.00746 -0.00533
3674.814 -0.00852 -0.00959 -0.00533
3674.819 -0.00107 -0.00107 -0.00533
3674.824 0.00000 -0.00107 -0.00959
3674.829 0.00000 0.00320 0.01065
3674.834 0.00107 -0.00533 -0.00320
3674.839 -0.00426 0.00533 -0.00426
3674.844 -0.00639 -0.00852 -0.00533
3674.849 0.00213 0.00426 -0.00213
3674.854 -0.00107 0.00852 -0.00107
3674.859 0.00320 0.00213 -0.00852
3674.864 0.00533 -0.00533 0.00000
3674.869 -0.00213 -0.00107 0.00426
3674.874 -0.00107 0.00000 0.00746
3674.879 -0.00533 -0.00533 0.00959
3674.884 -0.00320 -0.00746 0.00426
3674.889 -0.00107 -0.00426 -0.00213
3674.894 -0.00746 -0.00213 -0.00852
3674.899 0.00852 0.00107 0.00107
3674.904 -0.00533 0.00213 0.00426
3674.909 -0.00107 0.00000 0.00213
3674.914 -0.00213 -0.00426 -0.00746
3674.919 0.00000 -0.00320 0.00320
3674.924 0.00107 0.00533 -0.00107
3674.929 0.00959 -0.01172 0.00213
3674.934 0.00533 -0.00107 -0.00213
3674.939 -0.00107 0.00107 0.00426
3674.944 -0.00320 -0.00107 0.00426
3674.949 -0.00533 -0.00320 0.00000
3674.954 0.00320 -0.00320 -0.00639
3674.959 0.00107 0.00852 0.00107
3674.964 0.00000 -0.00213 0.00320
3674.969 -0.00320 0.00533 0.01491
3674.974 -0.00639 -0.00746 0.00107
3674.979 0.00533 -0.00320 -0.00320
3674.984 -0.00213 0.00107 -0.00107
3674.989 -0.00107 -0.00107 -0.00107
3674.994 -0.00213 -0.00533 -0.00746
3674.999 -0.00320 0.00000 -0.00107
3675.004 0.00852 -0.00213 -0.00426
3675.009 -0.00213 0.00213 0.00000
3675.014 -0.00533 -0.00746 -0.00639
3675.019 -0.00320 -0.00533 -0.00320
3675.024 0.00213 0.00213 -0.00639
3675.029 -0.00852 -0.00426 0.00320
3675.034 -0.00426 0.00959 -0.00533
3675.039 -0.00852 0.00533 -0.00426
3675.044 -0.00426 -0.00426 -0.00107
3675.049 0.00213 0.00533 -0.00639
3675.054 -0.00639 -0.00426 -0.00320
3675.059 -0.00320 0.00533 0.00746
3675.064 0.00000 -0.00639 0.00320
3675.069 -0.00746 0.00533 0.00639
3675.074 0.00426 0.00000 -0.00107
3675.079 -0.00320 0.00639 0.00533
3675.084 0.00639 0.00320 0.00000
3675.089 0.00000 -0.00533 0.00746
3675.094 -0.00746 -0.00533 0.00213
3675.099 -0.00746 -0.00107 -0.00426
3675.104 -0.00533 -0.00426 -0.00533
3675.109 -0.00213 -0.00213 -0.00533
3675.114 0.00107 -0.00746 -0.00320
3675.119 0.00000 0.00213 0.00426
3675.125 0.00107 0.00000 -0.00746
3675.130 -0.00320 -0.00639 -0.00213
3675.135 0.00533 0.00000 0.00639
3675.140 0.00000 -0.00533 0.00320
3675.145 0.00426 0.00320 0.00107
3675.150 0.00000 -0.00639 0.01065
3675.155 -0.00426 0.00746 -0.00746
3675.160 -0.01385 -0.00639 -0.00533
3675.165 -0.00107 -0.00533 -0.00213
3675.170 0.00852 -0.00107 0.00426
3675.174 -0.00320 -0.00746 0.00639
3675.179 0.00213 0.00639 -0.00426
3675.184 0.00213 0.00107 -0.00426
3675.189 0.00107 0.00000 -0.00639
3675.194 -0.00320 0.00533 -0.00320
3675.199 -0.00746 -0.00746 0.00213
3675.205 0.02344 0.01065 0.00426
3675.209 0.00320 0.00213 0.00639
3675.215 0.00746 0.00426 0.00000
3675.220 0.00320 -0.00746 -0.00426
3675.225 -0.00639 -0.00320 0.00107
3675.230 -0.00107 -0.00107 0.00107
3675.235 -0.00426 -0.00746 -0.00213
3675.240 -0.01278 0.00213 -0.00533
3675.245 0.00000 -0.00213 0.00320
3675.250 -0.01385 0.00000 0.00107
3675.255 0.00639 -0.00639 0.00320
3675.260 -0.00639 0.00213 -0.00639
3675.265 0.00426 0.01491 -0.00107
3675.270 -0.00426 -0.01172 0.00213
3675.275 -0.01172 -0.00639 0.00213
3675.280 0.00107 0.00426 0.00320
3675.285 -0.02024 -0.00746 -0.00213
3675.290 0.00426 0.01065 0.00000
3675.295 -0.00746 -0.00107 0.00320
3675.300 0.00320 -0.00746 -0.00320
3675.305 -0.00213 0.00000 -0.00639
3675.310 -0.00533 -0.00746 0.00213
3675.315 0.00000 -0.00213 -0.00852
3675.320 0.00000 0.00426 0.00320
3675.325 0.00000 0.00107 0.00746
3675.330 0.00533 0.00213 -0.00107
3675.335 -0.01278 0.00959 -0.00639
3675.340 -0.00107 0.00320 -0.00533
3675.345 0.00320 0.00426 0.00000
3675.350 -0.00213 -0.00533 -0.00320
3675.355 -0.01065 -0.00639 0.00213
3675.360 0.00000 0.00107 -0.00639
3675.365 -0.00107 0.00107 0.00320
3675.370 -0.00639 -0.00426 -0.00852
3675.375 -0.00746 0.00426 0.00213
3675.380 0.00533 0.00213 -0.00107
3675.385 0.00107 -0.00746 -0.00213
3675.390 -0.00320 -0.00320 -0.00320
3675.395 0.00000 -0.00213 0.00000
3675.400 -0.00959 0.00852 -0.00320
3675.405 -0.00533 -0.00213 -0.01278
3675.410 -0.00320 0.00000 -0.00107
3675.415 -0.00852 -0.00426 -0.00852
3675.420 -0.00852 0.00107 0.00639
3675.425 -0.00639 -0.00107 0.00639
3675.430 0.00000 -0.01278 -0.00533
3675.435 0.01704 0.00426 0.00320
3675.440 0.00533 0.00107 -0.00213
3675.445 -0.00639 -0.00320 0.00213
3675.450 0.00320 -0.00213 0.00746
3675.455 -0.00533 -0.00639 0.00107
3675.460 0.00320 0.00000 -0.00746
3675.465 0.00320 -0.00320 -0.00320
3675.470 0.00107 -0.00959 0.00852
3675.475 0.00746 0.00320 0.00213
3675.480 0.00107 -0.00639 -0.00533
3675.485 -0.00213 0.00852 0.00213
3675.490 -0.00639 0.00107 0.00000
3675.495 -0.00533 0.00213 -0.00107
3675.500 -0.00320 0.00426 -0.00320
3675.505 0.00000 0.00107 0.00426
3675.510 0.00213 0.00320 0.00000
3675.515 -0.00213 0.00107 0.00639
3675.520 -0.00426 -0.01811 0.00320
3675.525 0.00533 0.00320 0.00000
3675.530 -0.00213 -0.00959 0.00533
3675.535 0.00746 0.00320 0.00639
3675.540 0.00639 -0.00320 -0.00426
3675.545 -0.00107 0.00320 0.00107
3675.550 0.00746 0.00639 -0.00213
3675.555 -0.00639 0.00000 0.00000
3675.560 0.00746 0.00320 -0.00533
3675.565 -0.00213 -0.00533 -0.00107
3675.570 -0.00639 -0.00320 0.00533
3675.578 -0.00213 -0.00426 -0.00320
3675.583 0.00533 -0.00639 0.00320
3675.588 0.00746 0.00320 -0.00213
3675.593 0.00107 -0.00533 -0.00320
3675.598 0.01917 0.00320 0.00533
3675.603 0.00639 0.00320 -0.00320
3675.608 -0.00533 -0.00213 -0.00213
3675.613 -0.00213 -0.00107 0.00107
3675.618 -0.00533 -0.00213 0.00213
3675.623 0.00213 -0.00639 -0.00320
3675.628 -0.00533 -0.00320 -0.00320
3675.633 -0.00746 0.00320 0.00107
3675.638 0.00852 -0.00107 0.00000
3675.643 0.00852 -0.00426 0.00320
3675.648 0.00320 0.00213 0.00000
3675.653 -0.00107 -0.00213 -0.00639
3675.658 0.00426 -0.00852 -0.00533
3675.663 -0.00426 -0.00639 -0.00107
3675.668 -0.00426 -0.00213 -0.00959
3675.673 0.00426 -0.00639 0.00320
3675.679 0.00746 0.00213 0.00320
3675.684 -0.00533 0.00426 0.00000
3675.689 0.00213 0.00533 -0.00107
3675.694 -0.00107 -0.00213 0.00320
3675.699 0.00639 0.00000 0.00639
3675.704 -0.00320 -0.00533 0.00426
3675.709 0.00107 0.00213 -0.01065
3675.714 -0.00426 0.00107 0.00639
3675.719 -0.00746 0.00320 0.00213
3675.724 0.00639 0.00320 -0.00639
3675.729 0.00000 -0.00533 -0.00213
3675.734 0.00000 0.00107 0.00000
3675.739 0.00213 -0.00213 -0.00213
3675.744 -0.00213 -0.00213 0.00426
3675.749 0.00852 -0.00533 -0.00213
3675.754 -0.00746 0.00107 -0.00320
3675.759 0.00107 0.00320 0.00107
3675.764 0.00320 0.00320 0.00639
3675.769 0.00000 -0.00213 -0.00107
3675.774 -0.00426 -0.00213 0.00746
3675.779 0.00213 -0.00746 0.00320
3675.784 0.00852 0.00107 -0.00213
3675.789 -0.00213 -0.01065 -0.00426
3675.794 0.00213 -0.00107 0.00107
3675.799 0.00000 0.00000 0.00107
3675.804 -0.00320 -0.00852 -0.00320
3675.809 0.00639 -0.00107 0.01278
3675.814 0.00213 -0.00107 -0.00426
3675.819 0.00320 -0.00533 0.00426
3675.824 -0.00320 -0.00107 -0.00213
3675.829 -0.00426 0.00107 0.00000
3675.834 0.00320 0.00213 -0.00746
3675.840 -0.00959 -0.00213 -0.00639
3675.845 0.00426 -0.00107 -0.00213
3675.850 -0.00213 0.00426 0.00213
3675.855 -0.00320 0.01278 0.00107
3675.860 0.00107 -0.00639 0.00107
3675.865 -0.00213 -0.00959 -0.00213
3675.870 0.00000 0.00000 0.00000
3675.875 0.00107 -0.00107 -0.00426
3675.880 0.00533 -0.00320 0.00639
3675.885 -0.00426 0.00107 0.00959
3675.890 -0.01065 -0.00746 -0.00107
3675.895 0.00000 0.00852 -0.00746
3675.900 -0.00107 -0.00959 -0.00533
3675.905 0.01278 0.00320 -0.00213
3675.910 0.00000 0.00000 0.00213
3675.915 -0.00959 0.00107 0.00320
3675.920 0.00426 0.00746 0.00426
3675.925 -0.00852 -0.00533 0.00000
3675.930 0.00533 -0.00426 0.00639
3675.935 -0.00213 0.00320 -0.00213
3675.940 -0.00213 -0.00639 0.00533
3675.945 0.00320 0.01278 0.00107
3675.950 -0.00213 -0.00213 -0.00107
3675.955 -0.00213 0.00320 -0.00320
3675.960 0.00000 0.00107 -0.00107
3675.965 -0.00959 -0.00107 -0.00213
3675.970 -0.02450 -0.00320 0.00320
3675.975 0.00107 -0.00959 0.00000
3675.980 -0.00320 -0.00320 -0.00107
3675.985 0.00000 -0.00213 -0.00213
3675.990 -0.00213 -0.00320 -0.00533
3675.995 0.00320 0.00852 0.00320
3676.000 -0.00639 0.00852 0.00852
3676.005 0.00746 0.00320 0.00107
3676.011 0.00533 -0.00213 -0.00959
3676.015 -0.00320 -0.00533 0.00213
3676.021 -0.00426 0.00107 -0.00320
3676.026 0.00000 -0.01172 -0.00320
3676.031 -0.00639 0.00000 -0.01065
3676.036 -0.00213 -0.01065 0.00320
3676.041 -0.00533 -0.00107 -0.00426
3676.046 0.01385 0.01598 0.00000
3676.051 0.00000 -0.00533 0.00107
3676.056 -0.00426 0.01065 0.00000
3676.061 0.00213 0.00746 -0.00852
3676.066 0.00000 -0.00107 -0.00107
3676.071 0.01278 -0.00320 -0.00533
3676.076 -0.01385 -0.00213 0.00320
3676.081 0.00107 -0.01278 0.00533
3676.086 0.00426 0.00533 0.00213
3676.091 0.01491 0.00213 -0.00213
3676.096 -0.01172 0.00639 -0.00533
3676.101 -0.00639 -0.01278 0.00107
3676.106 0.00426 0.00852 0.00746
3676.111 -0.00426 0.00000 -0.00959
3676.116 0.00746 0.00107 -0.00107
3676.121 0.00107 0.00320 0.00213
3676.126 -0.00213 -0.00639 -0.00426
3676.131 0.00746 0.00320 0.00107
3676.136 -0.01172 -0.00320 -0.00320
3676.141 0.00107 0.00746 -0.00320
3676.146 -0.00533 -0.00533 -0.00213
3676.151 -0.00107 0.00320 -0.00533
3676.156 -0.00639 0.01172 0.00000
3676.161 -0.01065 -0.00959 0.00107
3676.166 -0.00320 0.00533 -0.00107
3676.171 0.00000 -0.00107 0.00426
3676.176 -0.00533 0.00533 -0.00533
3676.181 0.00426 -0.00426 -0.00639
3676.186 -0.00107 -0.00533 0.00426
3676.191 -0.00107 0.00639 -0.00959
3676.196 -0.00426 -0.00213 0.00213
3676.202 0.00213 0.01065 -0.01065
3676.207 -0.00746 0.00213 -0.00320
3676.212 -0.00533 0.00746 0.01172
3676.217 0.01385 -0.00320 -0.00213
3676.222 -0.00959 0.00213 0.00000
3676.227 -0.00107 -0.00213 0.00107
3676.232 -0.00213 -0.00533 -0.00533
3676.237 0.00746 -0.00107 -0.00107
3676.242 -0.00320 0.00000 -0.00107
3676.247 -0.00213 -0.00746 -0.00852
3676.252 0.00320 0.00213 -0.00746
3676.257 -0.00746 0.00213 -0.00107
3676.262 0.00746 -0.00107 0.00746
3676.267 0.00107 -0.00320 0.00746
3676.272 0.00959 -0.02024 -0.00320
3676.277 -0.00213 0.00852 -0.00426
3676.282 -0.00639 -0.00533 -0.00426
3676.287 0.00639 0.00213 -0.00746
3676.292 0.00107 0.00107 -0.00959
3676.297 0.00213 -0.00959 -0.00533
3676.302 0.00639 0.00000 0.00107
3676.307 -0.00213 -0.00533 0.00107
3676.312 -0.00320 0.00533 -0.00213
3676.317 -0.00213 -0.00426 -0.00320
3676.322 -0.00533 -0.00107 -0.00213
3676.327 -0.00852 -0.00426 0.00320
3676.332 -0.00107 -0.00852 0.00426
3676.337 -0.00746 0.00320 0.00426
3676.342 -0.00320 -0.00107 -0.00213
3676.347 -0.00107 -0.01704 -0.00320
3676.352 0.00213 -0.01065 -0.01278
3676.357 -0.00107 -0.00852 -0.00746
3676.362 0.00639 0.00213 0.00000
3676.367 -0.00533 -0.00533 -0.00320
3676.372 0.00320 0.00107 -0.00426
3676.377 0.00107 0.00213 -0.00213
3676.382 -0.00213 -0.00107 -0.00959
3676.387 0.00852 0.00852 -0.00426
3676.392 -0.00213 -0.00639 0.00320
3676.397 0.00426 0.00426 -0.00426
3676.402 -0.00959 0.00213 0.00000
3676.407 -0.00852 -0.01065 -0.00746
3676.413 0.00000 -0.00213 0.00320
3676.418 -0.00213 -0.00746 0.00000
3676.423 -0.00426 0.00746 0.00213
3676.428 -0.00107 -0.00320 0.00107
3676.433 -0.00320 0.00320 -0.00426
3676.438 0.01385 -0.00107 -0.00852
3676.443 -0.00426 -0.00107 0.00852
3676.448 -0.00213 -0.00213 -0.00107
3676.453 -0.00533 -0.00107 -0.00107
3676.458 -0.00426 0.00107 -0.00107
3676.463 -0.00213 0.00107 -0.00639
3676.468 -0.00426 0.00000 -0.00639
3676.473 0.00852 0.00000 -0.00320
3676.478 -0.00213 -0.00107 -0.00533
3676.483 -0.00107 -0.00213 0.00320
3676.488 -0.00639 -0.00426 -0.00959
3676.493 -0.00213 -0.00533 -0.00107
3676.498 -0.00320 0.00533 -0.00213
3676.503 -0.00107 -0.00959 0.00320
3676.508 -0.00533 -0.00320 0.00213
3676.513 -0.00320 0.00746 -0.00107
3676.518 -0.00639 -0.00426 -0.00639
3676.523 -0.00107 0.00639 -0.00639
3676.528 -0.00852 -0.00107 -0.00107
3676.533 -0.00320 -0.00639 0.00320
3676.538 0.00000 -0.00533 0.00639
3676.544 -0.00107 0.00107 0.00107
3676.549 0.00426 0.00746 -0.00320
3676.554 -0.00959 -0.00426 -0.00320
3676.559 0.00533 -0.00213 0.00000
3676.564 -0.00107 -0.00213 -0.00746
3676.569 -0.00639 -0.00639 -0.00426
3676.574 0.00107 0.01278 0.00213
3676.579 -0.00533 0.00426 -0.00213
3676.584 -0.00426 0.00107 -0.00107
3676.589 -0.00320 -0.00107 -0.00107
3676.594 0.00000 0.00852 0.00000
3676.599 -0.00959 0.01065 -0.00746
3676.604 -0.00107 0.00320 0.00426
3676.609 0.00320 0.00107 -0.00213
3676.614 -0.00533 -0.00320 0.00320
3676.619 0.01065 0.00213 -0.00639
3676.624 0.00426 -0.00107 0.00320
3676.629 -0.00533 0.00000 0.00426
3676.634 -0.00213 0.00426 0.00000
3676.639 -0.00107 -0.00213 -0.00213
3676.644 0.00320 0.00107 0.00426
3676.649 -0.00107 -0.00426 -0.00426
3676.654 -0.00852 -0.00320 0.00639
3676.659 -0.00107 0.00107 0.00107
3676.664 -0.00426 -0.00107 0.00426
3676.669 -0.00426 0.00107 -0.01278
3676.674 -0.00426 0.00426 0.00852
3676.679 -0.00746 0.00639 0.00213
3676.684 0.01704 0.00213 0.00639
3676.689 -0.00107 -0.01065 0.00107
3676.694 0.00000 -0.00107 -0.00213
3676.699 0.00000 0.00000 0.00000
3676.704 -0.00852 -0.00213 -0.00107
3676.709 0.00639 -0.00213 -0.01065
3676.714 -0.00213 0.00320 0.00213
3676.719 0.00000 0.01278 -0.00746
3676.724 -0.00852 -0.01065 0.00533
3676.729 -0.00746 -0.00213 0.00000
3676.734 0.00426 -0.00852 -0.00107
3676.739 0.00320 0.00107 0.00533
3676.745 0.00426 -0.00213 0.00000
3676.750 -0.00426 -0.00426 0.00320
3676.755 0.00426 0.00746 0.00000
3676.760 -0.01065 -0.00959 0.00320
3676.765 -0.00533 0.00107 0.00320
3676.770 0.00000 0.00213 0.00639
3676.775 -0.00852 -0.00213 0.00533
3676.780 0.00000 0.00746 0.00000
3676.785 0.00320 0.00107 0.00107
3676.790 0.00213 -0.00959 -0.00426
3676.795 0.00107 0.00746 -0.00426
3676.800 0.00000 -0.00639 -0.00639
3676.805 0.00746 -0.00213 -0.00426
3676.810 0.00107 0.00213 -0.00533
3676.815 -0.00852 -0.00639 0.00107
3676.820 0.00852 -0.00533 -0.00426
3676.825 -0.00213 0.00000 -0.00320
3676.830 0.00213 0.00959 -0.00107
3676.835 -0.00533 0.00000 -0.00213
3676.840 -0.00107 0.00107 0.00107
3676.845 0.00213 -0.00426 0.00000
3676.850 -0.00959 -0.00639 -0.00959
3676.855 0.00107 0.00213 -0.00213
3676.860 -0.00320 0.00000 0.00107
3676.865 -0.00107 0.00320 -0.00107
3676.870 -0.00320 -0.00852 0.00533
3676.875 -0.00746 -0.00533 -0.01704
3676.880 0.00320 -0.00107 -0.00533
3676.885 -0.00426 -0.00959 0.00000
3676.890 -0.00852 -0.00639 -0.01278
3676.895 0.00213 -0.00959 -0.00213
3676.900 0.00639 -0.00320 0.00852
3676.905 0.00639 0.01278 -0.00213
3676.910 -0.00107 -0.00213 -0.01172
3676.915 -0.00320 0.00852 -0.00746
3676.920 -0.00213 -0.00213 -0.00852
3676.925 0.00213 0.00000 0.00107
3676.930 -0.00107 0.00426 0.00107
3676.936 0.00426 -0.00426 -0.00213
3676.941 -0.00107 0.00107 0.00426
3676.946 -0.00852 0.00746 0.00426
3676.951 -0.00107 -0.00213 0.00426
3676.956 -0.00213 0.00320 -0.00852
3676.961 0.00000 0.00000 0.00107
3676.966 -0.00320 0.00107 -0.00852
3676.971 -0.00852 0.00426 -0.00639
3676.976 0.00320 0.00746 -0.00426
3676.981 0.00320 0.00000 0.00426
3676.986 -0.00320 0.00000 0.00746
3676.991 0.00320 0.00426 -0.00107
3676.996 -0.00213 -0.00959 -0.00213
3677.001 0.00852 0.00746 0.00107
3677.006 0.00213 -0.00107 0.00213
3677.011 -0.00639 -0.00746 -0.00533
3677.016 0.00213 0.00852 -0.00426
3677.021 -0.00320 -0.00533 -0.00320
3677.026 -0.00959 0.00213 -0.00426
3677.031 0.00000 0.00107 -0.00320
3677.036 0.00533 0.00107 0.00107
3677.041 -0.01172 0.00000 -0.00107
3677.046 -0.01172 -0.00959 0.00426
3677.051 0.00000 0.00426 -0.00852
3677.056 -0.00320 0.00000 0.00107
3677.061 -0.00320 -0.00639 0.00107
3677.066 -0.00852 -0.00107 0.00107
3677.071 -0.00213 -0.00426 -0.00426
3677.076 -0.00107 0.00213 0.00639
3677.081 -0.00213 -0.00959 -0.00426
3677.086 0.00320 -0.00107 -0.00320
3677.092 -0.00213 -0.00639 0.00213
3677.097 0.00000 -0.00426 0.00213
3677.102 -0.01385 -0.00213 -0.00746
3677.107 0.00426 0.00213 -0.00107
3677.112 -0.00107 -0.00426 -0.00213
3677.117 -0.00533 -0.00213 -0.00107
3677.122 0.00107 0.00426 -0.00107
3677.127 0.00426 -0.00107 0.00426
3677.132 -0.00533 0.00639 -0.00320
3677.137 -0.00213 0.00320 -0.00746
3677.146 -0.00746 0.00000 -0.00213
3677.151 -0.00639 0.00320 -0.00426
3677.156 0.00533 -0.00320 0.00320
3677.161 0.00320 -0.00426 -0.00426
3677.167 -0.00213 -0.00533 -0.00533
3677.172 -0.00320 0.00213 0.00107
3677.177 -0.01172 -0.01172 0.00107
3677.182 0.00320 -0.00320 -0.00426
3677.187 -0.00320 -0.00746 -0.00639
3677.192 0.00639 -0.00320 -0.00959
3677.197 -0.01172 -0.00213 -0.00213
3677.202 -0.00213 0.00320 0.00320
3677.207 -0.00107 -0.00320 -0.00107
3677.212 -0.00533 -0.00107 -0.00213
3677.217 0.00000 -0.00746 -0.00107
3677.222 -0.00426 -0.00426 0.00107
3677.227 0.00320 -0.00426 -0.00746
3677.232 0.00320 -0.00320 -0.00320
3677.237 0.00000 -0.00320 0.00000
3677.242 0.00426 -0.00107 0.00213
3677.247 0.00639 0.00852 -0.00107
3677.252 0.00107 -0.00107 -0.00320
3677.257 0.00000 -0.00320 0.00000
3677.263 -0.00213 -0.00107 -0.00426
3677.268 0.00000 -0.00320 0.00639
3677.272 -0.00639 -0.00213 -0.00320
3677.277 -0.00213 -0.00320 0.00000
3677.282 0.00000 -0.00959 0.00426
3677.287 0.00107 0.00426 0.00107
3677.292 0.00320 0.00107 0.00639
3677.297 0.00213 0.00320 0.00533
3677.303 0.00426 -0.00533 -0.00107
3677.308 -0.00213 -0.00533 -0.00533
3677.313 0.00213 0.00320 0.00107
3677.318 0.00000 -0.00426 0.00213
3677.323 -0.00213 0.00533 -0.00107
3677.328 -0.00639 -0.00533 -0.01172
3677.333 0.00533 0.00107 -0.00107
3677.338 0.00000 -0.00533 0.00959
3677.343 -0.01385 -0.00746 0.00000
3677.348 -0.00213 -0.00426 0.00852
3677.353 0.00000 -0.00426 0.00107
3677.358 -0.00639 0.00107 -0.00320
3677.363 -0.00852 -0.00746 -0.00426
3677.368 0.00320 -0.00107 0.00746
3677.372 0.01917 0.00213 0.00000
3677.377 0.00107 0.00533 -0.00533
3677.382 -0.00320 -0.00107 0.00000
3677.387 -0.00533 -0.00320 0.00000
3677.393 -0.00426 -0.00320 0.00213
3677.397 -0.00533 -0.00852 -0.00426
3677.403 0.00320 0.00533 0.00000
3677.408 -0.00426 -0.00533 -0.00533
3677.413 0.00000 0.00852 0.00320
3677.418 -0.00852 -0.00426 -0.00320
3677.423 0.00000 -0.00320 -0.00533
3677.428 -0.00426 0.00213 -0.00107
3677.433 -0.00107 0.00320 -0.00320
3677.438 -0.00426 0.00320 -0.00107
3677.443 0.00426 -0.00213 -0.00426
3677.448 -0.00533 0.00107 0.00426
3677.453 -0.00639 0.00533 0.00852
3677.458 -0.00426 0.00107 -0.00533
3677.463 -0.00320 0.00000 -0.00426
3677.468 -0.00213 -0.00959 0.00000
3677.472 0.00107 -0.01917 -0.00213
3677.477 0.00213 -0.01065 0.00320
3677.482 0.00000 -0.00533 -0.00107
3677.487 -0.00213 -0.00426 -0.00107
3677.493 -0.00320 0.00000 -0.00426
3677.498 -0.00426 0.00213 0.00107
3677.503 -0.00959 0.00107 0.00107
3677.508 -0.00320 -0.00320 0.00639
3677.513 -0.00320 0.00213 -0.00426
3677.518 -0.00426 -0.00213 0.00000
3677.523 -0.00213 0.00852 -0.00639
3677.528 -0.00107 -0.00426 -0.01278
3677.533 -0.00320 -0.00426 0.00213
3677.538 -0.00639 -0.00320 -0.00213
3677.543 0.00746 -0.00746 0.00320
3677.548 -0.00213 -0.00426 -0.00107
3677.553 0.00107 0.00000 0.00426
3677.558 0.00107 -0.00320 0.00107
3677.563 0.00213 0.01278 0.00320
3677.568 -0.00533 0.00213 0.00533
3677.572 0.00426 -0.00107 0.00107
3677.577 0.00107 -0.00320 0.00213
3677.583 -0.00213 0.01278 -0.00426
3677.588 0.00213 -0.00746 -0.00533
3677.593 0.00852 -0.01065 -0.00107
3677.598 0.00213 -0.01172 -0.00320
3677.603 0.00746 -0.00107 0.00959
3677.608 0.00213 -0.00213 0.00000
3677.613 -0.00533 -0.00852 -0.00107
3677.618 -0.00533 0.00000 -0.00213
3677.623 0.01278 -0.00213 0.00213
3677.628 -0.00533 0.00533 0.00000
3677.633 -0.00533 -0.00320 -0.00426
3677.638 -0.00320 -0.00639 -0.00107
3677.643 -0.00852 -0.00213 0.00213
3677.648 0.00107 0.00426 0.00320
3677.653 0.00852 0.00746 -0.00107
3677.658 0.00852 0.00746 0.00107
3677.663 0.00426 -0.00533 -0.00533
3677.668 -0.01278 -0.00107 -0.00213
3677.673 -0.00107 0.00213 -0.00320
3677.678 -0.01065 0.00107 -0.01172
3677.683 0.00213 0.00000 0.00746
3677.688 -0.00533 0.00639 0.00107
3677.693 0.00639 0.00320 -0.00213
3677.698 0.00852 -0.00533 0.00852
3677.703 -0.00107 -0.00426 0.00320
3677.708 -0.00320 0.00320 -0.00320
3677.713 0.00320 0.00000 -0.00107
3677.718 0.00320 -0.00320 0.00000
3677.723 0.00639 -0.00107 0.00213
3677.728 -0.00426 0.01491 -0.00426
3677.733 -0.00426 0.00320 -0.00852
3677.738 -0.00107 0.00000 -0.00426
3677.743 0.00107 -0.00533 -0.00320
3677.748 0.00000 0.00320 0.00213
3677.753 0.00107 0.00426 -0.00107
3677.758 -0.00213 0.00000 0.00107
3677.763 0.00213 -0.00533 -0.00213
3677.768 0.00107 -0.00320 -0.00533
3677.773 0.00533 -0.00213 -0.00426
3677.778 -0.00107 -0.00320 -0.00107
3677.783 0.00533 0.00107 0.00639
3677.788 0.00107 0.00320 -0.00320
3677.793 0.00000 0.00000 -0.00213
3677.798 -0.00213 -0.00533 0.00107
3677.803 -0.00426 -0.01065 -0.00426
3677.808 -0.00107 -0.00213 0.00426
3677.813 0.00426 -0.00533 0.00426
3677.818 -0.00213 -0.00639 0.00639
3677.823 0.00213 -0.00213 0.00000
3677.828 0.00107 0.00213 0.00000
3677.833 -0.00107 -0.00213 -0.00107
3677.838 -0.00320 -0.00213 0.00852
3677.843 -0.01172 -0.00320 0.00000
3677.848 0.00320 0.00426 -0.00639
3677.853 -0.00852 0.00426 0.00426
3677.858 -0.00213 0.00000 0.00533
3677.864 -0.01065 0.00107 0.00426
3677.869 0.00000 0.00107 0.00107
3677.873 0.00533 0.00852 -0.00107
3677.878 0.00959 0.00107 -0.00426
3677.883 -0.00320 0.00320 0.00852
3677.888 -0.00426 -0.00533 -0.00107
3677.893 -0.00959 -0.00533 0.00213
3677.898 0.00213 0.00320 -0.00213
3677.903 -0.00320 -0.00746 -0.00639
3677.908 -0.00107 0.00107 -0.00320
3677.913 -0.00533 -0.00320 -0.00426
3677.918 -0.00107 -0.00533 0.00746
3677.923 0.00320 -0.00426 0.00213
3677.928 -0.00213 0.00000 -0.00107
3677.933 -0.00320 -0.00426 0.00107
3677.938 -0.00107 0.00107 -0.00746
3677.943 0.00320 0.00107 -0.00320
3677.948 0.00213 0.00746 0.00852
3677.954 -0.00213 -0.00426 0.00639
3677.959 -0.00426 0.00107 -0.00533
3677.964 0.00000 -0.00426 -0.00533
3677.969 -0.00533 -0.00320 0.00533
3677.973 -0.00426 0.00426 0.00746
3677.978 -0.00320 -0.00320 -0.00320
3677.983 0.00746 -0.00213 0.00107
3677.988 0.00426 -0.00959 -0.00533
3677.993 0.00320 0.00107 0.00320
3677.998 -0.00852 -0.00746 0.00107
3678.003 -0.00320 -0.00746 0.00320
3678.008 -0.00107 0.00533 0.00320
3678.014 -0.01065 0.00000 -0.00320
3678.019 -0.00533 -0.00959 -0.00533
3678.024 -0.00426 -0.00213 0.00320
3678.029 0.00533 -0.00852 0.00000
3678.034 0.00320 -0.00320 0.00533
3678.039 0.00107 0.00107 0.00000
3678.044 -0.00107 0.00213 -0.00426
3678.049 0.00213 0.00746 0.00213
3678.054 -0.00639 0.00320 -0.00213
3678.059 0.00107 -0.00320 -0.00213
3678.064 -0.00320 0.00000 0.00000
3678.069 0.00107 0.00213 0.00107
3678.074 -0.00533 0.00213 -0.00533
3678.078 0.00320 0.00320 -0.00213
3678.084 -0.00533 -0.00852 -0.00320
3678.089 -0.00426 -0.00107 -0.00107
3678.094 -0.00746 -0.00213 -0.00959
3678.099 -0.00746 -0.00213 0.00426
3678.104 -0.00426 -0.00959 -0.00213
3678.109 0.00639 -0.00533 0.00852
3678.114 -0.00107 -0.00320 -0.00320
3678.119 -0.01065 -0.00213 0.00000
3678.124 0.00320 0.00000 0.00107
3678.129 -0.00639 0.00320 -0.00426
3678.134 0.00000 0.00320 0.00852
3678.139 0.00107 -0.01811 -0.00107
3678.144 -0.00107 -0.00320 0.00320
3678.149 0.00107 0.00000 -0.00213
3678.154 0.00107 0.00107 0.00000
3678.159 -0.00746 0.00107 0.00426
3678.164 0.00533 -0.00426 -0.00426
3678.169 0.00746 0.01278 0.00426
3678.173 0.00746 0.01065 -0.00320
3678.178 0.00533 -0.00639 0.00107
3678.184 0.00320 -0.00320 -0.00533
3678.189 -0.00959 -0.00213 0.01065
3678.194 0.00107 -0.00213 0.00639
3678.199 0.00000 0.00320 -0.00213
3678.204 -0.00107 0.00107 0.00639
3678.209 0.00107 0.00107 0.00213
3678.214 0.00746 0.00000 0.00213
3678.219 0.00213 0.00213 0.00000
3678.224 -0.00107 -0.00639 -0.00213
3678.229 -0.01065 0.00320 -0.00746
3678.234 -0.00107 0.00320 -0.00533
3678.239 -0.00426 0.00000 0.00533
3678.244 0.00320 -0.00426 -0.00639
3678.249 -0.01065 -0.00320 -0.00107
3678.254 0.00533 0.00852 0.00746
3678.259 0.00426 -0.00107 0.00639
3678.264 0.00959 0.00320 0.00000
3678.269 0.00000 0.00533 0.00107
3678.274 0.00639 -0.00107 0.00000
3678.279 -0.00533 0.00000 0.00426
3678.284 -0.00320 -0.00533 0.00426
3678.289 0.00107 -0.01172 -0.00320
3678.294 -0.00107 -0.00320 0.00107
3678.299 0.00213 0.00107 -0.00213
3678.304 0.00000 0.00107 -0.00639
3678.309 -0.00107 -0.00107 -0.00533
3678.314 0.00107 0.00107 -0.00320
3678.319 -0.00852 0.00000 0.00107
3678.324 -0.00320 -0.00320 -0.00533
3678.329 0.00000 0.00107 -0.00426
3678.334 -0.00533 -0.00107 -0.00107
3678.339 -0.00533 -0.00107 -0.00639
3678.344 -0.00426 -0.00959 0.00959
3678.349 0.00213 -0.00639 0.00320
3678.354 -0.00639 0.00000 -0.00320
3678.359 -0.00107 -0.00320 -0.00852
3678.364 -0.00320 0.00533 -0.00426
3678.369 0.00000 0.00426 0.00000
3678.374 0.00639 -0.00107 -0.00746
3678.379 0.00320 -0.00107 -0.00533
3678.384 -0.00107 0.00533 0.00213
3678.389 -0.00320 -0.00746 0.00959
3678.394 0.00000 0.00959 0.00852
3678.399 -0.01598 0.00320 0.00639
3678.404 -0.00213 0.00320 0.00533
3678.409 -0.00533 -0.00213 0.00320
3678.414 -0.00107 -0.00213 0.00107
3678.419 0.00107 0.00320 0.00533
3678.424 -0.00107 -0.00533 -0.00213
3678.429 0.01065 0.00107 0.00320
3678.434 0.00746 -0.00426 -0.00320
3678.439 -0.01278 0.00107 -0.00213
3678.444 -0.00426 0.00426 -0.01278
3678.449 0.00320 -0.00639 0.00320
3678.454 -0.00320 0.00000 -0.01704
3678.459 -0.00533 0.00426 -0.00213
3678.464 -0.00959 0.00426 -0.00533
3678.469 -0.00639 -0.00639 0.00213
3678.474 -0.00639 -0.00320 -0.00320
3678.479 -0.00639 -0.00852 0.00000
3678.484 0.00533 0.00639 -0.00320
3678.489 0.00533 0.00320 0.00213
3678.494 -0.00533 -0.00533 -0.00213
3678.499 0.00000 -0.00852 -0.00746
3678.504 -0.00639 -0.00533 0.00213
3678.509 -0.00959 0.00320 0.00639
3678.514 -0.00213 -0.00533 0.00213
3678.519 0.00426 -0.00639 0.00213
3678.524 -0.00533 0.00639 0.00746
3678.529 0.00639 -0.00320 0.00107
3678.534 0.00320 0.01278 -0.00426
3678.539 0.00000 0.00213 0.00426
3678.544 -0.00426 -0.01385 0.00000
3678.549 -0.00426 -0.00639 -0.00107
3678.554 -0.00320 0.00107 0.00746
3678.559 0.00000 -0.00746 -0.00107
3678.564 -0.00213 0.00000 -0.00107
3678.569 0.00000 0.00426 0.00213
3678.574 -0.00959 -0.00959 -0.00320
3678.579 0.00213 -0.00852 -0.00320
3678.584 0.00000 -0.00746 0.00426
3678.589 -0.00746 0.00639 0.00852
3678.594 0.00959 0.00533 -0.00107
3678.599 -0.01172 0.00426 0.00533
3678.604 0.00213 0.00533 0.00107
3678.609 0.00320 -0.00213 0.00639
3678.615 -0.00320 0.00320 0.00213
3678.619 -0.00107 -0.00746 0.00213
3678.625 -0.00320 -0.00426 0.00639
3678.630 -0.00213 -0.00533 -0.00639
3678.635 -0.00107 -0.00320 -0.00320
3678.640 0.01172 -0.00639 -0.00426
3678.645 0.00107 -0.00746 -0.01065
3678.650 -0.00639 0.00426 0.00213
3678.655 0.00746 0.00959 -0.00426
3678.660 0.00000 -0.00533 -0.00107
3678.665 0.00213 0.00426 -0.00533
3678.670 -0.00320 -0.00213 0.00639
3678.675 0.00107 0.00000 0.00107
3678.679 0.00320 -0.00533 -0.00426
3678.685 -0.00639 -0.01278 0.00000
3678.689 -0.00426 0.00107 0.00107
3678.695 0.00320 -0.00852 0.00000
3678.700 0.00426 -0.00959 -0.00107
3678.705 0.00213 -0.00107 -0.00426
3678.710 0.00639 0.00213 0.00639
3678.715 -0.00320 0.00213 0.00107
3678.720 0.00000 -0.00213 0.00107
3678.725 -0.00639 -0.00213 0.00107
3678.730 0.00533 0.00000 -0.00213
3678.735 -0.00426 0.00213 -0.00213
3678.740 -0.00533 -0.00213 0.00107
3678.745 0.00213 0.00000 -0.00852
3678.750 -0.00320 0.00000 -0.00213
3678.755 0.00320 -0.00426 0.00213
3678.760 0.00107 -0.00107 0.00107
3678.765 0.00213 -0.00426 -0.00746
3678.770 -0.00320 -0.00107 -0.00213
3678.777 -0.00426 0.00107 -0.00320
3678.782 -0.00426 0.00000 0.00107
3678.787 -0.00107 0.00213 -0.00533
3678.792 0.00000 -0.00639 -0.00959
3678.797 -0.00320 -0.00639 -0.00533
3678.802 -0.00107 -0.00213 0.00107
3678.807 -0.01385 -0.00426 0.00107
3678.812 0.00107 0.00213 0.00533
3678.817 0.00107 0.00639 -0.00107
3678.822 -0.00320 -0.00533 0.00107
3678.827 0.00107 -0.00107 -0.00320
3678.832 0.00000 -0.00213 0.00107
3678.837 -0.00426 -0.00213 -0.00320
3678.842 -0.00533 0.00426 -0.00107
3678.847 0.00533 0.00107 -0.00959
3678.852 0.00213 -0.00213 0.00107
3678.858 -0.01172 -0.00746 0.00000
3678.863 -0.00426 0.00213 -0.00320
3678.868 0.00426 -0.00213 0.00426
3678.873 -0.00639 -0.00320 0.00107
3678.878 0.00213 -0.00533 -0.00852
3678.883 0.00213 -0.00213 0.00213
3678.888 -0.00320 0.00213 -0.00107
3678.893 -0.00213 0.00000 0.00107
3678.898 -0.00959 -0.00426 -0.00426
3678.903 -0.00107 -0.00320 -0.00213
3678.908 -0.00639 -0.00426 -0.00639
3678.913 0.00000 0.00426 0.00107
3678.918 0.00213 0.00000 0.00320
3678.923 0.00213 0.01065 -0.00533
3678.928 -0.00107 0.00213 0.00000
3678.933 0.00746 -0.00639 -0.00639
3678.938 0.00320 -0.00213 0.00000
3678.943 0.00639 0.00213 0.00107
3678.948 -0.00533 -0.00320 -0.00426
3678.953 0.00533 0.00320 0.00000
3678.958 -0.00107 -0.00533 0.00533
3678.963 0.00107 -0.00107 -0.00107
3678.968 0.00107 -0.00426 -0.00746
3678.973 -0.00107 -0.00107 -0.00107
3678.978 0.00107 0.00000 0.00107
3678.983 -0.00320 -0.00746 0.00320
3678.988 0.00533 0.00107 -0.00107
3678.993 0.00107 -0.00107 -0.00213
