3553.951 -0.00533 0.00426 0.00320
3553.956 -0.00107 -0.01917 -0.00639
3553.961 0.00852 -0.01065 -0.00533
3553.966 -0.00426 -0.00213 -0.00320
3553.971 -0.01065 0.00533 -0.00852
3553.976 -0.00639 -0.00320 -0.00107
3553.981 0.00000 0.00639 0.00320
3553.986 -0.00426 -0.00107 -0.00320
3553.991 0.00533 -0.00213 -0.00533
3553.996 -0.00533 -0.00533 0.00746
3554.001 0.00639 0.00426 -0.00639
3554.006 -0.00639 0.00000 -0.00426
3554.011 -0.00852 0.00639 0.00107
3554.016 -0.00852 0.00959 0.00000
3554.021 -0.00320 -0.00107 0.00000
3554.026 -0.00533 0.01172 0.00213
3554.031 -0.00533 -0.00107 -0.00533
3554.036 -0.00426 0.00107 -0.00533
3554.042 0.00639 0.00213 0.00213
3554.047 -0.00533 0.00000 -0.00107
3554.052 0.00000 -0.00426 -0.00320
3554.057 -0.00533 0.00213 -0.00533
3554.062 -0.00426 -0.00426 0.00213
3554.067 -0.00746 0.00107 -0.00426
3554.072 0.00320 -0.00213 -0.00746
3554.077 0.00320 -0.00213 0.00320
3554.082 -0.00320 -0.00320 -0.00213
3554.087 -0.00639 -0.00533 -0.00107
3554.092 -0.00320 0.00000 0.00426
3554.097 0.00107 -0.00426 -0.00107
3554.102 -0.00852 -0.00852 0.00320
3554.107 0.00107 0.00213 0.00320
3554.112 -0.00426 -0.00426 0.00000
3554.117 0.00320 -0.00107 0.00000
3554.122 -0.01491 -0.00639 0.00213
3554.127 -0.01385 -0.00746 -0.00107
3554.132 0.00000 0.00320 0.00213
3554.137 -0.00533 0.00426 -0.01278
3554.142 0.00107 0.00426 -0.00213
3554.147 -0.00320 -0.00746 -0.01065
3554.152 -0.00213 -0.00107 -0.00426
3554.157 0.00107 -0.00107 -0.00320
3554.162 0.00533 -0.00213 0.00533
3554.167 0.00107 -0.00320 -0.00320
3554.172 -0.00107 -0.00320 -0.00107
3554.177 -0.00639 -0.00852 -0.00639
3554.182 0.00533 0.00107 0.00533
3554.187 0.00000 0.00320 -0.00213
3554.192 0.00426 0.00426 0.01172
3554.197 -0.00213 0.00213 -0.00533
3554.202 0.00320 0.00000 0.00746
3554.207 0.00852 -0.00959 0.00320
3554.213 0.01385 0.00639 -0.00746
3554.218 -0.00426 -0.00533 -0.00959
3554.223 0.00107 0.00000 -0.00639
3554.228 0.00852 -0.00320 -0.00320
3554.233 0.00426 -0.00320 -0.00213
3554.238 -0.00746 -0.00852 -0.00533
3554.243 -0.00852 -0.00639 0.00107
3554.248 -0.00213 -0.00852 0.00533
3554.253 -0.00320 -0.00107 -0.00213
3554.258 -0.00852 0.00000 -0.00320
3554.263 0.00107 0.00107 0.00000
3554.268 -0.01385 0.00000 0.00213
3554.273 -0.00213 -0.00426 0.00213
3554.278 -0.00852 -0.00213 0.00000
3554.283 0.00426 -0.00320 0.00320
3554.288 -0.00426 0.00746 -0.00639
3554.293 0.00213 -0.00213 -0.00213
3554.298 0.00213 0.00000 -0.00107
3554.303 0.00533 -0.00533 -0.00213
3554.308 0.00320 -0.00107 0.00000
3554.313 0.00213 -0.00426 -0.00639
3554.318 -0.00533 0.00213 -0.00426
3554.323 0.00213 0.00320 -0.00320
3554.328 -0.00213 0.00320 -0.00320
3554.333 -0.00746 -0.00213 -0.00426
3554.338 0.00746 0.00746 0.00639
3554.343 -0.00426 -0.00107 0.00000
3554.348 0.00426 0.00000 -0.01491
3554.353 -0.00213 0.00213 0.00533
3554.358 -0.00107 0.00320 -0.00213
3554.363 -0.00213 -0.01278 -0.00639
3554.368 -0.00959 -0.00426 0.00107
3554.374 -0.00639 0.00639 0.00213
3554.378 0.00746 -0.00746 0.00000
3554.384 -0.00213 -0.00533 -0.00213
3554.389 -0.00639 -0.00426 -0.00426
3554.394 -0.00320 -0.00639 0.00426
3554.399 -0.00639 -0.00320 -0.00426
3554.404 -0.00533 -0.00852 -0.00959
3554.409 -0.00213 -0.00852 -0.00320
3554.414 -0.00107 0.00000 -0.00107
3554.419 -0.00852 -0.00426 0.00000
3554.424 0.00426 0.00107 -0.00426
3554.429 0.00320 0.00852 0.00213
3554.434 -0.00320 -0.01065 0.00213
3554.439 0.01065 -0.00746 -0.00959
3554.444 0.00000 0.00320 -0.00213
3554.449 0.00852 -0.00107 -0.00533
3554.454 0.00320 0.00000 -0.00320
3554.459 -0.00107 -0.00107 -0.00213
3554.464 0.00639 -0.00213 0.00107
3554.469 -0.00426 -0.00213 -0.00107
3554.474 0.00107 -0.00959 0.00426
3554.479 0.00000 -0.00107 -0.00320
3554.484 0.00107 -0.00639 -0.00852
3554.489 -0.00426 0.00852 -0.00746
3554.494 -0.00107 0.00000 0.00533
3554.499 -0.00426 -0.00107 -0.00533
3554.504 -0.00426 0.00107 -0.00107
3554.509 -0.00426 -0.00639 -0.00107
3554.514 -0.00213 0.00213 -0.00107
3554.519 -0.00107 -0.00639 -0.00213
3554.524 0.00213 -0.00107 -0.00213
3554.529 0.00000 -0.00107 -0.00533
3554.534 -0.00107 -0.00426 -0.00533
3554.539 -0.00959 -0.00107 0.00000
3554.545 0.00107 0.00107 -0.00639
3554.550 -0.00639 0.00213 -0.00107
3554.555 -0.00533 0.00320 0.00107
3554.560 0.00320 -0.00639 -0.00320
3554.565 -0.00320 -0.00107 0.00213
3554.570 0.00107 -0.00213 0.00639
3554.575 0.00639 -0.00213 -0.00107
3554.580 -0.00107 -0.00852 0.00107
3554.585 -0.00107 0.00746 0.00107
3554.590 0.00852 0.00852 -0.00213
3554.595 0.00107 0.00000 0.00746
3554.600 -0.00533 -0.00213 -0.00320
3554.605 0.00533 0.00107 0.00320
3554.610 -0.00320 0.00746 0.00000
3554.615 0.00000 -0.00320 0.00533
3554.620 0.00213 0.01278 0.00533
3554.625 -0.00639 0.01065 -0.00959
3554.630 -0.00320 -0.00107 0.00213
3554.635 0.00426 0.00107 0.00000
3554.640 0.00000 0.00213 0.00107
3554.645 -0.00213 0.00213 0.00000
3554.650 -0.00213 -0.00107 -0.00107
3554.655 -0.00426 -0.00107 0.00320
3554.660 -0.00746 -0.00852 -0.00213
3554.665 -0.00426 0.00746 -0.00107
3554.670 -0.00320 0.00107 0.00107
3554.675 -0.00639 -0.01278 0.00320
3554.680 0.00959 0.00000 -0.00320
3554.685 -0.00746 0.00000 0.00320
3554.690 0.00000 -0.01385 0.00746
3554.695 0.00000 -0.00533 0.00107
3554.700 -0.00639 -0.00107 -0.00639
3554.705 -0.00959 -0.00852 0.00107
3554.710 -0.00107 -0.00107 -0.00107
3554.716 -0.00639 -0.00533 -0.00320
3554.720 -0.00213 0.00213 -0.00213
3554.726 0.00107 -0.00426 -0.00746
3554.731 -0.01172 -0.01704 0.00000
3554.736 0.00639 0.00320 0.00107
3554.741 0.00533 0.00639 -0.00320
3554.746 -0.00320 -0.00533 0.00213
3554.751 -0.00746 0.00213 -0.00320
3554.756 0.00213 -0.00533 -0.00746
3554.761 0.00426 -0.00107 0.00320
3554.766 0.01278 0.00213 0.00213
3554.771 0.00213 0.00533 -0.00213
3554.776 -0.00533 -0.00107 -0.00959
3554.781 -0.00213 -0.01172 0.00320
3554.786 -0.01172 -0.00320 0.00320
3554.791 -0.00213 -0.00320 -0.00320
3554.796 -0.01065 0.00213 -0.00320
3554.801 -0.00426 -0.00320 -0.00107
3554.806 -0.00107 -0.00639 0.00107
3554.811 0.00533 0.00107 -0.00426
3554.816 -0.00959 0.00320 -0.00746
3554.821 -0.00213 0.00213 0.00213
3554.826 -0.01065 -0.00107 0.00213
3554.831 -0.00107 0.00320 -0.02344
3554.836 0.00320 0.00320 -0.00426
3554.841 -0.00213 0.00426 -0.00639
3554.846 -0.00852 -0.00107 -0.00320
3554.851 -0.01385 -0.00107 -0.00107
3554.856 0.00213 0.00639 0.00426
3554.861 -0.00213 -0.00533 -0.00426
3554.866 -0.00213 -0.00213 0.00213
3554.871 -0.00639 0.00107 0.00320
3554.876 0.00107 0.00320 0.00746
3554.881 -0.00320 0.00320 0.00320
3554.887 0.00213 -0.00746 0.00213
3554.892 -0.00959 0.00320 -0.00426
3554.897 -0.00533 -0.00746 -0.00533
3554.902 0.00426 0.00426 0.00107
3554.907 -0.00746 -0.00107 0.00320
3554.912 -0.00639 -0.00213 0.00000
3554.917 -0.00533 0.00320 -0.00107
3554.922 -0.00107 -0.00320 -0.00533
3554.927 -0.00533 -0.00107 0.00107
3554.932 -0.00533 0.00213 -0.00533
3554.937 -0.00320 0.00213 0.00852
3554.942 0.00000 0.00107 -0.00533
3554.947 -0.00426 -0.00107 0.00213
3554.952 -0.00426 -0.00213 -0.00107
3554.957 0.00320 0.00000 -0.00746
3554.962 -0.00213 -0.00533 -0.00746
3554.967 0.00000 0.00213 -0.00107
3554.972 0.01385 0.00639 -0.00533
3554.977 0.00533 -0.01065 0.00639
3554.982 0.00746 0.00213 0.00000
3554.987 -0.00639 0.01172 -0.00959
3554.992 -0.00533 -0.00213 -0.00107
3554.997 -0.00533 -0.00213 0.00213
3555.002 -0.00213 -0.00107 -0.00426
3555.007 -0.00107 -0.01172 -0.00426
3555.012 0.00533 0.00320 0.00213
3555.017 -0.00107 -0.00213 0.00107
3555.022 -0.00746 0.00426 0.00426
3555.028 0.00213 0.00000 0.00107
3555.033 -0.00320 0.00852 -0.00320
3555.038 -0.00533 0.00000 -0.00426
3555.043 -0.00107 0.00000 0.00000
3555.048 0.00000 -0.00320 0.00000
3555.053 0.00852 0.00320 0.00426
3555.058 0.00533 -0.00533 0.00000
3555.063 -0.00639 0.00639 0.00107
3555.068 -0.00533 -0.00107 -0.00320
3555.073 0.00000 -0.01172 -0.00426
3555.078 0.00426 -0.00639 -0.00213
3555.083 -0.00852 -0.00320 -0.00107
3555.088 -0.01172 0.00213 -0.00639
3555.093 0.00852 0.00107 0.00533
3555.098 0.00639 0.00320 0.00107
3555.103 -0.00213 0.00000 -0.00107
3555.108 -0.00213 0.00107 -0.00320
3555.113 -0.00320 0.00426 -0.00213
3555.118 -0.00426 -0.00426 -0.00533
3555.123 -0.00746 -0.00107 0.00000
3555.128 0.00213 -0.01278 -0.00852
3555.133 -0.00639 0.00213 0.00000
3555.138 -0.00213 0.00000 0.00213
3555.143 -0.00107 -0.00426 0.00213
3555.148 0.00320 0.00426 -0.00213
3555.153 -0.00533 -0.00213 0.00852
3555.158 0.00000 -0.00533 0.00107
3555.163 -0.00426 -0.00107 0.00213
3555.168 -0.00213 -0.00426 -0.00959
3555.173 -0.00213 -0.00107 -0.00213
3555.178 -0.00107 0.00213 -0.00107
3555.183 0.00959 0.00000 -0.00213
3555.188 0.00107 -0.00107 -0.00107
3555.193 0.00107 -0.00426 0.00107
3555.199 -0.00746 0.00533 -0.00426
3555.204 -0.00533 -0.00213 0.00639
3555.209 0.00320 0.00107 0.00213
3555.214 0.00107 0.00107 -0.00213
3555.219 0.00000 0.00320 -0.00107
3555.224 0.00533 -0.00107 0.00533
3555.229 -0.00426 0.00213 0.00000
3555.234 -0.01172 -0.01065 0.00320
3555.239 -0.00320 -0.01172 0.00107
3555.244 -0.00959 0.00213 -0.00426
3555.249 0.00320 -0.00639 0.00533
3555.254 -0.00320 0.00639 0.00213
3555.259 -0.00639 -0.00107 0.00213
3555.264 -0.00639 -0.00213 0.00533
3555.269 -0.00213 -0.00107 -0.00852
3555.274 -0.00533 0.00213 0.00213
3555.279 -0.00426 -0.00639 0.00000
3555.284 -0.00320 0.00746 0.00426
3555.289 -0.00107 -0.00426 0.00639
3555.294 0.00000 0.00000 -0.00533
3555.299 -0.00533 -0.00426 -0.00426
3555.304 0.00000 -0.00533 0.00639
3555.309 -0.00533 -0.00107 0.00959
3555.314 -0.00213 0.00107 -0.00746
3555.320 -0.00426 -0.00107 0.00533
3555.325 -0.00746 -0.00320 0.00320
3555.330 -0.01065 -0.00533 0.00107
3555.335 -0.00320 -0.00959 -0.00320
3555.340 0.00213 0.00426 0.00107
3555.345 -0.00426 -0.00533 -0.00426
3555.350 -0.00213 0.00533 -0.00426
3555.355 -0.00107 -0.00213 -0.00213
3555.360 0.00000 0.00000 0.00746
3555.365 -0.00533 -0.01172 0.00426
3555.370 0.00426 -0.00320 0.00426
3555.375 -0.00426 -0.00533 0.00000
3555.380 -0.00639 -0.00320 -0.00426
3555.385 -0.00533 0.00533 -0.00533
3555.390 0.00107 -0.00426 -0.00426
3555.395 0.00426 -0.00533 -0.00320
3555.400 0.00213 -0.01065 0.00852
3555.405 -0.00213 -0.00426 -0.00213
3555.410 0.00107 0.00426 0.00320
3555.415 -0.00107 -0.00533 0.00107
3555.420 -0.00533 -0.00320 0.00000
3555.425 -0.00320 -0.00852 -0.00213
3555.430 -0.00320 -0.00107 0.00852
3555.435 -0.00107 0.00320 0.00213
3555.440 0.00213 0.00213 0.00107
3555.445 -0.00320 -0.00107 -0.00533
3555.450 0.00213 -0.00533 -0.00852
3555.455 -0.00959 -0.00746 -0.00533
3555.460 0.00426 -0.00213 0.00213
3555.465 -0.00213 0.00107 0.00320
3555.470 -0.00213 -0.00213 -0.00107
3555.475 -0.00320 0.00533 0.00746
3555.480 -0.00639 0.00320 0.00426
3555.485 -0.00107 -0.00213 -0.00107
3555.490 -0.00213 0.00107 0.00213
3555.495 0.00320 -0.00213 0.00533
3555.500 -0.00320 -0.00107 0.00426
3555.505 -0.00320 0.00213 -0.00426
3555.511 0.00426 -0.00852 0.00107
3555.516 0.00320 -0.00533 -0.00746
3555.521 0.01172 -0.00213 0.00639
3555.526 0.00852 0.00000 0.00000
3555.531 -0.00426 -0.00639 0.00213
3555.536 -0.00107 0.00000 -0.00533
3555.541 -0.00213 -0.00320 0.00533
3555.546 0.00746 0.00000 -0.00213
3555.551 0.00107 0.00320 0.00320
3555.556 0.00107 -0.00533 0.00533
3555.561 0.00213 0.00107 0.00107
3555.566 0.00639 -0.00213 -0.00213
3555.571 -0.00533 0.00000 0.00213
3555.576 0.00000 0.00107 0.00533
3555.581 -0.00213 -0.00746 -0.00959
3555.586 0.00107 0.00000 0.00000
3555.591 -0.00426 -0.00533 -0.00426
3555.596 0.00107 -0.00107 -0.00107
3555.601 -0.00533 -0.00107 -0.00639
3555.606 -0.00320 -0.00533 -0.00213
3555.611 -0.00107 -0.00746 0.00107
3555.616 0.00426 -0.00426 0.00107
3555.621 -0.00426 -0.00639 0.00533
3555.626 -0.00320 -0.00533 0.00107
3555.631 -0.00852 -0.00639 -0.00426
3555.636 -0.01065 -0.00959 0.00000
3555.642 0.00852 -0.00213 -0.00320
3555.647 0.00320 -0.00533 -0.00852
3555.652 0.00000 -0.00320 0.00213
3555.657 -0.01278 -0.00213 -0.00107
3555.662 0.00000 -0.00426 0.00320
3555.667 -0.00959 0.00639 0.00000
3555.672 0.00852 -0.00320 -0.00320
3555.677 0.00000 -0.00533 -0.00959
3555.682 0.00000 0.00213 0.00000
3555.687 -0.00107 0.00000 -0.00746
3555.692 -0.00320 0.00213 -0.00213
3555.697 -0.00533 0.00746 0.00426
3555.702 0.00000 -0.00107 0.00533
3555.707 -0.00320 -0.01278 -0.00107
3555.712 -0.00107 -0.00107 0.01065
3555.717 -0.00959 -0.00533 0.00000
3555.722 0.00107 0.00746 -0.00533
3555.727 -0.00746 -0.00533 -0.00320
3555.732 -0.01065 -0.00213 -0.00320
3555.737 -0.00320 -0.01172 -0.00852
3555.742 -0.00320 0.00852 -0.00959
3555.747 -0.00320 -0.00639 -0.01065
3555.752 0.00746 0.00000 0.00107
3555.757 0.00000 -0.00107 -0.00959
3555.762 0.00320 -0.00107 0.00213
3555.767 -0.00320 0.00426 -0.00107
3555.772 -0.00320 0.00533 -0.00107
3555.777 0.00107 0.00852 0.00000
3555.782 -0.00852 0.00107 0.00533
3555.787 0.00320 0.00852 0.00426
3555.792 0.00746 0.00320 -0.00107
3555.797 -0.00320 0.00213 -0.00533
3555.802 -0.00213 -0.00107 0.00320
3555.807 0.01172 -0.00959 0.00320
3555.813 0.00107 -0.00213 -0.00426
3555.817 0.00426 -0.00107 -0.00213
3555.823 -0.00426 -0.00639 -0.00213
3555.828 -0.00320 0.00000 0.00213
3555.833 0.00213 -0.00107 -0.00746
3555.838 -0.00426 -0.00639 0.00213
3555.843 -0.00426 -0.00959 -0.00213
3555.848 -0.00213 -0.00107 -0.00746
3555.853 -0.01172 0.00213 -0.00426
3555.858 -0.00959 -0.00213 0.00213
3555.863 -0.01065 0.00426 -0.00107
3555.868 -0.01172 0.00000 -0.00107
3555.873 0.00000 0.00426 -0.00746
3555.878 -0.00852 0.00533 0.00213
3555.883 0.00107 0.00426 -0.00213
3555.888 -0.00426 0.00533 0.00426
3555.893 -0.00320 -0.00426 0.00320
3555.898 -0.00533 0.00320 0.00426
3555.903 -0.01065 0.00107 0.00213
3555.908 -0.00107 -0.00746 -0.00107
3555.913 0.00213 0.00320 0.01491
3555.918 0.00107 0.00533 -0.00852
3555.923 -0.00107 -0.00107 -0.00639
3555.928 0.00639 -0.00213 0.00426
3555.933 0.00000 -0.00852 0.00213
3555.938 -0.00213 -0.00107 -0.00746
3555.943 0.00746 0.00639 0.00426
3555.948 -0.00852 -0.00426 -0.00426
3555.953 0.00320 0.00107 0.00746
3555.958 -0.00320 -0.01065 0.00533
3555.963 -0.00533 -0.00213 -0.00107
3555.968 0.00000 0.00107 0.00320
3555.973 -0.00107 -0.00426 0.00000
3555.978 -0.00107 0.00533 -0.00639
3555.983 -0.00107 -0.00426 -0.00320
3555.988 -0.00852 -0.00213 -0.01065
3555.993 -0.00639 -0.00746 0.00213
3555.998 -0.00426 -0.00213 -0.00426
3556.003 -0.00639 -0.00320 0.00320
3556.008 -0.00107 0.00213 -0.00213
3556.013 -0.00426 -0.01065 0.00426
3556.018 -0.00320 -0.00213 0.00533
3556.023 0.00213 0.00746 -0.00213
3556.028 0.00000 -0.03089 0.00213
3556.033 -0.00107 -0.00426 0.00000
3556.038 -0.00639 0.00426 -0.00107
3556.043 -0.00107 -0.00426 -0.00533
3556.048 0.00426 -0.00959 0.00320
3556.053 -0.00533 0.00000 0.00107
3556.058 -0.00107 -0.00426 0.00852
3556.064 -0.00320 0.00533 -0.00213
3556.069 -0.00533 0.00107 0.00426
3556.074 -0.01172 -0.00107 0.00107
3556.079 -0.00107 0.00000 0.00426
3556.084 0.00852 -0.00213 -0.00533
3556.089 -0.00426 0.01172 -0.00426
3556.094 -0.00746 -0.00320 0.00107
3556.099 0.00533 0.00000 -0.00746
3556.104 0.00000 0.00000 -0.00746
3556.109 0.00320 -0.00107 0.00107
3556.114 0.01065 0.00426 -0.00213
3556.119 -0.00852 0.00426 -0.00426
3556.124 0.00107 0.00426 -0.00852
3556.129 -0.00426 0.00320 -0.00533
3556.134 -0.00639 -0.00639 0.00000
3556.139 -0.00213 0.00213 -0.01065
3556.144 -0.00107 -0.00107 -0.00107
3556.149 -0.01385 -0.00107 0.00107
3556.155 0.00000 0.00320 -0.00746
3556.160 0.01172 -0.00320 0.00000
3556.165 0.00107 0.00959 -0.00107
3556.170 -0.00320 0.00426 -0.00320
3556.175 0.00320 -0.01172 -0.00426
3556.180 0.00107 -0.01065 -0.00107
3556.185 0.00213 -0.00320 -0.00320
3556.190 0.00426 -0.00533 0.00107
3556.195 0.01278 0.00107 0.00320
3556.200 -0.00107 -0.00107 -0.00746
3556.205 0.00107 -0.00533 0.00213
3556.210 -0.00107 0.00426 -0.00320
3556.215 -0.00320 0.00000 0.01278
3556.220 -0.00426 0.00213 -0.00320
3556.225 -0.00959 -0.00746 -0.00852
3556.230 0.00852 -0.00533 0.00213
3556.235 0.00107 -0.00213 0.00426
3556.240 0.00000 0.00320 -0.00533
3556.245 0.00000 0.00533 0.00000
3556.250 -0.01278 -0.00426 -0.01278
3556.255 -0.00213 -0.00107 -0.00107
3556.260 0.00107 -0.00213 -0.00213
3556.265 -0.00639 -0.00533 -0.00426
3556.270 -0.00533 0.00213 0.00107
3556.275 -0.00426 -0.00533 0.00639
3556.280 0.00107 0.00107 -0.00107
3556.285 0.00639 0.00320 -0.00426
3556.290 0.01065 -0.00533 -0.00213
3556.296 -0.01278 -0.00320 0.00000
3556.301 0.00426 0.00000 0.00000
3556.306 -0.00746 -0.01065 -0.00213
3556.311 -0.00852 -0.00320 0.00213
3556.316 0.00000 0.00213 -0.00213
3556.321 -0.00107 -0.00639 -0.01065
3556.326 -0.01385 -0.00639 -0.00746
3556.331 -0.01172 0.00107 -0.00426
3556.336 -0.00852 -0.00213 0.00533
3556.341 -0.00107 0.00320 0.00107
3556.346 0.00426 -0.00107 -0.00746
3556.351 -0.00426 -0.00959 0.00639
3556.356 0.00533 0.00320 0.00426
3556.361 0.00107 0.00852 -0.00320
3556.366 0.00320 -0.00533 0.00746
3556.371 -0.00639 -0.00426 0.00107
3556.376 -0.00959 -0.01172 -0.00426
3556.381 -0.01385 -0.00107 -0.00320
3556.386 -0.00533 0.00000 0.00000
3556.391 -0.00107 -0.00213 0.00213
3556.396 -0.00426 -0.00107 -0.00533
3556.401 0.00320 0.00426 0.00000
3556.406 -0.00320 -0.00852 -0.00533
3556.411 -0.00426 -0.01065 -0.00107
3556.416 0.00852 -0.00320 0.00746
3556.421 -0.00959 0.00213 -0.00107
3556.426 0.00533 -0.00320 0.00320
3556.431 -0.00426 -0.00213 -0.00533
3556.436 0.00000 -0.00533 -0.00746
3556.441 0.00533 0.00107 0.00107
3556.446 -0.00320 0.00852 -0.00213
3556.451 -0.00533 -0.00852 -0.00959
3556.456 -0.00213 0.00426 -0.00107
3556.461 -0.00426 -0.00107 0.00639
3556.467 -0.00959 -0.00639 0.00320
3556.472 -0.00959 -0.00426 -0.00959
3556.477 -0.00746 -0.00746 0.00107
3556.482 -0.00426 -0.00852 -0.00959
3556.487 -0.00107 0.00107 0.00000
3556.492 -0.00107 0.00213 -0.00213
3556.497 -0.00320 -0.00426 -0.00639
3556.502 -0.00320 -0.00320 0.00107
3556.507 0.00320 -0.00213 -0.00320
3556.512 0.00320 0.00213 0.00426
3556.517 0.00213 -0.00533 -0.00426
3556.522 -0.00639 -0.00746 -0.00213
3556.527 -0.00107 -0.00959 0.00852
3556.532 -0.00426 0.00320 -0.00213
3556.537 0.00213 0.00746 0.00107
3556.542 -0.00213 -0.00213 -0.00213
3556.547 0.00426 0.00533 0.00107
3556.552 -0.02131 -0.00107 0.00107
3556.557 0.00000 0.00320 -0.00426
3556.562 -0.00533 0.00107 -0.00533
3556.567 -0.00639 -0.01172 0.00107
3556.572 0.00107 -0.00107 -0.00533
3556.577 -0.00746 -0.00213 0.00107
3556.582 0.00639 -0.00426 0.00533
3556.587 -0.00213 -0.00746 0.00213
3556.592 -0.00320 -0.00320 0.00426
3556.597 0.00107 -0.00852 0.00000
3556.602 -0.00107 0.00107 -0.00107
3556.607 -0.00213 -0.00107 -0.00533
3556.612 0.00320 -0.01278 -0.00852
3556.617 0.00320 -0.00639 0.00000
3556.622 0.00000 -0.00852 0.00320
3556.627 0.00000 -0.01491 0.00107
3556.632 -0.00639 0.02131 -0.00426
3556.637 0.00852 -0.00213 0.00533
3556.642 0.00000 -0.00852 -0.00213
3556.647 -0.00426 -0.00746 0.00320
3556.652 0.00426 -0.00426 -0.00746
3556.658 0.00320 0.00107 -0.00107
3556.663 0.00000 -0.00533 -0.00639
3556.668 0.00533 0.00746 0.00213
3556.673 -0.00213 -0.00639 0.00426
3556.678 -0.00426 0.00107 0.00107
3556.683 -0.01385 -0.00639 0.00107
3556.688 0.00000 0.00426 0.00320
3556.693 -0.00320 0.00213 0.00107
3556.698 -0.00213 -0.00320 -0.00320
3556.703 -0.00320 0.00107 0.00213
3556.708 0.00000 0.00000 -0.00639
3556.713 0.00107 0.00320 0.00000
3556.718 -0.00213 0.00426 -0.00533
3556.723 0.00533 -0.00746 0.00320
3556.728 -0.00533 0.00320 -0.00533
3556.733 -0.00320 -0.00426 0.00426
3556.738 -0.00426 -0.00639 -0.00320
3556.743 0.00000 0.00213 0.00000
3556.748 -0.00320 -0.00533 0.00320
3556.753 -0.00426 -0.00639 -0.00533
3556.758 -0.00533 -0.00213 -0.00213
3556.763 -0.00320 -0.00852 0.00000
3556.768 0.00107 0.00320 -0.00213
3556.773 -0.00107 0.00000 -0.00107
3556.778 -0.00746 0.00000 -0.00320
3556.783 0.00000 -0.00639 0.00852
3556.788 -0.00533 0.00426 0.00000
3556.793 -0.00426 -0.00213 0.00533
3556.798 -0.00533 -0.00533 0.00000
3556.803 0.00000 0.00426 -0.00213
3556.809 0.00639 0.00213 0.00426
3556.814 -0.00533 0.00426 -0.00746
3556.819 -0.00426 0.00107 -0.00320
3556.824 0.00107 -0.00746 -0.00213
3556.829 -0.00639 -0.00426 -0.00213
3556.834 0.00639 -0.00320 0.00213
3556.839 0.00000 -0.00320 0.00320
3556.844 -0.00320 -0.00426 0.00533
3556.849 -0.00852 -0.00320 -0.00533
3556.854 0.00320 0.00107 0.00426
3556.859 -0.00107 0.00000 -0.00426
3556.864 -0.00533 0.00320 -0.00959
3556.869 -0.00533 -0.00107 0.00320
3556.874 0.00320 -0.00107 -0.00959
3556.879 0.00213 0.00107 0.00213
3556.884 0.00320 -0.00213 0.00107
3556.889 0.00000 -0.00426 -0.00107
3556.894 0.00746 0.00426 -0.00639
3556.899 0.00320 -0.00320 0.00533
3556.904 0.00426 -0.00320 0.00107
3556.909 -0.00107 -0.00639 0.00000
3556.914 0.00107 0.00426 0.00213
3556.919 0.00000 0.00213 -0.00746
3556.924 -0.00533 -0.00320 0.00107
3556.929 0.00107 0.00852 0.00107
3556.934 -0.00107 -0.00533 -0.00320
3556.939 0.00107 0.00213 -0.00107
3556.944 -0.00852 -0.00213 -0.00426
3556.950 -0.00107 -0.00213 -0.00533
3556.954 -0.00107 0.00000 -0.00107
3556.960 0.00320 -0.00639 -0.00426
3556.965 0.00000 -0.01278 -0.00213
3556.970 0.00213 -0.00639 0.00639
3556.975 -0.00107 0.00426 -0.00426
3556.980 -0.00639 -0.00533 -0.00426
3556.985 -0.00213 0.00107 -0.00639
3556.990 -0.00959 -0.00852 -0.00213
3556.995 -0.00959 -0.00320 -0.00426
3557.000 -0.00320 0.00639 0.00639
3557.005 0.00533 0.00639 0.00213
3557.010 0.00213 -0.00852 0.00000
3557.015 0.00107 -0.00213 0.00320
3557.020 0.00000 -0.00107 0.00852
3557.025 -0.00107 -0.00213 -0.00320
3557.030 -0.00320 0.00213 -0.00213
3557.035 -0.00533 0.00213 0.00533
3557.040 -0.00533 -0.00213 -0.00320
3557.045 -0.01065 0.00320 -0.00213
3557.050 -0.00213 -0.00426 -0.00320
3557.055 -0.00639 -0.01385 0.00639
3557.060 0.00533 0.00639 0.00213
3557.065 0.00426 0.00213 -0.00320
3557.070 0.00533 0.00213 -0.00107
3557.075 -0.00533 0.00426 0.00107
3557.080 -0.00959 0.00533 -0.00533
3557.085 0.00320 -0.00533 -0.00107
3557.090 0.00107 -0.00320 -0.00213
3557.095 0.00000 0.00320 0.00320
3557.100 -0.00746 -0.00639 0.00000
3557.105 0.00639 0.00107 -0.00320
3557.111 -0.00639 -0.00107 -0.00107
3557.116 -0.00533 0.00639 -0.00107
3557.121 0.00000 -0.00852 -0.00320
3557.126 -0.00639 0.00320 0.01065
3557.131 -0.00320 0.00426 -0.00852
3557.136 -0.00426 -0.00107 0.00639
3557.141 0.00107 0.00852 0.00000
3557.146 0.00107 -0.00320 0.00107
3557.151 -0.00639 0.00639 -0.00107
3557.156 0.00320 -0.00426 -0.00426
3557.161 -0.00320 0.00107 0.00107
3557.166 0.00320 0.00107 -0.00533
3557.171 -0.00107 -0.00746 -0.00107
3557.176 0.00000 -0.00213 -0.00320
3557.181 0.00107 -0.00852 0.00213
3557.186 0.00107 -0.00107 -0.00213
3557.191 0.00639 0.00533 -0.00107
3557.196 -0.00426 0.00000 -0.00959
3557.201 -0.00107 0.00000 -0.00533
3557.206 -0.00107 -0.00533 -0.00107
3557.211 0.00533 -0.00426 0.00107
3557.216 0.00000 0.00107 -0.00746
3557.221 0.00107 -0.00639 -0.00959
3557.226 -0.00533 -0.00107 -0.00320
3557.231 0.00213 0.01385 0.00426
3557.236 -0.00213 0.00107 0.00426
3557.241 0.00000 0.00213 0.00213
3557.246 0.00426 -0.00852 0.00852
3557.251 -0.00639 -0.00213 -0.00213
3557.256 0.00107 -0.01385 -0.00107
3557.261 -0.00746 -0.00213 0.00320
3557.266 -0.00213 -0.00746 0.00320
3557.271 0.00107 0.00000 0.00533
3557.276 -0.00426 0.00426 0.01065
3557.281 -0.00959 0.00000 -0.00320
3557.286 -0.00107 0.00639 0.00107
3557.291 0.00320 0.00320 -0.00533
3557.296 0.00213 -0.00213 0.00213
3557.302 0.00107 0.00000 -0.00426
3557.307 0.00000 -0.00213 -0.00426
3557.312 0.00320 -0.00213 -0.00107
3557.317 -0.00320 0.00213 -0.00426
3557.322 0.00533 -0.00320 0.00107
3557.327 0.00000 0.00426 -0.00533
3557.332 -0.00533 -0.00213 0.00000
3557.337 0.00107 -0.00320 -0.00533
3557.342 0.00533 -0.00107 0.00000
3557.347 0.00959 0.00107 -0.00959
3557.352 -0.00213 -0.00213 -0.00213
3557.357 0.00959 -0.00213 0.00107
3557.362 -0.00213 -0.00533 0.00107
3557.367 0.00639 0.00426 -0.01598
3557.372 0.00213 -0.00107 -0.00320
3557.377 0.00533 0.00000 -0.00533
3557.382 -0.00639 0.00852 -0.00213
3557.387 -0.00107 -0.00533 0.00213
3557.392 0.01065 0.00213 -0.00213
3557.397 0.00107 -0.00213 -0.00426
3557.402 -0.00533 -0.00533 -0.00213
3557.407 0.00426 -0.00320 -0.00320
3557.412 -0.00426 -0.00213 -0.00213
3557.417 -0.00213 -0.01278 0.00107
3557.423 -0.00426 0.00213 -0.00426
3557.427 0.00852 -0.00213 -0.00107
3557.433 0.00000 0.00107 0.00320
3557.438 0.00533 -0.00426 -0.00213
3557.443 -0.00852 -0.00107 -0.00107
3557.448 -0.00533 -0.00959 0.00213
3557.453 -0.00426 0.00213 0.00639
3557.458 -0.00320 -0.00426 -0.00107
3557.463 0.00107 -0.00320 -0.00213
3557.468 -0.00107 -0.00107 0.00107
3557.473 0.00533 0.00746 0.00213
3557.478 0.00320 0.00533 -0.00320
3557.483 0.00000 0.00107 -0.00320
3557.488 -0.00213 -0.00746 -0.00746
3557.493 -0.00639 0.00533 -0.00426
3557.498 -0.00959 0.00000 -0.00107
3557.503 0.00320 -0.00320 0.00107
3557.508 0.00533 -0.00107 -0.00213
3557.513 0.00213 0.00746 -0.00426
3557.518 -0.01065 -0.00533 0.00107
3557.523 0.00426 -0.00320 -0.00426
3557.528 0.01385 -0.00426 0.00320
3557.533 -0.00533 -0.00213 -0.00107
3557.538 -0.00213 0.00426 -0.01278
3557.543 0.00959 0.00107 0.00107
3557.548 -0.00426 0.00320 0.01278
3557.553 -0.00107 -0.00639 -0.00320
3557.558 -0.00320 -0.00639 -0.00533
3557.563 -0.00959 -0.01065 0.00959
3557.568 0.00426 0.00213 0.00213
3557.573 0.00639 -0.00746 -0.00213
3557.578 -0.00533 -0.00639 -0.00320
3557.583 0.00107 -0.00213 -0.00426
3557.588 -0.00426 0.00320 0.00213
3557.593 0.00000 -0.00746 -0.00320
3557.598 -0.00639 -0.00639 -0.00320
3557.604 -0.01172 0.00852 0.00000
3557.609 0.00426 0.00213 0.00320
3557.614 -0.00639 0.00213 -0.00320
3557.619 -0.01278 -0.00320 -0.00320
3557.624 0.00533 0.00107 0.00000
3557.629 -0.00426 -0.00107 -0.00213
3557.634 -0.00213 0.00213 -0.01278
3557.639 -0.00213 -0.00639 -0.00107
3557.644 0.00533 -0.00746 0.00000
3557.649 0.00000 -0.00320 0.00426
3557.654 0.00320 -0.00107 -0.00746
3557.659 0.00320 0.00533 0.00426
3557.664 -0.00107 0.00426 -0.00107
3557.669 0.00320 0.00746 0.00320
3557.674 0.00107 -0.01491 0.00426
3557.679 -0.00107 0.00639 0.00000
3557.684 0.00000 0.00213 0.00746
3557.689 -0.00852 -0.00959 0.00213
3557.694 0.00213 -0.00426 0.00959
3557.699 0.00533 0.00000 0.00213
3557.704 -0.00107 0.00533 -0.00746
3557.709 -0.00107 0.00107 -0.00426
3557.714 -0.00852 -0.00320 -0.00320
3557.719 0.00213 0.00213 0.00213
3557.724 0.00426 0.00000 -0.00213
3557.729 0.00320 0.00107 -0.00426
3557.734 0.00639 0.00213 -0.00746
3557.739 -0.00746 -0.00107 0.00213
3557.744 -0.00107 0.00533 -0.00213
3557.749 0.00533 0.00000 -0.00107
3557.754 0.00000 0.00107 -0.00639
3557.759 -0.00426 -0.00426 -0.00107
3557.765 -0.00852 -0.00320 0.00000
3557.770 -0.00107 -0.00320 -0.00107
3557.775 -0.00852 0.00426 -0.00213
3557.780 0.00320 0.00426 -0.00107
3557.785 -0.00213 -0.00213 0.00000
3557.790 0.00426 0.00000 0.00320
3557.795 0.00426 0.00320 0.00213
3557.800 0.00107 0.00746 0.00426
3557.805 0.00426 0.00107 -0.00320
3557.810 0.00107 -0.00959 0.00426
3557.815 -0.00213 0.00213 -0.00213
3557.820 0.00000 0.00426 0.00000
3557.825 -0.00320 -0.00107 -0.00320
3557.830 -0.00107 -0.00533 -0.00213
3557.835 -0.00320 -0.00213 0.00213
3557.840 -0.00107 -0.00107 0.00320
3557.845 0.00959 0.00107 0.00320
3557.850 -0.00746 -0.00852 0.00639
3557.855 0.00639 -0.00320 0.00852
3557.860 -0.00533 -0.00426 -0.00852
3557.865 -0.00107 0.00000 -0.00639
3557.870 0.00000 -0.00426 0.00000
3557.875 -0.01065 -0.00213 0.00107
3557.880 -0.00320 -0.00426 -0.00107
3557.885 0.00000 -0.00426 0.00533
3557.890 -0.00213 0.00213 -0.00213
3557.895 0.00213 -0.00426 -0.00639
3557.900 0.00000 0.00320 0.00746
3557.905 -0.00213 -0.00320 -0.00213
3557.910 -0.00107 0.00213 0.00107
3557.916 -0.00959 -0.00107 0.00533
3557.921 -0.00533 -0.00320 -0.00107
3557.926 -0.00426 -0.00320 0.00213
3557.931 -0.00533 -0.00213 0.00426
3557.936 -0.00533 0.00639 0.00746
3557.941 -0.00107 -0.00533 0.00639
3557.946 -0.00320 -0.00320 -0.00213
3557.951 -0.01065 -0.00213 -0.01917
3557.956 0.01491 -0.00320 0.00213
3557.961 -0.01491 0.00639 -0.00320
3557.966 -0.00213 0.00959 -0.00107
3557.971 0.00107 -0.01172 -0.00320
3557.976 -0.00639 -0.00213 -0.00746
3557.981 -0.00320 0.00000 -0.00746
3557.986 0.00746 0.00533 -0.00426
3557.991 0.00746 0.00213 0.00533
3557.996 -0.00533 -0.00107 -0.00533
3558.001 0.00000 0.00000 0.00107
3558.006 -0.01811 0.00000 0.00107
3558.011 0.00213 -0.00639 0.00213
3558.016 0.00320 0.00320 -0.00213
3558.021 0.00426 0.00320 0.00746
3558.026 -0.00320 0.00852 -0.00533
3558.031 -0.00213 0.00000 -0.00639
3558.036 -0.00320 0.00000 -0.00533
3558.041 -0.00107 -0.00533 0.00000
3558.046 -0.00426 -0.00533 -0.00213
3558.051 -0.00746 -0.00320 -0.00852
3558.056 0.00000 -0.00320 0.00746
3558.061 0.00107 -0.00426 -0.00213
3558.067 -0.00320 -0.00426 0.00533
3558.072 0.00213 -0.00320 -0.00426
3558.077 -0.00213 0.00107 0.00320
3558.082 -0.00639 0.00000 -0.00426
3558.087 -0.00320 0.00533 -0.00639
3558.092 -0.00213 0.00107 0.00000
3558.097 -0.00320 -0.00746 0.01172
3558.102 -0.00746 -0.00639 0.00213
3558.107 0.00107 0.00320 -0.00426
3558.112 -0.00533 -0.00107 0.00320
3558.117 -0.00107 -0.00426 -0.00533
3558.122 -0.00213 0.00533 -0.00639
3558.127 -0.00852 0.00746 -0.00426
3558.132 -0.00320 -0.00639 -0.00107
3558.137 -0.00639 0.00213 -0.00639
3558.142 0.00426 -0.00426 0.00639
3558.147 0.00000 -0.00320 0.00107
3558.152 -0.00213 -0.00107 -0.00639
3558.157 -0.00320 -0.00320 0.00000
3558.162 0.00746 0.00320 0.00639
3558.167 0.00320 -0.00107 -0.00213
3558.172 -0.00426 -0.00959 0.00426
3558.177 -0.00639 -0.00320 0.00533
3558.182 -0.00213 -0.00320 0.00213
3558.187 -0.00320 -0.01065 -0.00533
3558.192 -0.00852 0.00426 -0.00426
3558.197 -0.00426 -0.00213 0.00746
3558.202 0.00426 0.00000 -0.00107
3558.207 -0.00213 -0.00107 0.00852
3558.212 0.00533 0.00107 0.00000
3558.217 -0.00639 0.00000 -0.00533
3558.222 0.00533 0.00000 -0.00213
3558.227 0.00533 -0.00107 -0.00107
3558.232 -0.00426 -0.01065 0.00959
3558.238 -0.00426 0.00107 -0.00213
3558.242 -0.00107 0.00107 0.01065
3558.248 -0.01278 0.00533 -0.00107
3558.253 -0.00426 0.00107 -0.00320
3558.258 -0.00639 -0.00213 -0.00107
3558.263 -0.00107 0.00000 0.00533
3558.268 0.00000 0.00107 0.00746
3558.273 0.01065 -0.00746 0.00213
3558.278 -0.00107 0.00320 -0.00533
3558.283 -0.00959 -0.00320 0.00107
3558.288 0.00746 0.00320 0.00426
3558.293 -0.00107 -0.00746 0.00000
3558.298 -0.00746 -0.00320 -0.01172
3558.303 0.00213 -0.00107 -0.00107
3558.308 -0.00426 -0.00213 -0.00533
3558.313 -0.00320 -0.00959 0.01278
3558.318 -0.00852 0.00852 -0.00533
3558.323 -0.00320 -0.00426 -0.00107
3558.328 -0.00107 -0.00107 0.00213
3558.333 0.00533 -0.00639 -0.00320
3558.338 -0.00746 0.00426 -0.00107
3558.343 -0.00320 -0.00533 -0.00746
3558.348 -0.00639 -0.00639 -0.00320
3558.353 -0.00533 -0.00746 -0.00533
3558.358 -0.00426 -0.00320 0.00213
3558.363 -0.00107 0.00000 0.00533
3558.368 0.00213 -0.00746 -0.00320
3558.373 -0.00213 0.00107 0.00320
3558.378 -0.00213 -0.00746 -0.00107
3558.383 -0.00213 0.00426 0.00000
3558.388 0.00213 0.00533 -0.00107
3558.393 -0.00107 -0.00639 -0.00107
3558.398 -0.00639 -0.00533 -0.01917
3558.403 0.00000 0.00213 -0.00320
3558.408 -0.00107 -0.00213 0.00000
3558.413 -0.00107 -0.00852 0.00213
3558.419 0.00107 -0.01278 -0.00107
3558.424 0.00320 -0.00213 0.00213
3558.429 -0.00533 -0.00426 0.00320
3558.434 0.01278 -0.00213 -0.00213
3558.439 0.00852 -0.00107 -0.00639
3558.444 0.00639 0.00213 -0.01598
3558.449 -0.00852 -0.00107 -0.00639
3558.454 -0.00107 0.00213 -0.00213
3558.459 -0.00320 0.00000 -0.00426
3558.464 -0.00320 0.00000 -0.00320
3558.469 0.00639 -0.01065 -0.00639
3558.474 -0.00959 0.00000 -0.00746
3558.479 -0.00107 -0.00107 0.00107
3558.484 0.00213 -0.00533 0.00213
3558.489 -0.00746 -0.00959 0.00000
3558.494 -0.00213 0.00639 0.00639
3558.499 0.00000 -0.00107 0.00746
3558.504 -0.00320 0.00107 0.00320
3558.509 -0.00533 -0.00107 0.00320
3558.514 -0.00639 -0.00320 0.00107
3558.519 -0.01598 -0.00426 0.00107
3558.524 -0.00426 -0.00533 -0.00213
3558.529 -0.00852 -0.00533 0.00107
3558.534 -0.01172 -0.01065 0.00107
3558.539 0.00000 -0.00426 0.00320
3558.544 -0.00852 -0.00213 0.00107
3558.549 0.00000 -0.00107 0.00107
3558.554 -0.00426 0.00213 0.00213
3558.559 -0.00639 -0.00107 -0.00213
3558.564 -0.00213 -0.00320 0.00639
3558.570 -0.00426 0.01172 -0.00213
3558.575 -0.00959 0.00959 0.00213
3558.580 -0.00213 -0.00639 0.00426
3558.585 -0.00107 0.00426 0.00000
3558.590 -0.00107 -0.00213 0.00320
3558.595 0.01065 0.00107 0.00107
3558.600 0.00213 -0.00320 -0.00426
3558.605 -0.00533 0.00533 -0.00320
3558.610 0.00107 -0.01491 0.00213
3558.615 0.00320 0.00107 0.00000
3558.620 -0.00213 -0.00533 -0.00213
3558.625 -0.00107 -0.00426 0.00213
3558.630 -0.00107 -0.00213 0.00533
3558.635 0.00533 0.00639 -0.00746
3558.640 -0.00213 0.00000 -0.00107
3558.645 0.00639 -0.00852 -0.00107
3558.650 0.00000 0.00852 -0.00639
3558.655 -0.00320 0.00426 0.00746
3558.660 0.00320 0.00213 -0.00320
3558.665 0.00107 -0.00107 0.00320
3558.670 0.00000 -0.00533 -0.00320
3558.675 0.00320 -0.00320 0.00000
3558.680 -0.00320 -0.00213 -0.00320
3558.685 -0.00746 -0.00533 0.00000
3558.690 -0.01172 0.00426 0.00533
3558.695 -0.00746 0.00213 0.00320
3558.700 -0.00533 -0.00852 -0.00107
3558.705 -0.01065 0.00213 -0.00320
3558.710 -0.00107 0.00000 -0.00107
3558.715 -0.01172 -0.00533 -0.00213
3558.721 0.00000 -0.00639 -0.00639
3558.726 -0.00639 -0.00639 0.00320
3558.731 0.00213 0.00746 0.00213
3558.736 -0.00426 0.00533 0.00320
3558.741 -0.00959 -0.00107 0.00000
3558.746 -0.00213 -0.00639 0.00320
3558.751 0.00426 -0.00213 -0.00426
3558.756 -0.00426 -0.00746 0.00533
3558.761 0.00320 0.00533 0.00426
3558.766 0.00107 0.00320 0.00213
3558.771 -0.00213 -0.00107 0.00320
3558.776 -0.00320 0.00320 0.00107
3558.781 -0.00320 0.00426 0.00107
3558.786 -0.00320 -0.00213 0.00000
3558.791 0.00000 -0.00746 -0.01278
3558.796 -0.00213 0.00000 0.00426
3558.801 0.00107 -0.00426 -0.00639
3558.806 0.00959 0.00426 0.00107
3558.811 0.00213 0.00000 0.00426
3558.816 -0.01172 -0.00320 -0.00213
3558.821 -0.00320 -0.00533 0.00213
3558.826 -0.00746 -0.00107 -0.00107
3558.831 0.00746 0.00426 0.00533
3558.836 -0.00213 0.00320 -0.00320
3558.841 -0.00426 0.00320 -0.00213
3558.846 0.00000 -0.00426 -0.00213
3558.851 -0.00639 -0.00213 -0.00639
3558.856 0.00107 -0.00107 -0.00320
3558.861 -0.01065 -0.00533 0.00320
3558.866 0.00213 0.00320 0.00533
3558.871 0.00426 -0.00426 -0.00107
3558.876 0.00533 -0.00746 0.00000
3558.882 -0.00426 0.00320 -0.00639
3558.887 -0.00107 -0.00639 0.00107
3558.892 -0.00852 -0.00320 -0.00533
3558.897 0.00852 -0.00639 -0.00213
3558.902 0.00533 -0.00426 -0.00746
3558.907 -0.00320 -0.00107 0.00000
3558.912 -0.01278 -0.00320 0.00000
3558.917 0.00320 -0.00533 0.00426
3558.922 0.00213 0.00000 0.00426
3558.927 -0.00213 0.00000 -0.00107
3558.932 -0.00639 -0.00426 0.00213
3558.937 0.00320 -0.00213 0.00533
3558.942 0.00320 -0.00639 0.00107
3558.947 -0.00639 0.00000 0.00320
3558.952 0.00000 -0.00213 0.00213
3558.957 0.00000 -0.00746 0.00320
3558.962 -0.00426 0.00107 0.00533
3558.967 -0.00533 0.00320 0.00426
3558.972 -0.00320 0.00213 0.00000
3558.977 -0.00426 -0.00107 -0.00639
3558.982 -0.00107 0.00000 -0.00107
3558.987 0.00000 0.00107 -0.00213
3558.992 0.00533 0.00107 -0.00320
3558.997 -0.00533 -0.00320 0.00107
3559.002 -0.00533 -0.00320 0.01065
3559.007 0.00107 -0.00107 0.00107
3559.012 -0.00213 -0.01491 -0.00213
3559.017 -0.00533 -0.00320 0.00213
3559.022 -0.00746 -0.00426 -0.00320
3559.027 0.00426 0.00107 -0.00533
3559.032 -0.00426 -0.00107 -0.00639
3559.037 0.00639 0.00213 0.01065
3559.043 0.00213 0.00213 -0.00639
3559.047 -0.00533 -0.01278 -0.00320
3559.053 -0.00213 -0.00320 0.00000
3559.058 -0.00533 0.00000 0.00320
3559.063 0.00320 -0.00320 0.00426
3559.068 -0.00107 0.00107 0.00107
3559.073 -0.00320 0.00746 -0.00107
3559.078 -0.00213 0.00426 -0.00107
3559.083 -0.01172 -0.00107 0.00320
3559.088 -0.00533 -0.00320 0.00320
3559.093 0.00000 0.00107 -0.00533
3559.098 0.00533 0.00320 -0.00746
3559.103 0.00852 0.00533 0.00213
3559.108 0.00959 -0.00533 -0.00426
3559.113 -0.00213 -0.00426 -0.00639
3559.118 -0.00213 0.00000 -0.01065
3559.123 0.00107 -0.00107 0.00320
3559.128 0.00533 -0.00107 -0.00213
3559.133 -0.00426 -0.00533 -0.00533
3559.138 0.00107 0.00533 0.00107
3559.143 0.00320 0.00320 -0.00426
3559.148 -0.00639 -0.00320 0.00107
3559.153 0.01278 0.00959 -0.00746
3559.158 0.00639 -0.00746 -0.00107
3559.163 0.00000 -0.00426 0.00639
3559.168 -0.00746 0.00213 0.00213
3559.173 -0.00426 0.00000 -0.00320
3559.178 0.00426 -0.00533 0.00426
3559.183 0.00107 -0.00213 0.00107
3559.188 0.00426 -0.00107 -0.00107
3559.193 -0.00107 -0.00107 -0.01491
3559.198 -0.00320 0.01385 0.00107
3559.203 -0.00639 0.00000 0.00000
3559.208 0.00107 -0.00213 -0.00107
3559.214 0.00320 0.00320 -0.00533
3559.219 -0.00426 -0.00533 -0.00639
3559.224 -0.00852 0.00213 -0.00107
3559.229 -0.01278 -0.00852 -0.00852
3559.234 -0.00107 -0.00533 0.00107
3559.239 -0.00959 -0.01491 0.00107
3559.244 0.00107 0.00533 -0.00107
3559.249 0.00213 0.00107 -0.00533
3559.254 -0.00533 0.00639 0.00107
3559.259 -0.01172 -0.00639 -0.00320
3559.264 -0.00746 -0.00426 -0.00107
3559.269 0.00320 -0.00746 0.00107
3559.274 0.00000 -0.00213 0.00000
3559.279 -0.01172 -0.00426 0.00107
3559.284 -0.00213 -0.00746 -0.00107
3559.289 0.00107 -0.00426 -0.00107
3559.294 -0.00533 0.00426 0.00107
3559.299 -0.00320 -0.01065 -0.00107
3559.304 -0.00852 -0.00107 0.00000
3559.309 -0.00959 0.00852 0.00959
3559.314 0.00426 -0.01065 0.00320
3559.319 -0.00639 -0.00533 0.00107
3559.324 0.00107 0.00639 0.00533
3559.329 0.00107 0.00000 -0.00852
3559.334 0.00959 0.00213 -0.00320
3559.339 -0.00107 -0.00959 -0.00107
3559.344 -0.00639 -0.00107 0.00426
3559.349 0.01065 0.00852 -0.00426
3559.354 0.00533 -0.00639 -0.00107
3559.359 -0.00320 0.00426 -0.00852
3559.365 -0.00107 0.00000 0.01491
3559.370 -0.00959 0.00107 -0.00426
3559.375 0.00852 0.00320 -0.01385
3559.380 0.00639 0.00000 -0.00107
3559.385 -0.00426 -0.00639 0.00107
3559.390 0.00426 0.01172 -0.00320
3559.395 -0.00533 0.00533 0.00213
3559.400 0.00639 0.00639 -0.00320
3559.405 -0.00320 0.00320 -0.00107
3559.410 -0.00852 0.00320 -0.00107
3559.415 0.00107 0.00000 -0.00426
3559.420 0.00426 0.00533 -0.00107
3559.425 -0.01172 0.00533 0.00107
3559.430 0.00426 -0.00107 0.00533
3559.435 -0.01065 -0.00639 -0.00533
3559.440 -0.00107 -0.00107 0.00107
3559.445 -0.00213 -0.00107 -0.00213
3559.450 -0.00213 -0.00107 -0.00533
3559.455 -0.00320 -0.00107 0.00533
3559.460 0.00426 0.00213 -0.00107
3559.465 0.00639 0.00533 0.00320
3559.470 0.00426 0.00639 -0.00213
3559.475 -0.00320 0.00320 -0.00533
3559.480 0.00107 0.00533 0.00213
3559.485 -0.00107 0.00107 -0.00639
3559.490 -0.01065 0.00000 0.00533
3559.495 -0.00107 -0.00213 0.00426
3559.500 -0.01278 -0.00533 0.00213
3559.505 -0.00320 -0.00533 -0.00213
3559.510 -0.00426 -0.00852 -0.00320
3559.515 -0.00426 0.00426 0.00213
3559.520 0.00000 -0.00107 0.00107
3559.525 -0.01065 -0.00320 0.00320
3559.530 -0.00533 0.00639 0.01065
3559.535 -0.00213 -0.00213 0.00000
3559.540 -0.00639 -0.00107 0.00107
3559.545 0.00320 -0.00213 0.00746
3559.550 -0.01065 -0.00213 -0.00639
3559.556 -0.00213 -0.00213 0.00213
3559.561 -0.00426 -0.00213 0.00320
3559.566 0.00320 -0.00320 -0.00320
3559.571 0.00320 0.00426 0.00000
3559.576 -0.00533 -0.01172 0.00213
3559.581 -0.01065 -0.00533 0.00000
3559.586 -0.00213 -0.00320 0.00746
3559.591 -0.00107 0.00213 0.00426
3559.596 -0.00107 -0.00213 0.00533
3559.601 -0.00107 -0.00213 -0.00107
3559.606 0.00107 -0.00959 0.00320
3559.611 0.00320 0.00000 -0.00320
3559.616 0.00000 -0.00213 0.00533
3559.621 -0.00426 0.00000 0.00107
3559.626 0.00639 0.00533 -0.00426
3559.631 0.00213 0.00639 -0.00426
3559.636 -0.00639 -0.00320 -0.00426
3559.641 -0.00533 0.00320 0.00000
3559.646 -0.00213 -0.00107 -0.00639
3559.651 0.00213 0.00533 0.00639
3559.656 0.00213 -0.00320 -0.00213
3559.661 0.01598 -0.00107 0.00000
3559.666 -0.00213 -0.00533 -0.00852
3559.671 -0.00320 0.00213 -0.00746
3559.676 -0.00320 -0.00426 0.00107
3559.681 0.00000 -0.00107 0.00000
3559.686 0.00639 -0.00213 0.00426
3559.691 0.00213 -0.00533 0.00320
3559.696 -0.00533 -0.00213 -0.00426
3559.701 0.00000 0.00426 -0.00852
3559.707 0.01172 0.00213 0.00852
3559.712 -0.00213 0.00213 -0.00213
3559.717 0.00320 0.00107 -0.00107
3559.722 0.00107 0.00107 -0.00959
3559.727 -0.00213 0.00000 0.00213
3559.732 -0.00533 0.00320 0.00000
3559.737 0.00000 -0.00213 0.00320
3559.742 -0.00746 -0.00746 -0.00426
3559.747 0.00852 0.00533 0.00320
3559.752 -0.00213 -0.00320 -0.00213
3559.757 0.00213 -0.00213 0.00213
3559.762 -0.00426 0.00107 0.00107
3559.767 -0.00426 -0.00320 -0.00746
3559.772 0.00426 -0.00533 -0.00533
3559.777 -0.00213 0.01172 -0.00320
3559.782 0.00000 0.00426 0.00426
3559.787 0.00320 -0.00426 -0.01917
3559.792 -0.01385 -0.01278 0.00000
3559.797 0.00107 -0.00320 -0.00107
3559.802 -0.00107 -0.00213 0.00213
3559.807 -0.00639 -0.00639 -0.00107
3559.812 0.00426 -0.00213 0.00107
3559.817 -0.00852 0.00746 0.00426
3559.822 0.00107 -0.01278 -0.01598
3559.827 0.00213 -0.00746 0.00639
3559.832 0.00320 0.00213 0.00320
3559.837 -0.01065 -0.00320 -0.00320
3559.842 0.00639 0.00320 0.00746
3559.847 0.00533 -0.00107 -0.00213
3559.852 -0.00533 0.00639 -0.00320
3559.858 0.00107 -0.00426 0.00000
3559.863 -0.00320 -0.00959 -0.00213
3559.868 0.00320 -0.00852 0.00533
3559.873 -0.00852 0.00213 -0.00639
3559.878 0.00107 -0.00746 -0.00107
3559.883 -0.00320 0.00639 0.00107
3559.888 0.00107 -0.00533 0.00320
3559.893 0.01065 0.00000 -0.00426
3559.898 -0.00107 0.00426 0.00213
3559.902 -0.00639 -0.00320 0.00533
3559.908 0.00213 -0.00852 -0.00852
3559.913 0.00533 0.00639 -0.00107
3559.918 0.01598 -0.00426 -0.00320
3559.923 0.00320 -0.00107 -0.00639
3559.928 0.00746 -0.00213 -0.00107
3559.933 0.00107 -0.00426 -0.00320
3559.938 0.00320 -0.00320 -0.00213
3559.943 0.00320 -0.00426 0.00533
3559.948 -0.00533 -0.00320 -0.00639
3559.953 -0.00213 0.00000 0.00639
3559.958 0.00426 0.00107 -0.00426
3559.963 -0.00213 -0.00320 -0.00426
3559.968 -0.01491 0.00000 -0.00426
3559.973 -0.00320 -0.00746 -0.00107
3559.978 0.00000 -0.00639 0.00746
3559.983 0.00426 -0.00426 0.00107
3559.988 -0.00107 -0.00852 -0.00639
3559.993 0.00320 -0.00320 0.00000
3559.998 -0.00107 0.00000 0.00533
3560.003 0.00107 0.00107 -0.00426
3560.008 0.00320 -0.00533 0.00533
3560.013 0.00533 -0.00639 -0.00533
3560.018 -0.00639 0.00000 0.00320
3560.023 -0.00426 0.00852 -0.00959
3560.029 0.00426 0.00213 0.00000
3560.034 0.00107 -0.00320 0.00426
3560.039 0.00000 0.00107 0.00533
3560.044 -0.00746 0.00426 -0.00213
3560.049 -0.00533 0.00213 0.00533
3560.054 -0.00959 -0.00639 0.00107
3560.059 0.00320 0.00959 0.00533
3560.064 -0.00107 0.00000 0.00426
3560.069 -0.00639 -0.00320 -0.00533
3560.074 0.00746 0.00213 -0.00320
3560.079 -0.00959 0.00000 0.00852
3560.084 0.00746 -0.00213 0.00320
3560.089 -0.00213 -0.00746 0.00107
3560.094 0.00533 0.00107 0.00107
3560.099 -0.00639 -0.00639 -0.00533
3560.104 -0.00533 -0.00959 0.00320
3560.109 -0.01172 0.00107 0.00213
3560.114 0.00320 0.00000 0.00533
3560.119 -0.00959 0.00320 -0.00213
3560.124 -0.00533 0.00107 -0.00426
3560.129 -0.00533 0.00213 0.00320
3560.134 -0.00320 0.00213 -0.00107
3560.139 -0.00639 -0.00213 -0.00533
3560.144 -0.00107 -0.00107 0.00426
3560.149 0.00107 0.00213 -0.00213
3560.154 -0.00533 0.00639 -0.00213
3560.159 0.00320 0.00000 0.00426
3560.164 -0.00320 -0.00533 -0.00107
3560.169 0.00320 -0.00213 -0.01278
3560.174 -0.00852 0.00213 -0.00959
3560.179 0.01278 0.00320 0.00213
3560.184 0.00213 -0.01278 0.00213
3560.190 0.00000 0.00213 -0.00426
3560.195 0.00213 0.00000 0.00746
3560.200 -0.00320 0.00533 -0.00107
3560.205 0.00107 -0.00426 0.00000
3560.210 0.00533 0.00107 -0.00107
3560.215 0.00213 -0.00107 0.00107
3560.220 0.00639 -0.00426 -0.00533
3560.225 -0.01917 0.00320 -0.01172
3560.230 -0.00213 -0.00426 -0.00639
3560.235 -0.00959 -0.00213 0.00107
3560.240 -0.00533 0.00320 -0.00213
3560.245 0.00000 -0.00107 -0.00533
3560.250 0.00426 0.00959 0.00107
3560.255 -0.01385 -0.00107 0.00320
3560.260 -0.00107 0.00320 -0.00213
3560.265 0.00107 -0.00320 -0.00107
3560.270 0.00000 -0.00426 -0.00852
3560.275 0.00213 -0.00852 -0.00107
3560.280 0.00107 -0.00426 -0.00639
3560.285 -0.00213 -0.00213 0.00107
3560.290 0.00426 -0.00107 0.00000
3560.295 -0.00107 0.00107 -0.00107
3560.300 -0.00639 -0.01172 0.00426
3560.305 0.00746 0.00213 -0.00107
3560.310 0.00639 -0.00426 -0.00213
3560.315 -0.00107 0.00533 0.00213
3560.320 0.00000 0.00426 -0.00320
3560.325 -0.00533 0.00426 -0.00426
3560.331 0.00213 0.00533 0.00000
3560.335 -0.00852 0.00107 -0.00533
3560.341 -0.00533 -0.00320 -0.00107
3560.346 -0.00320 0.00533 0.00426
3560.351 0.00000 -0.00639 0.00320
3560.356 0.00213 -0.01065 -0.00213
3560.361 -0.00213 0.00213 -0.00107
3560.366 -0.00107 0.00107 -0.00426
3560.371 0.00213 0.00426 0.00213
3560.376 0.00107 0.00213 0.00746
3560.381 -0.00639 -0.00213 0.00213
3560.386 -0.00107 -0.00426 0.00426
3560.391 -0.00213 -0.00107 -0.00533
3560.396 -0.00852 0.00000 0.00426
3560.401 0.00000 -0.00320 0.01172
3560.406 0.00107 0.00852 0.00000
3560.411 0.00107 -0.01278 0.00000
3560.416 0.00213 0.00426 -0.00959
3560.421 -0.00213 0.00213 0.00000
3560.426 -0.00533 0.00213 0.00107
3560.431 0.00426 0.00639 -0.00533
3560.436 0.00000 -0.00746 -0.00426
3560.441 -0.00426 -0.00320 -0.00213
3560.446 -0.00639 -0.00107 -0.00213
3560.451 -0.00107 -0.00746 0.00107
3560.456 -0.00107 -0.00320 -0.00320
3560.461 0.00107 0.00320 0.00533
3560.466 -0.00213 -0.00320 -0.00213
3560.471 -0.00426 0.00213 0.00000
3560.476 0.00320 -0.00320 -0.00107
3560.481 0.00320 -0.00320 0.00426
3560.486 0.00639 -0.00320 0.00107
3560.492 0.00213 -0.00107 -0.00320
3560.497 -0.00533 -0.00426 -0.00746
3560.502 -0.00213 0.00746 -0.00320
3560.507 0.00320 -0.01065 -0.00746
3560.512 -0.00746 -0.00107 -0.00320
3560.517 -0.00320 -0.00426 0.01065
3560.522 0.00320 -0.00533 -0.00213
3560.527 0.00213 0.00426 -0.00320
3560.532 -0.00213 0.00426 0.00426
3560.537 -0.00533 -0.00639 0.00213
3560.542 -0.00533 0.00107 -0.00746
3560.547 0.00000 0.00426 -0.00213
3560.552 -0.00852 -0.00639 -0.00426
3560.557 0.01278 -0.00320 0.00000
3560.562 -0.00320 0.00533 0.00852
3560.567 -0.00426 -0.00213 -0.00107
3560.572 0.00107 0.00213 0.00746
3560.577 -0.00426 -0.00533 -0.00746
3560.582 -0.00426 0.00107 0.00639
3560.587 0.00000 -0.00852 0.00000
3560.592 0.00533 0.00000 0.00107
3560.597 -0.00320 -0.00746 0.00746
3560.602 0.00213 -0.00639 -0.00852
3560.607 0.00107 0.00000 0.00000
3560.612 0.00107 -0.00533 0.00107
3560.617 0.00320 0.00000 -0.00107
3560.622 0.00746 0.00107 0.00320
3560.627 -0.00639 0.00426 -0.00426
3560.632 -0.00320 -0.00213 0.00213
3560.637 -0.00426 -0.00639 -0.00320
3560.642 0.00213 0.00107 -0.00426
3560.647 0.00000 0.00107 0.00213
3560.652 -0.00426 0.01385 -0.00107
3560.657 -0.00107 -0.00639 -0.00213
3560.662 0.00533 0.00639 -0.00107
3560.667 0.00746 0.00000 -0.00320
3560.673 -0.00426 -0.00533 0.00000
3560.678 -0.00959 -0.00320 0.00320
3560.683 -0.00320 0.00000 0.00533
3560.688 -0.00107 -0.00107 0.00746
3560.693 -0.00213 0.00000 0.00000
3560.698 -0.00107 -0.00107 0.00213
3560.703 -0.00533 -0.00320 0.00533
3560.708 -0.00533 0.00533 -0.00107
3560.713 -0.00533 0.00533 -0.00959
3560.718 -0.00107 0.00533 0.00426
3560.723 0.00213 -0.00533 -0.00213
3560.728 -0.00320 -0.00426 0.00213
3560.733 0.00959 0.00107 -0.00107
3560.738 0.00107 0.00533 -0.00533
3560.743 -0.00107 -0.00213 -0.00213
3560.748 -0.00320 0.00320 -0.00426
3560.753 0.00000 -0.00107 -0.00639
3560.758 -0.00533 0.00533 -0.01065
3560.763 0.00107 0.00000 -0.00426
3560.768 0.00213 0.00107 0.00426
3560.773 0.00000 -0.00746 -0.00533
3560.778 0.00852 0.00320 0.00533
3560.783 -0.00213 0.00107 -0.00639
3560.788 0.00000 0.00213 -0.00213
3560.793 0.00107 0.00852 0.00000
3560.798 -0.00107 0.00426 -0.00533
3560.803 -0.00107 -0.00107 0.00533
3560.808 0.00000 0.00320 -0.00107
3560.813 -0.00320 -0.00852 -0.00533
3560.818 0.00000 -0.00213 0.00107
3560.823 -0.00107 -0.00426 0.00000
3560.828 -0.00426 -0.00213 -0.00746
3560.833 -0.00426 -0.00426 0.00320
3560.838 -0.00107 0.00533 0.01172
3560.844 -0.00213 -0.00746 0.00000
3560.849 0.00213 0.00533 0.00639
3560.854 0.00107 0.00107 -0.00107
3560.859 0.00852 -0.00746 -0.00107
3560.864 0.01172 0.00000 -0.01065
3560.869 0.00000 -0.00746 -0.00213
3560.874 0.00107 -0.00213 -0.00533
3560.879 -0.00852 -0.01065 -0.00107
3560.884 -0.00320 0.00533 -0.00746
3560.889 0.00000 0.00426 -0.00213
3560.894 -0.00320 0.00426 0.00426
3560.899 0.00000 -0.00107 -0.00107
3560.904 0.00107 -0.00426 -0.00213
3560.909 0.00320 -0.00107 0.00320
3560.914 0.00320 0.00320 0.00107
3560.919 -0.00107 0.00639 -0.00852
3560.924 -0.00533 -0.00533 0.00320
3560.929 -0.00533 0.00533 -0.00213
3560.934 0.00213 0.00959 -0.00107
3560.939 0.00000 -0.00107 -0.00213
3560.944 0.01065 0.00000 0.00533
3560.949 -0.00746 0.00107 0.00000
3560.954 -0.00959 -0.00107 0.00107
3560.959 0.00533 0.00533 0.00639
3560.964 -0.00213 -0.00320 -0.00533
3560.969 -0.00639 -0.00107 -0.00320
3560.974 0.00107 -0.00213 0.00000
3560.979 -0.00107 -0.00426 -0.00852
3560.985 -0.00533 0.00426 -0.00107
3560.990 0.00320 0.00533 0.00107
3560.995 0.00959 0.00320 0.00000
3561.000 0.00000 -0.00746 0.00107
3561.005 -0.00533 0.00213 0.00639
3561.010 -0.00213 -0.01172 0.00000
3561.015 -0.00533 0.00320 -0.00426
3561.020 0.00213 -0.00746 0.00213
3561.025 -0.00639 -0.00107 -0.00107
3561.030 -0.00213 0.00000 -0.00107
3561.035 -0.01172 0.00107 0.00000
3561.040 -0.00213 -0.00533 0.00426
3561.045 0.00426 -0.00107 -0.00107
3561.050 -0.00107 -0.00320 0.00107
3561.055 -0.00320 0.00639 -0.00213
3561.060 -0.00320 -0.00533 -0.00426
3561.065 0.00639 0.00107 -0.00107
3561.070 0.00213 0.00107 0.00107
3561.075 -0.01065 0.00426 -0.00320
3561.080 0.00320 0.00426 -0.00320
3561.085 -0.00107 0.00000 -0.00852
3561.090 -0.00320 -0.00320 -0.00320
3561.095 0.00107 0.00107 -0.00533
3561.100 -0.00746 0.00959 -0.00639
3561.105 0.00320 -0.00426 -0.00213
3561.110 -0.00107 -0.00107 -0.00320
3561.115 0.00107 -0.00107 -0.00959
3561.120 -0.00639 -0.00639 -0.00107
3561.125 0.00213 0.00320 0.00213
3561.130 -0.00426 -0.00533 -0.00639
3561.135 -0.00852 -0.00959 0.00107
3561.140 -0.00426 -0.00533 0.00213
3561.146 0.00000 -0.00959 0.00852
3561.151 -0.00107 -0.00639 0.00213
3561.156 -0.00746 0.01172 -0.00426
3561.161 -0.00426 -0.00746 -0.00107
3561.166 -0.00107 -0.00213 -0.00213
3561.171 -0.00426 -0.00320 0.00000
3561.176 -0.00959 0.00320 -0.00213
3561.181 0.00000 -0.00213 -0.00213
3561.186 -0.00746 0.00000 0.00213
3561.191 0.00426 0.00426 0.00213
3561.196 -0.01172 -0.00533 0.00213
3561.201 0.00000 0.00746 0.00852
3561.206 0.00639 0.00426 0.00852
3561.211 0.00426 -0.00320 -0.00746
3561.216 -0.00639 -0.00639 0.00426
3561.221 -0.00107 0.00213 0.00107
3561.226 -0.00959 -0.00533 -0.00746
3561.231 -0.00107 -0.00107 0.00000
3561.236 -0.00107 -0.00533 0.00320
3561.241 -0.00107 -0.00639 -0.00852
3561.246 -0.00107 -0.00320 0.00426
3561.251 0.01172 0.00320 -0.00426
3561.256 0.00000 -0.00746 -0.00746
3561.261 0.00107 -0.00107 0.00320
3561.266 0.00000 0.00107 0.00107
3561.271 -0.00107 -0.00639 -0.00320
3561.276 0.00533 0.00639 0.00213
3561.281 0.00426 -0.00320 -0.00213
3561.286 0.00107 0.00426 0.00000
3561.291 0.00213 0.00000 -0.00107
3561.296 -0.00107 -0.00639 0.00000
3561.301 -0.00107 0.00533 0.00107
3561.306 0.00213 -0.00107 0.00107
3561.311 -0.00426 0.00320 0.00533
3561.316 -0.00320 0.00426 -0.00213
3561.321 0.00746 0.00426 -0.00107
3561.326 0.00639 0.00320 -0.00107
3561.331 0.01278 0.00000 -0.00426
3561.337 0.00107 -0.00213 -0.00107
3561.342 -0.00107 -0.00426 0.00639
3561.347 -0.00320 -0.00746 0.00213
3561.352 0.00746 0.00320 0.00639
3561.357 -0.00213 0.00000 -0.00320
3561.362 0.00107 -0.00426 0.00000
3561.367 -0.01491 0.00000 0.00107
3561.372 -0.00746 -0.01065 -0.00320
3561.377 -0.00639 0.00533 -0.00107
3561.382 -0.00746 0.00000 -0.00107
3561.387 -0.00107 -0.00320 0.00320
3561.392 -0.00213 -0.00107 -0.00533
3561.397 -0.00213 -0.00426 0.00426
3561.402 0.00426 -0.00320 0.00426
3561.407 -0.00639 -0.00320 0.00107
3561.412 -0.00213 0.00746 -0.00320
3561.417 -0.00746 -0.00107 0.00000
3561.422 0.00213 0.00213 -0.00639
3561.427 -0.00533 -0.00107 0.00320
3561.432 0.00746 -0.00320 0.00107
3561.437 0.00107 -0.00107 -0.00852
3561.442 -0.00107 0.00107 0.00213
3561.447 0.00107 -0.01065 0.00426
3561.452 0.00107 0.00213 0.00000
3561.457 -0.00107 0.00000 0.00746
3561.462 -0.00107 0.00107 -0.00639
3561.467 -0.00533 0.00213 0.00000
3561.472 0.00000 0.00320 0.00320
3561.477 -0.00746 -0.00533 0.00959
3561.482 -0.00213 0.00107 -0.00746
3561.488 0.01172 -0.00639 0.00533
3561.493 -0.00533 0.00213 -0.00426
3561.498 -0.00426 0.00000 0.00000
3561.503 -0.00852 0.00320 -0.00107
3561.508 0.00320 -0.00107 0.00213
3561.513 -0.00959 -0.00320 -0.00426
3561.518 -0.00426 0.00213 -0.00533
3561.523 0.00107 0.00426 0.00000
3561.528 -0.00746 -0.00107 -0.00213
3561.533 -0.01278 -0.00533 0.00746
3561.538 -0.00320 -0.00107 0.00533
3561.543 -0.00746 0.00746 0.00213
3561.548 -0.01065 -0.00213 0.00000
3561.553 -0.00107 -0.00426 0.00426
3561.558 0.00000 -0.00320 -0.00213
3561.563 -0.00426 0.00213 0.00746
3561.568 0.00320 -0.00320 -0.00533
3561.573 0.00426 -0.00426 -0.00107
3561.578 -0.00107 0.00000 0.00533
3561.583 -0.00107 -0.00852 -0.00533
3561.588 0.00639 0.00213 0.00000
3561.593 -0.00213 -0.00320 -0.00533
3561.598 0.00107 -0.00213 0.00000
3561.603 -0.00852 -0.01172 0.00320
3561.608 -0.01385 0.00426 -0.00639
3561.613 -0.00852 -0.00852 0.00426
3561.618 -0.00533 0.00639 0.00107
3561.623 -0.00639 0.01172 -0.00107
3561.628 -0.00746 0.00000 0.00320
3561.633 0.00000 -0.00213 -0.00959
3561.638 -0.00533 -0.00320 -0.00320
3561.643 -0.00213 -0.00213 0.00000
3561.648 -0.00320 -0.00639 -0.00107
3561.653 -0.00426 -0.00320 -0.00426
3561.659 -0.00213 0.00107 0.00107
3561.664 0.00000 0.00107 -0.00426
3561.669 -0.00639 0.00213 0.00000
3561.674 0.00746 0.00533 0.00320
3561.679 -0.00533 -0.00213 0.00107
3561.684 -0.00213 0.00852 -0.00320
3561.689 -0.00107 0.00000 0.00107
3561.694 -0.00107 0.01172 0.00639
3561.699 0.00746 0.00213 -0.00320
3561.704 0.00959 -0.00320 -0.00533
3561.709 -0.00107 -0.00426 -0.00213
3561.714 -0.00213 0.00107 0.00320
3561.719 -0.00107 0.00000 0.00213
3561.724 0.00320 0.00107 0.00533
3561.729 -0.00533 0.00639 0.00533
3561.734 -0.00320 -0.00426 -0.00320
3561.739 0.00000 -0.00107 0.00107
3561.744 0.00107 -0.00320 -0.00107
3561.749 -0.00213 -0.00639 -0.00533
3561.754 0.00213 0.00746 -0.00426
3561.759 0.00213 -0.00213 -0.00320
3561.764 0.00426 -0.00320 -0.00320
3561.769 -0.00107 -0.00426 0.00213
3561.774 0.00000 0.00107 -0.00320
3561.779 -0.00426 0.00213 0.00213
3561.784 -0.00639 0.00320 0.00320
3561.789 0.00213 -0.00533 0.00533
3561.794 -0.00639 0.00320 -0.00107
3561.799 -0.00746 0.00852 -0.00426
3561.804 0.00426 0.00746 0.00000
3561.809 0.00000 0.00426 0.00426
3561.814 0.00213 -0.00107 -0.00426
3561.819 0.00000 0.00426 -0.00107
3561.824 0.00000 0.00000 -0.00852
3561.829 0.00639 0.00213 0.00320
3561.834 -0.00213 -0.00852 0.00746
3561.839 0.00959 -0.00320 0.00107
3561.844 0.00320 -0.00639 -0.00746
3561.850 -0.00852 -0.00107 -0.00426
3561.855 -0.00107 0.00320 0.00639
3561.860 0.00000 -0.00213 -0.00107
3561.865 -0.00107 -0.00320 0.00000
3561.870 -0.00533 -0.00213 -0.00213
3561.875 -0.00852 -0.00107 0.00107
3561.880 -0.00213 0.00959 -0.00107
3561.885 -0.00533 -0.00533 0.00000
3561.890 0.00426 -0.00107 -0.00639
3561.895 -0.00639 -0.00852 -0.00533
3561.900 -0.00107 -0.00746 0.00000
3561.905 -0.01172 -0.00213 0.00000
3561.910 -0.00320 0.00746 0.00000
3561.915 -0.00107 0.00320 0.01278
3561.920 0.00426 -0.01598 -0.00320
3561.925 -0.01385 -0.00852 0.00639
3561.930 0.00000 0.00107 0.00639
3561.935 -0.00107 -0.00320 0.00320
3561.940 -0.00746 -0.00320 0.00000
3561.945 -0.00107 -0.00213 -0.00107
3561.950 -0.00320 0.00107 -0.00426
3561.955 0.00000 -0.00320 -0.00320
3561.961 -0.00533 0.00746 0.00213
3561.966 0.00000 -0.00533 0.00213
3561.971 0.01065 0.00959 0.00959
3561.976 0.00000 0.01065 -0.00320
3561.981 -0.00746 -0.00746 -0.00426
3561.986 0.00000 -0.00639 0.00000
3561.991 -0.00320 -0.00426 0.00000
3561.996 -0.00746 0.00639 -0.00320
3562.001 0.00320 -0.00213 -0.00320
3562.006 -0.00533 -0.00320 0.01172
3562.011 -0.00320 0.00107 -0.00107
3562.016 -0.00533 0.00107 0.00213
3562.021 0.00426 -0.00320 0.00213
3562.026 -0.00533 -0.00107 0.00852
3562.031 -0.00213 0.00213 -0.00533
3562.036 -0.00213 -0.00639 -0.00959
3562.041 -0.00533 -0.00639 -0.00107
3562.046 0.00959 0.00107 -0.00107
3562.051 -0.00107 -0.00746 -0.00107
3562.056 0.00639 0.00320 0.01172
3562.061 -0.00639 -0.00320 0.00320
3562.066 0.00426 0.00000 0.00533
3562.071 -0.00107 0.00746 -0.00533
3562.076 -0.00426 0.00107 -0.00426
3562.081 -0.00320 -0.00213 -0.00213
3562.086 0.00107 0.00320 0.00320
3562.091 -0.00533 0.00000 -0.00533
3562.096 -0.01065 -0.00746 -0.00320
3562.101 -0.00533 -0.00213 0.00000
3562.106 0.00213 0.00213 0.00000
3562.111 0.00213 -0.00639 -0.00213
3562.116 -0.00107 -0.00426 0.00959
3562.121 0.00852 0.00000 0.00639
3562.126 0.00852 -0.00107 0.00107
3562.131 -0.00639 0.00320 -0.00533
3562.136 -0.00320 -0.00533 -0.00107
3562.142 -0.00213 -0.00426 0.00213
3562.146 -0.00746 0.00213 0.00852
3562.152 -0.00426 -0.00213 0.00107
3562.157 -0.00213 -0.00533 0.00000
3562.162 0.00107 -0.00107 -0.00107
3562.167 -0.00426 -0.00213 0.00107
3562.172 -0.00107 -0.00320 0.00107
3562.177 0.01385 0.00000 0.00746
3562.182 0.00000 0.00639 -0.00107
3562.187 -0.00107 0.00000 0.00107
3562.192 0.00746 -0.00213 -0.00426
3562.197 -0.01278 -0.00320 -0.00320
3562.202 -0.00746 -0.00426 -0.00320
3562.207 0.01172 -0.00426 -0.00107
3562.212 -0.01172 0.00000 -0.00746
3562.217 0.00213 -0.00426 0.00000
3562.222 0.00426 -0.00639 -0.00213
3562.227 0.00107 0.00213 0.00213
3562.232 -0.00107 0.00320 -0.00320
3562.237 -0.00639 -0.00533 -0.00639
3562.242 0.00107 0.00000 -0.00533
3562.247 -0.00213 -0.00107 -0.00320
3562.252 0.00107 -0.00639 0.00107
3562.257 -0.00639 0.01278 0.00107
3562.262 0.00213 0.00639 0.00000
3562.267 -0.00746 -0.00107 0.00000
3562.272 -0.00746 0.00639 -0.00107
3562.277 -0.00533 -0.00426 0.00107
3562.282 -0.00107 -0.00213 -0.00533
3562.287 0.00107 -0.01278 0.00000
3562.293 -0.00107 0.00426 0.00746
3562.298 -0.00959 0.00320 -0.00426
3562.303 -0.01065 -0.00746 0.00320
3562.308 0.00213 -0.00639 -0.00320
3562.313 0.00639 0.00000 0.00213
3562.318 -0.00320 0.00426 -0.00639
3562.323 0.00426 -0.00320 0.00213
3562.328 -0.00320 -0.00746 0.00426
3562.333 0.00213 -0.00639 0.00000
3562.338 -0.00107 -0.00533 -0.00213
3562.343 -0.00426 -0.00213 0.00107
3562.348 -0.00426 -0.00746 0.00107
3562.353 0.00426 0.00213 -0.00107
3562.358 0.00213 -0.00426 -0.00107
3562.363 -0.00320 0.00213 0.00639
3562.368 -0.00426 0.00426 0.00639
3562.373 -0.00213 -0.00107 0.00000
3562.378 -0.00533 -0.00213 0.00213
3562.383 -0.00533 -0.00426 0.00852
3562.388 0.00533 -0.00213 0.00639
3562.393 -0.00959 0.00107 0.00852
3562.398 0.00320 -0.00959 -0.00426
3562.403 -0.00107 -0.00639 -0.00533
3562.408 0.00533 0.00320 0.00213
3562.413 0.01172 0.00426 0.00000
3562.418 -0.00426 -0.00213 0.00000
3562.423 -0.00533 -0.00426 0.00426
3562.428 0.00639 -0.00426 -0.00533
3562.434 -0.00639 -0.00107 0.00000
3562.439 0.00320 0.00000 -0.00426
3562.444 -0.00426 0.00533 -0.00320
3562.449 -0.00426 0.00320 -0.00533
3562.454 -0.00107 -0.00107 -0.00533
3562.459 -0.00107 -0.00426 -0.00426
3562.464 -0.00213 -0.00639 -0.00533
3562.469 -0.00852 -0.00426 -0.00426
3562.474 0.00107 -0.00852 -0.00533
3562.479 -0.00213 -0.00426 0.00746
3562.484 -0.00107 0.00639 0.00852
3562.489 -0.00320 -0.00852 0.00320
3562.494 -0.01065 -0.00213 -0.00320
3562.499 0.00107 -0.00213 0.00213
3562.504 -0.01065 -0.00213 0.00000
3562.509 -0.00426 -0.00746 -0.00107
3562.514 0.00000 0.00000 -0.00426
3562.519 0.00426 0.00533 -0.00213
3562.524 0.00639 -0.00107 0.00213
3562.529 0.00852 0.00000 0.00320
3562.534 -0.00213 0.00426 0.00107
3562.539 -0.00746 -0.00320 0.00000
3562.544 -0.00426 -0.00533 0.00000
3562.549 -0.01278 0.00213 0.00746
3562.554 -0.00426 0.00320 -0.00533
3562.559 0.00000 0.00107 0.00320
3562.564 -0.01704 0.00000 0.00533
3562.569 -0.00852 -0.00746 0.00107
3562.574 0.00533 -0.00852 0.01065
3562.579 -0.00320 -0.00639 -0.00320
3562.584 -0.00639 0.00000 -0.00320
3562.589 -0.00533 0.00000 0.01385
3562.594 -0.00426 0.00320 -0.00533
3562.599 0.00959 -0.00639 0.00213
3562.605 -0.01278 -0.00320 0.00639
3562.610 0.00000 0.00533 0.00746
3562.615 -0.00533 0.00639 -0.00107
3562.620 -0.00213 -0.00533 0.00426
3562.625 -0.00426 -0.00426 0.00107
3562.630 -0.00426 0.00639 -0.00959
3562.635 -0.00852 -0.00213 -0.00533
3562.640 0.00426 0.00320 -0.00213
3562.645 0.00533 0.00213 -0.00213
3562.650 0.00426 0.00426 0.00426
3562.655 0.00639 0.00746 0.00320
3562.660 -0.00746 -0.00639 -0.00426
3562.665 0.00852 -0.00320 0.00000
3562.670 -0.00320 -0.00852 0.00533
3562.675 -0.00533 0.00000 0.00000
3562.680 -0.00426 0.00000 0.00533
3562.685 -0.02024 -0.00213 -0.00426
3562.690 -0.00213 -0.00320 0.00213
3562.695 -0.00852 -0.00213 0.00107
3562.700 -0.00426 -0.00533 0.00213
3562.705 -0.00426 -0.00107 -0.00213
3562.710 -0.00213 -0.00533 -0.00426
3562.715 -0.00213 -0.01385 0.00639
3562.720 -0.00213 -0.00213 -0.00426
3562.725 0.00000 0.00000 -0.00320
3562.730 -0.00213 -0.00852 0.00107
3562.735 0.00639 0.00746 -0.00213
3562.740 -0.00213 0.00107 -0.00107
3562.745 -0.00959 -0.01065 0.00000
3562.750 -0.00320 -0.00107 -0.00320
3562.755 0.00000 -0.00107 -0.00639
3562.760 -0.01491 -0.00533 -0.00213
3562.765 0.00426 -0.00107 -0.00107
3562.770 0.00533 0.00533 -0.00320
3562.776 0.00213 -0.00639 -0.00533
3562.781 -0.00639 -0.00107 -0.00639
3562.785 -0.00107 0.00213 -0.00746
3562.790 0.00213 -0.00213 -0.00426
3562.796 -0.00852 -0.00639 0.00320
3562.801 0.00426 0.00213 0.00000
3562.806 -0.00426 -0.00959 -0.00426
3562.811 0.00000 -0.00320 0.00213
3562.816 -0.00426 0.00426 0.00107
3562.821 0.00213 0.00000 -0.00533
3562.826 -0.00959 -0.00426 -0.00320
3562.831 0.00107 0.00639 0.00639
3562.836 -0.01065 -0.00213 0.00107
3562.841 -0.00533 0.00000 -0.00107
3562.846 -0.00959 -0.01172 0.00320
3562.851 0.00533 -0.01172 0.00000
3562.856 -0.00107 0.00959 -0.00320
3562.861 -0.00213 -0.00213 -0.00426
3562.866 0.00213 -0.00213 0.00107
3562.871 -0.00533 -0.00426 -0.00426
3562.876 -0.00639 -0.00746 0.00746
3562.881 -0.01065 0.00533 0.00107
3562.886 -0.00639 0.00426 -0.00959
3562.891 -0.00746 -0.00639 -0.00107
3562.896 0.00107 0.00107 -0.00213
3562.901 0.00746 0.00320 0.00426
3562.906 -0.01385 -0.00320 -0.00426
3562.911 -0.00107 -0.00320 -0.00533
3562.916 0.00107 0.00213 -0.00107
3562.921 -0.00639 0.00213 -0.00426
3562.926 -0.00426 0.00107 -0.00213
3562.931 0.00000 0.00320 -0.00746
3562.936 -0.00639 -0.00107 -0.00320
3562.941 0.00000 0.00320 -0.00426
3562.946 -0.00426 0.00213 0.00320
3562.951 0.00426 -0.00213 -0.00320
3562.956 -0.00213 -0.00107 0.00107
3562.961 -0.00426 0.00746 -0.00107
3562.967 0.00000 0.00320 0.00213
3562.972 -0.00426 0.00107 0.00320
3562.977 -0.00320 -0.00320 0.00639
3562.982 -0.00107 0.00320 0.00107
3562.987 0.00533 -0.00639 0.00213
3562.992 -0.00426 0.00107 -0.00320
3562.997 0.00107 0.00107 0.00320
3563.002 -0.00320 0.00213 -0.00213
3563.007 0.00107 0.00426 0.00639
3563.012 0.00320 -0.00107 0.00107
3563.017 -0.00639 0.00320 0.00000
3563.022 0.01172 -0.00426 0.00639
3563.027 0.00000 -0.00959 0.00107
3563.032 -0.00533 -0.00107 -0.00213
3563.037 -0.00320 -0.00107 -0.00959
3563.042 -0.00320 0.00426 0.00639
3563.047 -0.00320 -0.00533 -0.00746
3563.052 -0.00959 0.00107 0.00213
3563.057 0.00852 -0.00320 -0.00107
3563.062 0.00213 0.00852 -0.00107
3563.067 -0.00639 0.00107 -0.00959
3563.072 0.00000 -0.00107 -0.00320
3563.077 -0.00639 -0.00107 -0.00746
3563.082 0.00533 -0.00426 -0.00213
3563.087 0.00000 -0.00107 0.00213
3563.092 -0.00746 0.01065 -0.00107
3563.097 -0.01065 0.00213 -0.00533
3563.102 0.01491 -0.00426 0.00533
3563.108 0.00213 -0.00107 -0.00320
3563.113 -0.00426 -0.00533 0.00426
3563.117 0.00320 -0.00107 -0.00959
3563.122 0.00213 0.00533 0.00107
3563.128 0.00107 0.00107 -0.00852
3563.133 0.00107 0.00107 0.00107
3563.138 -0.00320 -0.00639 -0.00320
3563.143 -0.00426 -0.00426 0.00852
3563.148 -0.01278 -0.00320 -0.00213
3563.153 0.00107 0.00426 -0.01172
3563.158 0.00213 0.00852 0.00107
3563.163 0.00107 -0.00213 0.00000
3563.168 -0.00533 -0.00213 0.00746
3563.173 -0.00320 -0.00107 -0.00533
3563.178 -0.01065 -0.00213 0.00426
3563.183 0.00213 -0.00107 0.00213
3563.188 0.00426 0.00320 -0.00639
3563.193 -0.00746 -0.00426 -0.00320
3563.198 -0.00533 0.00213 -0.00426
3563.203 -0.00320 0.00213 0.00000
3563.208 -0.00426 -0.00320 -0.00426
3563.213 -0.00213 0.00320 -0.00320
3563.218 -0.00426 -0.00320 -0.00213
3563.223 -0.00426 0.00852 0.00320
3563.228 -0.00746 -0.00746 0.00107
3563.233 -0.00426 0.00426 0.00107
3563.238 0.00426 0.00320 0.00213
3563.243 -0.00213 -0.00107 0.00639
3563.249 0.00107 -0.00746 0.00000
3563.254 -0.00107 0.00107 0.00213
3563.259 -0.00213 0.00426 -0.00213
3563.264 -0.00533 -0.00639 0.00746
3563.269 0.00000 0.00107 0.00533
3563.274 -0.00107 -0.00320 0.00107
3563.279 0.00320 0.00213 0.00320
3563.284 -0.00639 -0.00639 -0.00746
3563.289 0.00000 0.00000 -0.00533
3563.294 -0.00320 0.00639 -0.00107
3563.299 -0.00320 0.00533 0.00213
3563.304 0.00213 -0.00107 0.00426
3563.309 -0.00852 0.00000 -0.00107
3563.314 0.01917 -0.00213 -0.00533
3563.319 -0.00852 -0.00320 0.00320
3563.324 0.00746 -0.00107 -0.00107
3563.329 -0.00320 -0.00959 0.00213
3563.334 0.00000 -0.00959 0.00213
3563.339 -0.00320 -0.00320 0.00213
3563.344 -0.00746 -0.00213 0.01278
3563.349 -0.00639 0.00639 0.00320
3563.354 -0.00533 -0.00320 -0.01385
3563.359 0.00213 -0.00746 0.00320
3563.364 -0.00107 -0.00213 -0.00107
3563.369 -0.00533 -0.00320 0.00320
3563.374 -0.00852 -0.00959 -0.00320
3563.379 -0.00533 -0.00426 -0.00213
3563.384 0.00959 0.00107 0.00107
3563.389 0.00426 0.00213 0.00000
3563.394 -0.00320 -0.00320 0.00107
3563.399 0.00533 -0.00320 -0.00426
3563.404 -0.00213 0.00426 0.00426
3563.409 0.00639 -0.00213 -0.00852
3563.414 -0.00213 0.00639 0.00639
3563.420 0.00213 -0.00107 -0.00746
3563.425 0.00213 0.00213 0.00107
3563.430 -0.00320 0.00213 -0.00213
3563.435 -0.00320 -0.00320 -0.00426
3563.440 0.00426 -0.00320 0.00959
3563.445 -0.00107 -0.00107 0.00426
3563.450 0.00107 -0.00107 -0.00213
3563.455 0.00320 -0.00852 0.00107
3563.460 -0.00746 0.00107 -0.00533
3563.465 -0.00107 -0.00213 0.00000
3563.470 0.00107 0.00852 0.00213
3563.475 0.00213 0.00000 0.00533
3563.480 0.00426 -0.01172 0.00320
3563.485 -0.01065 -0.00320 0.00213
3563.490 0.00000 0.00426 0.00107
3563.495 0.00107 0.00213 0.00213
3563.500 -0.00320 -0.00320 -0.00426
3563.505 0.00639 0.00000 -0.00639
3563.510 0.00213 -0.00426 -0.00533
3563.515 0.00000 0.01172 -0.00107
3563.520 -0.00746 -0.00533 -0.00533
3563.525 -0.01598 0.00320 -0.00320
3563.530 -0.00320 -0.00426 -0.00639
3563.535 -0.01065 0.00107 0.00533
3563.540 -0.00533 0.00320 -0.00107
3563.545 -0.00746 -0.00533 0.00959
3563.550 0.00213 0.00426 0.00107
3563.555 -0.00320 -0.00320 0.00213
3563.560 0.00426 -0.00107 0.00213
3563.565 -0.00426 0.00000 -0.00213
3563.570 -0.00107 -0.00107 0.00000
3563.575 -0.00426 -0.00213 -0.00213
3563.581 0.00107 -0.00213 0.00639
3563.585 -0.00746 0.00959 0.00213
3563.591 -0.00213 0.00426 -0.00320
3563.596 -0.01172 -0.00213 -0.00426
3563.601 0.00000 -0.00533 0.01278
3563.606 -0.00426 -0.00959 -0.00320
3563.611 0.00852 0.00320 0.00107
3563.616 0.00320 0.00000 0.00107
3563.621 0.00320 -0.00746 0.00000
3563.626 -0.00107 -0.00213 0.00213
3563.631 0.00213 -0.00320 0.00213
3563.636 -0.00320 0.00000 0.00107
3563.641 0.00320 -0.00426 -0.00213
3563.646 0.00000 0.00000 -0.00107
3563.651 0.00639 0.00426 0.00000
3563.656 0.00107 0.00000 0.01278
3563.661 -0.00213 -0.00107 0.00746
3563.666 -0.00213 -0.00107 0.00000
3563.671 -0.01065 -0.01278 -0.00107
3563.676 0.00852 0.00107 -0.00639
3563.681 -0.00426 -0.00746 -0.00320
3563.686 -0.00426 -0.00213 0.00426
3563.691 0.00000 0.00746 -0.00107
3563.696 0.00107 0.00320 0.00107
3563.701 -0.00746 0.00000 -0.01704
3563.706 -0.00107 0.00213 0.00746
3563.711 0.00426 -0.00426 0.00107
3563.716 0.00533 0.00107 -0.00107
3563.721 0.00000 0.00000 0.00107
3563.726 0.00213 0.00000 0.00107
3563.732 -0.00320 -0.00533 -0.00852
3563.737 -0.00320 0.00213 0.00000
3563.742 0.00959 0.00533 0.00107
3563.747 -0.00320 -0.00533 0.00213
3563.752 -0.00426 0.00107 0.00213
3563.757 -0.00320 0.00213 -0.00533
3563.762 -0.00426 -0.00107 -0.00213
3563.767 0.00000 -0.00533 -0.00426
3563.772 0.00000 0.00000 -0.00746
3563.777 -0.00213 -0.00320 0.00746
3563.782 0.00000 0.01065 -0.00213
3563.787 -0.00320 -0.00213 0.00320
3563.792 -0.00426 0.00213 -0.00213
3563.797 -0.00107 -0.00852 0.00320
3563.802 0.00107 0.00000 -0.01598
3563.807 -0.00320 -0.00426 0.00213
3563.812 -0.00426 -0.00320 -0.00426
3563.817 0.00852 0.00959 0.00107
3563.822 0.00000 0.00426 0.00107
3563.827 -0.00320 -0.00533 -0.00107
3563.832 -0.00852 -0.00746 -0.00107
3563.837 0.00320 0.00000 0.00852
3563.842 0.00213 0.00746 0.00107
3563.847 -0.00746 0.00426 -0.00213
3563.852 0.00426 -0.00320 0.00426
3563.857 -0.00107 0.00320 -0.00533
3563.862 -0.00959 0.00213 -0.00426
3563.867 0.00320 0.00107 -0.00320
3563.872 -0.01172 -0.00320 -0.00107
3563.877 -0.01704 0.00320 -0.00320
3563.882 0.00000 0.00107 0.00213
3563.887 -0.00213 0.00320 0.00213
3563.893 0.00320 -0.00746 -0.00746
3563.898 -0.00107 0.00213 0.00320
3563.903 -0.00320 -0.00107 0.00426
3563.908 0.00426 0.00426 -0.00213
3563.913 0.00639 0.00533 -0.00320
3563.918 0.00107 -0.00746 -0.00426
3563.923 0.00639 0.00107 0.00533
3563.928 -0.00959 -0.01065 -0.00639
3563.933 -0.00746 0.00107 -0.00533
3563.938 0.00000 0.00000 0.00320
3563.943 -0.00426 -0.00107 0.00213
3563.948 -0.00746 -0.00852 0.00000
3563.953 -0.00320 -0.00426 0.00639
3563.958 -0.00959 0.00107 0.00213
3563.963 -0.00426 0.00320 0.00320
3563.968 -0.00107 -0.00533 0.00852
3563.973 -0.00320 -0.00107 0.00852
3563.978 -0.00746 0.00320 0.00000
3563.983 -0.00533 0.00107 0.00107
3563.988 0.00000 0.00746 0.00000
3563.993 0.00320 0.00213 -0.00107
3563.998 -0.00426 0.00107 -0.00320
3564.003 -0.00639 -0.00320 0.00107
3564.008 -0.00533 0.00000 -0.00426
3564.013 -0.00639 0.00213 0.00213
3564.018 -0.00320 0.00213 -0.00533
3564.023 -0.00639 -0.00426 0.00852
3564.028 0.00000 -0.00426 -0.00426
3564.033 0.00533 0.00213 -0.00426
3564.038 -0.00320 0.00000 0.00320
3564.043 -0.00533 0.00000 -0.00213
3564.048 -0.00213 -0.00320 0.01065
3564.053 -0.00533 -0.00320 -0.00639
3564.058 -0.00107 -0.00426 0.00000
3564.064 -0.00320 -0.00213 -0.00533
3564.069 0.00320 0.00213 -0.00107
3564.074 -0.00213 -0.01598 -0.00426
3564.079 -0.00426 -0.00852 -0.00107
3564.084 0.00213 -0.00959 0.00320
3564.089 -0.00746 -0.00107 0.00107
3564.094 0.00426 -0.01172 -0.00426
3564.099 -0.00639 -0.00107 -0.00320
3564.104 -0.00426 0.00107 0.00213
3564.109 0.00213 0.00852 -0.01065
3564.114 -0.00959 -0.00426 0.00639
3564.119 -0.00533 0.00533 0.00213
3564.124 -0.00107 0.00213 -0.00213
3564.129 0.00000 -0.00852 0.00320
3564.134 0.00107 -0.00320 0.00107
3564.139 -0.00426 -0.00426 0.00426
3564.144 -0.00533 -0.00213 -0.00639
3564.149 -0.00852 -0.00107 0.00000
3564.154 -0.00213 0.00107 -0.00533
3564.159 -0.01065 -0.00213 0.00959
3564.164 0.00639 -0.00213 -0.00533
3564.169 -0.01065 -0.00639 -0.00852
3564.174 -0.00320 -0.00639 0.00000
3564.179 -0.00320 -0.01278 -0.00213
3564.184 -0.00213 0.00000 -0.00213
3564.189 -0.00107 -0.00320 0.00000
3564.194 0.00107 -0.00426 -0.00320
3564.199 0.00107 0.00426 0.00107
3564.204 0.00320 -0.00107 -0.00852
3564.209 -0.00852 0.00107 -0.00107
3564.214 -0.00746 -0.00213 -0.00639
3564.219 0.00107 0.00426 -0.00213
3564.224 -0.00320 -0.00107 0.00320
3564.229 -0.00426 -0.00639 -0.00213
3564.234 0.00107 -0.00213 -0.00320
3564.239 -0.00107 0.00426 0.00533
3564.244 -0.01278 0.00213 0.00533
3564.249 -0.00746 -0.00426 -0.00213
3564.254 -0.00852 -0.00746 0.00000
3564.259 -0.00426 0.00426 0.00107
3564.265 -0.00533 -0.00320 0.00746
3564.270 0.00426 0.00959 0.00959
3564.275 -0.00746 0.00320 0.00426
3564.280 -0.00639 -0.00426 -0.00426
3564.285 -0.00107 -0.00746 -0.00746
3564.290 0.00426 -0.00746 -0.00320
3564.295 0.00107 0.00213 -0.01065
3564.300 -0.00639 0.00320 -0.00533
3564.305 0.00320 0.02557 -0.00213
3564.310 -0.00533 0.03409 0.00213
3564.315 0.00852 0.03941 -0.00426
3564.320 -0.00426 -0.00746 0.00107
3564.325 -0.00320 0.00746 -0.00533
3564.330 0.00107 -0.01065 -0.01811
3564.335 0.00320 -0.00320 -0.01917
3564.340 -0.00320 -0.03089 0.00107
3564.345 -0.00213 -0.02876 0.00000
3564.350 -0.00852 -0.01491 -0.00320
3564.355 0.00533 -0.00107 0.00213
3564.360 -0.00533 0.00320 -0.00107
3564.365 0.00107 0.00639 0.01065
3564.370 -0.00639 -0.00639 -0.00426
3564.375 0.01065 0.00000 -0.00852
3564.380 -0.01385 -0.00320 0.00000
3564.385 -0.00959 -0.00107 -0.00533
3564.390 0.00746 -0.00213 0.00000
