198762.118 0.00140 -0.00162 0.00026
198762.122 0.00063 -0.00021 0.00031
198762.126 0.00148 -0.00089 -0.00010
198762.130 0.00110 -0.00061 -0.00098
198762.134 0.00115 -0.00175 -0.00105
198762.138 0.00101 -0.00188 -0.00047
198762.142 0.00084 -0.00223 -0.00122
198762.146 0.00063 -0.00157 -0.00096
198762.150 0.00103 -0.00110 -0.00044
198762.154 0.00023 -0.00112 -0.00031
198762.158 0.00122 -0.00188 -0.00148
198762.162 0.00134 -0.00087 -0.00133
198762.166 0.00047 -0.00166 -0.00113
198762.170 -0.00065 -0.00262 -0.00035
198762.174 0.00038 -0.00182 0.00031
198762.178 0.00248 -0.00131 -0.00056
198762.182 0.00211 -0.00178 -0.00108
198762.186 0.00112 -0.00086 0.00010
198762.190 0.00190 -0.00075 -0.00045
198762.194 0.00091 -0.00119 -0.00002
198762.198 0.00051 -0.00084 -0.00035
198762.202 0.00040 -0.00180 0.00075
198762.206 0.00143 -0.00222 -0.00030
198762.210 0.00199 -0.00262 -0.00117
198762.214 0.00183 -0.00136 0.00009
198762.218 0.00059 -0.00119 -0.00031
198762.222 0.00058 -0.00175 -0.00073
198762.226 0.00056 -0.00159 -0.00023
198762.230 0.00131 -0.00126 -0.00040
198762.234 0.00166 -0.00115 -0.00014
198762.238 0.00206 -0.00084 -0.00098
198762.242 0.00005 -0.00089 -0.00105
198762.246 0.00028 -0.00017 -0.00016
198762.250 0.00049 -0.00133 -0.00009
198762.254 0.00024 -0.00208 -0.00066
198762.258 0.00108 -0.00138 -0.00127
198762.262 0.00054 -0.00120 -0.00143
198762.266 -0.00003 -0.00024 -0.00042
198762.270 0.00070 -0.00134 -0.00091
198762.274 0.00150 -0.00178 -0.00058
198762.278 -0.00023 -0.00131 -0.00110
198762.282 0.00051 -0.00117 -0.00154
198762.286 0.00040 -0.00009 0.00000
198762.290 -0.00021 -0.00086 0.00010
198762.294 -0.00023 -0.00075 -0.00016
198762.298 -0.00009 -0.00194 -0.00054
198762.302 0.00054 -0.00223 0.00010
198762.306 0.00147 -0.00216 0.00058
198762.310 0.00140 -0.00155 -0.00108
198762.314 0.00124 -0.00124 -0.00093
198762.318 0.00103 -0.00115 -0.00058
198762.322 0.00129 -0.00143 -0.00003
198762.326 0.00014 -0.00166 -0.00096
198762.330 0.00061 -0.00112 -0.00089
198762.334 0.00178 -0.00127 -0.00103
198762.338 0.00133 -0.00117 0.00028
198762.342 0.00166 -0.00159 0.00061
198762.346 0.00175 -0.00079 -0.00063
198762.350 0.00072 -0.00134 -0.00141
198762.354 0.00075 -0.00119 -0.00042
198762.358 0.00002 -0.00340 -0.00061
198762.362 -0.00017 -0.00218 0.00024
198762.366 0.00112 -0.00124 -0.00028
198762.370 0.00056 -0.00056 -0.00072
198762.374 0.00026 -0.00143 -0.00052
198762.378 0.00094 -0.00166 -0.00124
198762.382 0.00051 -0.00096 -0.00021
198762.386 0.00010 -0.00063 0.00019
198762.390 0.00028 0.00003 -0.00059
198762.394 0.00169 -0.00066 0.00009
198762.398 0.00131 -0.00131 -0.00061
198762.402 0.00120 -0.00194 -0.00126
198762.406 0.00164 -0.00073 -0.00037
198762.410 0.00099 -0.00087 0.00059
198762.414 -0.00021 -0.00091 -0.00049
198762.418 0.00005 -0.00182 -0.00047
198762.422 0.00042 -0.00326 -0.00016
198762.426 0.00038 -0.00319 -0.00023
198762.430 0.00082 -0.00136 0.00049
198762.434 0.00079 -0.00119 -0.00021
198762.439 0.00061 -0.00159 -0.00040
198762.442 0.00178 -0.00185 -0.00075
198762.446 0.00178 -0.00162 -0.00098
198762.450 0.00148 -0.00141 -0.00045
198762.454 0.00126 -0.00180 -0.00061
198762.458 0.00073 -0.00070 0.00009
198762.462 0.00016 -0.00162 0.00012
198762.466 0.00091 -0.00126 0.00044
198762.470 0.00019 -0.00086 -0.00023
198762.474 0.00031 -0.00030 -0.00056
198762.478 0.00110 -0.00152 -0.00063
198762.482 0.00070 -0.00063 -0.00096
198762.486 0.00105 -0.00099 -0.00044
198762.490 0.00099 -0.00154 -0.00077
198762.494 0.00068 -0.00124 -0.00068
198762.498 0.00134 -0.00040 -0.00127
198762.502 0.00227 -0.00124 -0.00098
198762.506 0.00070 -0.00192 -0.00134
198762.510 0.00150 -0.00162 -0.00204
198762.514 0.00155 -0.00216 -0.00089
198762.518 0.00098 -0.00140 -0.00058
198762.522 0.00066 -0.00195 -0.00140
198762.526 0.00105 -0.00105 0.00033
198762.530 0.00143 -0.00110 -0.00026
198762.534 0.00094 -0.00143 0.00033
198762.538 -0.00007 -0.00225 -0.00056
198762.542 0.00145 -0.00112 0.00010
198762.546 0.00094 -0.00098 -0.00077
198762.550 0.00096 -0.00260 -0.00145
198762.554 0.00082 -0.00152 0.00031
198762.558 0.00033 -0.00168 0.00063
198762.562 0.00035 -0.00202 -0.00047
198762.566 0.00126 -0.00152 -0.00016
198762.570 0.00164 -0.00183 0.00005
198762.574 0.00190 -0.00131 -0.00047
198762.578 0.00120 -0.00208 -0.00047
198762.582 0.00103 -0.00168 -0.00047
198762.586 0.00052 -0.00141 -0.00045
198762.590 0.00086 -0.00150 -0.00047
198762.594 0.00079 -0.00227 -0.00031
198762.598 0.00063 -0.00188 -0.00012
198762.602 0.00058 -0.00237 -0.00098
198762.606 0.00147 -0.00281 -0.00075
198762.610 0.00171 -0.00171 0.00005
198762.614 0.00101 -0.00234 -0.00002
198762.618 0.00173 -0.00265 -0.00080
198762.622 0.00072 -0.00243 0.00033
198762.626 -0.00028 -0.00208 -0.00010
198762.630 0.00063 -0.00227 -0.00112
198762.634 0.00087 -0.00113 -0.00108
198762.638 0.00155 -0.00143 -0.00047
198762.642 0.00143 -0.00136 -0.00138
198762.646 0.00108 -0.00059 0.00019
198762.650 0.00115 -0.00129 0.00030
198762.654 0.00208 -0.00192 -0.00042
198762.658 0.00126 -0.00134 -0.00045
198762.662 0.00073 -0.00058 -0.00016
198762.666 0.00045 -0.00113 -0.00068
198762.670 0.00099 -0.00007 -0.00052
198762.674 0.00023 -0.00131 -0.00017
198762.678 0.00108 -0.00162 -0.00159
198762.682 -0.00035 -0.00171 -0.00120
198762.686 0.00031 -0.00248 -0.00096
198762.690 0.00126 -0.00194 -0.00059
198762.694 0.00089 -0.00148 -0.00035
198762.698 0.00140 -0.00197 -0.00059
198762.702 0.00108 -0.00195 -0.00065
198762.706 0.00040 -0.00164 -0.00021
198762.710 0.00051 -0.00262 -0.00131
198762.714 0.00145 -0.00272 0.00035
198762.718 0.00124 -0.00185 -0.00054
198762.722 0.00089 -0.00147 -0.00017
198762.726 0.00110 -0.00152 -0.00115
198762.730 0.00024 -0.00063 0.00009
198762.734 -0.00026 -0.00204 0.00087
198762.738 0.00035 -0.00182 -0.00042
198762.742 -0.00009 -0.00206 -0.00045
198762.746 0.00084 -0.00197 -0.00045
198762.750 0.00094 -0.00225 -0.00091
198762.754 0.00096 -0.00187 -0.00073
198762.758 0.00037 -0.00147 0.00019
198762.762 0.00171 -0.00197 -0.00044
198762.766 0.00133 -0.00120 -0.00016
198762.770 0.00016 -0.00236 -0.00009
198762.774 0.00091 -0.00234 -0.00051
198762.778 0.00140 -0.00054 0.00010
198762.782 0.00213 -0.00052 -0.00031
198762.786 0.00232 -0.00007 -0.00042
198762.791 0.00147 0.00049 -0.00120
198762.794 0.00051 -0.00040 -0.00141
198762.798 -0.00003 -0.00079 0.00047
198762.802 0.00040 -0.00119 0.00007
198762.806 0.00127 -0.00175 -0.00031
198762.810 0.00105 -0.00099 0.00016
198762.814 0.00113 -0.00140 -0.00091
198762.818 0.00086 -0.00194 -0.00042
198762.822 0.00185 -0.00225 -0.00045
198762.826 0.00134 -0.00157 -0.00045
198762.830 0.00077 -0.00230 -0.00077
198762.834 0.00106 -0.00234 -0.00129
198762.838 0.00024 -0.00070 -0.00068
198762.842 0.00199 -0.00131 -0.00037
198762.846 0.00079 -0.00087 -0.00059
198762.850 0.00152 -0.00120 -0.00051
198762.854 0.00202 -0.00099 -0.00106
198762.858 0.00094 -0.00215 -0.00093
198762.862 0.00157 -0.00215 -0.00014
198762.866 0.00068 -0.00185 -0.00023
198762.870 0.00164 -0.00281 0.00019
198762.874 0.00099 -0.00202 0.00030
198762.878 0.00143 -0.00182 -0.00072
198762.882 0.00140 -0.00145 -0.00023
198762.886 0.00108 -0.00197 -0.00010
198762.890 0.00161 -0.00209 -0.00066
198762.894 0.00143 -0.00183 -0.00098
198762.898 0.00183 -0.00040 0.00030
198762.902 0.00075 -0.00110 0.00002
198762.906 0.00061 -0.00112 0.00086
198762.910 0.00058 -0.00157 0.00047
198762.914 0.00026 -0.00230 -0.00052
198762.918 0.00003 -0.00159 -0.00033
198762.922 0.00058 -0.00185 -0.00044
198762.926 0.00087 -0.00072 -0.00030
198762.930 0.00019 -0.00117 -0.00058
198762.934 0.00002 -0.00099 -0.00065
198762.938 0.00072 -0.00185 -0.00096
198762.942 -0.00014 -0.00147 -0.00014
198762.946 -0.00005 -0.00136 -0.00068
198762.950 0.00054 -0.00119 0.00023
198762.954 0.00117 -0.00265 -0.00014
198762.958 0.00117 -0.00152 -0.00084
198762.962 -0.00002 -0.00093 0.00033
198762.966 0.00056 -0.00077 -0.00024
198762.970 0.00101 -0.00073 -0.00040
198762.974 0.00098 -0.00058 0.00000
198762.978 0.00098 -0.00068 -0.00033
198762.982 0.00141 -0.00101 0.00000
198762.986 0.00124 -0.00079 -0.00049
198762.990 0.00164 -0.00209 -0.00168
198762.994 0.00099 -0.00183 0.00026
198762.998 0.00082 -0.00161 -0.00012
198763.002 0.00063 -0.00230 -0.00052
198763.006 0.00087 -0.00218 0.00010
198763.010 0.00140 -0.00276 -0.00045
198763.014 0.00213 -0.00094 -0.00002
198763.018 0.00141 -0.00093 -0.00019
198763.022 0.00065 -0.00122 -0.00054
198763.026 0.00044 -0.00131 -0.00079
198763.030 0.00143 -0.00087 -0.00115
198763.034 0.00124 -0.00091 -0.00110
198763.038 0.00119 -0.00093 -0.00002
198763.042 0.00117 -0.00138 -0.00035
198763.046 0.00117 -0.00073 -0.00105
198763.050 0.00072 -0.00148 -0.00045
198763.054 0.00061 -0.00168 0.00026
198763.058 0.00117 -0.00187 0.00017
198763.062 0.00162 -0.00192 -0.00014
198763.066 0.00070 -0.00330 -0.00098
198763.070 0.00120 -0.00260 -0.00091
198763.074 0.00058 -0.00106 -0.00012
198763.078 0.00087 -0.00096 -0.00098
198763.082 0.00140 -0.00138 -0.00030
198763.086 0.00183 -0.00164 0.00031
198763.090 0.00014 -0.00066 -0.00040
198763.094 0.00120 -0.00024 -0.00045
198763.098 0.00178 -0.00045 -0.00016
198763.102 0.00133 -0.00171 -0.00129
198763.106 0.00152 -0.00068 -0.00023
198763.110 0.00126 -0.00086 -0.00056
198763.114 0.00105 -0.00061 0.00070
198763.118 0.00099 -0.00129 0.00000
198763.122 0.00098 -0.00222 -0.00155
198763.126 0.00127 -0.00216 -0.00105
198763.130 0.00195 -0.00215 -0.00047
198763.134 0.00138 -0.00169 -0.00002
198763.139 0.00168 -0.00143 -0.00035
198763.142 0.00101 -0.00182 -0.00044
198763.146 0.00068 -0.00086 -0.00061
198763.150 0.00030 -0.00195 -0.00019
198763.154 0.00033 -0.00271 -0.00024
198763.158 0.00096 -0.00138 0.00017
198763.162 0.00112 -0.00194 0.00014
198763.166 0.00070 -0.00150 0.00059
198763.170 0.00134 -0.00243 -0.00065
198763.174 0.00122 -0.00206 -0.00037
198763.178 0.00044 -0.00272 -0.00119
198763.182 0.00082 -0.00290 -0.00080
198763.186 0.00124 -0.00220 -0.00086
198763.190 0.00119 -0.00155 -0.00087
198763.194 0.00148 -0.00094 -0.00026
198763.198 0.00246 -0.00168 -0.00072
198763.202 0.00227 -0.00141 -0.00082
198763.206 0.00161 -0.00120 -0.00042
198763.210 0.00054 -0.00250 0.00030
198763.214 0.00024 -0.00314 -0.00101
198763.218 0.00124 -0.00150 0.00000
198763.222 0.00059 -0.00108 -0.00065
198763.226 0.00042 -0.00096 0.00023
198763.230 0.00082 -0.00169 -0.00012
198763.234 0.00154 -0.00143 -0.00038
198763.238 0.00066 -0.00091 -0.00105
198763.242 0.00028 -0.00031 -0.00136
198763.246 0.00065 -0.00091 -0.00115
198763.250 0.00058 -0.00183 -0.00079
198763.254 0.00026 -0.00115 -0.00070
198763.258 0.00017 -0.00159 -0.00068
198763.262 0.00122 -0.00126 -0.00007
198763.266 0.00178 -0.00086 0.00023
198763.270 0.00148 -0.00241 -0.00073
198763.274 0.00126 -0.00208 -0.00099
198763.278 0.00180 -0.00093 -0.00016
198763.282 0.00194 -0.00033 0.00035
198763.286 0.00031 -0.00152 -0.00054
198763.290 0.00110 -0.00108 -0.00138
198763.294 0.00115 -0.00096 -0.00086
198763.298 -0.00031 -0.00169 -0.00101
198763.302 -0.00010 -0.00023 0.00044
198763.306 0.00098 -0.00044 -0.00038
198763.310 0.00127 -0.00124 -0.00030
198763.314 0.00091 -0.00086 0.00002
198763.318 0.00049 -0.00227 0.00024
198763.322 0.00084 -0.00082 0.00047
198763.326 0.00049 -0.00030 0.00037
198763.330 0.00024 -0.00211 0.00003
198763.334 0.00138 -0.00215 -0.00033
198763.338 0.00108 -0.00140 -0.00133
198763.342 0.00129 -0.00059 -0.00009
198763.346 0.00120 -0.00099 0.00007
198763.350 0.00133 0.00009 -0.00047
198763.354 0.00136 -0.00005 -0.00045
198763.358 0.00077 -0.00129 -0.00061
198763.362 0.00077 -0.00178 0.00084
198763.366 0.00106 -0.00175 0.00017
198763.370 0.00129 -0.00220 0.00073
198763.374 0.00045 -0.00126 0.00030
198763.378 0.00084 -0.00115 -0.00101
198763.382 0.00093 -0.00068 0.00028
198763.386 0.00096 -0.00206 -0.00117
198763.390 0.00126 -0.00213 -0.00126
198763.394 0.00180 -0.00094 -0.00052
198763.398 0.00164 -0.00154 -0.00093
198763.402 0.00070 -0.00063 0.00016
198763.406 0.00044 -0.00024 -0.00014
198763.410 0.00084 0.00030 -0.00023
198763.414 0.00108 -0.00180 -0.00056
198763.418 0.00099 -0.00251 -0.00003
198763.422 0.00127 -0.00180 -0.00080
198763.426 0.00045 -0.00115 -0.00040
198763.430 0.00084 -0.00113 -0.00044
198763.434 0.00124 -0.00264 0.00012
198763.438 0.00073 -0.00168 0.00000
198763.442 0.00091 -0.00051 -0.00003
198763.446 0.00126 -0.00096 -0.00096
198763.450 0.00150 -0.00183 -0.00105
198763.454 0.00171 -0.00147 -0.00047
198763.458 0.00176 -0.00045 -0.00061
198763.462 0.00178 -0.00201 -0.00126
198763.466 0.00103 -0.00136 -0.00066
198763.470 0.00023 -0.00180 -0.00066
198763.474 0.00122 -0.00220 0.00037
198763.478 0.00134 -0.00278 -0.00099
198763.482 0.00122 -0.00080 -0.00059
198763.486 0.00073 -0.00030 -0.00140
198763.491 0.00075 -0.00182 -0.00117
198763.494 0.00106 -0.00131 0.00024
198763.498 0.00099 -0.00072 0.00045
198763.502 0.00113 -0.00012 -0.00007
198763.506 0.00101 -0.00056 -0.00141
198763.510 0.00204 -0.00293 -0.00117
198763.514 0.00110 -0.00070 -0.00035
198763.518 0.00115 -0.00086 0.00000
198763.522 -0.00017 -0.00227 -0.00049
198763.526 0.00007 -0.00232 -0.00093
198763.530 0.00012 -0.00113 0.00059
198763.534 0.00091 -0.00173 0.00010
198763.538 0.00080 -0.00098 -0.00016
198763.542 0.00183 -0.00140 -0.00054
198763.546 0.00134 -0.00150 -0.00063
198763.550 0.00122 -0.00122 0.00023
198763.554 0.00103 -0.00086 0.00000
198763.558 0.00052 -0.00045 -0.00049
198763.562 0.00056 0.00038 -0.00002
198763.566 0.00086 -0.00087 -0.00019
198763.570 0.00154 -0.00122 -0.00084
198763.574 -0.00007 -0.00206 -0.00147
198763.578 0.00038 -0.00166 -0.00103
198763.582 0.00141 -0.00278 -0.00091
198763.586 0.00169 -0.00110 -0.00103
198763.590 0.00072 -0.00127 -0.00061
198763.594 0.00045 -0.00056 -0.00065
198763.598 0.00173 -0.00052 -0.00082
198763.602 0.00101 -0.00173 -0.00099
198763.606 0.00068 -0.00023 -0.00075
198763.610 0.00209 -0.00119 -0.00038
198763.614 0.00157 -0.00113 -0.00014
198763.618 0.00038 -0.00129 -0.00084
198763.622 0.00005 -0.00161 -0.00040
198763.626 0.00089 -0.00141 0.00014
198763.630 0.00080 -0.00164 -0.00106
198763.634 0.00047 -0.00187 -0.00093
198763.638 0.00099 -0.00117 -0.00044
198763.642 0.00157 -0.00068 -0.00106
198763.646 0.00068 -0.00026 -0.00061
198763.650 0.00105 -0.00075 -0.00096
198763.654 0.00159 -0.00103 -0.00059
198763.658 0.00188 -0.00080 -0.00035
198763.662 0.00152 -0.00119 -0.00103
198763.666 0.00155 -0.00070 -0.00047
198763.670 0.00052 -0.00010 0.00028
198763.674 0.00086 -0.00117 -0.00058
198763.678 0.00049 -0.00084 -0.00003
198763.682 0.00038 -0.00180 0.00009
198763.686 0.00007 -0.00161 0.00012
198763.690 0.00119 -0.00140 -0.00016
198763.694 -0.00002 -0.00225 -0.00098
198763.698 0.00101 -0.00112 -0.00134
198763.702 0.00248 -0.00218 -0.00070
198763.706 0.00136 -0.00171 -0.00037
198763.710 0.00077 -0.00141 -0.00014
198763.714 0.00061 -0.00182 0.00021
198763.718 0.00072 -0.00236 -0.00089
198763.722 0.00120 -0.00250 -0.00119
198763.726 0.00119 -0.00269 -0.00094
198763.730 0.00012 -0.00169 0.00030
198763.734 0.00075 -0.00157 0.00002
198763.738 -0.00012 -0.00124 -0.00049
198763.742 0.00023 -0.00010 -0.00106
198763.746 0.00093 -0.00101 -0.00122
198763.750 0.00141 -0.00019 -0.00051
198763.754 0.00094 -0.00103 -0.00063
198763.758 0.00141 -0.00171 -0.00051
198763.762 0.00108 0.00021 -0.00002
198763.766 0.00086 -0.00197 -0.00019
198763.770 0.00154 -0.00316 -0.00084
198763.774 0.00096 -0.00257 -0.00162
198763.778 0.00037 -0.00195 -0.00093
198763.782 0.00080 0.00014 -0.00012
198763.786 0.00154 -0.00094 -0.00098
198763.790 0.00187 -0.00138 -0.00059
198763.794 0.00195 -0.00089 -0.00124
198763.798 0.00108 -0.00122 -0.00173
198763.802 0.00115 -0.00010 -0.00019
198763.806 0.00101 -0.00070 -0.00009
198763.810 0.00084 -0.00178 0.00037
198763.814 0.00154 -0.00099 0.00035
198763.818 0.00157 -0.00003 -0.00010
198763.822 0.00143 0.00005 -0.00052
198763.826 0.00124 -0.00127 -0.00063
198763.830 0.00119 -0.00192 -0.00080
198763.834 0.00042 -0.00223 -0.00086
198763.839 0.00143 -0.00141 -0.00026
198763.842 0.00110 -0.00120 0.00033
198763.846 0.00086 -0.00115 0.00063
198763.850 0.00094 -0.00113 0.00026
198763.854 0.00096 -0.00218 -0.00042
198763.858 0.00037 -0.00080 0.00028
198763.862 0.00005 -0.00134 -0.00012
198763.866 0.00073 -0.00089 0.00005
198763.870 0.00136 -0.00122 -0.00047
198763.874 0.00077 -0.00115 -0.00061
198763.878 0.00091 -0.00204 -0.00141
198763.882 0.00065 -0.00150 -0.00042
198763.886 0.00194 -0.00183 -0.00075
198763.890 0.00122 -0.00206 -0.00084
198763.894 0.00044 -0.00258 -0.00056
198763.898 0.00127 -0.00059 -0.00003
198763.902 0.00120 -0.00054 0.00052
198763.906 0.00162 -0.00098 0.00024
198763.910 0.00129 -0.00138 -0.00042
198763.914 0.00075 -0.00120 -0.00120
198763.918 0.00106 -0.00099 -0.00037
198763.922 0.00204 -0.00049 -0.00119
198763.926 0.00171 -0.00126 -0.00035
198763.930 0.00070 -0.00086 -0.00014
198763.934 0.00030 -0.00061 0.00005
198763.938 -0.00040 -0.00038 -0.00047
198763.942 0.00000 -0.00138 -0.00077
198763.946 0.00208 -0.00089 -0.00084
198763.950 0.00126 -0.00272 -0.00101
198763.954 0.00059 -0.00049 0.00058
198763.958 0.00103 -0.00080 -0.00019
198763.962 0.00054 -0.00255 -0.00040
198763.966 0.00086 -0.00105 0.00030
198763.970 0.00049 -0.00096 -0.00056
198763.974 0.00145 -0.00063 0.00010
198763.978 0.00140 -0.00086 -0.00045
198763.982 0.00154 -0.00120 -0.00136
198763.986 0.00096 -0.00038 -0.00054
198763.990 0.00082 -0.00140 -0.00003
198763.994 0.00093 0.00014 0.00023
198763.998 0.00066 -0.00094 -0.00012
198764.002 0.00105 -0.00063 -0.00037
198764.006 0.00188 -0.00145 0.00030
198764.010 0.00106 -0.00091 0.00047
198764.014 0.00084 -0.00182 -0.00007
198764.018 0.00124 -0.00190 0.00082
198764.022 0.00180 -0.00148 0.00077
198764.026 0.00133 -0.00106 0.00000
198764.030 0.00077 -0.00112 -0.00049
198764.034 0.00077 -0.00082 -0.00031
198764.038 0.00031 -0.00241 -0.00119
198764.042 0.00140 -0.00251 -0.00110
198764.046 0.00093 -0.00133 -0.00124
198764.050 0.00066 -0.00178 -0.00096
198764.054 0.00073 -0.00204 -0.00059
198764.058 -0.00028 -0.00182 0.00009
198764.062 0.00065 -0.00236 -0.00047
198764.066 0.00012 -0.00161 -0.00122
198764.070 0.00016 -0.00110 -0.00112
198764.074 0.00075 -0.00127 -0.00093
198764.078 0.00077 -0.00117 -0.00073
198764.082 0.00031 -0.00129 -0.00084
198764.086 0.00049 -0.00267 -0.00101
198764.090 0.00115 -0.00183 -0.00166
198764.094 0.00117 -0.00176 -0.00108
198764.098 0.00131 -0.00129 -0.00093
198764.102 0.00136 -0.00133 -0.00073
198764.106 0.00122 -0.00073 0.00035
198764.110 0.00134 -0.00117 -0.00054
198764.114 0.00197 -0.00250 -0.00124
198764.118 0.00079 -0.00089 -0.00082
198764.122 0.00031 -0.00077 0.00017
198764.126 0.00065 -0.00058 -0.00014
198764.130 0.00058 -0.00084 -0.00023
198764.134 0.00042 -0.00120 -0.00070
198764.138 0.00143 -0.00236 -0.00023
198764.142 0.00094 -0.00145 -0.00072
198764.146 0.00216 -0.00075 0.00021
198764.150 0.00127 -0.00058 -0.00073
198764.154 0.00045 -0.00052 -0.00023
198764.158 0.00143 -0.00143 0.00017
198764.162 0.00230 -0.00150 0.00059
198764.166 0.00072 -0.00168 0.00026
198764.170 0.00134 -0.00141 0.00045
198764.174 0.00168 -0.00225 -0.00007
198764.178 0.00056 -0.00098 -0.00066
198764.182 0.00026 -0.00169 -0.00066
198764.186 0.00033 -0.00037 0.00007
198764.191 0.00126 -0.00108 -0.00093
198764.194 0.00000 0.00068 0.00016
198764.198 0.00042 -0.00096 0.00000
198764.202 0.00052 -0.00138 -0.00049
198764.206 0.00056 -0.00164 -0.00031
198764.210 0.00131 -0.00171 -0.00073
198764.214 0.00136 -0.00159 -0.00084
198764.218 0.00106 -0.00124 -0.00115
198764.222 0.00161 -0.00176 -0.00124
198764.226 0.00143 -0.00113 -0.00143
198764.230 0.00108 -0.00007 -0.00040
198764.234 0.00086 -0.00115 -0.00105
198764.238 -0.00010 -0.00068 -0.00077
198764.242 0.00054 -0.00026 0.00065
198764.246 0.00131 0.00000 0.00026
198764.250 0.00136 -0.00129 0.00017
198764.254 0.00168 -0.00192 -0.00045
198764.258 0.00010 -0.00239 -0.00045
198764.262 0.00044 -0.00115 -0.00077
198764.266 0.00084 -0.00234 -0.00054
198764.270 0.00079 -0.00145 -0.00079
198764.274 0.00047 -0.00152 -0.00040
198764.278 0.00070 -0.00227 -0.00075
198764.282 0.00059 -0.00218 0.00005
198764.286 0.00042 -0.00171 -0.00002
198764.290 0.00098 -0.00173 -0.00110
198764.294 0.00037 -0.00143 -0.00108
198764.298 0.00126 -0.00120 0.00056
198764.302 0.00059 -0.00131 0.00099
198764.306 0.00117 -0.00026 0.00066
198764.310 0.00133 -0.00075 -0.00017
198764.314 0.00106 -0.00223 -0.00143
198764.318 0.00129 -0.00127 -0.00058
198764.322 0.00120 -0.00072 -0.00019
198764.326 0.00073 -0.00058 0.00019
198764.330 0.00030 -0.00068 -0.00014
198764.334 -0.00038 -0.00131 -0.00113
198764.338 0.00091 -0.00237 -0.00110
198764.342 0.00080 -0.00297 -0.00093
198764.346 0.00138 -0.00176 -0.00089
198764.350 0.00047 -0.00204 -0.00117
198764.354 0.00175 -0.00243 -0.00065
198764.358 0.00101 -0.00131 0.00023
198764.362 0.00098 -0.00223 -0.00103
198764.366 0.00127 -0.00171 -0.00061
198764.370 0.00105 -0.00052 -0.00065
198764.374 0.00204 -0.00112 -0.00096
198764.378 0.00126 -0.00202 -0.00014
198764.382 0.00209 -0.00077 -0.00038
198764.386 0.00126 -0.00194 -0.00030
198764.390 0.00075 -0.00253 -0.00147
198764.394 -0.00012 -0.00255 -0.00042
198764.398 0.00023 -0.00164 -0.00120
198764.402 0.00017 -0.00201 -0.00051
198764.406 0.00061 -0.00166 0.00042
198764.410 0.00087 -0.00246 0.00051
198764.414 0.00079 -0.00164 0.00052
198764.418 0.00227 -0.00021 -0.00051
198764.422 0.00131 -0.00014 -0.00122
198764.426 0.00106 -0.00147 -0.00096
198764.430 0.00070 -0.00243 -0.00030
198764.434 0.00105 -0.00117 -0.00042
198764.438 0.00129 -0.00024 -0.00016
198764.442 0.00120 -0.00059 0.00066
198764.446 0.00073 -0.00038 -0.00031
198764.450 0.00166 -0.00169 -0.00042
198764.454 0.00070 -0.00023 0.00000
198764.458 0.00075 -0.00105 -0.00126
198764.462 -0.00028 -0.00080 -0.00082
198764.466 0.00033 -0.00225 0.00017
198764.470 0.00110 -0.00098 0.00000
198764.474 0.00115 0.00010 -0.00094
198764.478 0.00026 -0.00005 -0.00105
198764.482 -0.00072 -0.00161 -0.00091
198764.486 0.00159 -0.00185 -0.00103
198764.490 0.00248 -0.00117 -0.00047
198764.494 0.00122 -0.00038 -0.00091
198764.498 0.00089 -0.00138 -0.00133
198764.502 0.00003 -0.00134 -0.00038
198764.506 0.00058 -0.00133 0.00014
198764.510 0.00208 -0.00028 0.00000
198764.514 0.00126 0.00058 0.00024
198764.518 0.00000 -0.00173 -0.00012
198764.522 -0.00063 -0.00113 -0.00023
198764.526 0.00040 -0.00127 -0.00056
198764.530 -0.00007 -0.00117 -0.00033
198764.534 0.00024 -0.00175 0.00061
198764.539 0.00122 -0.00143 0.00026
198764.542 0.00164 -0.00136 0.00002
198764.546 0.00145 -0.00089 -0.00124
198764.549 0.00215 -0.00075 -0.00096
198764.554 0.00218 -0.00194 -0.00089
198764.558 0.00009 0.00000 0.00077
198764.562 0.00014 0.00037 0.00075
198764.566 0.00120 -0.00148 0.00030
198764.570 0.00044 -0.00152 0.00063
198764.574 0.00157 -0.00124 0.00010
198764.578 0.00052 -0.00115 -0.00091
198764.582 0.00086 -0.00143 -0.00148
198764.586 0.00124 -0.00166 -0.00148
198764.590 0.00044 -0.00141 -0.00194
198764.594 -0.00005 -0.00091 -0.00099
198764.598 0.00115 -0.00106 -0.00091
198764.602 0.00101 -0.00157 -0.00087
198764.606 0.00082 -0.00003 -0.00012
198764.610 0.00183 -0.00084 0.00005
198764.614 0.00209 -0.00105 -0.00002
198764.618 0.00141 -0.00096 -0.00065
198764.622 0.00094 -0.00154 -0.00112
198764.626 0.00141 -0.00093 -0.00108
198764.630 0.00108 -0.00108 -0.00093
198764.634 0.00099 -0.00110 0.00030
198764.638 0.00068 -0.00293 -0.00086
198764.642 0.00059 -0.00236 -0.00087
198764.646 -0.00031 -0.00190 -0.00117
198764.650 -0.00010 -0.00194 -0.00065
198764.654 0.00023 -0.00194 -0.00082
198764.658 0.00183 -0.00148 -0.00010
198764.662 0.00073 -0.00122 -0.00007
198764.666 0.00091 -0.00161 -0.00037
198764.670 0.00080 -0.00260 -0.00164
198764.674 0.00227 -0.00243 -0.00122
198764.678 0.00326 -0.00326 -0.00126
198764.682 0.00339 -0.00424 -0.00112
198764.686 0.00295 -0.00164 -0.00049
198764.690 0.00269 -0.00187 -0.00152
198764.694 0.00112 -0.00178 -0.00105
198764.698 -0.00063 -0.00161 -0.00106
198764.702 -0.00019 -0.00094 -0.00152
198764.706 0.00021 0.00042 -0.00030
198764.710 0.00031 -0.00133 -0.00042
198764.714 0.00065 -0.00223 -0.00075
198764.718 0.00103 -0.00171 -0.00054
198764.722 0.00068 -0.00339 -0.00154
198764.726 0.00059 -0.00248 -0.00105
198764.730 0.00042 -0.00178 -0.00031
198764.734 0.00173 -0.00129 0.00016
198764.738 0.00147 -0.00026 -0.00120
198764.742 0.00110 0.00000 -0.00141
198764.746 0.00190 -0.00129 -0.00101
198764.750 0.00152 0.00002 -0.00120
198764.754 0.00141 -0.00157 -0.00035
198764.758 0.00079 -0.00169 0.00016
198764.762 0.00061 -0.00068 -0.00105
198764.766 -0.00016 -0.00161 -0.00182
198764.770 0.00066 -0.00021 -0.00157
198764.774 0.00014 -0.00134 -0.00016
198764.778 0.00091 -0.00103 -0.00023
198764.782 0.00140 -0.00126 0.00063
198764.786 0.00213 -0.00147 0.00133
198764.790 0.00187 -0.00257 -0.00014
198764.794 0.00241 -0.00134 0.00005
198764.798 0.00180 -0.00103 0.00010
198764.802 0.00133 -0.00155 -0.00031
198764.806 0.00166 -0.00140 -0.00103
198764.810 0.00115 -0.00105 -0.00077
198764.814 0.00026 -0.00155 -0.00129
198764.818 -0.00010 -0.00124 -0.00007
198764.822 0.00159 -0.00086 -0.00052
198764.826 0.00052 -0.00061 0.00026
198764.830 0.00040 -0.00234 -0.00042
198764.834 -0.00021 -0.00099 0.00014
198764.838 0.00110 -0.00185 -0.00016
198764.842 0.00131 -0.00162 -0.00084
198764.846 0.00120 -0.00005 -0.00117
198764.850 0.00119 0.00080 -0.00003
198764.854 0.00147 -0.00031 0.00009
198764.858 0.00051 -0.00168 -0.00017
198764.862 0.00070 -0.00157 0.00051
198764.866 0.00134 -0.00169 -0.00037
198764.870 0.00031 -0.00143 0.00000
198764.874 0.00080 0.00000 -0.00033
198764.878 0.00063 -0.00038 0.00045
198764.882 -0.00016 -0.00063 0.00007
198764.886 0.00052 -0.00281 -0.00063
198764.891 0.00040 -0.00141 -0.00051
198764.893 0.00052 -0.00166 -0.00093
198764.898 0.00099 -0.00141 -0.00058
198764.902 0.00098 -0.00180 0.00038
198764.906 0.00218 -0.00206 -0.00009
198764.910 0.00068 -0.00227 -0.00037
198764.914 0.00073 -0.00173 -0.00148
198764.918 0.00106 -0.00159 -0.00134
198764.922 0.00054 -0.00215 -0.00038
198764.926 0.00131 -0.00124 -0.00014
198764.930 0.00150 -0.00070 -0.00007
198764.934 0.00187 -0.00176 -0.00066
198764.938 0.00105 -0.00129 -0.00066
198764.942 0.00084 -0.00148 -0.00007
198764.946 0.00079 -0.00122 -0.00021
198764.950 -0.00012 -0.00086 -0.00054
198764.954 0.00023 -0.00075 -0.00124
198764.958 -0.00026 -0.00012 -0.00037
198764.962 -0.00099 0.00033 0.00030
198764.966 0.00000 -0.00209 0.00002
198764.970 0.00042 -0.00063 -0.00017
198764.974 0.00127 -0.00204 -0.00054
198764.978 0.00166 -0.00213 -0.00063
198764.982 0.00084 -0.00229 0.00023
198764.986 0.00033 -0.00143 -0.00058
198764.990 0.00141 -0.00150 -0.00079
198764.994 0.00138 -0.00154 -0.00010
198764.998 0.00183 -0.00183 0.00007
198765.002 0.00105 -0.00161 0.00042
198765.006 0.00129 -0.00155 -0.00009
198765.010 0.00195 -0.00138 -0.00021
198765.014 0.00063 -0.00120 -0.00099
198765.018 0.00058 -0.00129 0.00012
198765.022 0.00147 -0.00147 0.00000
198765.026 0.00065 -0.00213 -0.00049
198765.030 0.00134 -0.00213 -0.00197
198765.034 0.00091 -0.00199 -0.00206
198765.038 0.00141 -0.00091 -0.00148
198765.042 0.00093 -0.00047 -0.00028
198765.046 -0.00007 -0.00065 -0.00056
198765.050 0.00070 -0.00131 -0.00079
198765.054 0.00120 -0.00162 -0.00131
198765.058 0.00058 -0.00140 -0.00113
198765.062 -0.00017 -0.00255 -0.00229
198765.066 0.00051 -0.00150 -0.00079
198765.070 0.00145 0.00026 -0.00099
198765.074 0.00049 -0.00091 -0.00061
198765.078 -0.00019 -0.00047 -0.00005
198765.082 -0.00023 -0.00035 0.00023
198765.086 -0.00009 -0.00168 0.00045
198765.090 0.00038 -0.00082 -0.00023
198765.094 0.00021 0.00000 -0.00040
198765.098 0.00061 -0.00143 -0.00045
198765.102 0.00073 -0.00227 -0.00106
198765.106 0.00030 -0.00127 -0.00002
198765.110 -0.00009 -0.00056 -0.00065
198765.114 0.00129 -0.00084 -0.00082
198765.118 0.00180 -0.00164 -0.00086
198765.122 0.00194 -0.00323 -0.00056
198765.126 0.00138 -0.00197 -0.00124
198765.130 0.00122 -0.00089 -0.00052
198765.134 0.00089 -0.00106 -0.00108
198765.138 0.00080 -0.00171 -0.00063
198765.142 0.00093 -0.00159 -0.00080
198765.146 0.00066 -0.00110 -0.00070
198765.150 0.00134 -0.00112 -0.00037
198765.154 0.00047 -0.00218 -0.00119
198765.158 0.00009 -0.00199 -0.00051
198765.162 0.00119 -0.00120 -0.00093
198765.166 0.00087 -0.00129 0.00016
198765.170 0.00094 -0.00208 -0.00045
198765.174 0.00082 -0.00258 -0.00045
198765.178 0.00138 -0.00075 -0.00091
198765.182 0.00033 -0.00073 -0.00044
198765.186 0.00019 -0.00087 0.00000
198765.190 0.00077 -0.00166 -0.00003
198765.194 0.00136 -0.00171 -0.00066
198765.198 0.00154 -0.00234 -0.00052
198765.202 0.00126 -0.00099 -0.00047
198765.206 0.00059 -0.00124 -0.00077
198765.210 0.00117 -0.00147 -0.00145
198765.214 -0.00002 -0.00106 -0.00133
198765.218 0.00010 -0.00232 -0.00129
198765.222 0.00000 -0.00173 0.00021
198765.226 0.00042 -0.00188 -0.00103
198765.230 0.00023 -0.00208 -0.00091
198765.234 0.00197 -0.00138 -0.00073
198765.239 0.00199 -0.00059 -0.00052
198765.242 0.00063 -0.00084 -0.00049
198765.246 0.00042 0.00000 -0.00016
198765.250 0.00068 -0.00175 -0.00084
198765.254 0.00075 -0.00159 -0.00117
198765.258 0.00016 -0.00155 -0.00199
198765.262 -0.00014 -0.00140 -0.00042
198765.266 0.00068 -0.00030 -0.00091
198765.270 0.00105 -0.00016 -0.00103
198765.274 0.00084 -0.00117 -0.00152
198765.278 -0.00040 -0.00084 -0.00014
198765.282 0.00045 -0.00257 -0.00052
198765.286 0.00129 -0.00180 -0.00079
198765.290 0.00166 -0.00145 -0.00009
198765.294 0.00265 -0.00152 -0.00052
198765.298 0.00171 -0.00108 -0.00033
198765.302 0.00086 -0.00141 -0.00103
198765.306 0.00065 -0.00195 -0.00120
198765.310 0.00133 -0.00239 -0.00202
198765.314 0.00061 -0.00222 -0.00072
198765.318 0.00133 -0.00171 -0.00007
198765.322 0.00045 -0.00113 -0.00037
198765.326 -0.00005 -0.00127 -0.00014
198765.330 0.00115 -0.00056 -0.00098
198765.334 0.00072 -0.00038 -0.00075
198765.338 0.00105 -0.00154 -0.00068
198765.342 0.00159 -0.00063 -0.00021
198765.346 0.00127 -0.00145 -0.00040
198765.350 0.00136 -0.00271 -0.00059
198765.354 0.00152 -0.00290 -0.00096
198765.358 0.00126 -0.00204 -0.00044
198765.362 0.00089 -0.00288 -0.00031
198765.366 0.00110 -0.00279 -0.00072
198765.370 0.00099 -0.00171 -0.00113
198765.374 0.00052 -0.00264 -0.00065
198765.378 0.00086 -0.00227 0.00038
198765.382 0.00154 -0.00188 0.00035
198765.386 0.00082 -0.00012 0.00079
198765.390 0.00063 -0.00161 -0.00103
198765.394 0.00058 -0.00140 -0.00106
198765.398 -0.00002 -0.00120 -0.00063
198765.402 -0.00017 -0.00038 0.00023
198765.406 0.00021 -0.00169 -0.00058
198765.410 0.00138 -0.00293 -0.00019
198765.414 0.00077 -0.00190 -0.00115
198765.418 0.00077 -0.00133 -0.00185
198765.422 0.00093 -0.00237 -0.00202
198765.426 0.00155 -0.00251 -0.00162
198765.430 0.00157 -0.00148 -0.00047
198765.434 0.00143 -0.00288 0.00012
198765.438 0.00124 -0.00204 -0.00045
198765.442 0.00073 -0.00166 -0.00016
198765.446 0.00136 -0.00173 -0.00098
198765.450 0.00017 -0.00157 -0.00105
198765.454 -0.00012 -0.00276 -0.00093
198765.458 -0.00037 -0.00155 -0.00103
198765.462 0.00182 -0.00199 -0.00077
198765.466 0.00120 -0.00271 -0.00099
198765.470 0.00058 -0.00169 -0.00045
198765.474 -0.00017 -0.00098 -0.00106
198765.478 0.00051 -0.00108 -0.00063
198765.482 0.00115 -0.00187 -0.00080
198765.486 0.00072 -0.00176 -0.00086
198765.490 0.00016 -0.00145 -0.00026
198765.494 0.00091 -0.00106 -0.00087
198765.498 0.00140 -0.00216 0.00002
198765.502 0.00124 -0.00216 0.00010
198765.506 0.00119 -0.00140 -0.00002
198765.510 0.00087 -0.00105 -0.00019
198765.514 0.00124 -0.00140 -0.00084
198765.518 0.00120 -0.00120 -0.00056
198765.522 0.00058 -0.00070 -0.00154
198765.526 0.00056 -0.00042 -0.00120
198765.530 0.00072 -0.00124 -0.00141
198765.534 0.00000 -0.00131 -0.00147
198765.538 0.00056 -0.00178 -0.00087
198765.542 0.00162 -0.00220 -0.00101
198765.546 0.00145 -0.00216 -0.00106
198765.550 0.00049 -0.00290 -0.00047
198765.554 0.00084 -0.00129 -0.00016
198765.558 -0.00056 -0.00101 -0.00084
198765.562 -0.00017 -0.00201 -0.00133
198765.566 0.00066 -0.00059 -0.00099
198765.570 0.00030 -0.00099 -0.00091
198765.574 0.00033 -0.00049 -0.00012
198765.578 -0.00023 -0.00187 -0.00037
198765.582 -0.00054 -0.00192 -0.00134
198765.586 0.00087 0.00000 -0.00054
198765.591 0.00080 -0.00157 -0.00033
198765.594 0.00017 -0.00215 -0.00119
198765.598 0.00120 -0.00169 -0.00096
198765.602 0.00164 -0.00278 -0.00030
198765.606 0.00175 -0.00291 -0.00042
198765.610 0.00026 -0.00220 -0.00030
198765.614 0.00124 -0.00291 -0.00042
198765.618 0.00103 -0.00113 -0.00016
198765.622 0.00204 -0.00143 -0.00007
198765.626 0.00185 -0.00136 -0.00051
198765.630 0.00134 -0.00209 -0.00108
198765.634 0.00138 -0.00183 -0.00077
198765.638 0.00031 -0.00176 0.00003
198765.642 0.00065 -0.00099 -0.00033
198765.646 0.00028 -0.00199 -0.00089
198765.650 0.00035 -0.00195 -0.00042
198765.654 0.00171 -0.00134 -0.00136
198765.658 0.00251 -0.00164 -0.00024
198765.662 0.00122 -0.00155 0.00017
198765.666 0.00119 -0.00199 -0.00030
198765.670 0.00072 -0.00241 0.00002
198765.674 0.00045 -0.00281 0.00010
198765.678 0.00129 -0.00202 -0.00031
198765.682 0.00150 -0.00195 -0.00012
198765.686 0.00035 -0.00239 -0.00023
198765.690 0.00080 -0.00190 -0.00145
198765.694 0.00047 -0.00209 -0.00072
198765.698 -0.00005 -0.00229 0.00035
198765.702 0.00129 -0.00173 -0.00070
198765.706 0.00045 -0.00127 -0.00023
198765.710 0.00068 -0.00147 0.00033
198765.714 0.00075 -0.00136 -0.00040
198765.718 0.00031 -0.00225 -0.00091
198765.722 0.00080 -0.00126 -0.00148
198765.726 0.00093 -0.00237 -0.00133
198765.730 0.00021 -0.00145 -0.00009
198765.734 -0.00058 -0.00061 0.00007
198765.738 0.00131 -0.00188 -0.00047
198765.742 0.00061 -0.00360 -0.00031
198765.746 0.00101 -0.00283 -0.00073
198765.750 0.00098 -0.00171 -0.00023
198765.754 0.00066 -0.00157 -0.00086
198765.758 0.00030 -0.00140 -0.00117
198765.762 0.00003 -0.00164 -0.00035
198765.766 0.00058 -0.00155 -0.00058
198765.770 0.00026 -0.00124 -0.00110
198765.774 0.00094 -0.00297 -0.00108
198765.778 0.00112 -0.00265 -0.00047
198765.782 0.00115 -0.00347 -0.00077
198765.786 0.00117 -0.00234 -0.00070
198765.790 0.00117 -0.00295 -0.00082
198765.794 0.00133 -0.00206 -0.00101
198765.798 0.00152 -0.00122 -0.00031
198765.802 0.00080 -0.00220 -0.00026
198765.806 0.00033 -0.00246 -0.00101
198765.810 0.00080 -0.00222 -0.00061
198765.814 0.00154 -0.00141 -0.00141
198765.818 0.00141 -0.00059 -0.00072
198765.822 0.00124 -0.00068 -0.00127
198765.826 0.00059 -0.00117 -0.00113
198765.830 0.00072 -0.00113 -0.00140
198765.834 0.00045 -0.00159 -0.00010
198765.838 0.00009 -0.00290 -0.00021
198765.842 0.00073 -0.00145 -0.00070
198765.846 0.00045 -0.00241 -0.00082
198765.850 0.00068 -0.00283 -0.00086
198765.854 0.00105 -0.00157 -0.00012
198765.858 0.00113 -0.00230 -0.00098
198765.862 0.00056 -0.00038 -0.00134
198765.866 0.00086 -0.00093 -0.00129
198765.870 0.00019 -0.00229 -0.00175
198765.874 0.00093 -0.00202 0.00009
198765.878 0.00141 -0.00120 -0.00031
198765.882 0.00124 -0.00281 -0.00058
198765.886 0.00089 -0.00155 -0.00033
198765.890 0.00094 -0.00124 -0.00044
198765.894 0.00066 -0.00251 -0.00030
198765.898 0.00000 -0.00225 -0.00072
198765.902 -0.00017 -0.00171 -0.00129
198765.906 0.00037 -0.00188 -0.00082
198765.910 0.00005 -0.00253 -0.00117
198765.914 0.00044 -0.00255 -0.00094
198765.918 0.00113 -0.00195 -0.00059
198765.922 0.00026 -0.00239 -0.00094
198765.926 0.00017 -0.00236 -0.00134
198765.930 0.00106 -0.00145 -0.00129
198765.934 0.00145 -0.00122 -0.00129
198765.939 0.00094 -0.00099 -0.00127
198765.942 0.00096 -0.00140 -0.00052
198765.946 0.00157 -0.00150 -0.00093
198765.950 0.00098 0.00026 -0.00119
198765.954 0.00096 -0.00031 -0.00065
198765.958 0.00052 -0.00091 -0.00021
198765.962 -0.00033 -0.00122 -0.00024
198765.966 0.00108 -0.00220 -0.00010
198765.970 0.00024 -0.00246 -0.00007
198765.974 0.00003 -0.00178 0.00007
198765.978 0.00087 -0.00113 -0.00197
198765.982 0.00065 -0.00084 -0.00056
198765.986 0.00073 -0.00180 -0.00079
198765.990 0.00061 -0.00220 -0.00161
198765.994 0.00087 -0.00246 -0.00077
198765.998 0.00019 -0.00178 -0.00084
198766.002 0.00122 -0.00265 -0.00101
198766.006 0.00134 -0.00154 0.00012
198766.010 0.00002 -0.00047 0.00012
198766.014 0.00131 -0.00171 -0.00045
198766.018 0.00077 -0.00204 -0.00106
198766.022 0.00122 -0.00257 -0.00047
198766.026 0.00044 -0.00195 -0.00122
198766.030 0.00023 -0.00180 -0.00141
198766.034 0.00031 -0.00161 -0.00086
198766.038 0.00051 -0.00321 -0.00147
198766.042 -0.00003 -0.00272 -0.00087
198766.046 0.00131 -0.00094 0.00017
198766.050 0.00166 -0.00168 -0.00164
198766.054 0.00115 -0.00202 -0.00122
198766.058 0.00161 -0.00106 -0.00066
198766.062 0.00234 -0.00216 -0.00173
198766.066 0.00117 -0.00033 -0.00124
198766.070 0.00101 -0.00138 -0.00052
198766.074 0.00084 -0.00105 -0.00093
198766.078 0.00063 -0.00080 -0.00103
198766.082 0.00103 -0.00119 -0.00091
198766.086 0.00068 -0.00115 -0.00164
198766.090 0.00164 -0.00082 -0.00077
198766.094 0.00161 -0.00030 -0.00024
198766.098 0.00084 -0.00166 0.00017
198766.102 0.00138 -0.00157 0.00000
198766.106 0.00122 -0.00230 -0.00033
198766.110 0.00180 -0.00188 -0.00089
198766.114 0.00087 -0.00148 -0.00087
198766.118 0.00140 -0.00106 -0.00087
198766.122 0.00122 -0.00126 -0.00072
198766.126 0.00164 -0.00056 -0.00023
198766.130 0.00175 -0.00038 -0.00056
198766.134 0.00087 -0.00124 -0.00063
198766.138 0.00124 -0.00070 -0.00021
198766.142 0.00148 -0.00147 -0.00040
198766.146 0.00080 -0.00152 -0.00014
198766.150 0.00122 -0.00093 -0.00052
198766.154 0.00012 -0.00108 -0.00003
198766.158 0.00091 -0.00141 -0.00080
198766.162 0.00110 -0.00105 -0.00101
198766.166 0.00040 -0.00216 -0.00016
198766.170 0.00173 -0.00155 0.00021
198766.174 -0.00002 -0.00215 -0.00044
198766.178 0.00010 -0.00215 -0.00075
198766.182 0.00119 -0.00185 -0.00084
198766.186 0.00087 -0.00251 -0.00042
198766.190 0.00094 -0.00148 -0.00059
198766.194 0.00112 -0.00122 -0.00080
198766.198 0.00115 -0.00086 0.00049
198766.202 0.00058 -0.00211 0.00007
198766.206 0.00010 -0.00183 -0.00077
198766.210 0.00059 -0.00056 0.00065
198766.214 0.00147 -0.00143 -0.00002
198766.218 0.00171 -0.00030 0.00084
198766.222 0.00161 -0.00061 0.00002
198766.226 0.00159 -0.00129 0.00010
198766.230 0.00127 -0.00267 -0.00106
198766.234 0.00030 -0.00138 -0.00122
198766.238 0.00065 -0.00180 -0.00126
198766.242 0.00000 -0.00236 -0.00112
198766.246 0.00010 -0.00129 -0.00094
198766.250 0.00075 -0.00148 0.00000
198766.254 0.00106 -0.00122 -0.00065
198766.258 0.00084 -0.00206 -0.00037
198766.262 0.00094 -0.00152 -0.00073
198766.266 0.00051 -0.00063 -0.00113
198766.270 -0.00003 -0.00099 0.00009
198766.274 0.00086 -0.00079 -0.00002
198766.278 0.00094 -0.00059 -0.00065
198766.282 0.00096 -0.00129 0.00037
198766.286 0.00127 -0.00072 0.00080
198766.291 0.00120 -0.00072 0.00016
198766.294 0.00073 -0.00101 -0.00030
198766.298 0.00106 -0.00171 -0.00133
198766.302 0.00054 -0.00264 -0.00099
198766.306 0.00115 -0.00272 -0.00075
198766.310 0.00026 -0.00230 0.00051
198766.314 0.00063 -0.00173 0.00007
198766.318 0.00148 -0.00129 0.00012
198766.322 0.00140 -0.00237 -0.00016
198766.326 0.00213 -0.00281 -0.00038
198766.330 0.00218 -0.00246 -0.00119
198766.334 0.00204 -0.00237 -0.00021
198766.338 0.00110 -0.00056 -0.00009
198766.342 0.00070 -0.00038 -0.00007
198766.346 0.00089 -0.00033 -0.00051
198766.350 0.00005 -0.00183 -0.00002
198766.354 -0.00016 -0.00040 0.00009
198766.358 0.00037 -0.00140 -0.00122
198766.362 0.00112 -0.00105 -0.00005
198766.366 0.00101 -0.00155 -0.00141
198766.370 0.00113 -0.00229 -0.00042
198766.374 0.00117 -0.00159 -0.00089
198766.378 0.00147 -0.00140 -0.00073
198766.382 0.00094 -0.00150 -0.00052
198766.386 0.00066 -0.00047 -0.00108
198766.390 0.00014 -0.00005 -0.00108
198766.394 0.00045 -0.00084 -0.00017
198766.398 0.00068 -0.00152 -0.00038
198766.402 0.00089 -0.00168 0.00030
198766.406 0.00140 -0.00127 -0.00042
198766.410 0.00138 -0.00147 -0.00045
198766.414 0.00047 -0.00182 -0.00031
198766.418 0.00129 -0.00190 0.00045
198766.422 0.00059 -0.00194 -0.00021
198766.426 0.00103 -0.00269 -0.00070
198766.430 0.00129 -0.00183 -0.00082
198766.434 0.00045 -0.00162 -0.00131
198766.438 0.00084 -0.00246 -0.00068
198766.442 0.00138 -0.00237 -0.00052
198766.446 0.00138 -0.00236 -0.00079
198766.450 0.00152 -0.00129 0.00019
198766.454 0.00141 -0.00147 -0.00014
198766.458 0.00049 -0.00122 -0.00023
198766.462 0.00038 -0.00086 -0.00099
198766.466 0.00157 -0.00075 -0.00061
198766.470 0.00159 -0.00119 -0.00094
198766.474 0.00052 -0.00159 -0.00030
198766.478 0.00024 -0.00230 -0.00147
198766.482 -0.00056 -0.00188 -0.00119
198766.486 0.00012 -0.00192 -0.00035
198766.490 0.00045 -0.00105 0.00061
198766.494 0.00009 -0.00096 0.00026
198766.498 0.00164 -0.00108 0.00031
198766.502 0.00099 -0.00157 -0.00072
198766.506 0.00143 -0.00079 0.00005
198766.510 0.00124 -0.00164 -0.00002
198766.514 0.00059 -0.00187 0.00024
198766.518 -0.00002 -0.00087 -0.00042
198766.522 0.00040 -0.00091 -0.00031
198766.526 0.00127 -0.00031 -0.00026
198766.530 0.00059 -0.00093 -0.00042
198766.534 -0.00002 -0.00002 -0.00061
198766.538 0.00086 -0.00084 0.00009
198766.542 0.00110 -0.00136 -0.00031
198766.546 0.00145 -0.00089 0.00016
198766.550 0.00124 -0.00168 0.00030
198766.554 0.00044 -0.00187 -0.00056
198766.558 0.00098 -0.00042 -0.00019
198766.562 0.00066 -0.00049 -0.00040
198766.566 0.00044 -0.00187 -0.00030
198766.570 0.00038 -0.00087 0.00047
198766.574 0.00096 -0.00045 0.00007
198766.578 0.00052 -0.00110 -0.00047
198766.582 0.00086 -0.00098 -0.00122
198766.586 0.00124 -0.00199 -0.00096
198766.590 0.00148 -0.00105 -0.00105
198766.594 0.00141 -0.00110 -0.00091
198766.598 0.00124 -0.00248 -0.00058
198766.602 0.00073 -0.00148 -0.00019
198766.606 0.00091 -0.00093 -0.00070
198766.610 0.00155 -0.00106 -0.00007
198766.614 0.00007 -0.00112 -0.00021
198766.618 0.00044 -0.00141 -0.00010
198766.622 0.00052 -0.00241 -0.00037
198766.626 0.00056 -0.00236 -0.00014
198766.630 0.00101 -0.00206 -0.00023
198766.634 0.00218 -0.00106 -0.00099
198766.639 0.00129 -0.00171 -0.00031
198766.642 0.00120 -0.00234 -0.00087
198766.646 0.00148 -0.00220 -0.00072
198766.650 0.00096 -0.00155 0.00021
198766.654 0.00066 -0.00124 -0.00089
198766.658 0.00030 -0.00161 -0.00103
198766.662 -0.00010 -0.00321 -0.00120
198766.666 0.00159 -0.00258 -0.00112
198766.670 0.00127 -0.00225 -0.00093
198766.674 0.00016 -0.00262 -0.00194
198766.678 0.00136 -0.00272 -0.00145
198766.682 0.00106 -0.00199 -0.00058
198766.686 0.00115 -0.00150 -0.00033
198766.690 0.00072 -0.00061 0.00091
198766.694 0.00091 -0.00129 -0.00010
198766.698 0.00201 -0.00101 -0.00082
198766.702 0.00154 -0.00080 0.00003
198766.706 0.00066 -0.00014 0.00010
198766.710 0.00014 0.00002 -0.00045
198766.714 -0.00028 -0.00021 -0.00031
198766.718 0.00003 -0.00180 -0.00058
198766.722 -0.00002 -0.00070 -0.00003
198766.726 0.00040 -0.00176 0.00023
198766.730 0.00082 -0.00159 -0.00012
198766.734 0.00033 -0.00005 0.00051
198766.738 0.00110 -0.00070 -0.00066
198766.742 0.00131 -0.00086 -0.00082
198766.746 0.00166 -0.00152 -0.00056
198766.750 0.00176 -0.00199 -0.00063
198766.754 0.00087 -0.00164 -0.00141
198766.758 0.00065 -0.00051 -0.00056
198766.762 0.00119 -0.00173 -0.00154
198766.766 0.00148 -0.00098 0.00000
198766.770 0.00051 -0.00229 0.00024
198766.774 0.00115 -0.00202 -0.00028
198766.778 0.00087 -0.00166 -0.00117
198766.782 0.00140 -0.00066 -0.00019
198766.786 0.00079 -0.00147 -0.00040
198766.790 0.00136 -0.00152 -0.00059
198766.794 0.00108 -0.00168 -0.00019
198766.798 0.00040 -0.00187 -0.00070
198766.802 0.00112 -0.00117 -0.00052
198766.806 0.00131 -0.00175 0.00040
198766.810 0.00000 -0.00250 0.00005
198766.814 0.00101 -0.00239 -0.00017
198766.818 0.00113 -0.00222 -0.00070
198766.822 0.00072 -0.00112 -0.00052
198766.826 0.00150 -0.00082 -0.00077
198766.830 0.00216 -0.00134 -0.00024
198766.834 0.00143 -0.00164 -0.00026
198766.838 0.00049 -0.00157 -0.00176
198766.842 0.00099 -0.00079 -0.00096
198766.846 0.00143 -0.00103 -0.00014
198766.850 0.00124 -0.00080 -0.00007
198766.854 0.00089 -0.00089 -0.00021
198766.858 0.00035 -0.00152 0.00003
198766.862 0.00065 -0.00122 -0.00033
198766.867 0.00073 -0.00145 0.00030
198766.870 0.00031 -0.00075 0.00033
198766.874 0.00094 -0.00164 -0.00040
198766.878 0.00110 -0.00216 0.00044
198766.882 0.00056 -0.00169 0.00037
198766.886 0.00086 -0.00113 -0.00070
198766.890 0.00154 -0.00157 -0.00127
198766.894 0.00173 -0.00199 -0.00098
198766.898 0.00072 -0.00182 -0.00059
198766.902 0.00045 -0.00206 -0.00051
198766.906 0.00038 -0.00197 -0.00063
198766.910 0.00112 -0.00059 -0.00080
198766.914 0.00101 -0.00143 -0.00115
198766.918 -0.00021 -0.00197 -0.00080
198766.922 -0.00038 -0.00105 0.00019
198766.926 0.00077 -0.00230 -0.00089
198766.930 0.00061 -0.00188 -0.00178
198766.934 0.00058 -0.00208 -0.00110
198766.938 0.00147 -0.00063 -0.00124
198766.942 0.00005 -0.00009 -0.00052
198766.946 0.00162 -0.00072 -0.00093
198766.950 0.00159 -0.00101 -0.00073
198766.954 0.00173 -0.00230 -0.00127
198766.958 0.00072 -0.00098 -0.00009
198766.962 0.00091 -0.00229 -0.00037
198766.966 0.00019 -0.00038 0.00059
198766.970 0.00152 -0.00093 -0.00033
198766.974 0.00187 -0.00152 0.00002
198766.978 0.00105 -0.00258 -0.00079
198766.982 0.00038 -0.00257 -0.00070
198766.986 -0.00021 -0.00120 -0.00037
198766.991 -0.00068 -0.00265 -0.00044
198766.994 0.00038 -0.00154 0.00000
198766.998 0.00141 -0.00229 -0.00035
198767.002 0.00108 -0.00309 -0.00164
198767.006 0.00099 -0.00239 -0.00106
198767.010 0.00098 -0.00220 -0.00227
198767.014 0.00112 -0.00216 -0.00260
198767.018 0.00131 -0.00155 -0.00176
198767.022 0.00105 -0.00154 -0.00080
198767.026 0.00129 -0.00049 0.00079
198767.030 0.00105 -0.00051 -0.00028
198767.034 0.00145 -0.00187 -0.00101
198767.038 0.00080 -0.00208 -0.00077
198767.042 0.00093 -0.00152 -0.00024
198767.046 0.00110 -0.00138 -0.00026
198767.050 0.00070 -0.00164 -0.00131
198767.054 0.00105 -0.00082 0.00005
198767.058 0.00129 -0.00030 -0.00017
198767.062 0.00105 -0.00136 -0.00099
198767.066 0.00099 -0.00180 -0.00059
198767.070 0.00082 -0.00099 -0.00035
198767.074 0.00199 -0.00124 -0.00073
198767.078 0.00215 -0.00131 -0.00129
198767.082 0.00173 -0.00103 -0.00082
198767.086 0.00162 -0.00110 -0.00101
198767.090 0.00038 -0.00066 -0.00075
198767.094 0.00112 -0.00070 0.00019
198767.098 0.00101 -0.00162 0.00059
198767.102 0.00188 -0.00185 -0.00108
198767.106 0.00016 -0.00178 -0.00124
198767.110 0.00091 -0.00204 -0.00051
198767.114 0.00019 -0.00093 -0.00077
198767.118 -0.00026 -0.00229 -0.00009
198767.122 -0.00024 -0.00082 -0.00037
198767.126 0.00005 -0.00075 -0.00014
198767.130 0.00028 -0.00133 -0.00068
198767.134 0.00110 -0.00087 -0.00021
198767.138 0.00099 -0.00136 -0.00040
198767.142 0.00023 -0.00150 -0.00016
198767.146 0.00077 -0.00106 -0.00023
198767.150 0.00197 -0.00157 0.00003
198767.154 0.00079 -0.00140 -0.00063
198767.158 0.00061 -0.00059 -0.00035
198767.162 0.00117 -0.00068 -0.00028
198767.166 0.00042 -0.00117 0.00031
198767.170 -0.00037 -0.00129 0.00033
198767.174 -0.00012 -0.00178 -0.00056
198767.178 0.00038 -0.00204 -0.00124
198767.182 0.00127 -0.00243 -0.00082
198767.186 0.00044 -0.00208 -0.00101
198767.190 0.00068 -0.00138 -0.00091
198767.194 0.00073 -0.00239 -0.00164
198767.198 0.00227 -0.00131 -0.00077
198767.202 0.00131 -0.00208 -0.00054
198767.206 0.00120 -0.00108 0.00026
198767.210 0.00012 -0.00112 -0.00028
198767.214 0.00134 -0.00112 -0.00117
198767.218 0.00093 -0.00157 -0.00049
198767.222 0.00035 -0.00201 -0.00063
198767.226 0.00080 -0.00195 -0.00080
198767.230 0.00047 -0.00194 -0.00101
198767.234 0.00070 -0.00089 0.00028
198767.238 0.00030 -0.00077 -0.00012
198767.242 0.00065 -0.00012 0.00037
198767.246 0.00028 -0.00133 0.00035
198767.250 0.00079 -0.00239 -0.00024
198767.254 0.00093 -0.00145 -0.00115
198767.258 0.00110 -0.00257 -0.00094
198767.262 0.00176 -0.00391 -0.00044
198767.266 0.00178 -0.00155 -0.00091
198767.270 0.00133 -0.00169 -0.00119
198767.274 0.00122 -0.00143 -0.00140
198767.278 0.00178 -0.00120 -0.00040
198767.282 0.00087 -0.00340 -0.00150
198767.286 0.00094 -0.00173 -0.00119
198767.290 0.00037 -0.00218 -0.00201
198767.294 0.00096 -0.00096 -0.00147
198767.298 0.00037 -0.00108 -0.00058
198767.302 0.00096 -0.00187 -0.00079
198767.306 0.00112 -0.00237 -0.00190
198767.310 0.00072 -0.00220 -0.00129
198767.314 0.00045 -0.00246 -0.00113
198767.318 0.00084 -0.00162 -0.00019
198767.322 0.00108 -0.00080 -0.00038
198767.326 0.00131 -0.00089 -0.00075
198767.330 0.00120 -0.00122 -0.00084
198767.334 0.00164 -0.00086 -0.00042
198767.339 0.00129 0.00073 0.00028
198767.342 0.00091 -0.00140 0.00002
198767.346 0.00126 -0.00150 0.00056
198767.350 0.00089 -0.00093 0.00009
198767.354 0.00019 -0.00227 0.00028
198767.358 0.00061 -0.00234 0.00002
198767.362 0.00133 -0.00159 -0.00124
198767.366 0.00031 -0.00140 -0.00096
198767.370 -0.00070 -0.00134 -0.00075
198767.374 -0.00066 -0.00178 -0.00084
198767.378 0.00038 -0.00220 -0.00131
198767.382 0.00082 -0.00246 -0.00129
198767.386 -0.00010 -0.00208 -0.00084
198767.390 -0.00005 -0.00108 -0.00115
198767.394 0.00175 -0.00155 0.00024
198767.398 0.00283 -0.00185 0.00031
198767.402 0.00326 -0.00267 -0.00026
198767.406 0.00157 -0.00258 0.00017
198767.410 0.00157 -0.00225 -0.00059
198767.414 0.00037 -0.00098 -0.00171
198767.418 0.00005 -0.00183 -0.00094
198767.422 0.00000 -0.00312 -0.00148
198767.426 -0.00017 -0.00195 -0.00044
198767.430 0.00082 -0.00239 -0.00106
198767.434 0.00003 -0.00312 -0.00077
198767.438 0.00072 -0.00375 -0.00024
198767.442 0.00030 -0.00318 -0.00026
198767.446 -0.00084 -0.00091 -0.00072
198767.450 0.00079 -0.00122 -0.00113
198767.454 0.00152 -0.00145 -0.00108
198767.458 0.00171 0.00000 -0.00002
198767.462 0.00162 0.00035 -0.00035
198767.466 0.00068 -0.00028 -0.00058
198767.470 0.00089 -0.00075 -0.00065
198767.474 0.00110 -0.00148 -0.00096
198767.478 0.00056 -0.00138 -0.00075
198767.482 0.00056 -0.00134 -0.00024
198767.486 0.00131 -0.00194 0.00017
198767.490 0.00000 -0.00044 -0.00028
198767.494 0.00072 -0.00049 -0.00026
198767.498 0.00016 -0.00216 -0.00162
198767.502 0.00105 -0.00080 -0.00077
198767.506 0.00159 -0.00225 0.00005
198767.510 0.00204 -0.00307 -0.00017
198767.514 0.00215 -0.00178 -0.00024
198767.518 0.00127 -0.00175 -0.00070
198767.522 0.00030 -0.00099 -0.00007
198767.526 0.00201 -0.00229 -0.00051
198767.530 0.00183 -0.00159 -0.00122
198767.534 0.00180 -0.00155 -0.00080
198767.538 0.00089 -0.00229 -0.00040
198767.542 0.00035 -0.00127 -0.00016
198767.546 0.00051 -0.00042 0.00021
198767.550 -0.00019 -0.00199 0.00000
198767.554 -0.00007 -0.00106 0.00040
198767.558 0.00038 -0.00262 0.00051
198767.562 -0.00157 -0.00227 -0.00066
198767.566 0.00016 -0.00232 -0.00007
198767.570 0.00045 -0.00234 -0.00037
198767.574 0.00129 -0.00129 0.00030
198767.578 0.00195 -0.00117 -0.00010
198767.582 0.00197 -0.00084 -0.00007
198767.586 0.00213 -0.00061 -0.00037
198767.590 0.00202 0.00005 0.00016
198767.594 0.00155 -0.00096 -0.00180
198767.598 0.00098 -0.00049 -0.00082
198767.602 0.00051 0.00007 -0.00086
198767.606 0.00086 -0.00110 -0.00087
198767.610 0.00049 -0.00248 -0.00087
198767.614 0.00038 -0.00269 -0.00192
198767.618 0.00066 -0.00124 -0.00129
198767.622 0.00044 -0.00145 -0.00068
198767.626 0.00023 -0.00152 0.00007
198767.630 0.00047 -0.00274 -0.00047
198767.634 0.00084 -0.00094 -0.00122
198767.638 0.00199 -0.00063 -0.00187
198767.642 0.00274 -0.00145 -0.00127
198767.646 0.00143 -0.00075 -0.00007
198767.650 0.00185 -0.00089 -0.00021
198767.654 0.00150 -0.00136 -0.00024
198767.658 0.00112 -0.00059 -0.00026
198767.662 0.00056 -0.00099 0.00033
198767.666 0.00072 -0.00094 0.00019
198767.670 -0.00014 -0.00154 -0.00014
198767.674 0.00052 -0.00124 -0.00098
198767.678 0.00070 -0.00161 -0.00014
198767.682 0.00059 -0.00080 -0.00084
198767.686 -0.00061 -0.00148 -0.00072
198767.691 -0.00019 -0.00304 -0.00038
198767.694 0.00051 -0.00178 -0.00030
198767.698 0.00190 -0.00129 -0.00056
198767.702 0.00077 -0.00253 -0.00049
198767.706 0.00106 -0.00225 -0.00063
198767.710 0.00129 -0.00112 -0.00021
198767.714 0.00227 -0.00127 0.00019
198767.718 0.00086 -0.00117 -0.00014
198767.722 0.00199 -0.00265 -0.00113
198767.726 0.00108 -0.00197 -0.00003
198767.730 0.00054 -0.00225 -0.00005
198767.734 0.00086 -0.00096 -0.00021
198767.738 -0.00024 -0.00260 -0.00115
198767.742 0.00079 -0.00227 -0.00260
198767.746 0.00093 -0.00157 0.00031
198767.750 0.00080 -0.00185 -0.00086
198767.754 0.00122 -0.00176 -0.00042
198767.758 0.00148 -0.00220 -0.00105
198767.762 0.00276 -0.00171 -0.00106
198767.766 0.00129 -0.00084 -0.00063
198767.770 0.00120 -0.00120 0.00023
198767.774 0.00103 -0.00145 -0.00103
198767.778 0.00099 -0.00150 -0.00031
198767.782 0.00082 -0.00108 -0.00147
198767.786 0.00108 -0.00096 -0.00119
198767.790 0.00040 -0.00124 -0.00110
198767.794 0.00007 -0.00147 -0.00033
198767.798 0.00014 -0.00047 -0.00012
198767.802 -0.00030 -0.00080 -0.00052
198767.806 0.00169 -0.00166 -0.00138
198767.810 0.00026 -0.00171 -0.00024
198767.814 0.00079 -0.00113 0.00003
198767.818 0.00061 -0.00278 -0.00124
198767.822 0.00058 -0.00216 -0.00157
198767.826 0.00101 -0.00230 -0.00045
198767.830 0.00143 -0.00218 0.00058
198767.834 0.00244 -0.00185 -0.00049
198767.838 0.00211 -0.00162 -0.00077
198767.842 0.00141 -0.00276 0.00035
198767.846 0.00033 -0.00080 0.00049
198767.850 -0.00024 -0.00073 -0.00082
198767.854 0.00035 -0.00087 -0.00010
198767.858 -0.00007 -0.00166 -0.00037
198767.862 -0.00005 -0.00202 0.00030
198767.866 0.00099 -0.00211 -0.00117
198767.870 0.00173 -0.00094 -0.00080
198767.874 0.00026 -0.00108 -0.00070
198767.878 0.00199 -0.00187 -0.00098
198767.882 0.00124 -0.00192 0.00000
198767.886 0.00119 -0.00178 0.00054
198767.890 0.00117 -0.00251 -0.00065
198767.894 0.00058 -0.00134 -0.00096
198767.898 0.00147 -0.00133 -0.00059
198767.902 0.00094 -0.00209 -0.00019
198767.906 0.00066 -0.00063 -0.00024
198767.910 0.00044 -0.00129 -0.00072
198767.914 0.00143 -0.00147 -0.00082
198767.918 0.00110 -0.00182 -0.00086
198767.922 0.00024 -0.00161 -0.00042
198767.926 0.00033 -0.00140 -0.00059
198767.930 0.00080 -0.00225 -0.00021
198767.934 0.00093 -0.00141 -0.00070
198767.938 0.00051 -0.00180 -0.00143
198767.942 0.00115 -0.00281 -0.00147
198767.946 0.00133 -0.00157 -0.00012
198767.950 0.00120 -0.00304 -0.00037
198767.954 0.00164 -0.00162 -0.00030
198767.958 0.00175 -0.00276 -0.00056
198767.962 0.00087 -0.00276 -0.00094
198767.966 0.00124 -0.00126 -0.00073
198767.970 0.00073 -0.00056 0.00019
198767.974 0.00136 -0.00082 0.00030
198767.978 0.00138 -0.00045 -0.00072
198767.982 0.00106 -0.00065 0.00021
198767.986 0.00115 -0.00024 0.00045
198767.990 0.00133 -0.00209 -0.00037
198767.994 0.00075 -0.00154 -0.00030
198767.998 0.00031 -0.00168 -0.00117
198768.002 0.00065 -0.00127 -0.00049
198768.006 0.00059 -0.00206 -0.00077
198768.010 0.00101 -0.00243 -0.00054
198768.014 0.00098 -0.00147 0.00040
198768.018 0.00098 -0.00363 -0.00068
198768.022 0.00066 -0.00178 -0.00023
198768.026 0.00105 -0.00145 0.00019
198768.030 0.00068 -0.00031 -0.00014
198768.034 0.00073 -0.00061 -0.00007
198768.039 0.00045 -0.00099 0.00023
198768.042 0.00068 -0.00079 0.00016
198768.046 0.00089 -0.00103 0.00073
198768.050 0.00065 -0.00080 -0.00014
198768.054 0.00044 -0.00164 -0.00068
198768.058 0.00052 -0.00171 -0.00068
198768.062 0.00010 -0.00082 0.00023
198768.066 0.00105 -0.00150 -0.00028
198768.070 0.00113 -0.00213 -0.00010
198768.074 0.00042 -0.00079 -0.00052
198768.078 0.00127 -0.00194 -0.00079
198768.082 0.00134 -0.00119 -0.00129
198768.086 0.00152 -0.00009 -0.00084
198768.090 0.00171 -0.00056 -0.00072
198768.094 0.00115 -0.00157 -0.00098
198768.098 0.00133 -0.00185 -0.00075
198768.102 0.00045 -0.00222 -0.00023
198768.106 0.00023 -0.00096 -0.00056
198768.110 0.00108 -0.00093 -0.00019
198768.114 0.00040 -0.00168 -0.00040
198768.118 -0.00037 -0.00232 -0.00014
198768.122 -0.00028 -0.00159 -0.00007
198768.126 0.00019 -0.00276 -0.00082
198768.130 0.00061 -0.00246 -0.00145
198768.134 0.00058 -0.00223 -0.00178
198768.138 0.00131 -0.00157 -0.00096
198768.142 0.00166 -0.00199 -0.00105
198768.146 0.00220 -0.00180 -0.00047
198768.150 0.00113 -0.00161 -0.00031
198768.154 0.00087 -0.00140 0.00002
198768.158 0.00124 -0.00044 -0.00003
198768.162 0.00164 -0.00110 -0.00065
198768.166 0.00145 -0.00173 -0.00021
198768.170 0.00185 -0.00098 0.00065
198768.174 0.00091 -0.00033 0.00056
198768.178 0.00049 -0.00063 0.00084
198768.182 0.00009 -0.00145 -0.00058
198768.186 0.00044 -0.00106 -0.00124
198768.190 0.00023 -0.00171 -0.00037
198768.194 0.00063 -0.00113 0.00014
198768.198 0.00194 -0.00127 -0.00091
198768.202 0.00106 -0.00237 -0.00042
198768.206 0.00129 -0.00131 -0.00120
198768.210 0.00075 -0.00253 -0.00096
198768.214 0.00182 -0.00239 -0.00059
198768.218 0.00119 -0.00176 -0.00065
198768.222 0.00178 -0.00113 -0.00066
198768.226 0.00087 -0.00143 -0.00096
198768.230 0.00094 0.00000 0.00059
198768.234 0.00187 -0.00038 -0.00017
198768.238 0.00045 -0.00213 -0.00099
198768.242 0.00084 -0.00185 -0.00045
198768.246 0.00108 -0.00147 -0.00077
198768.250 0.00115 -0.00136 -0.00054
198768.254 0.00056 -0.00134 -0.00079
198768.258 0.00072 -0.00133 -0.00010
198768.262 0.00180 -0.00119 -0.00037
198768.266 0.00148 -0.00250 -0.00119
198768.270 0.00110 -0.00148 -0.00035
198768.274 0.00086 -0.00077 -0.00058
198768.278 0.00124 -0.00073 0.00009
198768.282 0.00105 -0.00223 -0.00106
198768.286 0.00068 -0.00187 -0.00047
198768.290 0.00089 -0.00176 -0.00061
198768.294 0.00171 -0.00129 -0.00066
198768.298 0.00131 -0.00133 -0.00066
198768.302 0.00105 -0.00162 -0.00037
198768.306 0.00129 -0.00187 -0.00105
198768.310 0.00120 -0.00237 -0.00091
198768.314 0.00044 -0.00220 -0.00148
198768.318 0.00037 -0.00216 -0.00103
198768.322 0.00096 -0.00155 -0.00031
198768.326 0.00127 -0.00229 -0.00087
198768.330 0.00150 -0.00188 -0.00133
198768.334 0.00051 -0.00012 -0.00068
198768.338 0.00086 -0.00101 0.00007
198768.342 0.00094 -0.00169 -0.00031
198768.346 0.00037 -0.00098 -0.00058
198768.350 0.00051 -0.00124 -0.00019
198768.354 0.00161 -0.00190 0.00065
198768.358 0.00084 0.00000 -0.00031
198768.362 0.00079 -0.00157 -0.00073
198768.366 0.00077 -0.00260 -0.00023
198768.370 0.00061 -0.00122 -0.00040
198768.374 0.00028 -0.00115 0.00000
198768.378 0.00017 -0.00264 -0.00094
198768.382 0.00061 -0.00197 0.00014
198768.386 0.00058 -0.00134 -0.00030
198768.391 0.00056 -0.00089 -0.00103
198768.393 0.00176 -0.00122 0.00044
198768.398 0.00208 -0.00115 0.00005
198768.402 0.00171 -0.00188 0.00010
198768.406 0.00161 -0.00162 0.00012
198768.410 0.00084 -0.00171 0.00012
198768.414 0.00108 -0.00202 -0.00061
198768.418 0.00086 -0.00136 -0.00140
198768.422 0.00019 -0.00150 -0.00101
198768.426 0.00091 -0.00227 -0.00225
198768.430 0.00065 -0.00068 -0.00169
198768.434 0.00028 -0.00099 -0.00017
198768.438 0.00033 -0.00260 -0.00084
198768.442 0.00005 -0.00182 -0.00026
198768.446 0.00028 -0.00145 -0.00131
198768.450 0.00154 -0.00122 -0.00023
198768.454 0.00082 -0.00161 0.00049
198768.458 0.00063 -0.00201 -0.00021
198768.462 0.00178 -0.00182 -0.00010
198768.466 0.00148 -0.00236 -0.00052
198768.470 0.00141 -0.00204 0.00040
198768.474 0.00063 -0.00227 -0.00068
198768.478 0.00087 -0.00234 -0.00082
198768.482 0.00126 -0.00204 -0.00040
198768.486 0.00059 -0.00182 -0.00120
198768.490 0.00117 -0.00070 -0.00096
198768.494 -0.00031 -0.00072 -0.00045
198768.498 -0.00086 -0.00072 -0.00016
198768.502 -0.00009 -0.00101 -0.00052
198768.506 0.00054 -0.00155 -0.00003
198768.510 -0.00003 -0.00215 0.00023
198768.514 -0.00079 -0.00169 0.00031
198768.518 0.00065 -0.00112 -0.00040
198768.522 0.00059 -0.00127 -0.00075
198768.526 0.00072 -0.00147 -0.00068
198768.530 0.00136 -0.00182 -0.00007
198768.534 0.00093 -0.00206 -0.00066
198768.538 0.00216 -0.00122 -0.00007
198768.542 0.00218 -0.00190 -0.00066
198768.546 0.00143 -0.00089 -0.00066
198768.550 0.00033 -0.00195 -0.00037
198768.554 0.00110 -0.00209 -0.00044
198768.558 0.00010 -0.00108 -0.00150
198768.562 0.00059 -0.00037 -0.00014
198768.566 0.00162 -0.00108 -0.00098
198768.570 0.00084 -0.00187 -0.00075
198768.574 0.00140 -0.00147 -0.00023
198768.578 0.00183 -0.00272 -0.00026
198768.582 0.00209 -0.00305 -0.00072
198768.586 0.00202 -0.00194 0.00066
198768.590 0.00124 -0.00073 0.00072
198768.594 0.00134 -0.00192 -0.00016
198768.598 0.00152 -0.00119 0.00021
198768.602 0.00216 -0.00190 -0.00073
198768.606 0.00129 -0.00269 -0.00068
198768.610 0.00075 -0.00213 -0.00173
198768.614 0.00077 -0.00169 -0.00260
198768.618 0.00045 -0.00052 -0.00162
198768.622 0.00009 -0.00127 -0.00093
198768.626 0.00014 -0.00147 -0.00058
198768.630 0.00059 -0.00286 0.00024
198768.634 0.00042 -0.00250 0.00031
198768.638 0.00143 -0.00253 0.00017
198768.642 0.00017 -0.00180 0.00030
198768.646 0.00168 -0.00145 -0.00072
198768.650 0.00024 -0.00241 -0.00023
198768.654 0.00199 -0.00222 -0.00070
198768.658 0.00154 -0.00216 -0.00007
198768.662 0.00082 -0.00216 -0.00037
198768.666 0.00093 -0.00079 -0.00059
198768.670 0.00080 -0.00148 -0.00035
198768.674 0.00093 -0.00227 0.00030
198768.678 0.00096 -0.00218 -0.00026
198768.682 -0.00023 -0.00155 -0.00072
198768.686 0.00096 -0.00140 -0.00098
198768.690 0.00127 -0.00150 -0.00120
198768.694 0.00105 -0.00108 -0.00021
198768.698 0.00159 -0.00066 0.00019
198768.702 0.00127 -0.00101 -0.00059
198768.706 0.00075 -0.00169 -0.00110
198768.710 0.00077 -0.00234 -0.00108
198768.714 0.00152 -0.00175 -0.00047
198768.718 0.00096 -0.00188 -0.00031
198768.722 0.00112 -0.00237 -0.00028
198768.726 0.00101 -0.00115 -0.00042
198768.730 0.00218 -0.00084 -0.00045
198768.734 0.00204 -0.00134 -0.00091
198768.739 0.00035 -0.00223 0.00000
198768.742 0.00035 -0.00096 -0.00003
198768.746 0.00051 -0.00140 -0.00005
198768.750 0.00054 -0.00073 -0.00051
198768.754 0.00086 -0.00148 0.00010
198768.758 0.00108 -0.00093 -0.00120
198768.762 0.00161 -0.00168 -0.00171
198768.766 0.00098 -0.00173 -0.00019
198768.770 0.00112 -0.00204 0.00019
198768.774 0.00115 -0.00288 -0.00044
198768.778 0.00222 -0.00173 0.00012
198768.782 0.00204 -0.00129 0.00044
198768.786 0.00110 -0.00133 -0.00037
198768.790 0.00054 -0.00148 0.00014
198768.794 0.00147 -0.00077 -0.00105
198768.798 0.00065 -0.00134 -0.00122
198768.802 0.00044 -0.00164 -0.00037
198768.806 0.00098 -0.00230 -0.00044
198768.810 0.00113 -0.00188 -0.00045
198768.814 0.00056 -0.00148 -0.00031
198768.818 0.00072 -0.00152 -0.00073
198768.822 0.00120 -0.00168 -0.00113
198768.826 0.00148 -0.00188 -0.00065
198768.830 0.00185 -0.00208 -0.00201
198768.834 0.00091 -0.00197 -0.00162
198768.838 0.00080 -0.00166 -0.00077
198768.842 0.00033 -0.00232 -0.00113
198768.846 0.00051 -0.00175 -0.00019
198768.850 0.00054 -0.00129 -0.00070
198768.854 0.00190 -0.00192 -0.00068
198768.858 0.00093 -0.00028 -0.00007
198768.862 0.00110 -0.00016 0.00007
198768.866 0.00070 -0.00087 -0.00047
198768.870 0.00059 -0.00077 -0.00077
198768.874 0.00012 -0.00119 -0.00038
198768.878 -0.00059 -0.00175 -0.00030
198768.882 0.00024 -0.00175 -0.00042
198768.886 0.00124 -0.00325 -0.00091
198768.890 0.00089 -0.00274 -0.00058
198768.894 0.00035 -0.00110 -0.00049
198768.898 0.00155 -0.00126 -0.00063
198768.902 0.00143 -0.00208 -0.00065
198768.906 0.00049 -0.00197 0.00023
198768.910 0.00175 -0.00209 -0.00103
198768.914 0.00147 -0.00168 -0.00122
198768.918 0.00094 -0.00098 -0.00035
198768.922 0.00216 -0.00140 -0.00044
198768.926 0.00129 -0.00089 -0.00106
198768.930 0.00089 -0.00227 -0.00152
198768.934 -0.00009 -0.00188 -0.00030
198768.938 -0.00035 -0.00178 0.00017
198768.942 0.00063 -0.00190 -0.00059
198768.946 0.00117 -0.00148 -0.00051
198768.950 0.00073 -0.00288 0.00072
198768.954 0.00105 -0.00143 0.00014
198768.958 0.00145 -0.00182 -0.00106
198768.962 0.00108 -0.00115 -0.00093
198768.966 0.00070 -0.00204 -0.00073
198768.970 -0.00028 -0.00243 -0.00129
198768.974 0.00108 -0.00161 -0.00143
198768.978 0.00176 -0.00051 -0.00042
198768.982 0.00148 -0.00066 0.00000
198768.986 0.00126 -0.00056 0.00054
198768.990 0.00044 -0.00082 -0.00080
198768.994 0.00084 -0.00120 -0.00010
198768.998 0.00033 -0.00115 0.00007
198769.002 -0.00009 -0.00052 0.00012
198769.006 0.00068 -0.00157 -0.00016
198769.010 0.00105 -0.00230 -0.00009
198769.014 0.00084 -0.00143 -0.00037
198769.018 0.00108 -0.00225 0.00000
198769.022 0.00145 -0.00232 0.00009
198769.026 0.00094 -0.00204 -0.00061
198769.030 0.00066 -0.00227 -0.00066
198769.034 0.00089 -0.00264 -0.00066
198769.038 0.00080 -0.00093 -0.00112
198769.042 0.00017 -0.00122 -0.00124
198769.046 0.00045 -0.00099 -0.00051
198769.050 0.00129 -0.00019 -0.00033
198769.054 0.00091 -0.00133 0.00000
198769.058 0.00080 -0.00103 -0.00049
198769.062 0.00079 -0.00244 -0.00002
198769.066 0.00061 -0.00178 0.00038
198769.070 0.00103 -0.00129 0.00035
198769.074 0.00068 -0.00208 0.00033
198769.078 0.00180 -0.00138 0.00033
198769.082 0.00194 -0.00059 -0.00056
198769.086 0.00122 -0.00054 -0.00063
198769.091 0.00103 -0.00202 -0.00096
198769.094 0.00038 -0.00152 -0.00014
198769.098 0.00066 -0.00122 -0.00038
198769.102 0.00073 -0.00190 -0.00105
198769.106 0.00045 -0.00178 -0.00122
198769.110 0.00143 -0.00115 -0.00051
198769.114 0.00140 -0.00113 -0.00047
198769.118 0.00033 -0.00143 -0.00063
198769.122 0.00080 -0.00211 -0.00065
198769.126 0.00047 -0.00154 -0.00051
198769.130 -0.00080 -0.00169 -0.00047
198769.134 0.00005 -0.00141 0.00103
198769.138 0.00000 -0.00241 -0.00023
198769.142 0.00056 -0.00147 0.00003
198769.146 0.00101 -0.00045 0.00010
198769.150 0.00052 -0.00321 -0.00031
198769.154 0.00010 -0.00272 -0.00042
198769.158 0.00119 -0.00140 -0.00075
198769.162 0.00058 -0.00150 -0.00070
198769.166 0.00072 0.00010 0.00007
198769.170 0.00134 -0.00080 -0.00063
198769.174 0.00138 -0.00073 -0.00066
198769.178 0.00122 -0.00117 0.00038
198769.182 0.00105 -0.00099 -0.00084
198769.186 0.00054 -0.00183 -0.00086
198769.190 0.00086 -0.00117 0.00016
198769.194 0.00033 -0.00159 -0.00044
198769.198 0.00096 -0.00230 -0.00152
198769.202 0.00096 -0.00159 -0.00059
198769.206 0.00157 -0.00185 -0.00065
198769.210 0.00023 -0.00237 -0.00126
198769.214 0.00106 -0.00161 -0.00187
198769.218 0.00161 -0.00094 -0.00054
198769.222 0.00098 -0.00154 -0.00003
198769.226 0.00098 -0.00138 0.00070
198769.230 0.00127 -0.00148 0.00042
198769.234 0.00180 -0.00152 -0.00023
198769.238 0.00178 -0.00093 -0.00115
198769.242 0.00164 -0.00197 -0.00094
198769.246 0.00099 -0.00166 -0.00150
198769.250 0.00127 -0.00096 -0.00103
198769.254 0.00120 -0.00079 -0.00091
198769.258 0.00103 -0.00103 -0.00133
198769.262 0.00084 -0.00216 -0.00190
198769.266 0.00138 -0.00244 -0.00159
198769.270 0.00138 -0.00178 -0.00091
198769.274 0.00138 -0.00175 -0.00058
198769.278 0.00168 -0.00129 -0.00065
198769.282 0.00056 -0.00162 -0.00051
198769.286 0.00101 -0.00216 0.00056
198769.290 0.00218 -0.00079 -0.00049
198769.294 0.00204 -0.00148 0.00056
198769.298 0.00199 -0.00122 -0.00033
198769.302 0.00124 -0.00131 -0.00089
198769.306 0.00148 -0.00087 0.00047
198769.310 0.00096 -0.00077 -0.00007
198769.314 0.00096 -0.00148 -0.00051
198769.318 0.00127 -0.00093 -0.00002
198769.322 0.00059 -0.00106 -0.00140
198769.326 0.00117 -0.00157 -0.00056
198769.330 0.00101 -0.00290 -0.00094
198769.334 0.00038 -0.00188 -0.00164
198769.338 0.00157 -0.00208 -0.00168
198769.342 0.00082 -0.00183 -0.00154
198769.346 0.00168 -0.00147 -0.00150
198769.350 0.00056 -0.00272 -0.00208
198769.354 0.00131 -0.00274 -0.00089
198769.358 0.00195 -0.00215 -0.00148
198769.362 0.00229 -0.00185 -0.00012
198769.366 0.00222 -0.00161 -0.00023
198769.370 0.00084 -0.00051 -0.00115
198769.374 0.00138 -0.00216 -0.00079
198769.378 0.00124 -0.00155 -0.00010
198769.382 0.00014 -0.00138 0.00052
198769.386 0.00045 -0.00209 -0.00080
198769.390 0.00084 -0.00229 -0.00131
198769.394 0.00079 -0.00234 -0.00023
198769.398 0.00138 -0.00264 0.00017
198769.402 0.00108 -0.00243 -0.00028
198769.406 0.00070 -0.00251 0.00002
198769.410 0.00059 -0.00284 -0.00019
198769.414 0.00058 -0.00264 -0.00024
198769.418 0.00117 -0.00272 -0.00026
198769.422 0.00087 -0.00110 -0.00101
198769.427 0.00035 -0.00037 -0.00061
198769.430 -0.00038 -0.00168 -0.00065
198769.434 0.00045 -0.00218 -0.00096
198769.439 0.00054 -0.00201 -0.00075
198769.442 0.00222 -0.00150 -0.00204
198769.446 0.00190 -0.00138 -0.00148
198769.450 0.00166 -0.00134 -0.00103
198769.454 -0.00003 -0.00164 -0.00045
198769.458 0.00161 -0.00141 -0.00106
198769.462 0.00098 -0.00195 -0.00093
198769.466 -0.00021 -0.00194 -0.00058
198769.470 -0.00009 -0.00239 -0.00080
198769.474 0.00084 -0.00251 -0.00070
198769.478 0.00063 -0.00119 -0.00082
198769.482 0.00028 -0.00204 -0.00115
198769.486 -0.00010 -0.00122 -0.00035
198769.490 0.00159 -0.00099 0.00075
198769.494 0.00143 -0.00380 -0.00028
198769.498 0.00169 -0.00229 0.00045
198769.502 0.00131 -0.00113 -0.00007
198769.506 0.00075 -0.00188 -0.00157
198769.510 0.00045 -0.00162 -0.00075
198769.514 -0.00005 -0.00187 0.00035
198769.518 0.00024 -0.00117 -0.00010
198769.522 0.00093 -0.00143 0.00052
198769.526 0.00096 -0.00195 -0.00066
198769.530 0.00127 -0.00164 -0.00037
198769.534 0.00134 -0.00126 -0.00073
198769.538 0.00106 -0.00115 -0.00009
198769.542 0.00070 -0.00159 0.00021
198769.546 0.00089 -0.00140 -0.00089
198769.550 0.00021 -0.00089 0.00002
198769.554 0.00045 -0.00136 0.00010
198769.558 0.00068 -0.00194 0.00042
198769.562 0.00164 -0.00223 0.00051
198769.566 0.00161 -0.00157 0.00068
198769.570 0.00098 -0.00049 -0.00002
198769.574 0.00112 -0.00005 0.00054
198769.578 0.00101 -0.00190 0.00054
198769.582 0.00159 -0.00178 -0.00005
198769.586 0.00113 -0.00236 -0.00051
198769.590 0.00206 -0.00204 -0.00077
198769.594 0.00035 -0.00077 -0.00040
198769.598 -0.00009 -0.00178 -0.00045
198769.602 0.00038 -0.00161 0.00000
198769.606 0.00141 -0.00140 -0.00065
198769.610 0.00154 -0.00300 -0.00187
198769.614 0.00187 -0.00222 -0.00068
198769.618 0.00059 -0.00112 -0.00007
198769.622 0.00117 -0.00112 -0.00021
198769.626 0.00133 -0.00082 -0.00099
198769.630 0.00045 -0.00059 -0.00150
198769.634 -0.00005 -0.00084 -0.00014
198769.638 -0.00003 -0.00136 0.00035
198769.642 0.00040 -0.00103 0.00080
198769.646 0.00052 -0.00155 0.00016
198769.650 0.00024 -0.00199 -0.00075
198769.654 0.00003 -0.00150 -0.00084
198769.658 0.00072 -0.00213 -0.00056
198769.662 0.00061 -0.00244 -0.00019
198769.666 0.00028 -0.00267 -0.00054
198769.670 0.00063 -0.00138 -0.00124
198769.674 0.00164 -0.00148 -0.00082
198769.678 0.00084 -0.00063 -0.00040
198769.682 0.00049 -0.00054 -0.00030
198769.686 0.00070 -0.00127 -0.00072
198769.690 0.00059 -0.00206 -0.00068
198769.694 -0.00031 -0.00138 -0.00037
198769.698 -0.00010 -0.00089 -0.00044
198769.702 0.00113 -0.00031 -0.00045
198769.706 0.00086 -0.00031 -0.00016
198769.710 0.00140 -0.00211 0.00080
198769.714 0.00063 -0.00244 0.00031
198769.718 0.00087 -0.00178 0.00033
198769.722 0.00019 -0.00145 0.00033
198769.726 0.00077 -0.00136 0.00017
198769.730 0.00106 -0.00194 0.00000
198769.734 0.00054 -0.00255 -0.00065
198769.738 0.00010 -0.00284 -0.00066
198769.742 -0.00014 -0.00098 -0.00082
198769.746 0.00037 -0.00185 -0.00010
198769.750 0.00096 -0.00147 -0.00098
198769.754 0.00112 -0.00091 -0.00044
198769.758 0.00086 -0.00182 -0.00077
198769.762 0.00033 -0.00161 -0.00009
198769.766 0.00141 -0.00230 -0.00052
198769.770 0.00124 -0.00188 0.00026
198769.774 0.00105 -0.00223 -0.00072
198769.778 0.00054 -0.00230 0.00005
198769.782 0.00101 -0.00250 -0.00047
198769.786 0.00098 -0.00208 -0.00168
198769.791 0.00082 -0.00152 -0.00093
198769.793 0.00093 -0.00138 0.00105
198769.798 0.00112 -0.00134 -0.00007
198769.802 0.00115 -0.00164 -0.00037
198769.806 0.00133 -0.00035 0.00000
198769.810 0.00120 -0.00033 -0.00003
198769.814 0.00058 -0.00031 -0.00019
198769.818 0.00117 -0.00091 0.00003
198769.822 -0.00047 -0.00274 -0.00079
198769.826 0.00059 -0.00169 -0.00040
198769.830 0.00058 -0.00232 0.00000
198769.834 -0.00047 -0.00204 -0.00019
198769.838 0.00028 -0.00213 0.00019
198769.842 0.00094 -0.00063 0.00030
198769.846 0.00005 -0.00131 -0.00042
198769.850 0.00119 -0.00147 -0.00030
198769.854 0.00072 -0.00211 -0.00058
198769.858 0.00091 -0.00213 -0.00154
198769.862 0.00096 -0.00230 -0.00134
198769.866 0.00096 -0.00113 0.00019
198769.870 0.00066 -0.00068 0.00045
198769.874 0.00059 -0.00131 0.00007
198769.878 0.00026 -0.00117 -0.00077
198769.882 0.00003 -0.00113 0.00019
198769.886 0.00133 -0.00052 -0.00089
198769.890 0.00031 -0.00037 0.00031
198769.894 0.00035 -0.00122 0.00017
198769.898 0.00126 -0.00236 0.00014
198769.902 0.00180 -0.00084 0.00000
198769.906 0.00089 -0.00150 0.00040
198769.910 0.00065 -0.00213 -0.00024
198769.914 0.00103 -0.00140 0.00079
198769.918 0.00098 -0.00225 -0.00014
198769.922 0.00037 -0.00262 -0.00113
198769.926 0.00051 -0.00243 -0.00094
198769.930 -0.00019 -0.00251 -0.00103
198769.934 0.00021 -0.00284 -0.00152
198769.938 -0.00086 -0.00127 -0.00044
198769.942 -0.00026 -0.00176 -0.00061
198769.946 0.00126 -0.00054 -0.00065
198769.950 0.00134 -0.00188 -0.00051
198769.954 0.00077 -0.00267 -0.00108
198769.958 0.00106 -0.00169 -0.00108
198769.962 0.00175 -0.00096 0.00056
198769.966 0.00072 -0.00108 -0.00019
198769.970 0.00075 -0.00187 -0.00099
198769.974 0.00152 -0.00133 -0.00136
198769.978 0.00216 -0.00012 -0.00099
198769.982 0.00038 -0.00208 -0.00091
198769.986 0.00037 -0.00154 0.00016
198769.990 0.00051 -0.00122 -0.00030
198769.994 0.00145 -0.00176 -0.00072
198769.998 0.00155 -0.00115 -0.00159
198770.002 0.00218 -0.00023 0.00012
198770.006 0.00023 -0.00044 -0.00016
198770.010 0.00047 -0.00155 -0.00068
198770.014 -0.00065 -0.00154 -0.00098
198770.018 -0.00019 -0.00138 -0.00045
198770.022 0.00035 -0.00209 -0.00045
198770.026 0.00007 -0.00154 0.00058
198770.030 0.00073 -0.00213 -0.00049
198770.034 0.00031 -0.00094 -0.00033
198770.038 0.00110 -0.00063 -0.00042
198770.042 0.00115 -0.00145 -0.00091
198770.046 -0.00017 -0.00166 -0.00044
198770.050 -0.00007 -0.00187 -0.00030
198770.054 0.00129 -0.00208 0.00047
198770.058 0.00166 -0.00106 0.00007
198770.062 0.00054 -0.00262 -0.00093
198770.066 -0.00003 -0.00272 -0.00014
198770.070 0.00115 -0.00199 0.00021
198770.074 0.00101 -0.00105 0.00075
198770.078 0.00113 -0.00112 -0.00059
198770.082 0.00101 -0.00052 -0.00110
198770.086 0.00098 -0.00112 -0.00124
198770.090 -0.00021 -0.00218 -0.00021
198770.094 0.00021 -0.00065 -0.00070
198770.098 0.00077 0.00019 -0.00037
198770.102 0.00077 0.00010 -0.00059
198770.106 0.00091 -0.00051 -0.00094
198770.110 0.00110 -0.00066 -0.00119
198770.114 0.00161 -0.00176 -0.00080
198770.118 0.00098 -0.00129 -0.00040
198770.122 0.00112 -0.00208 0.00000
198770.126 0.00115 -0.00168 -0.00110
198770.130 0.00087 -0.00202 0.00010
198770.134 0.00079 -0.00091 0.00000
198770.139 0.00077 -0.00077 -0.00049
198770.142 0.00091 -0.00133 -0.00077
198770.146 0.00110 -0.00162 -0.00099
198770.150 0.00086 -0.00126 -0.00075
198770.154 0.00033 -0.00072 0.00019
198770.158 0.00065 -0.00072 0.00000
198770.162 0.00073 -0.00176 0.00024
198770.166 0.00061 -0.00250 -0.00012
198770.170 0.00103 -0.00178 -0.00023
198770.174 0.00173 -0.00161 0.00003
198770.178 0.00117 -0.00126 -0.00033
198770.182 0.00042 -0.00176 -0.00103
198770.186 0.00052 -0.00099 -0.00168
198770.190 0.00131 -0.00124 -0.00047
198770.194 0.00105 -0.00161 -0.00063
198770.198 0.00113 -0.00171 0.00009
198770.202 0.00087 -0.00082 0.00026
198770.206 0.00140 -0.00134 0.00031
198770.210 0.00122 -0.00103 0.00017
198770.214 0.00059 -0.00080 -0.00075
198770.218 0.00117 -0.00089 0.00035
198770.222 0.00133 -0.00047 -0.00040
198770.226 0.00120 -0.00065 0.00000
198770.230 0.00028 -0.00115 0.00070
198770.234 0.00140 0.00021 0.00058
198770.238 -0.00026 0.00026 0.00070
198770.242 0.00003 -0.00182 -0.00031
198770.246 0.00028 -0.00237 -0.00058
198770.250 0.00124 -0.00145 -0.00079
198770.254 0.00180 -0.00257 -0.00086
198770.258 0.00058 -0.00195 -0.00026
198770.262 0.00176 -0.00150 -0.00026
198770.266 0.00119 -0.00122 -0.00072
198770.270 0.00087 -0.00145 0.00051
198770.274 0.00065 -0.00120 -0.00066
198770.278 0.00133 -0.00175 -0.00052
198770.282 0.00077 -0.00279 -0.00079
198770.286 0.00002 -0.00080 -0.00040
198770.290 0.00087 -0.00150 -0.00030
198770.294 0.00110 -0.00168 -0.00058
198770.298 0.00145 -0.00173 -0.00079
198770.302 0.00140 -0.00159 -0.00115
198770.306 0.00154 -0.00049 -0.00019
198770.310 0.00126 -0.00037 -0.00070
198770.314 0.00164 -0.00079 -0.00023
198770.318 0.00086 -0.00073 -0.00040
198770.322 0.00108 0.00016 -0.00091
198770.326 0.00206 -0.00063 -0.00028
198770.330 0.00065 -0.00024 0.00002
198770.334 0.00134 -0.00044 -0.00049
198770.338 0.00061 -0.00185 -0.00077
198770.342 0.00072 -0.00101 -0.00009
198770.346 0.00136 -0.00230 -0.00037
198770.350 0.00122 -0.00113 0.00030
198770.354 0.00087 -0.00143 -0.00026
198770.358 0.00140 -0.00150 -0.00131
198770.362 0.00244 -0.00063 0.00005
198770.366 0.00089 -0.00038 -0.00017
198770.370 0.00126 -0.00183 -0.00068
198770.374 0.00150 -0.00162 -0.00068
198770.378 0.00171 -0.00140 -0.00007
198770.382 0.00192 -0.00089 0.00038
198770.386 0.00120 -0.00182 -0.00024
198770.390 0.00134 -0.00161 -0.00176
198770.394 0.00061 -0.00140 -0.00080
198770.398 0.00133 -0.00120 0.00063
198770.402 0.00136 -0.00204 -0.00002
198770.406 0.00002 -0.00136 0.00038
198770.410 0.00147 -0.00150 0.00035
198770.414 0.00065 -0.00168 0.00033
198770.418 0.00103 -0.00157 0.00049
198770.422 0.00068 -0.00185 -0.00127
198770.426 0.00059 -0.00101 -0.00037
198770.430 0.00133 -0.00065 0.00000
198770.434 0.00106 -0.00115 -0.00035
198770.438 0.00159 -0.00129 -0.00087
198770.442 0.00250 -0.00208 -0.00042
198770.446 0.00152 -0.00213 -0.00016
198770.450 0.00112 -0.00108 -0.00052
198770.454 -0.00003 -0.00082 -0.00063
198770.458 -0.00049 -0.00255 -0.00021
198770.462 0.00073 -0.00209 -0.00099
198770.466 0.00077 -0.00168 -0.00061
198770.470 0.00091 -0.00143 0.00009
198770.474 0.00096 -0.00120 -0.00152
198770.478 0.00157 -0.00204 -0.00073
198770.482 0.00157 -0.00197 0.00005
198770.486 0.00098 -0.00089 -0.00108
198770.491 0.00007 -0.00211 -0.00077
198770.494 0.00073 -0.00229 -0.00040
198770.498 0.00120 -0.00127 -0.00059
198770.502 0.00058 -0.00133 -0.00005
198770.506 0.00056 -0.00117 -0.00112
198770.510 0.00086 -0.00113 -0.00093
198770.514 0.00124 -0.00023 0.00059
198770.518 0.00000 -0.00150 0.00026
198770.522 -0.00047 -0.00183 -0.00058
198770.526 0.00014 -0.00086 -0.00003
198770.530 -0.00044 -0.00257 -0.00110
198770.534 0.00150 -0.00241 -0.00154
198770.538 0.00216 -0.00131 -0.00105
198770.542 0.00113 -0.00237 -0.00122
198770.546 0.00072 -0.00190 -0.00112
198770.550 0.00105 -0.00164 -0.00093
198770.554 0.00099 -0.00051 0.00000
198770.558 -0.00037 -0.00141 0.00010
198770.562 0.00047 -0.00059 -0.00061
198770.566 0.00145 -0.00159 -0.00005
198770.570 0.00124 -0.00246 0.00023
198770.574 0.00194 -0.00192 0.00000
198770.578 0.00017 -0.00103 -0.00033
198770.582 -0.00014 -0.00110 -0.00148
198770.586 0.00129 -0.00023 -0.00028
198770.590 0.00089 -0.00134 0.00017
198770.594 0.00126 -0.00164 0.00014
198770.598 0.00180 -0.00216 0.00014
198770.602 0.00194 -0.00276 -0.00061
198770.606 0.00093 -0.00185 -0.00065
198770.610 0.00080 -0.00162 -0.00082
198770.614 0.00122 -0.00276 -0.00115
198770.618 0.00000 -0.00110 -0.00110
198770.622 0.00101 -0.00127 -0.00017
198770.626 0.00098 -0.00026 -0.00024
198770.630 0.00157 -0.00014 0.00003
198770.634 0.00143 -0.00026 -0.00003
198770.638 -0.00024 -0.00077 0.00054
198770.642 -0.00024 -0.00103 -0.00003
198770.646 0.00065 -0.00246 -0.00096
198770.650 0.00089 -0.00117 -0.00044
198770.654 0.00110 -0.00129 -0.00106
198770.658 0.00115 -0.00117 -0.00093
198770.662 0.00147 -0.00084 -0.00014
198770.666 0.00065 -0.00195 -0.00023
198770.670 0.00089 -0.00164 -0.00040
198770.674 0.00080 -0.00157 0.00014
198770.678 0.00183 -0.00108 -0.00030
198770.682 0.00300 -0.00202 -0.00117
198770.686 0.00134 -0.00166 -0.00110
198770.690 0.00061 -0.00157 -0.00047
198770.694 0.00148 -0.00169 -0.00016
198770.698 0.00065 -0.00248 -0.00113
198770.702 0.00044 -0.00119 -0.00094
198770.706 0.00084 -0.00129 -0.00105
198770.710 0.00124 -0.00072 -0.00077
198770.714 0.00073 -0.00101 -0.00204
198770.718 0.00120 -0.00051 -0.00178
198770.722 0.00119 -0.00141 -0.00110
198770.726 0.00103 -0.00136 -0.00063
198770.730 0.00129 -0.00164 -0.00066
198770.734 0.00180 -0.00201 -0.00021
198770.738 0.00103 -0.00195 -0.00054
198770.742 0.00129 -0.00195 -0.00033
198770.746 0.00180 -0.00194 -0.00044
198770.750 0.00148 -0.00148 0.00058
198770.754 0.00035 -0.00197 -0.00063
198770.758 0.00066 -0.00166 -0.00171
198770.762 0.00103 -0.00216 -0.00079
198770.766 0.00068 -0.00169 0.00033
198770.770 0.00014 -0.00098 -0.00086
198770.774 0.00105 -0.00108 -0.00117
198770.778 0.00115 -0.00262 -0.00080
198770.782 0.00101 -0.00211 -0.00040
198770.786 0.00113 -0.00260 -0.00030
198770.790 0.00072 -0.00211 0.00016
198770.794 0.00091 -0.00108 0.00075
198770.798 0.00126 -0.00187 0.00000
198770.802 0.00073 -0.00223 -0.00019
198770.806 0.00031 -0.00141 -0.00070
198770.810 0.00003 -0.00105 0.00021
198770.814 0.00058 -0.00171 -0.00058
198770.818 0.00026 -0.00218 -0.00140
198770.822 0.00094 -0.00140 -0.00072
198770.826 0.00157 -0.00045 -0.00052
198770.830 0.00157 -0.00094 -0.00017
198770.834 0.00037 -0.00138 -0.00129
198770.839 0.00066 -0.00150 -0.00038
198770.842 0.00150 -0.00168 -0.00103
198770.846 0.00080 -0.00218 -0.00122
198770.850 0.00108 -0.00201 -0.00021
198770.854 0.00099 -0.00182 -0.00009
198770.858 0.00157 -0.00131 -0.00066
198770.862 0.00157 -0.00223 -0.00037
198770.866 0.00129 -0.00157 -0.00028
198770.870 0.00164 -0.00154 -0.00133
198770.874 0.00265 -0.00169 -0.00159
198770.878 0.00141 0.00021 -0.00031
198770.882 0.00138 -0.00152 -0.00058
198770.886 0.00033 -0.00199 -0.00035
198770.890 0.00035 -0.00075 -0.00028
198770.894 0.00080 -0.00042 -0.00147
198770.898 0.00079 -0.00110 -0.00133
198770.902 0.00061 -0.00278 -0.00009
198770.906 -0.00016 -0.00246 0.00052
198770.910 0.00052 -0.00194 -0.00005
198770.914 0.00115 -0.00089 -0.00065
198770.918 0.00087 -0.00211 -0.00157
198770.922 0.00019 -0.00229 -0.00059
198770.926 0.00061 -0.00173 -0.00035
198770.930 0.00148 -0.00068 0.00000
198770.934 0.00140 -0.00117 -0.00003
198770.938 0.00063 -0.00159 0.00023
198770.942 0.00089 -0.00169 -0.00042
198770.946 0.00124 -0.00143 -0.00045
198770.950 0.00134 -0.00166 -0.00031
198770.954 0.00122 -0.00173 0.00002
198770.958 0.00073 -0.00218 -0.00049
198770.962 0.00091 -0.00201 -0.00106
198770.966 0.00126 -0.00150 -0.00047
198770.970 0.00119 -0.00197 -0.00122
198770.974 0.00073 -0.00286 -0.00096
198770.978 0.00136 -0.00157 -0.00075
198770.982 0.00138 -0.00110 -0.00023
198770.986 0.00047 -0.00173 0.00033
198770.990 0.00084 -0.00082 0.00065
198770.994 0.00079 -0.00091 0.00042
198770.998 0.00077 -0.00122 -0.00009
198771.002 0.00077 -0.00145 0.00052
198771.006 0.00091 -0.00152 -0.00065
198771.010 0.00080 -0.00063 -0.00096
198771.014 0.00154 -0.00250 -0.00075
198771.018 0.00037 -0.00180 -0.00084
198771.022 0.00080 -0.00084 -0.00026
198771.026 0.00079 -0.00075 0.00017
198771.030 0.00061 -0.00119 0.00030
198771.034 -0.00016 -0.00143 0.00017
198771.038 0.00098 -0.00211 -0.00030
198771.042 0.00098 -0.00079 0.00002
198771.046 0.00052 -0.00028 -0.00079
198771.050 0.00086 -0.00136 -0.00129
198771.054 0.00079 -0.00134 -0.00084
198771.058 0.00093 -0.00087 -0.00026
198771.062 0.00051 -0.00122 -0.00072
198771.066 -0.00003 -0.00086 -0.00113
198771.070 0.00040 -0.00150 -0.00140
198771.074 0.00068 -0.00227 -0.00101
198771.078 0.00044 -0.00127 -0.00061
198771.082 0.00052 -0.00101 -0.00019
198771.086 0.00086 -0.00201 -0.00040
198771.090 0.00063 -0.00150 0.00000
198771.094 0.00073 -0.00168 -0.00033
198771.098 0.00152 -0.00141 0.00045
198771.102 0.00080 -0.00105 -0.00007
198771.106 0.00079 -0.00126 -0.00066
198771.110 0.00122 -0.00147 -0.00066
198771.114 0.00134 -0.00227 -0.00052
198771.118 0.00136 -0.00157 -0.00079
198771.122 0.00108 -0.00215 -0.00024
198771.126 0.00115 -0.00110 0.00003
198771.130 0.00086 -0.00082 -0.00003
198771.134 0.00110 -0.00120 -0.00065
198771.138 0.00040 -0.00145 -0.00007
198771.142 0.00066 -0.00030 0.00007
198771.146 0.00089 -0.00122 0.00026
198771.150 0.00155 -0.00054 -0.00056
198771.154 0.00143 -0.00157 -0.00110
198771.158 0.00108 -0.00155 -0.00002
198771.162 0.00024 -0.00124 -0.00035
198771.166 -0.00101 -0.00056 0.00045
198771.170 0.00075 -0.00202 -0.00037
198771.174 0.00047 -0.00152 -0.00044
198771.178 0.00113 -0.00183 -0.00045
198771.182 0.00131 -0.00283 -0.00002
198771.186 0.00030 -0.00051 0.00070
198771.191 0.00049 -0.00082 0.00058
198771.194 0.00220 -0.00195 -0.00003
198771.198 0.00159 -0.00164 -0.00110
198771.202 0.00143 -0.00246 -0.00124
198771.206 0.00199 -0.00103 -0.00051
198771.210 0.00244 -0.00140 -0.00047
198771.214 0.00000 -0.00150 -0.00077
198771.218 0.00058 -0.00108 0.00035
198771.222 0.00101 -0.00232 0.00108
198771.226 -0.00005 -0.00204 0.00113
198771.230 0.00070 -0.00211 -0.00003
198771.234 0.00120 -0.00215 -0.00066
198771.238 0.00162 -0.00124 -0.00096
198771.242 0.00099 -0.00145 -0.00044
198771.246 0.00127 -0.00093 0.00000
198771.250 0.00150 -0.00093 0.00024
198771.254 0.00096 -0.00168 0.00002
198771.258 0.00005 -0.00218 -0.00065
198771.262 0.00044 -0.00094 -0.00021
198771.266 0.00023 -0.00154 -0.00070
198771.270 0.00063 -0.00154 -0.00202
198771.274 0.00148 -0.00168 -0.00223
198771.278 0.00096 -0.00323 -0.00122
198771.282 0.00096 -0.00122 -0.00051
198771.286 0.00037 -0.00190 -0.00122
198771.290 0.00171 -0.00119 -0.00202
198771.294 0.00101 -0.00145 -0.00117
198771.298 0.00052 -0.00241 -0.00094
198771.302 0.00024 -0.00192 -0.00089
198771.306 0.00049 -0.00209 -0.00012
198771.310 0.00113 -0.00272 -0.00127
198771.314 0.00192 -0.00230 -0.00143
198771.318 0.00122 -0.00159 -0.00147
198771.322 0.00223 -0.00185 -0.00058
198771.326 0.00131 -0.00162 -0.00079
198771.330 0.00120 0.00009 0.00019
198771.334 0.00269 -0.00096 -0.00044
198771.338 0.00112 -0.00124 0.00044
198771.342 0.00070 -0.00101 -0.00038
198771.346 0.00105 -0.00215 0.00000
198771.350 0.00175 -0.00185 0.00115
198771.354 0.00058 -0.00147 -0.00003
198771.358 -0.00017 -0.00061 0.00009
198771.362 0.00082 -0.00190 -0.00061
198771.366 0.00093 -0.00103 -0.00051
198771.370 0.00155 -0.00140 -0.00002
198771.374 0.00052 -0.00166 -0.00080
198771.378 0.00086 -0.00052 -0.00040
198771.382 0.00079 -0.00202 -0.00105
198771.386 0.00152 -0.00166 -0.00061
198771.390 0.00005 -0.00126 -0.00019
198771.394 0.00000 -0.00237 -0.00115
198771.398 0.00101 -0.00176 -0.00080
198771.402 0.00084 -0.00159 0.00003
198771.406 0.00063 -0.00080 -0.00079
198771.410 0.00058 -0.00194 -0.00129
198771.414 0.00056 -0.00195 -0.00038
198771.418 0.00056 -0.00209 -0.00044
198771.422 0.00040 -0.00318 -0.00075
198771.426 0.00098 -0.00197 -0.00024
198771.430 0.00037 -0.00194 -0.00040
198771.434 0.00021 -0.00150 -0.00016
198771.438 0.00093 -0.00152 -0.00052
198771.442 0.00171 -0.00138 0.00070
198771.446 0.00161 -0.00164 0.00012
198771.450 0.00188 -0.00066 0.00089
198771.454 0.00106 -0.00190 0.00002
198771.458 0.00070 -0.00194 -0.00063
198771.462 -0.00014 -0.00148 -0.00035
198771.466 0.00143 -0.00168 -0.00058
198771.470 0.00094 -0.00173 -0.00035
198771.474 0.00066 -0.00143 0.00000
198771.478 0.00073 -0.00166 -0.00094
198771.482 0.00120 -0.00098 0.00014
198771.486 0.00089 -0.00124 -0.00075
198771.490 0.00110 -0.00161 -0.00070
198771.494 0.00099 -0.00110 -0.00023
198771.498 0.00159 -0.00216 -0.00040
198771.502 0.00143 -0.00110 -0.00075
198771.506 0.00079 0.00068 0.00065
198771.510 0.00093 -0.00051 -0.00093
198771.514 0.00110 -0.00126 -0.00073
198771.518 0.00115 -0.00101 -0.00143
198771.522 0.00222 -0.00110 -0.00087
198771.526 0.00175 -0.00066 0.00016
198771.530 0.00162 -0.00222 -0.00120
198771.534 0.00023 -0.00201 -0.00021
198771.539 0.00047 -0.00257 -0.00024
198771.542 0.00129 -0.00195 -0.00056
198771.546 0.00075 -0.00164 -0.00124
198771.550 0.00122 -0.00141 -0.00157
198771.554 0.00073 -0.00166 -0.00120
198771.558 0.00091 -0.00141 -0.00112
198771.562 0.00155 -0.00180 -0.00033
198771.566 0.00143 -0.00161 -0.00117
198771.570 0.00169 -0.00065 -0.00171
198771.574 0.00145 -0.00190 0.00010
198771.578 0.00155 -0.00223 -0.00045
198771.582 0.00187 -0.00202 -0.00016
198771.586 0.00120 -0.00241 -0.00024
198771.590 0.00103 -0.00222 0.00033
198771.594 0.00038 -0.00080 -0.00040
198771.598 0.00007 -0.00239 -0.00075
198771.602 0.00119 -0.00145 -0.00098
198771.606 0.00133 -0.00241 -0.00150
198771.610 0.00106 -0.00237 -0.00103
198771.614 0.00024 -0.00099 -0.00061
198771.618 0.00168 -0.00049 -0.00035
198771.622 0.00115 -0.00082 0.00045
198771.626 0.00072 -0.00089 -0.00052
198771.630 0.00120 -0.00016 -0.00063
198771.634 0.00103 -0.00133 -0.00110
198771.638 0.00127 -0.00087 -0.00108
198771.642 0.00136 -0.00182 -0.00122
198771.646 0.00047 -0.00190 -0.00157
198771.650 -0.00019 -0.00117 -0.00120
198771.654 -0.00023 -0.00129 -0.00155
198771.658 0.00035 -0.00026 -0.00105
198771.662 0.00051 -0.00166 -0.00106
198771.666 0.00129 -0.00037 -0.00017
198771.670 0.00257 0.00342 -0.00009
198771.674 0.00229 0.00682 -0.00037
198771.678 0.00281 0.00515 -0.00059
198771.682 0.00161 0.00126 -0.00126
198771.686 0.00159 -0.00171 0.00021
198771.690 0.00082 -0.00309 0.00016
198771.694 0.00122 -0.00150 -0.00105
198771.698 0.00105 0.00042 -0.00047
198771.702 0.00038 0.00016 -0.00138
198771.706 0.00037 0.00176 -0.00040
198771.710 0.00021 0.00157 -0.00030
198771.714 0.00047 -0.00026 -0.00012
198771.718 0.00038 -0.00030 0.00021
198771.722 0.00127 -0.00211 -0.00089
198771.726 0.00164 -0.00215 -0.00042
198771.730 0.00070 -0.00274 -0.00075
198771.734 0.00120 -0.00171 -0.00038
198771.738 0.00119 -0.00262 -0.00059
198771.742 0.00133 -0.00408 -0.00080
198771.746 0.00045 -0.00370 -0.00040
198771.750 -0.00035 -0.00466 -0.00016
198771.754 0.00031 -0.00415 -0.00084
198771.758 0.00035 -0.00433 -0.00056
198771.762 0.00021 -0.00513 -0.00033
198771.766 -0.00042 -0.00428 0.00075
198771.770 0.00045 -0.00361 -0.00014
198771.774 0.00023 -0.00297 -0.00068
198771.778 -0.00010 -0.00312 -0.00066
198771.782 -0.00021 -0.00119 -0.00173
198771.786 0.00021 -0.00190 -0.00110
198771.790 0.00047 -0.00208 -0.00108
198771.794 0.00099 -0.00138 -0.00017
