198679.966 0.00087 -0.00035 0.00054
198679.970 0.00124 -0.00077 -0.00019
198679.974 0.00044 -0.00073 -0.00070
198679.978 0.00007 -0.00103 0.00007
198679.982 0.00044 0.00009 -0.00047
198679.986 0.00052 -0.00051 -0.00002
198679.990 0.00161 -0.00112 -0.00019
198679.994 0.00098 -0.00082 -0.00024
198679.998 0.00143 -0.00166 0.00003
198680.002 0.00154 -0.00080 -0.00017
198680.006 0.00037 0.00000 -0.00009
198680.010 0.00080 -0.00143 -0.00051
198680.014 0.00079 -0.00091 -0.00017
198680.018 0.00138 -0.00031 -0.00054
198680.022 0.00077 -0.00047 0.00056
198680.026 0.00077 -0.00051 0.00024
198680.030 0.00166 -0.00051 0.00061
198680.034 0.00190 -0.00051 0.00040
198680.038 0.00152 -0.00082 0.00005
198680.042 0.00080 0.00030 0.00056
198680.046 0.00108 -0.00059 0.00099
198680.050 0.00054 -0.00204 -0.00007
198680.054 0.00101 -0.00182 -0.00112
198680.058 0.00038 -0.00056 -0.00063
198680.062 0.00021 -0.00037 -0.00096
198680.066 0.00106 0.00010 -0.00030
198680.070 0.00054 0.00009 -0.00133
198680.074 -0.00108 -0.00021 -0.00129
198680.078 0.00058 -0.00194 -0.00068
198680.082 0.00208 -0.00148 -0.00052
198680.086 0.00171 0.00087 -0.00047
198680.090 0.00176 -0.00030 -0.00077
198680.094 0.00103 -0.00091 0.00003
198680.098 0.00143 -0.00122 0.00010
198680.102 0.00169 -0.00086 0.00012
198680.106 0.00192 -0.00091 -0.00120
198680.110 0.00182 -0.00002 -0.00037
198680.114 0.00119 -0.00038 0.00016
198680.118 0.00000 0.00024 0.00014
198680.122 -0.00108 -0.00077 -0.00045
198680.126 0.00012 -0.00117 -0.00122
198680.130 0.00059 -0.00129 -0.00037
198680.134 0.00117 0.00016 0.00059
198680.138 -0.00002 -0.00017 0.00026
198680.142 0.00040 -0.00087 -0.00103
198680.146 0.00173 -0.00091 -0.00016
198680.150 0.00222 -0.00168 -0.00054
198680.154 0.00129 0.00007 -0.00049
198680.158 0.00166 -0.00051 0.00026
198680.162 0.00115 -0.00127 0.00077
198680.166 0.00117 -0.00086 -0.00028
198680.170 0.00117 -0.00091 0.00002
198680.174 0.00087 -0.00047 0.00101
198680.178 0.00094 -0.00051 0.00066
198680.182 0.00051 -0.00005 0.00026
198680.186 0.00010 -0.00175 -0.00101
198680.191 -0.00045 -0.00113 -0.00061
198680.193 0.00000 0.00066 -0.00019
198680.198 0.00087 -0.00051 -0.00040
198680.202 0.00155 -0.00066 0.00150
198680.206 0.00187 -0.00056 -0.00010
198680.210 0.00195 -0.00098 0.00052
198680.214 0.00213 -0.00017 -0.00035
198680.218 0.00066 -0.00119 -0.00119
198680.222 0.00103 -0.00161 -0.00096
198680.226 0.00145 -0.00140 0.00000
198680.230 0.00079 -0.00075 -0.00003
198680.234 0.00031 -0.00012 -0.00035
198680.238 0.00169 -0.00086 -0.00014
198680.242 0.00206 -0.00031 -0.00143
198680.246 0.00155 -0.00061 -0.00087
198680.250 0.00007 -0.00070 -0.00026
198680.254 0.00103 -0.00087 -0.00056
198680.258 0.00084 -0.00106 -0.00033
198680.262 0.00108 -0.00035 0.00045
198680.266 -0.00003 -0.00063 -0.00068
198680.270 0.00040 0.00003 0.00037
198680.274 0.00066 -0.00052 0.00049
198680.278 0.00089 -0.00066 0.00023
198680.282 0.00035 -0.00070 0.00120
198680.286 0.00126 -0.00042 0.00040
198680.290 0.00134 -0.00019 0.00066
198680.294 0.00168 -0.00073 -0.00047
198680.298 0.00115 -0.00103 -0.00091
198680.302 0.00147 0.00023 -0.00105
198680.306 0.00171 -0.00002 -0.00061
198680.310 0.00115 0.00051 -0.00019
198680.314 0.00042 0.00003 -0.00040
198680.318 0.00098 -0.00052 -0.00030
198680.322 0.00052 0.00037 0.00017
198680.326 0.00099 0.00075 0.00059
198680.330 0.00113 0.00099 0.00010
198680.334 0.00115 -0.00026 -0.00016
198680.338 0.00042 -0.00059 0.00065
198680.342 -0.00021 -0.00068 -0.00017
198680.346 0.00096 -0.00131 0.00019
198680.350 0.00037 -0.00072 -0.00103
198680.354 0.00126 0.00017 -0.00031
198680.358 0.00014 -0.00124 -0.00073
198680.362 0.00075 -0.00072 -0.00038
198680.366 0.00136 -0.00117 0.00044
198680.370 0.00138 0.00080 0.00007
198680.374 0.00168 -0.00077 0.00026
198680.378 0.00115 -0.00119 0.00031
198680.382 0.00058 -0.00161 -0.00086
198680.386 0.00086 -0.00035 -0.00058
198680.390 0.00140 -0.00152 -0.00185
198680.394 0.00122 -0.00079 -0.00023
198680.398 0.00059 -0.00044 -0.00056
198680.402 0.00101 -0.00079 -0.00033
198680.406 0.00052 -0.00105 0.00016
198680.410 0.00297 -0.00096 -0.00014
198680.414 0.00148 -0.00138 -0.00007
198680.418 0.00126 -0.00059 -0.00187
198680.422 0.00194 -0.00038 -0.00113
198680.426 0.00243 -0.00093 -0.00049
198680.430 0.00075 -0.00047 0.00012
198680.434 0.00075 0.00038 0.00028
198680.438 0.00002 -0.00012 -0.00042
198680.442 -0.00002 0.00093 0.00014
198680.446 0.00026 -0.00030 0.00000
198680.450 0.00094 -0.00075 -0.00035
198680.454 0.00037 -0.00119 -0.00087
198680.458 -0.00023 -0.00054 0.00000
198680.462 0.00005 -0.00037 0.00070
198680.466 0.00073 -0.00168 -0.00016
198680.470 0.00136 -0.00202 0.00005
198680.474 0.00168 -0.00091 -0.00033
198680.478 0.00145 -0.00093 0.00045
198680.482 0.00155 -0.00002 -0.00007
198680.486 0.00112 -0.00054 -0.00051
198680.490 0.00101 -0.00068 0.00010
198680.494 0.00127 -0.00115 -0.00045
198680.498 0.00134 -0.00113 0.00058
198680.502 0.00106 -0.00084 -0.00049
198680.506 0.00009 -0.00089 -0.00061
198680.510 0.00014 -0.00182 0.00023
198680.514 0.00016 -0.00161 -0.00044
198680.518 0.00105 -0.00155 0.00044
198680.522 0.00159 -0.00033 0.00051
198680.526 0.00173 -0.00093 0.00113
198680.530 0.00087 -0.00229 0.00024
198680.534 0.00124 -0.00082 0.00061
198680.539 0.00180 -0.00030 -0.00063
198680.542 0.00103 -0.00152 -0.00141
198680.546 0.00159 -0.00077 -0.00056
198680.550 0.00202 -0.00119 0.00010
198680.554 0.00155 -0.00084 -0.00091
198680.558 0.00157 -0.00059 -0.00058
198680.562 0.00159 -0.00040 0.00024
198680.566 0.00098 -0.00079 -0.00012
198680.570 -0.00021 0.00061 -0.00052
198680.574 -0.00009 -0.00023 0.00101
198680.578 -0.00065 0.00000 -0.00007
198680.582 0.00009 -0.00007 -0.00021
198680.586 0.00059 -0.00161 -0.00056
198680.590 0.00087 -0.00140 -0.00049
198680.594 0.00155 -0.00105 0.00026
198680.598 0.00218 -0.00096 -0.00042
198680.602 0.00248 -0.00138 0.00073
198680.606 0.00257 -0.00134 0.00030
198680.610 0.00140 -0.00253 -0.00010
198680.614 0.00122 0.00014 -0.00007
198680.618 0.00133 -0.00033 0.00037
198680.622 0.00091 -0.00093 0.00080
198680.626 0.00201 -0.00063 0.00061
198680.630 0.00229 -0.00129 -0.00003
198680.634 0.00086 -0.00012 0.00009
198680.638 0.00124 -0.00086 -0.00077
198680.642 0.00059 -0.00031 -0.00099
198680.646 0.00042 0.00012 0.00028
198680.650 0.00007 -0.00110 0.00031
198680.654 0.00089 -0.00096 0.00049
198680.658 0.00035 -0.00108 0.00068
198680.662 0.00065 -0.00216 0.00058
198680.666 0.00148 -0.00035 -0.00003
198680.670 0.00155 -0.00033 -0.00051
198680.674 0.00112 -0.00061 -0.00017
198680.678 0.00101 -0.00115 -0.00084
198680.682 0.00113 0.00021 0.00017
198680.686 0.00117 0.00056 0.00059
198680.690 0.00133 -0.00082 0.00070
198680.694 0.00061 0.00028 -0.00075
198680.698 0.00117 -0.00106 -0.00099
198680.702 0.00072 0.00038 -0.00045
198680.706 0.00016 0.00002 -0.00002
198680.710 0.00075 -0.00038 -0.00003
198680.714 0.00122 -0.00093 -0.00066
198680.718 0.00073 -0.00213 -0.00112
198680.722 0.00152 -0.00124 0.00010
198680.726 0.00066 -0.00086 0.00028
198680.730 0.00089 -0.00182 -0.00072
198680.734 0.00124 -0.00086 -0.00098
198680.738 0.00164 -0.00120 -0.00075
198680.742 0.00084 -0.00070 -0.00054
198680.746 -0.00010 -0.00133 -0.00049
198680.750 0.00084 -0.00103 -0.00031
198680.754 0.00017 0.00009 0.00077
198680.758 0.00047 -0.00051 0.00014
198680.762 0.00009 -0.00021 -0.00030
198680.766 0.00014 -0.00073 -0.00028
198680.770 0.00014 -0.00117 0.00017
198680.774 0.00182 -0.00038 -0.00014
198680.778 0.00089 -0.00033 -0.00052
198680.782 -0.00054 -0.00091 -0.00003
198680.786 0.00026 -0.00033 -0.00065
198680.790 0.00124 -0.00093 0.00007
198680.794 0.00105 -0.00154 0.00026
198680.798 0.00159 -0.00033 -0.00012
198680.802 0.00113 -0.00047 -0.00127
198680.806 0.00101 -0.00110 -0.00038
198680.810 0.00159 -0.00112 -0.00075
198680.814 0.00143 -0.00112 0.00019
198680.818 0.00124 -0.00098 0.00061
198680.822 0.00044 -0.00033 0.00056
198680.826 0.00038 -0.00122 -0.00033
198680.830 0.00096 -0.00086 -0.00059
198680.834 0.00066 -0.00075 -0.00094
198680.838 0.00073 -0.00089 -0.00044
198680.842 0.00016 -0.00197 -0.00031
198680.846 0.00045 -0.00134 -0.00012
198680.850 0.00113 -0.00119 0.00021
198680.854 0.00056 -0.00159 -0.00014
198680.858 0.00161 -0.00185 -0.00143
198680.862 0.00159 -0.00237 -0.00147
198680.866 0.00098 -0.00115 -0.00073
198680.870 0.00037 -0.00082 -0.00068
198680.874 0.00051 -0.00075 -0.00007
198680.878 0.00190 -0.00087 -0.00035
198680.882 0.00227 -0.00106 -0.00014
198680.886 0.00101 -0.00112 -0.00023
198680.891 0.00143 -0.00066 -0.00056
198680.894 0.00094 -0.00147 -0.00019
198680.898 0.00141 -0.00091 0.00065
198680.902 0.00108 -0.00077 0.00012
198680.906 0.00099 -0.00209 -0.00061
198680.910 0.00068 -0.00154 -0.00051
198680.914 0.00134 -0.00213 -0.00063
198680.918 -0.00026 -0.00124 -0.00080
198680.922 0.00003 -0.00086 -0.00010
198680.926 0.00073 0.00028 0.00052
198680.930 0.00045 0.00014 -0.00021
198680.934 0.00098 0.00009 -0.00024
198680.938 0.00157 0.00009 0.00079
198680.942 0.00279 0.00023 0.00105
198680.946 0.00190 -0.00061 -0.00021
198680.950 0.00091 -0.00099 -0.00099
198680.954 0.00019 -0.00003 -0.00075
198680.958 0.00047 0.00019 -0.00009
198680.962 -0.00005 -0.00079 -0.00127
198680.966 0.00040 -0.00073 -0.00023
198680.970 0.00066 -0.00058 -0.00010
198680.974 0.00059 -0.00113 -0.00052
198680.978 0.00103 -0.00098 0.00026
198680.982 0.00113 -0.00169 0.00002
198680.986 -0.00002 -0.00143 -0.00033
198680.990 0.00070 -0.00075 0.00077
198680.994 0.00014 -0.00164 0.00105
198680.998 0.00059 -0.00187 0.00082
198681.002 0.00208 -0.00101 -0.00042
198681.006 0.00126 -0.00169 -0.00030
198681.010 0.00044 -0.00082 0.00016
198681.014 0.00113 -0.00014 -0.00089
198681.018 0.00161 0.00031 0.00031
198681.022 0.00129 -0.00089 0.00003
198681.026 0.00075 -0.00197 -0.00063
198681.030 0.00016 -0.00089 -0.00051
198681.034 0.00045 -0.00122 -0.00002
198681.038 0.00038 -0.00054 0.00038
198681.042 0.00051 -0.00264 -0.00084
198681.046 0.00040 -0.00106 -0.00026
198681.050 0.00082 -0.00216 -0.00086
198681.054 0.00122 -0.00201 -0.00026
198681.058 0.00044 -0.00061 -0.00056
198681.062 0.00082 -0.00009 -0.00065
198681.066 0.00199 -0.00010 0.00038
198681.070 0.00199 0.00033 -0.00009
198681.074 0.00108 0.00044 0.00007
198681.078 0.00204 0.00002 -0.00002
198681.082 0.00201 -0.00098 -0.00065
198681.086 0.00124 -0.00079 -0.00051
198681.090 0.00103 -0.00119 -0.00168
198681.094 0.00099 -0.00099 -0.00093
198681.098 0.00127 -0.00140 -0.00028
198681.102 0.00134 -0.00180 -0.00058
198681.106 0.00122 -0.00054 0.00070
198681.110 0.00000 -0.00113 0.00028
198681.114 -0.00017 -0.00082 -0.00056
198681.118 0.00037 -0.00134 -0.00035
198681.122 0.00096 -0.00028 0.00061
198681.126 0.00141 -0.00195 0.00010
198681.130 0.00140 -0.00119 -0.00016
198681.134 0.00154 -0.00084 -0.00023
198681.138 0.00021 -0.00106 0.00003
198681.142 0.00061 -0.00187 0.00040
198681.146 0.00028 -0.00101 -0.00054
198681.150 0.00154 -0.00215 -0.00063
198681.154 0.00187 -0.00169 -0.00126
198681.158 0.00211 -0.00068 -0.00068
198681.162 0.00173 -0.00040 -0.00052
198681.166 0.00147 -0.00049 -0.00031
198681.170 0.00065 -0.00141 -0.00012
198681.174 0.00089 -0.00105 -0.00037
198681.178 0.00155 0.00009 0.00014
198681.182 0.00157 -0.00110 0.00014
198681.186 0.00127 -0.00113 0.00012
198681.190 0.00030 -0.00068 -0.00061
198681.194 0.00079 -0.00086 -0.00080
198681.198 0.00063 -0.00075 0.00003
198681.202 0.00087 -0.00103 0.00026
198681.206 0.00080 -0.00080 -0.00012
198681.210 0.00063 -0.00089 0.00080
198681.214 0.00012 -0.00031 0.00031
198681.218 0.00045 -0.00136 -0.00010
198681.222 0.00052 -0.00059 0.00021
198681.226 0.00176 -0.00175 -0.00058
198681.230 0.00178 -0.00220 -0.00110
198681.234 0.00162 -0.00051 -0.00017
198681.239 0.00159 -0.00112 -0.00009
198681.242 0.00098 -0.00157 -0.00021
198681.246 0.00066 -0.00094 0.00049
198681.250 0.00000 -0.00124 -0.00007
198681.254 0.00117 -0.00086 0.00082
198681.258 0.00117 -0.00195 0.00091
198681.262 0.00192 -0.00194 0.00033
198681.266 0.00197 -0.00134 0.00017
198681.270 0.00183 -0.00117 0.00075
198681.274 0.00150 0.00003 -0.00030
198681.278 0.00155 -0.00066 -0.00026
198681.282 0.00112 -0.00010 0.00002
198681.286 0.00192 0.00003 0.00024
198681.290 0.00241 -0.00023 0.00031
198681.294 0.00134 0.00014 0.00033
198681.298 0.00077 -0.00019 0.00033
198681.302 0.00061 -0.00028 0.00108
198681.306 -0.00061 0.00044 0.00113
198681.310 0.00010 -0.00058 0.00024
198681.314 0.00030 -0.00023 -0.00012
198681.318 0.00035 -0.00044 -0.00052
198681.322 0.00065 -0.00126 -0.00093
198681.326 0.00194 -0.00040 -0.00014
198681.330 0.00183 -0.00124 0.00037
198681.334 0.00180 -0.00010 -0.00009
198681.338 0.00223 -0.00147 -0.00052
198681.342 0.00131 -0.00061 0.00010
198681.346 0.00105 -0.00145 -0.00152
198681.350 0.00175 -0.00091 0.00000
198681.354 0.00147 -0.00031 -0.00019
198681.358 0.00140 -0.00106 -0.00113
198681.362 0.00049 0.00007 -0.00065
198681.366 0.00143 -0.00051 0.00037
198681.370 0.00035 -0.00112 0.00080
198681.374 0.00065 -0.00143 0.00000
198681.378 0.00073 0.00028 -0.00033
198681.382 0.00091 -0.00030 -0.00042
198681.386 0.00155 -0.00061 -0.00045
198681.390 0.00173 -0.00038 0.00012
198681.394 0.00192 -0.00169 0.00012
198681.398 0.00152 -0.00098 -0.00030
198681.402 0.00141 -0.00065 -0.00042
198681.406 0.00124 0.00003 -0.00059
198681.410 0.00119 -0.00007 -0.00035
198681.414 0.00117 -0.00056 -0.00073
198681.418 0.00147 -0.00023 -0.00038
198681.422 0.00126 -0.00030 -0.00089
198681.426 0.00044 -0.00150 -0.00073
198681.430 0.00127 -0.00122 -0.00038
198681.434 0.00091 -0.00206 0.00030
198681.438 0.00126 -0.00122 -0.00026
198681.442 0.00105 -0.00070 0.00047
198681.446 0.00143 -0.00176 -0.00052
198681.450 0.00110 -0.00250 -0.00154
198681.454 0.00161 -0.00314 -0.00075
198681.458 0.00159 -0.00075 0.00035
198681.462 0.00188 -0.00044 0.00049
198681.466 0.00302 -0.00079 0.00023
198681.470 0.00134 -0.00119 0.00045
198681.474 0.00136 -0.00070 -0.00157
198681.478 0.00183 -0.00147 -0.00136
198681.482 0.00105 -0.00213 0.00019
198681.486 0.00098 -0.00033 0.00120
198681.490 0.00037 -0.00002 0.00101
198681.494 0.00096 0.00005 0.00066
198681.498 -0.00037 -0.00141 -0.00093
198681.502 0.00061 -0.00150 -0.00028
198681.506 0.00028 -0.00017 -0.00012
198681.510 -0.00040 -0.00087 -0.00037
198681.514 -0.00044 0.00058 0.00000
198681.518 0.00059 0.00157 -0.00019
198681.522 0.00058 -0.00026 0.00003
198681.526 0.00192 -0.00091 -0.00047
198681.530 0.00106 -0.00122 -0.00136
198681.534 0.00175 -0.00010 -0.00010
198681.538 0.00222 -0.00115 -0.00007
198681.542 0.00161 -0.00024 0.00007
198681.546 0.00204 -0.00030 -0.00077
198681.550 0.00260 -0.00166 -0.00115
198681.554 0.00185 -0.00187 -0.00124
198681.558 -0.00028 -0.00087 0.00023
198681.562 -0.00086 -0.00106 -0.00073
198681.566 0.00049 -0.00141 -0.00054
198681.570 0.00084 -0.00091 -0.00199
198681.574 0.00049 -0.00197 0.00017
198681.578 0.00099 -0.00059 0.00089
198681.582 0.00082 -0.00054 0.00017
198681.586 0.00290 0.00007 -0.00014
198681.591 0.00133 -0.00005 0.00021
198681.593 0.00227 -0.00115 -0.00014
198681.598 0.00131 0.00005 -0.00023
198681.602 0.00105 0.00082 0.00003
198681.606 0.00234 0.00058 -0.00003
198681.610 0.00178 -0.00038 -0.00005
198681.614 0.00117 -0.00003 0.00038
198681.618 0.00087 -0.00054 0.00051
198681.622 0.00080 -0.00098 0.00007
198681.626 0.00138 -0.00154 -0.00106
198681.630 0.00152 -0.00154 -0.00033
198681.634 0.00187 -0.00138 0.00002
198681.638 0.00166 -0.00180 -0.00049
198681.642 0.00115 -0.00147 0.00026
198681.646 0.00040 -0.00091 -0.00058
198681.650 0.00037 -0.00002 0.00084
198681.654 0.00037 -0.00009 0.00047
198681.658 0.00051 -0.00040 0.00082
198681.662 0.00086 -0.00110 -0.00012
198681.666 0.00124 -0.00021 -0.00127
198681.670 0.00103 0.00000 0.00051
198681.674 0.00175 0.00096 0.00068
198681.678 0.00117 0.00091 0.00117
198681.682 0.00058 -0.00044 0.00024
198681.686 -0.00017 -0.00035 -0.00012
198681.690 -0.00068 -0.00031 0.00096
198681.694 -0.00065 -0.00061 0.00094
198681.698 -0.00079 -0.00113 -0.00038
198681.702 -0.00038 -0.00204 -0.00105
198681.706 0.00077 -0.00091 -0.00031
198681.710 0.00152 -0.00031 0.00002
198681.714 0.00155 0.00012 0.00024
198681.718 0.00173 -0.00065 -0.00012
198681.722 0.00192 -0.00070 -0.00068
198681.726 0.00106 -0.00101 0.00052
198681.730 0.00099 -0.00110 -0.00110
198681.734 0.00127 -0.00157 -0.00108
198681.738 0.00075 -0.00124 -0.00017
198681.742 0.00061 -0.00056 0.00035
198681.746 0.00058 -0.00023 0.00169
198681.750 -0.00017 -0.00059 0.00054
198681.754 0.00096 -0.00084 0.00023
198681.758 0.00082 0.00014 0.00045
198681.762 0.00138 -0.00079 -0.00082
198681.766 0.00077 0.00045 -0.00086
198681.770 0.00152 -0.00208 -0.00101
198681.774 0.00171 -0.00182 0.00044
198681.778 0.00147 -0.00147 0.00021
198681.782 0.00140 -0.00272 -0.00028
198681.786 0.00183 -0.00140 -0.00058
198681.790 0.00120 -0.00164 -0.00094
198681.794 0.00058 -0.00096 0.00030
198681.798 0.00192 -0.00169 -0.00131
198681.802 0.00061 -0.00127 -0.00023
198681.806 0.00012 -0.00026 0.00017
198681.810 0.00014 0.00000 0.00089
198681.814 0.00091 0.00035 0.00154
198681.818 0.00051 -0.00014 0.00035
198681.822 0.00084 -0.00012 0.00094
198681.826 0.00108 -0.00131 -0.00038
198681.830 0.00070 -0.00058 -0.00089
198681.834 0.00150 -0.00023 -0.00042
198681.838 -0.00023 -0.00089 0.00000
198681.842 0.00035 -0.00061 0.00115
198681.846 0.00080 -0.00131 0.00024
198681.850 0.00138 -0.00147 0.00002
198681.854 0.00077 -0.00138 0.00040
198681.858 0.00182 -0.00134 -0.00009
198681.862 0.00209 -0.00012 -0.00082
198681.866 0.00112 -0.00101 -0.00086
198681.870 0.00176 -0.00110 0.00002
198681.874 0.00133 -0.00037 -0.00017
198681.878 0.00122 -0.00063 0.00019
198681.882 0.00119 -0.00145 0.00045
198681.886 0.00058 -0.00061 0.00021
198681.890 0.00056 -0.00038 0.00120
198681.894 0.00192 -0.00094 0.00042
198681.898 0.00211 -0.00033 0.00065
198681.902 0.00187 -0.00031 0.00042
198681.906 0.00166 -0.00002 0.00021
198681.910 0.00190 0.00019 0.00120
198681.914 0.00122 -0.00017 -0.00031
198681.918 0.00134 -0.00012 -0.00073
198681.922 0.00136 -0.00147 -0.00068
198681.926 0.00093 -0.00077 0.00082
198681.930 0.00096 -0.00073 0.00047
198681.934 0.00157 -0.00087 0.00096
198681.939 0.00143 -0.00061 -0.00009
198681.942 0.00154 -0.00070 -0.00037
198681.946 0.00127 -0.00072 -0.00119
198681.950 0.00044 -0.00042 -0.00096
198681.954 0.00068 -0.00079 0.00030
198681.958 0.00180 -0.00059 0.00093
198681.962 0.00164 -0.00113 -0.00040
198681.966 0.00175 -0.00098 -0.00014
198681.970 0.00147 -0.00154 -0.00038
198681.974 0.00094 -0.00154 -0.00030
198681.978 0.00201 -0.00108 0.00017
198681.982 0.00215 -0.00082 -0.00030
198681.986 0.00173 -0.00030 -0.00012
198681.990 0.00072 -0.00091 0.00051
198681.994 0.00075 -0.00077 0.00009
198681.998 0.00120 -0.00014 -0.00031
198682.002 0.00209 0.00047 -0.00028
198682.006 0.00112 -0.00026 0.00017
198682.010 0.00056 0.00000 -0.00134
198682.014 0.00131 -0.00009 -0.00204
198682.018 0.00045 -0.00161 -0.00103
198682.022 0.00054 -0.00110 -0.00045
198682.026 0.00161 -0.00007 -0.00077
198682.030 0.00159 -0.00115 -0.00038
198682.034 0.00127 -0.00084 0.00073
198682.038 0.00105 -0.00016 0.00044
198682.042 0.00113 -0.00056 0.00096
198682.046 0.00056 -0.00084 0.00065
198682.050 0.00072 -0.00120 0.00026
198682.054 0.00120 0.00003 0.00002
198682.058 0.00028 -0.00112 -0.00049
198682.062 0.00049 -0.00068 -0.00077
198682.066 0.00054 -0.00040 -0.00084
198682.070 0.00056 -0.00124 -0.00026
198682.074 0.00010 -0.00026 -0.00026
198682.078 0.00075 -0.00120 -0.00026
198682.082 0.00122 -0.00038 -0.00056
198682.086 0.00058 -0.00138 -0.00108
198682.090 0.00072 -0.00014 -0.00003
198682.094 0.00061 -0.00026 -0.00035
198682.098 0.00028 -0.00091 0.00045
198682.102 0.00033 -0.00168 0.00021
198682.106 0.00051 -0.00021 0.00105
198682.110 0.00129 -0.00014 0.00037
198682.114 0.00091 -0.00012 -0.00038
198682.118 0.00171 -0.00101 -0.00075
198682.122 0.00086 -0.00094 -0.00113
198682.126 0.00065 -0.00122 -0.00110
198682.130 0.00044 0.00003 -0.00093
198682.134 0.00173 0.00037 0.00030
198682.138 0.00147 -0.00012 0.00002
198682.142 0.00065 -0.00117 -0.00017
198682.146 0.00012 0.00019 0.00065
198682.150 0.00136 0.00010 0.00026
198682.154 0.00138 -0.00019 0.00017
198682.158 0.00138 -0.00103 -0.00105
198682.162 0.00138 -0.00110 -0.00061
198682.166 0.00047 -0.00157 -0.00035
198682.170 0.00024 -0.00185 -0.00073
198682.174 -0.00086 -0.00056 -0.00009
198682.178 0.00079 -0.00023 0.00037
198682.182 0.00227 -0.00044 0.00035
198682.186 0.00281 -0.00035 -0.00010
198682.190 0.00190 -0.00047 0.00066
198682.194 0.00166 0.00009 -0.00002
198682.198 0.00161 -0.00051 0.00070
198682.202 0.00159 0.00037 0.00073
198682.206 0.00068 0.00061 0.00164
198682.210 0.00075 -0.00098 0.00127
198682.214 0.00136 -0.00244 0.00028
198682.218 0.00047 -0.00147 0.00047
198682.222 0.00054 -0.00152 0.00068
198682.226 0.00072 -0.00063 -0.00091
198682.230 0.00075 -0.00115 -0.00134
198682.234 0.00122 -0.00204 -0.00129
198682.238 0.00178 -0.00106 0.00005
198682.242 0.00208 0.00023 -0.00031
198682.246 0.00201 -0.00016 -0.00087
198682.250 0.00124 0.00002 -0.00012
198682.254 -0.00030 0.00005 0.00037
198682.258 0.00093 0.00007 0.00035
198682.262 0.00051 -0.00035 0.00063
198682.266 0.00009 -0.00093 -0.00047
198682.270 0.00150 -0.00017 -0.00017
198682.274 0.00080 -0.00028 -0.00009
198682.278 0.00108 0.00012 -0.00007
198682.282 -0.00019 0.00009 0.00023
198682.286 0.00112 -0.00035 -0.00087
198682.291 0.00161 -0.00183 -0.00072
198682.294 0.00023 -0.00101 -0.00052
198682.298 0.00033 -0.00065 -0.00003
198682.302 0.00080 -0.00040 0.00023
198682.306 0.00108 -0.00065 0.00031
198682.310 0.00236 0.00033 -0.00010
198682.314 0.00133 0.00075 0.00066
198682.318 0.00136 -0.00079 -0.00047
198682.322 0.00168 -0.00044 -0.00045
198682.326 0.00129 -0.00110 -0.00016
198682.330 0.00106 -0.00066 -0.00038
198682.334 0.00113 -0.00026 0.00030
198682.338 0.00101 -0.00045 0.00077
198682.342 0.00052 -0.00065 0.00000
198682.346 0.00070 -0.00070 0.00040
198682.350 0.00120 0.00031 -0.00038
198682.354 0.00148 -0.00075 -0.00014
198682.358 0.00065 -0.00103 -0.00052
198682.362 0.00148 0.00024 -0.00003
198682.366 0.00155 -0.00016 -0.00035
198682.370 0.00112 -0.00103 -0.00044
198682.374 0.00101 -0.00080 -0.00030
198682.378 0.00098 0.00061 0.00016
198682.382 0.00098 -0.00038 0.00014
198682.386 0.00127 -0.00047 0.00044
198682.390 0.00105 -0.00051 -0.00082
198682.394 0.00084 -0.00051 -0.00070
198682.398 0.00093 -0.00021 0.00005
198682.402 0.00171 0.00045 0.00012
198682.406 0.00086 -0.00131 -0.00045
198682.410 0.00065 -0.00194 -0.00077
198682.414 0.00044 -0.00209 -0.00024
198682.418 0.00068 -0.00063 -0.00101
198682.422 0.00119 -0.00040 -0.00106
198682.426 0.00133 0.00010 -0.00122
198682.430 0.00211 -0.00035 -0.00066
198682.434 0.00112 -0.00093 -0.00037
198682.438 0.00147 -0.00077 0.00014
198682.442 0.00244 -0.00089 -0.00105
198682.446 0.00120 -0.00122 -0.00047
198682.450 0.00058 -0.00040 0.00028
198682.454 0.00087 0.00040 -0.00026
198682.458 0.00094 -0.00058 0.00017
198682.462 0.00051 -0.00023 0.00044
198682.466 0.00070 0.00045 0.00066
198682.470 0.00030 -0.00042 0.00026
198682.474 0.00094 -0.00155 0.00002
198682.478 0.00112 -0.00063 0.00056
198682.482 0.00056 -0.00099 0.00038
198682.486 0.00101 -0.00185 0.00005
198682.490 0.00084 -0.00208 -0.00063
198682.494 0.00063 -0.00152 0.00084
198682.498 0.00208 -0.00093 -0.00072
198682.502 0.00171 -0.00154 0.00021
198682.506 0.00072 -0.00124 0.00016
198682.510 0.00150 -0.00265 0.00028
198682.514 0.00096 -0.00168 0.00063
198682.518 0.00126 -0.00066 -0.00033
198682.522 0.00150 -0.00072 -0.00028
198682.526 0.00035 -0.00056 0.00002
198682.530 0.00096 -0.00054 0.00070
198682.534 0.00066 0.00052 0.00028
198682.538 0.00105 -0.00129 0.00047
198682.542 0.00068 -0.00162 -0.00021
198682.546 0.00059 0.00052 0.00033
198682.550 0.00058 -0.00070 0.00003
198682.554 0.00131 -0.00042 -0.00002
198682.558 0.00166 -0.00065 -0.00066
198682.562 0.00175 -0.00099 0.00068
198682.566 0.00148 -0.00019 0.00103
198682.570 0.00201 -0.00028 0.00051
198682.574 0.00183 -0.00091 0.00023
198682.578 0.00180 -0.00093 0.00075
198682.582 0.00103 -0.00077 0.00105
198682.586 0.00052 -0.00073 -0.00007
198682.590 0.00040 -0.00162 -0.00005
198682.594 -0.00007 -0.00051 0.00007
198682.598 0.00054 -0.00037 0.00026
198682.602 -0.00033 -0.00002 0.00031
198682.606 0.00002 0.00035 0.00079
198682.610 0.00103 0.00045 0.00030
198682.614 0.00084 -0.00162 0.00017
198682.618 0.00047 -0.00171 0.00105
198682.622 0.00159 -0.00159 -0.00021
198682.626 0.00159 -0.00094 0.00049
198682.630 0.00127 -0.00108 -0.00007
198682.634 0.00105 0.00023 0.00023
198682.639 0.00159 -0.00047 -0.00028
198682.642 0.00173 -0.00035 0.00016
198682.646 0.00087 -0.00017 -0.00030
198682.650 0.00003 0.00002 -0.00026
198682.654 0.00028 0.00005 -0.00010
198682.658 -0.00024 0.00037 -0.00023
198682.662 -0.00038 0.00077 0.00079
198682.666 -0.00012 -0.00063 0.00016
198682.670 0.00052 -0.00115 -0.00014
198682.674 0.00147 -0.00129 -0.00007
198682.678 0.00049 -0.00176 0.00037
198682.682 0.00070 -0.00190 -0.00070
198682.686 0.00120 -0.00058 -0.00098
198682.690 0.00000 -0.00279 -0.00075
198682.694 0.00101 -0.00216 0.00003
198682.698 0.00113 0.00040 0.00010
198682.702 0.00117 -0.00058 -0.00061
198682.706 0.00162 -0.00113 -0.00005
198682.710 0.00220 0.00051 0.00082
198682.714 0.00188 -0.00009 0.00017
198682.718 0.00077 -0.00117 0.00000
198682.722 0.00136 -0.00038 -0.00033
198682.726 0.00106 -0.00138 0.00016
198682.730 0.00040 -0.00030 0.00059
198682.734 0.00052 -0.00031 -0.00049
198682.738 0.00131 -0.00152 -0.00106
198682.742 0.00120 -0.00138 0.00026
198682.746 0.00119 -0.00209 0.00031
198682.750 0.00117 -0.00138 -0.00056
198682.754 0.00162 -0.00119 -0.00003
198682.758 0.00129 -0.00054 -0.00019
198682.762 0.00195 -0.00068 -0.00054
198682.766 0.00122 -0.00040 -0.00033
198682.770 0.00044 -0.00079 -0.00073
198682.774 0.00038 -0.00014 0.00035
198682.778 0.00096 -0.00101 -0.00009
198682.782 0.00066 -0.00080 -0.00052
198682.786 0.00059 -0.00030 -0.00033
198682.790 0.00026 -0.00045 -0.00073
198682.794 0.00033 -0.00051 -0.00023
198682.798 0.00066 -0.00007 0.00063
198682.802 0.00028 -0.00145 0.00042
198682.806 0.00110 -0.00168 -0.00113
198682.810 0.00220 -0.00037 -0.00003
198682.814 0.00190 -0.00197 0.00009
198682.818 0.00182 -0.00014 0.00042
198682.822 0.00223 0.00093 0.00021
198682.826 0.00131 -0.00044 -0.00044
198682.830 0.00136 -0.00065 -0.00016
198682.834 0.00091 0.00019 0.00035
198682.838 0.00126 -0.00017 0.00049
198682.842 0.00150 -0.00073 0.00068
198682.846 0.00232 -0.00042 0.00058
198682.850 0.00147 -0.00049 0.00054
198682.854 0.00080 -0.00066 0.00024
198682.858 0.00138 -0.00056 0.00002
198682.862 0.00154 0.00021 -0.00033
198682.866 0.00096 -0.00063 0.00000
198682.870 0.00112 -0.00175 0.00024
198682.874 0.00131 -0.00143 0.00031
198682.878 -0.00028 -0.00136 -0.00042
198682.882 0.00049 -0.00073 -0.00014
198682.886 0.00084 -0.00133 -0.00068
198682.890 0.00063 -0.00133 -0.00082
198682.894 0.00073 -0.00178 -0.00086
198682.898 0.00136 -0.00054 -0.00012
198682.902 0.00122 0.00005 -0.00098
198682.906 0.00103 0.00038 -0.00030
198682.910 -0.00065 -0.00148 -0.00117
198682.914 -0.00005 -0.00106 0.00068
198682.918 0.00145 -0.00037 0.00058
198682.922 0.00126 -0.00003 0.00054
198682.926 0.00044 -0.00068 -0.00035
198682.930 -0.00005 -0.00117 0.00030
198682.934 0.00070 -0.00145 -0.00010
198682.938 0.00075 -0.00241 -0.00021
198682.942 0.00136 -0.00161 -0.00056
198682.946 0.00047 -0.00141 0.00086
198682.950 0.00084 -0.00180 -0.00087
198682.954 0.00108 0.00003 -0.00012
198682.958 0.00070 -0.00127 0.00052
198682.962 0.00150 -0.00162 -0.00021
198682.966 0.00187 -0.00051 -0.00009
198682.970 0.00120 -0.00037 -0.00007
198682.974 0.00087 0.00086 0.00007
198682.978 0.00049 -0.00030 -0.00093
198682.982 0.00070 -0.00122 -0.00134
198682.986 0.00180 -0.00145 -0.00099
198682.991 0.00178 -0.00152 -0.00075
198682.994 0.00103 -0.00002 -0.00068
198682.998 0.00068 -0.00023 -0.00052
198683.002 0.00134 -0.00045 0.00131
198683.006 0.00093 -0.00080 0.00000
198683.010 0.00141 -0.00134 0.00024
198683.014 0.00124 -0.00073 0.00002
198683.018 0.00164 -0.00087 0.00024
198683.022 0.00129 -0.00227 -0.00012
198683.026 0.00241 -0.00052 -0.00052
198683.030 0.00180 -0.00021 -0.00017
198683.034 0.00194 -0.00014 0.00005
198683.038 0.00243 -0.00087 0.00056
198683.042 0.00195 -0.00106 0.00070
198683.046 0.00108 -0.00141 -0.00075
198683.050 0.00099 -0.00105 -0.00038
198683.054 0.00113 -0.00065 0.00030
198683.058 0.00040 -0.00147 -0.00010
198683.062 0.00023 -0.00016 0.00037
198683.066 0.00063 0.00061 0.00019
198683.070 0.00089 -0.00021 -0.00028
198683.074 0.00124 -0.00164 0.00016
198683.078 0.00164 -0.00171 0.00014
198683.082 0.00159 -0.00098 -0.00045
198683.086 0.00264 -0.00110 -0.00031
198683.090 0.00185 -0.00037 -0.00026
198683.094 0.00166 -0.00017 -0.00072
198683.098 0.00190 -0.00042 0.00051
198683.102 0.00120 0.00009 0.00068
198683.106 0.00089 -0.00141 0.00012
198683.110 0.00140 -0.00059 0.00044
198683.114 0.00124 -0.00009 0.00037
198683.118 0.00030 -0.00070 0.00033
198683.122 0.00019 0.00002 0.00079
198683.126 0.00016 -0.00157 0.00016
198683.130 -0.00012 -0.00155 0.00103
198683.134 0.00084 -0.00124 0.00052
198683.138 0.00063 -0.00040 0.00054
198683.142 -0.00031 -0.00033 -0.00110
198683.146 0.00079 0.00147 -0.00033
198683.150 0.00138 -0.00014 -0.00028
198683.154 0.00122 -0.00237 -0.00026
198683.158 0.00164 -0.00206 -0.00026
198683.162 0.00145 -0.00122 0.00002
198683.166 0.00079 0.00003 0.00040
198683.170 0.00031 -0.00066 -0.00009
198683.174 0.00035 -0.00086 -0.00005
198683.178 -0.00023 0.00000 0.00007
198683.182 -0.00024 0.00019 -0.00031
198683.186 0.00080 0.00072 0.00031
198683.190 0.00047 0.00009 0.00093
198683.194 0.00113 -0.00051 0.00035
198683.198 0.00101 -0.00005 0.00017
198683.202 0.00188 -0.00190 0.00000
198683.206 0.00195 -0.00012 -0.00019
198683.210 0.00047 -0.00072 -0.00024
198683.214 0.00023 -0.00101 0.00017
198683.218 0.00017 -0.00126 -0.00089
198683.222 0.00045 -0.00101 -0.00028
198683.226 0.00068 -0.00049 0.00033
198683.230 0.00105 -0.00096 0.00017
198683.234 0.00129 -0.00003 -0.00030
198683.238 0.00150 -0.00099 -0.00026
198683.242 0.00171 -0.00110 -0.00072
198683.246 0.00026 -0.00098 -0.00038
198683.250 0.00033 -0.00003 0.00000
198683.254 0.00065 0.00051 0.00009
198683.258 0.00000 -0.00115 -0.00002
198683.262 0.00147 -0.00068 -0.00019
198683.266 0.00110 0.00033 0.00049
198683.270 0.00190 -0.00089 0.00068
198683.274 0.00091 -0.00093 0.00028
198683.278 0.00051 -0.00152 -0.00012
198683.282 0.00099 -0.00049 0.00051
198683.286 0.00188 -0.00051 -0.00021
198683.290 0.00120 -0.00096 -0.00054
198683.294 0.00058 -0.00094 -0.00065
198683.298 0.00117 -0.00093 -0.00005
198683.302 0.00133 -0.00047 0.00023
198683.306 0.00120 0.00113 0.00000
198683.310 0.00148 0.00005 0.00070
198683.314 0.00096 0.00037 -0.00030
198683.318 -0.00007 0.00045 0.00047
198683.322 0.00070 0.00047 0.00112
198683.326 0.00059 0.00017 0.00024
198683.330 0.00087 -0.00124 -0.00073
198683.334 0.00199 -0.00206 -0.00098
198683.339 0.00154 -0.00031 -0.00091
198683.342 0.00157 -0.00016 0.00016
198683.346 0.00143 -0.00012 0.00044
198683.350 0.00079 -0.00147 0.00037
198683.354 0.00017 -0.00047 0.00019
198683.358 0.00120 -0.00096 0.00075
198683.362 0.00164 -0.00093 0.00089
198683.366 0.00129 -0.00017 0.00047
198683.370 0.00045 -0.00073 -0.00021
198683.374 -0.00021 -0.00058 0.00017
198683.378 0.00096 -0.00023 -0.00028
198683.382 0.00202 0.00000 0.00031
198683.386 0.00155 0.00021 0.00094
198683.390 0.00037 -0.00017 0.00049
198683.394 0.00080 -0.00058 0.00113
198683.398 0.00003 -0.00143 -0.00080
198683.402 0.00133 -0.00061 -0.00056
198683.406 0.00122 -0.00145 0.00010
198683.410 -0.00045 -0.00120 -0.00061
198683.414 -0.00045 0.00003 0.00038
198683.418 0.00059 -0.00082 -0.00068
198683.422 0.00117 -0.00120 -0.00068
198683.426 0.00147 0.00019 0.00052
198683.430 -0.00009 -0.00063 -0.00065
198683.434 -0.00005 -0.00024 0.00023
198683.438 0.00131 0.00000 -0.00044
198683.442 0.00106 -0.00098 0.00012
198683.446 0.00084 0.00024 -0.00016
198683.450 0.00124 -0.00061 0.00035
198683.454 0.00148 -0.00024 0.00019
198683.458 0.00096 0.00000 0.00089
198683.462 0.00051 -0.00007 -0.00070
198683.466 0.00024 -0.00056 -0.00038
198683.470 0.00108 -0.00098 -0.00089
198683.474 0.00311 -0.00033 0.00000
198683.478 0.00154 -0.00168 0.00056
198683.482 0.00126 -0.00037 0.00024
198683.486 0.00150 -0.00077 0.00045
198683.490 0.00080 -0.00239 -0.00112
198683.494 0.00213 0.00003 -0.00079
198683.498 0.00127 -0.00037 -0.00054
198683.502 -0.00028 -0.00108 0.00024
198683.506 0.00108 -0.00052 -0.00058
198683.510 0.00145 -0.00021 0.00009
198683.514 0.00079 0.00014 0.00058
198683.518 0.00108 -0.00017 0.00024
198683.522 0.00070 -0.00058 0.00045
198683.526 0.00044 -0.00099 0.00037
198683.530 0.00068 0.00040 0.00049
198683.534 0.00134 -0.00087 -0.00080
198683.538 0.00168 -0.00061 0.00017
198683.542 0.00131 0.00019 0.00000
198683.546 0.00075 -0.00154 0.00038
198683.550 0.00106 -0.00140 0.00035
198683.554 0.00159 -0.00105 0.00003
198683.558 0.00098 -0.00216 -0.00063
198683.562 0.00127 0.00038 -0.00171
198683.566 0.00195 -0.00058 -0.00065
198683.570 0.00122 -0.00113 -0.00021
198683.574 0.00239 -0.00038 0.00003
198683.578 0.00059 -0.00138 -0.00002
198683.582 -0.00002 -0.00180 -0.00065
198683.586 0.00147 -0.00101 0.00023
198683.590 0.00155 -0.00199 -0.00012
198683.594 0.00066 -0.00227 -0.00068
198683.598 0.00105 0.00037 0.00096
198683.602 0.00159 -0.00103 0.00051
198683.606 0.00173 -0.00021 0.00052
198683.610 0.00176 0.00030 0.00038
198683.614 0.00103 -0.00089 0.00080
198683.618 0.00143 -0.00077 -0.00012
198683.622 0.00185 0.00045 -0.00007
198683.626 0.00089 -0.00056 -0.00005
198683.630 0.00065 0.00080 0.00052
198683.634 0.00164 0.00026 0.00038
198683.638 0.00084 0.00028 0.00019
198683.642 0.00049 0.00073 0.00059
198683.646 0.00024 0.00024 0.00024
198683.650 -0.00040 -0.00016 0.00031
198683.654 0.00061 0.00000 0.00079
198683.658 -0.00045 -0.00143 0.00045
198683.662 -0.00016 -0.00182 -0.00021
198683.666 0.00037 0.00003 -0.00086
198683.670 -0.00007 -0.00112 0.00002
198683.674 -0.00035 -0.00023 -0.00017
198683.678 0.00213 0.00016 -0.00024
198683.682 0.00141 -0.00185 0.00079
198683.686 0.00094 -0.00101 0.00030
198683.691 0.00066 -0.00049 0.00017
198683.694 0.00044 -0.00112 0.00075
198683.698 0.00218 0.00037 0.00030
198683.702 0.00145 0.00016 0.00047
198683.706 0.00079 0.00024 -0.00037
198683.710 0.00243 -0.00077 0.00014
198683.714 0.00255 -0.00148 0.00014
198683.718 0.00108 -0.00002 0.00103
198683.722 0.00206 -0.00009 0.00082
198683.726 0.00080 -0.00145 -0.00028
198683.730 0.00077 -0.00122 -0.00026
198683.734 0.00152 -0.00009 -0.00087
198683.738 0.00021 -0.00237 -0.00087
198683.742 0.00168 0.00003 -0.00026
198683.746 0.00222 -0.00037 -0.00133
198683.750 0.00024 -0.00124 0.00051
198683.754 0.00093 0.00033 0.00113
198683.758 0.00096 -0.00014 0.00038
198683.762 0.00066 -0.00087 -0.00023
198683.766 0.00164 0.00073 0.00079
198683.770 0.00161 -0.00079 0.00016
198683.774 0.00038 -0.00119 -0.00016
198683.778 0.00127 0.00019 0.00021
198683.782 0.00089 -0.00152 0.00000
198683.786 0.00080 -0.00079 -0.00079
198683.790 0.00093 -0.00073 -0.00145
198683.794 0.00005 -0.00208 -0.00162
198683.798 0.00133 0.00026 -0.00077
198683.802 0.00077 -0.00106 -0.00038
198683.806 0.00031 -0.00051 0.00014
198683.810 0.00126 0.00143 0.00014
198683.814 0.00164 -0.00120 -0.00105
198683.818 0.00129 -0.00161 -0.00031
198683.822 0.00257 -0.00110 -0.00058
198683.826 0.00049 -0.00173 -0.00079
198683.830 0.00038 -0.00068 -0.00070
198683.834 0.00141 -0.00010 0.00051
198683.838 0.00079 -0.00131 0.00084
198683.842 0.00093 -0.00028 0.00047
198683.846 -0.00023 -0.00105 0.00007
198683.850 0.00035 -0.00082 0.00056
198683.854 0.00051 0.00105 0.00084
198683.858 0.00115 -0.00101 -0.00026
198683.862 0.00101 -0.00124 0.00017
198683.866 0.00159 -0.00086 0.00014
198683.870 0.00143 -0.00195 0.00058
198683.874 0.00063 -0.00105 -0.00019
198683.878 0.00178 -0.00155 -0.00024
198683.882 0.00089 -0.00169 -0.00010
198683.886 0.00124 -0.00112 -0.00007
198683.890 0.00089 -0.00202 -0.00051
198683.894 0.00049 -0.00077 -0.00002
198683.898 0.00054 -0.00012 0.00024
198683.902 0.00086 -0.00133 -0.00028
198683.906 0.00079 -0.00028 -0.00042
198683.910 0.00122 -0.00075 -0.00075
198683.914 0.00058 -0.00178 -0.00009
198683.918 0.00222 0.00003 -0.00007
198683.922 0.00175 -0.00066 0.00023
198683.926 0.00042 -0.00176 0.00120
198683.930 0.00173 -0.00054 0.00086
198683.934 0.00283 -0.00157 0.00047
198683.938 0.00190 -0.00124 0.00082
198683.942 0.00241 -0.00056 0.00045
198683.946 0.00166 -0.00173 -0.00096
198683.950 0.00175 -0.00068 -0.00091
198683.954 0.00162 0.00033 -0.00058
198683.958 0.00113 -0.00150 -0.00019
198683.962 0.00056 -0.00047 -0.00084
198683.966 0.00117 -0.00110 -0.00010
198683.970 0.00162 0.00021 0.00021
198683.974 0.00175 0.00072 -0.00089
198683.978 0.00026 0.00010 -0.00042
198683.982 0.00108 -0.00080 -0.00120
198683.986 0.00056 -0.00073 -0.00005
198683.990 -0.00047 -0.00012 0.00038
198683.994 -0.00016 0.00031 0.00080
198683.998 0.00127 -0.00105 0.00106
198684.002 0.00089 -0.00112 -0.00021
198684.006 0.00155 0.00037 0.00003
198684.010 0.00112 -0.00044 -0.00017
198684.014 0.00056 -0.00005 -0.00024
198684.018 0.00087 0.00065 0.00049
198684.022 0.00094 -0.00082 0.00037
198684.026 0.00246 -0.00089 0.00005
198684.030 0.00122 -0.00002 -0.00033
198684.034 0.00042 -0.00038 0.00061
198684.039 0.00082 0.00147 0.00086
198684.042 0.00033 -0.00075 0.00093
198684.046 0.00126 -0.00073 0.00019
198684.050 0.00134 -0.00042 -0.00089
198684.054 0.00061 -0.00305 -0.00103
198684.058 0.00208 -0.00117 0.00000
198684.062 0.00110 -0.00129 0.00009
198684.066 0.00099 -0.00192 -0.00031
198684.070 0.00264 -0.00058 -0.00012
198684.074 0.00246 -0.00052 0.00037
198684.078 0.00016 -0.00066 -0.00009
198684.082 0.00045 0.00017 0.00066
198684.086 0.00023 -0.00122 -0.00077
198684.090 -0.00056 -0.00070 -0.00099
198684.094 0.00056 -0.00042 0.00000
198684.098 -0.00017 -0.00199 0.00024
198684.102 0.00098 -0.00061 -0.00028
198684.106 0.00021 0.00110 0.00017
198684.110 0.00002 -0.00115 -0.00044
198684.114 0.00133 -0.00098 -0.00031
198684.118 0.00122 -0.00033 -0.00042
198684.122 0.00148 -0.00106 -0.00152
198684.126 0.00171 -0.00066 -0.00014
198684.130 0.00131 -0.00176 -0.00068
198684.134 0.00136 0.00035 -0.00007
198684.138 0.00106 -0.00073 -0.00066
198684.142 0.00115 -0.00148 0.00007
198684.146 0.00101 -0.00002 0.00072
198684.150 0.00129 -0.00127 0.00059
198684.154 0.00195 -0.00087 0.00010
198684.158 0.00154 -0.00031 -0.00077
198684.162 0.00051 -0.00031 -0.00038
198684.166 0.00086 -0.00045 -0.00044
198684.170 0.00033 -0.00021 0.00028
198684.174 0.00080 -0.00073 0.00017
198684.178 0.00108 -0.00058 0.00044
198684.182 0.00099 -0.00098 0.00037
198684.186 0.00037 -0.00003 0.00035
198684.190 0.00126 -0.00023 -0.00010
198684.194 0.00030 -0.00150 0.00052
198684.198 0.00124 -0.00077 -0.00005
198684.202 0.00225 -0.00103 -0.00065
198684.206 0.00145 -0.00126 -0.00066
198684.210 0.00215 -0.00056 -0.00037
198684.214 0.00143 -0.00127 0.00014
198684.218 0.00124 -0.00012 0.00059
198684.222 0.00134 -0.00056 0.00086
198684.226 0.00061 -0.00098 0.00047
198684.230 0.00103 -0.00094 0.00007
198684.234 0.00084 -0.00213 0.00012
198684.238 0.00063 -0.00155 -0.00016
198684.242 0.00058 -0.00154 0.00019
198684.246 -0.00017 -0.00169 0.00045
198684.250 0.00141 -0.00037 -0.00052
198684.254 0.00094 -0.00154 0.00026
198684.258 0.00037 -0.00063 -0.00026
198684.262 0.00141 0.00003 0.00077
198684.266 0.00169 -0.00021 -0.00059
198684.270 0.00176 -0.00028 -0.00035
198684.274 0.00194 -0.00016 0.00000
198684.278 0.00106 -0.00103 -0.00033
198684.282 0.00054 -0.00019 -0.00089
198684.286 0.00040 -0.00044 0.00031
198684.290 0.00141 0.00084 0.00079
198684.294 0.00185 0.00012 0.00061
198684.298 0.00075 -0.00155 -0.00124
198684.302 0.00030 -0.00019 -0.00096
198684.306 0.00155 0.00000 -0.00014
198684.310 0.00023 -0.00023 0.00035
198684.314 0.00093 0.00044 0.00079
198684.318 0.00096 -0.00072 0.00075
198684.322 0.00141 -0.00072 0.00044
198684.326 0.00124 -0.00133 -0.00023
198684.330 0.00028 -0.00162 -0.00010
198684.334 0.00049 -0.00066 -0.00037
198684.338 0.00024 -0.00024 0.00059
198684.342 -0.00010 0.00073 0.00101
198684.346 0.00068 0.00101 0.00080
198684.350 0.00180 -0.00012 0.00061
198684.354 0.00178 0.00047 0.00115
198684.358 0.00089 -0.00101 0.00070
198684.362 0.00049 -0.00094 -0.00016
198684.366 0.00145 -0.00063 -0.00023
198684.370 0.00124 -0.00099 0.00079
198684.374 0.00134 -0.00126 0.00000
198684.378 0.00106 -0.00131 -0.00049
198684.382 0.00099 -0.00223 -0.00122
198684.386 0.00264 -0.00066 -0.00127
198684.391 0.00126 -0.00101 -0.00066
198684.394 0.00105 -0.00094 -0.00023
198684.398 0.00218 0.00056 -0.00010
198684.402 0.00204 0.00051 0.00007
198684.406 0.00201 0.00003 0.00026
198684.410 -0.00010 -0.00157 -0.00012
198684.414 0.00009 0.00040 0.00112
198684.418 0.00059 0.00031 0.00024
198684.422 0.00026 -0.00059 -0.00012
198684.426 0.00093 -0.00070 -0.00038
198684.430 0.00021 -0.00056 -0.00044
198684.434 -0.00026 -0.00038 -0.00045
198684.438 0.00079 -0.00047 -0.00106
198684.442 0.00063 -0.00187 -0.00106
198684.446 0.00012 -0.00117 -0.00017
198684.450 0.00120 -0.00113 0.00019
198684.454 0.00162 -0.00218 0.00000
198684.458 0.00099 -0.00096 -0.00079
198684.462 0.00143 -0.00063 -0.00010
198684.466 0.00244 -0.00131 0.00052
198684.470 0.00286 0.00017 0.00068
198684.474 0.00192 -0.00019 0.00012
198684.478 0.00182 0.00016 -0.00091
198684.482 0.00059 -0.00169 -0.00103
198684.486 0.00072 0.00021 -0.00120
198684.490 0.00150 0.00056 -0.00082
198684.494 0.00096 -0.00084 -0.00024
198684.498 0.00171 0.00044 -0.00101
198684.502 0.00162 -0.00072 0.00012
198684.506 0.00023 -0.00042 -0.00016
198684.510 0.00138 -0.00019 0.00066
198684.514 0.00063 -0.00208 0.00012
198684.518 0.00058 -0.00079 -0.00106
198684.522 0.00087 -0.00058 -0.00002
198684.526 0.00094 -0.00204 -0.00140
198684.530 0.00157 -0.00120 -0.00026
198684.534 0.00023 -0.00145 -0.00026
198684.538 0.00138 0.00012 0.00031
198684.542 0.00122 0.00024 0.00215
198684.546 0.00133 -0.00227 0.00080
198684.550 0.00211 -0.00082 -0.00012
198684.554 0.00037 -0.00180 0.00021
198684.558 0.00080 -0.00056 0.00091
198684.562 0.00033 -0.00037 0.00065
198684.566 0.00003 -0.00079 0.00010
198684.570 0.00223 0.00000 -0.00016
198684.574 0.00145 -0.00098 0.00096
198684.578 0.00138 0.00010 0.00140
198684.582 0.00169 0.00024 0.00031
198684.586 0.00147 -0.00077 0.00033
198684.590 0.00185 0.00016 -0.00101
198684.594 0.00136 -0.00003 0.00014
198684.598 0.00077 -0.00129 -0.00016
198684.602 0.00213 -0.00119 -0.00009
198684.606 0.00037 -0.00113 -0.00007
198684.610 0.00096 0.00171 -0.00021
198684.614 0.00127 -0.00007 -0.00145
198684.618 0.00134 0.00003 -0.00058
198684.622 0.00031 0.00021 0.00009
198684.626 -0.00038 0.00026 0.00072
198684.630 0.00106 0.00087 -0.00014
198684.634 0.00099 -0.00089 -0.00023
198684.638 0.00037 -0.00138 0.00049
198684.642 0.00096 0.00059 0.00068
198684.646 0.00173 -0.00173 0.00026
198684.650 0.00222 -0.00113 -0.00026
198684.654 0.00220 -0.00023 0.00047
198684.658 0.00250 -0.00209 -0.00021
198684.662 0.00347 -0.00017 0.00049
198684.666 0.00208 -0.00253 0.00082
198684.670 0.00096 -0.00150 0.00031
198684.674 0.00051 0.00012 0.00063
198684.678 0.00145 -0.00171 -0.00002
198684.682 0.00094 0.00051 -0.00019
198684.686 0.00051 -0.00129 -0.00054
198684.690 0.00161 -0.00103 -0.00063
198684.694 0.00068 -0.00065 -0.00112
198684.698 0.00045 -0.00070 0.00010
198684.702 0.00143 -0.00026 0.00087
198684.706 0.00154 -0.00180 0.00063
198684.710 0.00202 -0.00147 -0.00002
198684.714 0.00155 -0.00182 -0.00065
198684.718 0.00112 -0.00222 -0.00007
198684.722 0.00161 -0.00096 -0.00005
198684.726 0.00113 -0.00213 -0.00082
198684.730 0.00070 -0.00124 -0.00024
198684.734 0.00150 -0.00040 -0.00026
198684.739 0.00035 -0.00019 -0.00056
198684.742 0.00066 0.00016 -0.00079
198684.746 -0.00030 0.00054 -0.00099
198684.750 0.00094 0.00035 -0.00045
198684.754 0.00021 -0.00089 -0.00016
198684.758 0.00152 -0.00152 0.00005
198684.762 0.00096 -0.00197 -0.00047
198684.766 0.00007 -0.00045 -0.00002
198684.770 0.00000 -0.00065 -0.00049
198684.774 0.00101 -0.00131 -0.00152
198684.778 0.00052 -0.00028 -0.00073
198684.782 0.00145 -0.00045 0.00019
198684.786 0.00155 -0.00110 0.00000
198684.790 0.00202 -0.00143 0.00054
198684.794 0.00185 -0.00105 0.00054
198684.798 0.00134 -0.00171 -0.00051
198684.802 0.00077 -0.00113 0.00087
198684.806 0.00122 -0.00098 -0.00010
198684.810 0.00044 -0.00063 -0.00112
198684.814 0.00037 -0.00070 -0.00003
198684.818 0.00005 -0.00056 -0.00021
198684.822 0.00119 -0.00068 0.00080
198684.826 0.00087 -0.00056 0.00045
198684.830 0.00019 -0.00068 0.00007
198684.834 0.00016 -0.00072 -0.00093
198684.838 0.00045 -0.00026 -0.00103
198684.842 0.00113 -0.00241 -0.00002
198684.846 0.00131 -0.00192 -0.00019
198684.850 0.00120 -0.00162 -0.00084
198684.854 0.00058 -0.00278 -0.00117
198684.858 0.00058 -0.00276 -0.00094
198684.862 0.00131 -0.00171 0.00030
198684.866 0.00061 -0.00157 -0.00010
198684.870 0.00087 -0.00065 -0.00023
198684.874 0.00065 -0.00024 0.00049
198684.878 0.00148 0.00014 -0.00021
198684.882 0.00096 -0.00035 -0.00010
198684.886 -0.00007 0.00026 0.00112
198684.890 0.00024 0.00012 0.00054
198684.894 0.00138 0.00054 0.00054
198684.898 -0.00010 -0.00113 0.00054
198684.902 0.00113 -0.00038 -0.00065
198684.906 0.00162 -0.00108 -0.00037
198684.910 0.00204 -0.00051 0.00014
198684.914 0.00215 -0.00082 -0.00045
198684.918 0.00202 -0.00044 -0.00031
198684.922 0.00155 -0.00035 0.00077
198684.926 0.00098 -0.00093 0.00014
198684.930 0.00127 0.00012 0.00000
198684.934 0.00150 0.00143 -0.00035
198684.938 0.00126 0.00000 -0.00103
198684.942 0.00044 0.00051 0.00058
198684.946 -0.00051 -0.00145 0.00054
198684.950 0.00073 -0.00091 0.00084
198684.954 0.00120 -0.00061 0.00061
198684.958 0.00103 -0.00129 -0.00093
198684.962 0.00113 -0.00162 0.00000
198684.966 0.00026 -0.00216 -0.00019
198684.970 0.00033 -0.00201 0.00049
198684.974 0.00110 -0.00120 0.00037
198684.978 0.00220 -0.00161 -0.00038
198684.982 0.00129 -0.00065 -0.00075
198684.986 0.00134 -0.00086 -0.00054
198684.990 0.00138 -0.00030 0.00010
198684.994 0.00182 0.00087 0.00073
198684.998 0.00030 0.00089 -0.00014
198685.002 0.00079 0.00044 -0.00038
198685.006 -0.00042 0.00033 -0.00014
198685.010 0.00105 0.00000 0.00005
198685.014 0.00084 -0.00129 -0.00002
198685.018 0.00169 -0.00162 -0.00005
198685.022 0.00176 -0.00110 -0.00021
198685.026 0.00194 -0.00098 -0.00009
198685.030 0.00106 -0.00079 0.00007
198685.034 0.00115 -0.00073 0.00072
198685.038 0.00117 -0.00058 0.00014
198685.042 0.00087 -0.00023 0.00000
198685.046 0.00049 -0.00014 0.00024
198685.050 0.00040 0.00017 0.00045
198685.054 0.00005 -0.00065 0.00007
198685.058 0.00089 -0.00115 -0.00017
198685.062 0.00094 -0.00054 0.00051
198685.066 0.00051 0.00052 0.00023
198685.070 0.00175 -0.00040 0.00120
198685.074 0.00012 -0.00017 0.00131
198685.078 0.00030 0.00016 0.00044
198685.082 -0.00070 -0.00140 -0.00052
198685.086 0.00054 -0.00120 -0.00017
198685.091 0.00131 -0.00054 0.00005
198685.094 0.00045 -0.00007 0.00101
198685.098 0.00159 -0.00024 0.00112
198685.102 0.00173 -0.00120 0.00024
198685.106 0.00162 -0.00204 0.00031
198685.110 0.00009 -0.00031 -0.00010
198685.114 0.00148 0.00042 0.00051
198685.118 0.00110 -0.00056 0.00038
198685.122 0.00145 0.00035 0.00051
198685.126 0.00124 -0.00028 -0.00021
198685.130 0.00209 0.00044 -0.00115
198685.134 0.00080 -0.00192 -0.00035
198685.138 0.00124 -0.00103 -0.00044
198685.142 0.00028 -0.00019 -0.00077
198685.146 0.00124 0.00075 0.00049
198685.150 0.00103 -0.00138 -0.00037
198685.154 0.00099 -0.00014 0.00014
198685.158 0.00127 -0.00026 0.00059
198685.162 0.00000 0.00089 0.00056
198685.166 0.00117 0.00000 0.00099
198685.170 0.00072 -0.00113 0.00051
198685.174 0.00166 -0.00143 0.00007
198685.178 0.00113 -0.00225 -0.00061
198685.182 0.00253 -0.00068 -0.00021
198685.186 0.00106 -0.00026 0.00033
198685.189 0.00161 -0.00030 -0.00054
198685.194 0.00098 -0.00091 -0.00124
198685.198 0.00098 0.00042 -0.00021
198685.202 0.00141 -0.00087 -0.00054
198685.206 -0.00040 -0.00106 -0.00049
198685.210 0.00120 -0.00112 -0.00017
198685.214 0.00058 -0.00157 -0.00084
198685.218 0.00147 0.00054 0.00002
198685.222 0.00094 -0.00129 -0.00017
198685.226 0.00112 -0.00117 -0.00024
198685.230 0.00145 -0.00175 0.00017
198685.234 0.00035 -0.00084 -0.00030
198685.238 0.00185 -0.00061 0.00017
198685.242 0.00225 -0.00099 0.00014
198685.246 0.00161 -0.00079 0.00014
198685.250 0.00113 0.00000 -0.00016
198685.254 0.00101 0.00141 -0.00023
198685.258 0.00112 -0.00045 0.00033
198685.262 0.00072 0.00007 0.00079
198685.266 0.00150 -0.00005 0.00016
198685.270 0.00037 0.00019 0.00044
198685.274 -0.00038 -0.00017 0.00005
198685.278 0.00016 -0.00042 -0.00017
198685.282 0.00030 -0.00019 -0.00054
198685.286 0.00065 -0.00012 0.00010
198685.290 0.00134 -0.00026 0.00073
198685.294 0.00197 -0.00045 0.00044
198685.298 0.00199 -0.00080 -0.00023
198685.302 0.00138 -0.00030 0.00033
198685.306 0.00213 -0.00030 0.00049
198685.310 0.00232 -0.00045 -0.00007
198685.314 0.00117 0.00038 0.00052
198685.318 0.00147 -0.00087 -0.00035
198685.322 0.00094 -0.00138 0.00016
198685.326 0.00066 -0.00089 0.00028
198685.330 0.00059 -0.00152 -0.00010
198685.334 0.00133 -0.00079 0.00082
198685.338 0.00091 0.00061 0.00136
198685.342 0.00110 -0.00021 0.00166
198685.346 0.00054 -0.00059 -0.00035
198685.350 0.00026 -0.00070 -0.00089
198685.354 0.00094 -0.00192 0.00002
198685.358 0.00037 0.00000 -0.00019
198685.362 0.00021 -0.00023 -0.00040
198685.366 0.00093 -0.00119 -0.00044
198685.370 0.00230 0.00033 -0.00045
198685.374 0.00087 0.00030 0.00012
198685.378 0.00079 -0.00075 0.00012
198685.382 0.00091 -0.00058 0.00044
198685.386 0.00141 -0.00023 -0.00007
198685.390 0.00124 -0.00089 -0.00037
198685.394 0.00103 -0.00166 -0.00059
198685.398 0.00084 -0.00098 -0.00080
198685.402 0.00079 -0.00138 0.00003
198685.406 0.00017 0.00000 -0.00033
198685.410 0.00166 -0.00188 -0.00209
198685.414 0.00206 -0.00133 -0.00119
198685.418 0.00185 -0.00058 0.00038
198685.422 0.00180 -0.00052 0.00096
198685.426 0.00148 -0.00098 0.00049
198685.430 0.00126 -0.00108 0.00038
198685.434 0.00089 0.00007 0.00005
198685.439 0.00155 -0.00082 -0.00017
198685.442 0.00202 -0.00089 -0.00054
198685.446 0.00246 0.00028 0.00026
198685.450 0.00120 -0.00075 -0.00028
198685.454 0.00103 0.00016 0.00122
198685.458 0.00084 -0.00049 -0.00047
198685.462 0.00003 -0.00082 -0.00061
198685.466 0.00042 -0.00044 -0.00051
198685.470 0.00202 -0.00096 -0.00017
198685.474 0.00230 -0.00033 0.00005
198685.478 0.00040 -0.00077 0.00026
198685.482 0.00127 -0.00164 0.00031
198685.486 0.00166 -0.00037 0.00003
198685.490 0.00175 0.00026 -0.00093
198685.494 0.00058 -0.00091 -0.00059
198685.498 0.00056 -0.00063 0.00009
198685.502 0.00072 -0.00190 0.00058
198685.506 0.00120 0.00000 -0.00003
198685.510 0.00119 -0.00098 0.00068
198685.514 0.00133 0.00010 0.00012
198685.518 0.00091 -0.00005 -0.00075
198685.522 0.00019 -0.00145 0.00003
198685.526 0.00077 -0.00016 0.00072
198685.530 0.00152 -0.00058 0.00089
198685.534 0.00080 -0.00143 0.00002
198685.538 -0.00010 -0.00045 -0.00033
198685.542 0.00113 0.00009 -0.00028
198685.546 0.00147 -0.00035 0.00063
198685.550 0.00260 -0.00079 -0.00033
198685.554 0.00154 -0.00087 0.00016
198685.558 0.00202 -0.00122 0.00000
198685.562 0.00260 -0.00131 -0.00140
198685.566 0.00230 0.00047 -0.00072
198685.570 0.00133 -0.00056 -0.00023
198685.574 0.00150 -0.00007 0.00185
198685.578 0.00051 -0.00040 0.00042
198685.582 -0.00065 -0.00049 0.00005
198685.586 -0.00003 -0.00126 0.00012
198685.590 0.00010 0.00047 -0.00031
198685.594 0.00105 -0.00010 -0.00028
198685.598 0.00098 -0.00040 0.00017
198685.602 0.00113 -0.00065 -0.00059
198685.606 0.00040 -0.00024 -0.00035
198685.610 -0.00007 -0.00150 -0.00058
198685.614 0.00145 -0.00122 -0.00019
198685.618 0.00185 -0.00175 -0.00024
198685.622 0.00211 -0.00129 -0.00010
198685.626 0.00171 -0.00072 -0.00007
198685.630 0.00087 -0.00072 -0.00066
198685.634 0.00199 -0.00087 -0.00112
198685.638 0.00124 -0.00120 -0.00033
198685.642 0.00103 -0.00054 -0.00058
198685.646 0.00070 0.00005 -0.00094
198685.650 0.00059 0.00009 0.00030
198685.654 -0.00002 -0.00141 -0.00010
198685.658 0.00147 0.00000 -0.00082
198685.662 -0.00024 -0.00052 -0.00072
198685.666 0.00065 -0.00188 0.00005
198685.670 0.00103 -0.00103 -0.00047
198685.674 0.00143 -0.00080 -0.00061
198685.678 0.00003 0.00000 0.00007
198685.682 0.00117 0.00005 0.00058
198685.686 0.00117 0.00023 0.00070
198685.690 0.00237 -0.00138 0.00058
198685.694 0.00134 -0.00180 0.00040
198685.698 0.00152 0.00003 -0.00054
198685.702 0.00187 -0.00021 0.00010
198685.706 0.00120 -0.00044 0.00012
198685.710 0.00087 -0.00140 0.00028
198685.714 0.00065 0.00000 0.00033
198685.718 0.00058 -0.00098 0.00033
198685.722 0.00072 -0.00124 -0.00024
198685.726 0.00091 0.00017 -0.00010
198685.730 -0.00009 0.00070 0.00021
198685.734 0.00024 -0.00019 -0.00028
198685.738 0.00077 -0.00119 0.00002
198685.742 0.00213 -0.00099 0.00010
198685.746 0.00021 -0.00003 0.00058
198685.750 0.00106 -0.00129 -0.00019
198685.754 0.00084 -0.00101 -0.00054
198685.758 0.00003 -0.00185 -0.00079
198685.762 0.00042 -0.00133 -0.00131
198685.766 0.00143 -0.00133 -0.00038
198685.770 0.00140 -0.00103 0.00030
198685.774 0.00229 -0.00005 -0.00086
198685.778 0.00131 -0.00054 -0.00012
198685.782 0.00016 -0.00068 -0.00052
198685.786 0.00136 -0.00010 -0.00049
198685.791 0.00168 -0.00072 0.00012
198685.794 0.00145 -0.00026 -0.00016
198685.798 0.00185 -0.00105 -0.00054
198685.802 0.00120 -0.00080 -0.00003
198685.806 0.00103 -0.00164 0.00009
198685.810 0.00084 -0.00112 0.00192
198685.814 0.00138 -0.00143 0.00000
198685.818 0.00138 -0.00120 -0.00049
198685.822 0.00152 -0.00176 -0.00002
198685.826 0.00127 -0.00068 0.00024
198685.830 0.00073 -0.00117 0.00106
198685.834 0.00077 0.00021 0.00082
198685.838 0.00061 -0.00002 0.00045
198685.842 0.00058 -0.00009 -0.00037
198685.846 0.00087 -0.00099 0.00000
198685.850 0.00049 -0.00140 0.00054
198685.854 0.00009 0.00000 0.00009
198685.858 -0.00075 -0.00098 -0.00061
198685.862 -0.00007 -0.00019 -0.00005
198685.866 0.00070 -0.00073 0.00038
198685.870 0.00045 -0.00012 -0.00009
198685.874 0.00129 -0.00087 0.00007
198685.878 0.00180 -0.00120 -0.00093
198685.882 0.00194 -0.00054 -0.00028
198685.886 0.00183 -0.00112 -0.00012
198685.890 0.00105 -0.00113 -0.00068
198685.894 0.00084 -0.00157 0.00023
198685.898 0.00124 -0.00094 0.00075
198685.902 0.00059 -0.00093 0.00030
198685.906 0.00042 -0.00077 0.00031
198685.910 0.00023 -0.00059 -0.00010
198685.914 0.00063 0.00080 0.00127
198685.918 0.00133 -0.00047 0.00042
198685.922 0.00138 -0.00035 0.00021
198685.926 0.00093 -0.00093 0.00000
198685.930 0.00141 -0.00152 -0.00033
198685.934 0.00213 -0.00169 -0.00044
198685.938 0.00112 -0.00066 -0.00091
198685.942 0.00176 -0.00101 -0.00164
198685.946 0.00194 -0.00019 -0.00031
198685.950 0.00182 -0.00028 -0.00058
198685.954 0.00119 -0.00045 0.00070
198685.958 0.00162 -0.00080 0.00000
198685.962 0.00084 -0.00030 -0.00155
198685.966 0.00049 -0.00016 -0.00030
198685.970 0.00175 0.00031 0.00106
198685.974 0.00147 -0.00091 0.00007
198685.978 0.00080 -0.00077 -0.00063
198685.982 0.00063 -0.00073 -0.00096
198685.986 0.00042 0.00002 0.00044
198685.990 0.00113 -0.00082 -0.00007
198685.994 0.00101 -0.00120 -0.00052
198685.998 0.00052 -0.00145 0.00026
198686.002 0.00115 -0.00136 0.00106
198686.006 0.00042 -0.00044 0.00082
198686.010 0.00037 -0.00049 -0.00012
198686.014 0.00082 -0.00141 -0.00082
198686.018 0.00047 -0.00059 -0.00086
198686.022 0.00084 -0.00084 -0.00042
198686.026 0.00140 -0.00075 -0.00030
198686.030 0.00108 0.00016 -0.00058
198686.034 0.00070 -0.00003 0.00009
198686.038 0.00105 -0.00038 0.00058
198686.042 0.00113 0.00040 -0.00049
198686.046 0.00072 -0.00087 -0.00031
198686.050 0.00030 -0.00061 0.00000
198686.054 0.00110 -0.00099 0.00024
198686.058 0.00145 -0.00169 -0.00026
198686.062 0.00260 -0.00218 -0.00026
198686.066 0.00169 -0.00051 0.00002
198686.070 0.00101 -0.00051 -0.00017
198686.074 0.00143 -0.00157 0.00003
198686.078 0.00140 -0.00185 -0.00017
198686.082 0.00154 -0.00042 0.00019
198686.086 0.00141 -0.00049 0.00075
198686.090 0.00199 -0.00201 0.00014
198686.094 0.00138 -0.00091 0.00073
198686.098 0.00122 -0.00136 0.00044
198686.102 0.00089 -0.00105 -0.00052
198686.106 0.00094 -0.00201 0.00010
198686.110 0.00127 -0.00120 0.00103
198686.114 0.00150 -0.00009 0.00112
198686.118 0.00112 -0.00010 -0.00035
198686.122 0.00010 -0.00147 -0.00028
198686.126 0.00073 -0.00152 -0.00010
198686.130 0.00002 -0.00079 0.00082
198686.134 0.00056 -0.00073 0.00091
198686.139 0.00117 -0.00072 -0.00056
198686.142 0.00176 -0.00101 -0.00003
198686.146 0.00223 -0.00080 -0.00051
198686.150 0.00131 0.00030 -0.00002
198686.154 0.00150 0.00000 -0.00049
198686.158 0.00171 -0.00023 -0.00031
198686.162 0.00206 -0.00089 -0.00119
198686.166 0.00141 -0.00136 -0.00094
198686.170 0.00063 -0.00164 -0.00075
198686.174 0.00058 -0.00262 -0.00038
198686.178 0.00117 -0.00136 0.00014
198686.182 0.00072 -0.00150 0.00044
198686.186 0.00075 -0.00063 0.00096
198686.190 0.00077 -0.00115 0.00080
198686.194 0.00091 -0.00098 0.00061
198686.198 0.00096 0.00010 0.00101
198686.202 0.00080 0.00054 -0.00023
198686.206 0.00168 0.00005 0.00094
198686.210 0.00190 -0.00066 0.00019
198686.214 0.00302 -0.00072 -0.00105
198686.218 0.00195 -0.00072 -0.00047
198686.222 0.00108 0.00077 0.00072
198686.226 0.00099 0.00042 0.00028
198686.230 0.00082 -0.00087 0.00002
198686.234 0.00122 0.00087 0.00086
198686.238 0.00119 0.00000 -0.00026
198686.242 0.00028 -0.00009 0.00093
198686.246 0.00049 -0.00040 0.00110
198686.250 0.00115 -0.00079 0.00159
198686.254 0.00133 0.00000 0.00141
198686.258 0.00091 0.00035 -0.00012
198686.262 0.00126 -0.00044 0.00066
198686.266 0.00180 -0.00080 -0.00002
198686.270 0.00148 -0.00239 -0.00051
198686.274 0.00094 -0.00056 0.00147
198686.278 0.00112 -0.00112 0.00079
198686.282 0.00115 -0.00188 0.00030
198686.286 0.00117 -0.00012 0.00017
198686.290 0.00087 -0.00086 -0.00150
198686.294 0.00079 0.00000 -0.00044
198686.298 0.00197 -0.00068 -0.00016
198686.302 0.00138 -0.00086 0.00096
198686.306 0.00047 -0.00030 0.00035
198686.310 0.00070 -0.00093 0.00033
198686.314 0.00105 -0.00152 0.00049
198686.318 -0.00035 -0.00138 0.00127
198686.322 0.00031 -0.00134 0.00012
198686.326 -0.00009 -0.00073 -0.00075
198686.330 0.00145 0.00002 -0.00038
198686.334 0.00140 -0.00112 -0.00014
198686.338 0.00229 -0.00173 -0.00038
198686.342 0.00236 -0.00129 -0.00014
198686.346 0.00133 0.00002 0.00021
198686.350 0.00197 0.00052 -0.00073
198686.354 0.00093 -0.00009 -0.00009
198686.358 0.00155 -0.00101 -0.00021
198686.362 0.00143 -0.00035 -0.00024
198686.366 0.00124 -0.00017 -0.00072
198686.370 0.00044 -0.00042 0.00051
198686.374 0.00143 -0.00005 0.00068
198686.378 0.00169 0.00003 0.00028
198686.382 0.00222 -0.00021 -0.00072
198686.386 0.00070 -0.00044 -0.00009
198686.390 0.00014 -0.00124 0.00007
198686.394 0.00030 -0.00117 -0.00031
198686.398 0.00079 -0.00173 -0.00044
198686.402 0.00047 -0.00175 -0.00016
198686.406 0.00113 -0.00143 -0.00038
198686.410 0.00026 -0.00182 -0.00030
198686.414 0.00094 -0.00131 0.00031
198686.418 0.00126 -0.00028 -0.00056
198686.422 0.00000 0.00028 -0.00033
198686.426 0.00056 0.00044 -0.00028
198686.430 0.00010 -0.00056 -0.00042
198686.434 0.00014 -0.00023 0.00012
198686.438 0.00000 -0.00073 0.00044
198686.442 -0.00047 -0.00103 0.00051
198686.446 0.00014 -0.00155 -0.00035
198686.450 0.00045 -0.00094 -0.00059
198686.454 0.00129 -0.00093 -0.00094
198686.458 0.00061 -0.00138 -0.00089
198686.462 0.00147 -0.00073 0.00122
198686.466 0.00140 -0.00133 0.00133
198686.470 0.00049 -0.00162 0.00014
198686.474 0.00099 -0.00080 -0.00091
198686.478 0.00157 -0.00044 -0.00042
198686.482 0.00157 -0.00096 -0.00045
198686.486 0.00098 -0.00063 -0.00077
198686.491 0.00141 0.00019 -0.00038
198686.493 0.00094 -0.00154 0.00000
198686.498 0.00066 -0.00094 0.00010
198686.502 -0.00045 -0.00002 -0.00002
198686.506 -0.00045 -0.00068 0.00024
198686.510 0.00030 -0.00026 0.00031
198686.514 0.00079 -0.00030 0.00124
198686.518 0.00047 -0.00016 -0.00002
198686.522 0.00143 0.00016 -0.00065
198686.526 0.00155 -0.00140 -0.00082
198686.530 0.00051 -0.00225 -0.00010
198686.534 0.00190 -0.00264 -0.00037
198686.538 0.00243 -0.00077 -0.00044
198686.542 0.00164 -0.00014 -0.00075
198686.546 0.00084 0.00031 0.00035
198686.550 0.00108 -0.00134 0.00063
198686.554 0.00129 -0.00058 -0.00031
198686.558 0.00241 -0.00098 -0.00058
198686.562 0.00166 -0.00094 -0.00065
198686.566 0.00084 -0.00002 0.00007
198686.570 0.00003 -0.00084 0.00026
198686.574 0.00087 -0.00030 0.00002
198686.578 -0.00038 -0.00122 -0.00003
198686.582 0.00061 -0.00129 -0.00003
198686.586 0.00026 -0.00117 0.00023
198686.590 0.00033 -0.00084 -0.00044
198686.594 0.00080 -0.00195 -0.00105
198686.598 0.00108 -0.00119 -0.00106
198686.602 0.00129 -0.00175 -0.00047
198686.606 0.00211 0.00019 -0.00106
198686.610 0.00127 -0.00077 -0.00017
198686.614 0.00134 0.00016 -0.00024
198686.618 0.00227 -0.00019 -0.00056
198686.622 0.00115 -0.00073 -0.00094
198686.626 0.00117 -0.00087 -0.00058
198686.630 0.00072 0.00028 -0.00065
198686.634 0.00136 -0.00045 0.00068
198686.638 0.00136 -0.00051 0.00119
198686.642 0.00138 -0.00052 0.00086
198686.646 0.00047 -0.00096 0.00093
198686.650 0.00070 -0.00140 0.00094
198686.654 0.00166 -0.00239 -0.00054
198686.658 0.00038 -0.00131 0.00070
198686.662 0.00126 0.00016 -0.00016
198686.666 0.00195 -0.00093 0.00019
198686.670 0.00063 -0.00138 -0.00012
198686.674 0.00103 -0.00044 0.00021
198686.678 0.00068 0.00024 0.00000
198686.682 0.00105 -0.00016 -0.00079
198686.686 0.00068 -0.00058 0.00003
198686.690 0.00014 -0.00052 -0.00063
198686.694 0.00075 -0.00143 -0.00066
198686.698 0.00077 -0.00091 0.00052
198686.702 0.00031 -0.00031 0.00084
198686.706 0.00035 -0.00077 0.00016
198686.710 0.00051 -0.00134 -0.00120
198686.714 0.00084 -0.00087 0.00052
198686.718 0.00079 -0.00031 0.00084
198686.722 0.00138 -0.00136 -0.00058
198686.726 0.00138 -0.00134 -0.00003
198686.730 0.00002 -0.00269 -0.00065
198686.734 0.00026 -0.00124 0.00098
198686.738 0.00183 -0.00070 0.00005
198686.742 0.00180 -0.00147 -0.00079
198686.746 0.00103 -0.00122 0.00033
198686.750 0.00023 -0.00099 -0.00086
198686.754 0.00108 0.00099 0.00031
198686.758 0.00161 0.00047 -0.00010
198686.762 0.00173 -0.00026 -0.00082
198686.766 0.00101 0.00073 0.00017
198686.770 0.00023 -0.00199 -0.00044
198686.774 0.00047 -0.00136 0.00012
198686.778 0.00129 -0.00103 0.00058
198686.782 0.00061 -0.00126 0.00086
198686.786 -0.00002 -0.00101 0.00138
198686.790 0.00131 -0.00201 0.00030
198686.794 0.00182 -0.00091 -0.00056
198686.798 0.00300 -0.00136 -0.00094
198686.802 0.00271 0.00000 -0.00028
198686.806 0.00202 -0.00038 -0.00026
198686.810 -0.00040 0.00101 0.00077
198686.814 0.00000 0.00093 0.00030
198686.818 0.00192 -0.00119 0.00033
198686.822 0.00152 -0.00024 -0.00010
198686.826 0.00112 0.00000 -0.00023
198686.830 0.00070 0.00005 0.00019
198686.834 0.00105 -0.00051 -0.00044
198686.839 0.00068 -0.00082 -0.00045
198686.842 0.00134 -0.00059 -0.00002
198686.846 0.00168 0.00019 0.00084
198686.850 0.00131 -0.00183 -0.00042
198686.854 0.00136 -0.00101 0.00014
198686.858 0.00182 -0.00094 0.00058
198686.862 0.00180 0.00040 0.00010
198686.866 0.00209 -0.00117 0.00012
198686.870 0.00246 -0.00250 -0.00045
198686.874 0.00211 -0.00058 0.00072
198686.878 0.00171 -0.00098 -0.00030
198686.882 0.00192 -0.00079 -0.00012
198686.886 0.00091 0.00030 0.00066
198686.890 0.00185 -0.00045 0.00072
198686.894 0.00150 -0.00140 0.00059
198686.898 0.00066 -0.00030 0.00086
198686.902 0.00059 -0.00075 -0.00072
198686.906 0.00087 -0.00119 0.00021
198686.910 0.00049 -0.00099 -0.00028
198686.914 0.00086 -0.00169 -0.00087
198686.918 0.00079 -0.00082 -0.00042
198686.922 0.00138 -0.00075 -0.00030
198686.926 0.00154 -0.00073 -0.00026
198686.930 0.00202 -0.00042 -0.00056
198686.934 0.00110 -0.00019 0.00054
198686.938 0.00084 -0.00073 0.00070
198686.942 0.00110 -0.00119 -0.00045
198686.946 0.00040 -0.00023 -0.00061
198686.950 0.00202 -0.00089 -0.00021
198686.954 0.00185 -0.00168 -0.00054
198686.958 0.00136 -0.00082 0.00040
198686.962 0.00031 -0.00030 -0.00009
198686.966 0.00155 -0.00061 0.00037
198686.970 0.00127 -0.00190 -0.00054
198686.974 0.00105 -0.00223 -0.00063
198686.978 0.00054 -0.00082 -0.00096
198686.982 0.00056 -0.00075 0.00030
198686.986 0.00072 -0.00028 0.00033
198686.990 0.00105 -0.00030 0.00003
198686.994 0.00113 -0.00120 -0.00017
198686.998 0.00222 -0.00161 -0.00054
198687.002 0.00129 -0.00110 -0.00033
198687.006 0.00120 -0.00127 0.00000
198687.010 0.00028 -0.00147 -0.00094
198687.014 0.00079 -0.00031 -0.00014
198687.018 0.00183 -0.00077 -0.00023
198687.022 0.00134 -0.00028 0.00033
198687.026 0.00091 0.00073 0.00079
198687.030 0.00005 -0.00019 -0.00044
198687.034 0.00000 -0.00148 0.00028
198687.038 -0.00033 -0.00106 0.00047
198687.042 0.00168 -0.00051 0.00052
198687.046 0.00101 -0.00112 -0.00035
198687.050 0.00068 -0.00143 0.00030
198687.054 0.00089 -0.00105 0.00093
198687.058 0.00080 0.00038 0.00065
198687.062 0.00093 0.00000 -0.00002
198687.066 0.00066 -0.00068 -0.00035
198687.070 0.00223 -0.00101 -0.00059
198687.074 0.00190 -0.00110 -0.00049
198687.078 0.00061 -0.00066 -0.00033
198687.082 -0.00047 -0.00010 0.00091
198687.086 -0.00075 0.00003 0.00079
198687.090 0.00096 0.00112 0.00091
198687.094 0.00082 -0.00099 0.00049
198687.098 0.00168 0.00054 0.00082
198687.102 0.00190 -0.00038 0.00016
198687.106 0.00120 -0.00079 -0.00030
198687.110 0.00044 -0.00028 0.00077
198687.114 0.00113 -0.00030 0.00030
198687.118 0.00131 -0.00002 0.00017
198687.122 0.00120 0.00005 -0.00030
198687.126 0.00103 -0.00052 -0.00058
198687.130 0.00113 -0.00052 -0.00124
198687.134 0.00072 0.00066 -0.00052
198687.138 0.00030 -0.00035 0.00056
198687.142 -0.00040 -0.00079 0.00099
198687.146 -0.00058 -0.00058 -0.00023
198687.150 -0.00047 -0.00173 -0.00056
198687.154 0.00044 -0.00204 -0.00140
198687.158 0.00007 -0.00016 -0.00040
198687.162 0.00073 -0.00026 -0.00195
198687.166 0.00182 0.00028 0.00017
198687.170 0.00089 0.00028 0.00045
198687.174 0.00035 -0.00045 0.00066
198687.178 0.00141 -0.00065 0.00058
198687.182 0.00094 -0.00161 -0.00019
198687.186 0.00066 -0.00230 -0.00009
198687.191 0.00059 -0.00038 0.00143
198687.194 0.00253 -0.00003 0.00122
198687.198 0.00197 -0.00099 0.00086
198687.202 0.00169 -0.00110 0.00047
198687.206 0.00161 -0.00082 -0.00021
198687.210 0.00054 -0.00089 -0.00070
198687.214 0.00026 -0.00106 -0.00082
198687.218 0.00017 -0.00051 -0.00056
198687.222 -0.00058 -0.00141 -0.00065
198687.226 -0.00079 -0.00105 -0.00051
198687.230 0.00037 -0.00171 -0.00093
198687.234 0.00155 -0.00098 0.00000
198687.238 0.00187 -0.00108 0.00040
198687.242 0.00241 -0.00157 -0.00009
198687.246 0.00255 -0.00185 -0.00096
198687.250 0.00154 -0.00117 -0.00030
198687.254 0.00262 -0.00052 -0.00087
198687.258 0.00155 -0.00112 -0.00103
198687.262 0.00202 -0.00068 -0.00106
198687.266 0.00079 -0.00040 -0.00093
198687.270 0.00106 -0.00079 0.00000
198687.274 0.00099 -0.00059 0.00024
198687.278 0.00052 -0.00023 0.00077
198687.282 0.00070 0.00089 0.00014
198687.286 0.00105 0.00000 0.00028
198687.290 0.00084 0.00005 -0.00012
198687.294 0.00213 -0.00021 -0.00007
198687.298 0.00157 -0.00134 -0.00066
198687.302 0.00248 -0.00119 -0.00096
198687.306 0.00077 0.00019 -0.00059
198687.310 0.00106 -0.00002 -0.00019
198687.314 0.00159 -0.00070 0.00049
198687.318 0.00113 -0.00206 -0.00021
198687.322 0.00086 -0.00122 -0.00010
198687.326 0.00108 -0.00040 -0.00098
198687.330 0.00056 0.00010 0.00105
198687.334 0.00070 -0.00080 0.00037
198687.338 0.00089 -0.00044 0.00005
198687.342 0.00110 -0.00080 -0.00033
198687.346 0.00176 -0.00073 -0.00073
198687.350 0.00042 -0.00117 -0.00068
198687.354 0.00113 -0.00009 0.00005
198687.358 0.00101 -0.00056 0.00026
198687.362 0.00098 -0.00157 -0.00028
198687.366 0.00157 -0.00169 0.00002
198687.370 0.00159 -0.00202 0.00010
198687.374 0.00082 -0.00166 -0.00061
198687.378 0.00108 -0.00082 0.00023
198687.382 0.00145 -0.00120 0.00016
198687.386 0.00154 -0.00159 0.00014
198687.390 0.00112 -0.00155 0.00073
198687.394 0.00147 -0.00108 0.00000
198687.398 0.00244 -0.00037 0.00024
198687.402 0.00257 -0.00079 -0.00058
198687.406 0.00124 -0.00044 -0.00065
198687.410 0.00148 0.00070 -0.00080
198687.414 0.00201 -0.00065 0.00017
198687.418 0.00169 -0.00056 0.00000
198687.422 0.00115 -0.00127 -0.00065
198687.426 0.00133 -0.00101 -0.00066
198687.430 0.00152 0.00009 0.00007
198687.434 0.00171 -0.00021 -0.00031
198687.438 0.00147 -0.00028 -0.00012
198687.442 0.00110 -0.00106 0.00051
198687.446 0.00086 -0.00110 0.00068
198687.450 0.00094 -0.00066 -0.00031
198687.454 0.00096 -0.00070 -0.00058
198687.458 0.00112 -0.00087 -0.00019
198687.462 -0.00017 -0.00106 -0.00009
198687.466 0.00021 -0.00112 -0.00052
198687.470 0.00122 -0.00216 -0.00017
198687.474 0.00073 -0.00019 -0.00009
198687.478 0.00120 -0.00103 -0.00066
198687.482 0.00103 -0.00021 -0.00021
198687.486 0.00175 -0.00119 0.00033
198687.490 0.00087 -0.00070 0.00049
198687.494 0.00124 -0.00147 -0.00037
198687.498 0.00075 -0.00077 -0.00073
198687.502 0.00150 -0.00028 -0.00099
198687.506 0.00112 -0.00195 -0.00105
198687.510 0.00024 -0.00180 -0.00093
198687.514 0.00049 -0.00099 -0.00044
198687.518 -0.00065 -0.00230 -0.00016
198687.522 0.00099 -0.00037 0.00051
198687.526 0.00113 -0.00063 0.00127
198687.530 0.00026 -0.00054 -0.00045
198687.534 0.00049 0.00066 -0.00047
198687.539 0.00054 -0.00035 -0.00061
198687.542 -0.00047 -0.00047 -0.00155
198687.546 -0.00016 -0.00051 -0.00059
198687.550 0.00098 -0.00037 -0.00049
198687.554 -0.00007 -0.00154 -0.00093
198687.558 -0.00049 0.00010 -0.00073
198687.562 0.00058 -0.00049 -0.00068
198687.566 0.00087 -0.00096 -0.00021
198687.570 0.00079 -0.00093 0.00019
198687.574 0.00093 -0.00077 0.00030
198687.578 0.00230 -0.00164 -0.00056
198687.582 0.00208 -0.00021 0.00040
198687.586 0.00080 0.00000 -0.00009
198687.590 0.00077 -0.00037 0.00066
198687.594 0.00106 -0.00079 -0.00031
198687.598 0.00161 -0.00103 0.00016
198687.602 0.00052 -0.00080 0.00089
198687.606 0.00086 -0.00134 0.00017
198687.610 0.00079 -0.00044 0.00014
198687.614 0.00122 -0.00065 -0.00059
198687.618 0.00148 -0.00086 -0.00005
198687.622 0.00080 -0.00195 -0.00051
198687.626 0.00047 -0.00150 0.00072
198687.630 0.00145 -0.00183 -0.00091
198687.634 0.00169 -0.00086 -0.00028
198687.638 0.00206 -0.00075 -0.00072
198687.642 0.00201 0.00000 -0.00084
198687.646 0.00124 -0.00068 -0.00056
198687.650 0.00089 -0.00026 0.00070
198687.654 0.00019 -0.00014 0.00000
198687.658 0.00168 -0.00087 -0.00065
198687.662 0.00190 -0.00061 0.00023
198687.666 0.00106 0.00003 -0.00028
198687.670 0.00145 -0.00051 -0.00026
198687.674 0.00094 -0.00082 -0.00056
198687.678 0.00096 -0.00166 -0.00035
198687.682 0.00098 -0.00096 0.00045
198687.686 0.00066 -0.00138 0.00007
198687.690 0.00089 -0.00316 -0.00108
198687.694 0.00065 -0.00166 -0.00093
198687.698 0.00194 -0.00201 0.00016
198687.702 0.00243 -0.00136 0.00014
198687.706 0.00105 -0.00044 -0.00030
198687.710 0.00054 -0.00110 -0.00058
198687.714 0.00101 -0.00187 -0.00049
198687.718 0.00127 -0.00073 0.00012
198687.722 0.00059 0.00093 0.00058
198687.726 0.00058 -0.00014 0.00010
198687.730 0.00056 0.00047 -0.00045
198687.734 0.00086 0.00047 0.00012
198687.738 0.00110 0.00003 0.00042
198687.742 0.00131 -0.00066 0.00005
198687.746 0.00030 -0.00161 -0.00002
198687.750 0.00079 -0.00140 0.00038
198687.754 0.00017 -0.00120 0.00019
198687.758 0.00075 -0.00175 0.00014
198687.762 0.00122 -0.00129 -0.00016
198687.766 0.00044 -0.00058 -0.00009
198687.770 -0.00021 0.00035 0.00037
198687.774 0.00126 0.00016 -0.00009
198687.778 0.00134 0.00024 -0.00066
198687.782 0.00138 -0.00091 -0.00021
198687.786 0.00031 -0.00122 -0.00040
198687.790 0.00140 -0.00145 -0.00044
198687.794 0.00079 0.00028 0.00000
198687.798 0.00136 0.00012 -0.00005
198687.802 0.00122 -0.00019 0.00054
198687.806 0.00044 -0.00058 -0.00005
198687.810 0.00038 -0.00159 0.00007
198687.814 0.00066 -0.00201 0.00026
198687.818 0.00059 -0.00120 0.00002
198687.822 0.00117 -0.00024 -0.00003
198687.826 0.00103 -0.00059 -0.00021
198687.830 0.00188 -0.00113 0.00003
198687.834 0.00136 -0.00038 -0.00017
198687.838 0.00108 -0.00138 -0.00024
198687.842 0.00054 -0.00150 -0.00056
198687.846 0.00147 -0.00093 0.00040
198687.850 0.00155 -0.00002 -0.00054
198687.854 0.00098 0.00005 -0.00017
198687.858 0.00037 -0.00066 -0.00038
198687.862 0.00051 -0.00101 0.00044
198687.866 0.00024 -0.00065 0.00007
198687.870 0.00033 -0.00086 -0.00017
198687.874 0.00155 -0.00045 0.00051
198687.878 -0.00007 -0.00140 -0.00005
198687.882 0.00009 -0.00209 -0.00005
198687.886 0.00089 -0.00047 0.00007
198687.891 0.00140 -0.00096 -0.00002
198687.894 0.00168 -0.00124 -0.00094
198687.898 0.00176 -0.00070 -0.00030
198687.902 0.00178 -0.00117 0.00061
198687.906 0.00148 -0.00145 -0.00017
198687.910 0.00110 -0.00016 -0.00038
198687.914 0.00115 -0.00117 -0.00030
198687.918 0.00101 -0.00054 0.00017
198687.922 0.00098 -0.00143 -0.00030
198687.926 0.00098 -0.00014 0.00002
198687.930 0.00082 -0.00028 -0.00003
198687.934 0.00093 -0.00182 -0.00035
198687.938 0.00126 -0.00099 -0.00073
198687.942 0.00044 -0.00065 -0.00038
198687.946 0.00143 -0.00086 -0.00014
198687.950 0.00110 -0.00105 0.00066
198687.954 0.00115 -0.00112 0.00087
198687.958 0.00087 -0.00082 0.00017
198687.962 0.00138 -0.00075 0.00059
198687.966 0.00215 -0.00012 0.00026
198687.970 0.00157 -0.00056 -0.00028
198687.974 0.00143 -0.00068 -0.00026
198687.978 0.00183 -0.00086 -0.00042
198687.982 0.00150 -0.00106 -0.00045
198687.986 0.00021 -0.00201 -0.00152
198687.990 0.00017 -0.00150 -0.00073
198687.994 0.00075 -0.00168 -0.00009
198687.998 -0.00012 -0.00173 0.00007
198688.002 -0.00005 -0.00143 0.00042
198688.006 0.00009 -0.00182 -0.00038
198688.010 0.00059 -0.00040 -0.00059
198688.014 0.00087 -0.00093 -0.00094
198688.018 0.00155 -0.00049 0.00044
198688.022 0.00157 -0.00005 0.00037
198688.026 0.00113 -0.00070 -0.00024
198688.030 0.00040 -0.00087 -0.00086
198688.034 0.00037 -0.00106 0.00002
198688.038 0.00141 -0.00035 0.00056
198688.042 0.00140 -0.00003 0.00009
198688.046 0.00017 -0.00234 -0.00031
198688.050 -0.00042 -0.00145 -0.00012
198688.054 0.00059 -0.00091 0.00066
198688.058 0.00148 -0.00047 0.00087
198688.062 0.00140 -0.00141 0.00077
198688.066 0.00079 -0.00030 0.00075
198688.070 -0.00012 -0.00106 0.00030
198688.074 0.00023 -0.00112 -0.00010
198688.078 -0.00026 -0.00098 0.00037
198688.082 0.00049 -0.00124 -0.00038
198688.086 0.00054 -0.00101 -0.00091
198688.090 0.00117 -0.00124 -0.00058
198688.094 0.00072 -0.00147 0.00099
198688.098 0.00211 -0.00091 0.00037
198688.102 0.00202 -0.00138 -0.00024
198688.106 0.00094 -0.00089 0.00017
198688.110 0.00112 -0.00091 0.00030
198688.114 0.00086 -0.00047 -0.00010
198688.118 0.00140 -0.00096 -0.00068
198688.122 0.00079 -0.00063 -0.00037
198688.126 -0.00012 -0.00131 -0.00044
198688.130 0.00068 -0.00058 -0.00061
198688.134 0.00120 -0.00052 -0.00005
198688.138 0.00119 -0.00037 -0.00021
198688.142 0.00162 -0.00033 -0.00009
198688.146 0.00204 -0.00093 -0.00037
198688.150 0.00110 -0.00168 -0.00014
198688.154 0.00115 -0.00082 0.00021
198688.158 0.00237 -0.00134 -0.00014
198688.162 0.00194 -0.00089 -0.00068
198688.166 0.00106 -0.00120 -0.00096
198688.170 0.00099 -0.00099 -0.00150
198688.174 0.00113 -0.00019 -0.00089
198688.178 0.00040 -0.00044 -0.00072
198688.182 0.00052 -0.00035 -0.00054
198688.186 0.00086 -0.00031 -0.00047
198688.190 0.00108 -0.00063 -0.00017
198688.194 0.00115 -0.00024 0.00065
198688.198 -0.00017 -0.00134 0.00012
198688.202 0.00007 -0.00073 0.00012
198688.206 0.00044 -0.00103 0.00000
198688.210 0.00007 -0.00065 -0.00080
198688.214 0.00073 -0.00161 -0.00086
198688.218 0.00166 -0.00155 -0.00010
198688.222 0.00099 -0.00079 -0.00068
198688.226 0.00143 -0.00148 -0.00098
198688.230 0.00108 -0.00138 -0.00059
198688.234 0.00086 -0.00028 -0.00019
198688.239 0.00108 -0.00106 -0.00009
198688.242 0.00024 -0.00096 -0.00112
198688.246 0.00003 -0.00108 0.00040
198688.250 0.00087 -0.00080 0.00021
198688.254 0.00065 -0.00059 -0.00014
198688.258 0.00000 -0.00099 0.00126
198688.262 -0.00017 -0.00199 0.00012
198688.266 0.00112 -0.00136 -0.00045
198688.270 0.00070 -0.00103 -0.00106
198688.274 0.00089 -0.00171 -0.00077
198688.278 0.00126 -0.00113 -0.00024
198688.282 0.00134 -0.00143 -0.00024
198688.286 0.00182 -0.00122 -0.00042
198688.290 0.00105 -0.00145 0.00073
198688.294 0.00054 -0.00120 0.00000
198688.298 0.00190 -0.00040 -0.00003
198688.302 0.00106 -0.00019 -0.00096
198688.306 0.00145 -0.00044 0.00030
198688.310 0.00215 -0.00126 0.00138
198688.314 0.00098 -0.00010 0.00000
198688.318 0.00112 -0.00086 -0.00049
198688.322 0.00131 -0.00120 -0.00031
198688.326 0.00030 -0.00040 -0.00073
198688.330 0.00003 -0.00138 -0.00054
198688.334 0.00119 -0.00255 -0.00169
198688.338 0.00133 -0.00134 0.00026
198688.342 0.00061 -0.00148 -0.00058
198688.346 0.00087 -0.00063 -0.00003
198688.350 0.00140 -0.00145 0.00038
198688.354 0.00108 -0.00075 -0.00068
198688.358 0.00115 -0.00148 -0.00098
198688.362 0.00117 -0.00093 -0.00059
198688.366 0.00072 -0.00031 0.00038
198688.370 0.00059 -0.00061 -0.00038
198688.374 0.00133 -0.00113 -0.00075
198688.378 0.00152 -0.00084 -0.00038
198688.382 0.00021 -0.00166 -0.00059
198688.386 0.00093 -0.00126 0.00024
198688.390 0.00110 -0.00086 0.00045
198688.394 0.00206 -0.00166 -0.00007
198688.398 0.00155 -0.00141 0.00023
198688.402 0.00082 -0.00045 0.00061
198688.406 0.00047 -0.00126 -0.00063
198688.410 0.00115 -0.00117 0.00007
198688.414 0.00117 -0.00084 -0.00016
198688.418 0.00176 -0.00105 -0.00038
198688.422 0.00194 -0.00005 0.00014
198688.426 0.00106 -0.00099 -0.00061
198688.430 0.00115 -0.00019 -0.00019
198688.434 0.00117 0.00030 0.00019
198688.438 0.00147 0.00059 0.00000
198688.442 0.00019 0.00171 0.00145
198688.446 0.00002 -0.00052 0.00093
198688.450 0.00026 -0.00082 0.00079
198688.454 0.00019 -0.00014 -0.00028
198688.458 -0.00087 -0.00117 -0.00026
198688.462 0.00108 -0.00038 -0.00026
198688.466 0.00161 -0.00063 -0.00010
198688.470 0.00159 0.00049 -0.00023
198688.474 0.00113 0.00003 -0.00070
198688.478 0.00086 -0.00007 -0.00052
198688.482 0.00094 -0.00010 0.00010
198688.486 0.00037 -0.00010 0.00012
198688.490 0.00096 -0.00115 0.00028
198688.494 0.00082 -0.00129 0.00031
198688.498 0.00093 0.00031 0.00094
198688.502 0.00112 -0.00105 0.00019
198688.506 0.00070 -0.00096 -0.00059
198688.510 0.00089 -0.00047 0.00024
198688.514 0.00126 -0.00126 0.00016
198688.518 0.00044 -0.00162 -0.00030
198688.522 -0.00066 -0.00126 -0.00058
198688.526 0.00023 -0.00101 -0.00110
198688.530 0.00093 -0.00155 -0.00033
198688.534 0.00112 -0.00169 0.00031
198688.538 0.00131 -0.00112 -0.00010
198688.542 0.00120 -0.00023 0.00007
198688.546 0.00000 -0.00059 -0.00093
198688.550 0.00072 -0.00143 0.00016
198688.554 0.00091 -0.00030 0.00073
198688.558 0.00185 -0.00152 -0.00075
198688.562 0.00211 -0.00138 0.00005
198688.566 0.00171 -0.00119 0.00072
198688.570 0.00040 -0.00161 -0.00077
198688.574 0.00157 -0.00094 0.00065
198688.578 0.00007 -0.00003 0.00012
198688.582 0.00103 -0.00068 -0.00106
198688.586 0.00084 -0.00056 -0.00061
198688.591 0.00017 -0.00023 -0.00021
198688.594 0.00091 -0.00059 -0.00024
198688.598 0.00065 -0.00099 -0.00010
198688.602 0.00180 -0.00094 0.00037
198688.606 0.00178 0.00070 0.00079
198688.610 0.00103 -0.00094 -0.00058
198688.614 0.00084 -0.00063 -0.00019
198688.618 0.00108 -0.00129 0.00035
198688.622 0.00070 -0.00087 0.00079
198688.626 0.00075 -0.00106 0.00045
198688.630 0.00106 -0.00021 0.00007
198688.634 0.00084 -0.00073 -0.00033
198688.638 0.00199 -0.00178 0.00000
198688.642 0.00199 -0.00129 0.00115
198688.646 0.00108 -0.00087 0.00024
198688.650 -0.00019 -0.00120 -0.00073
198688.654 0.00051 -0.00086 0.00021
198688.658 0.00070 -0.00106 -0.00059
198688.662 0.00044 -0.00035 -0.00080
198688.666 0.00113 -0.00079 0.00003
198688.670 0.00101 0.00045 -0.00047
198688.674 0.00023 -0.00147 -0.00093
198688.678 0.00108 -0.00197 -0.00044
198688.682 0.00129 -0.00120 -0.00030
198688.686 0.00182 -0.00038 -0.00058
198688.690 0.00180 -0.00033 -0.00065
198688.694 0.00028 -0.00152 0.00052
198688.698 0.00079 -0.00138 0.00113
198688.702 0.00093 -0.00150 0.00086
198688.706 0.00065 -0.00063 0.00017
198688.710 0.00180 -0.00054 -0.00030
198688.714 0.00133 -0.00023 0.00061
198688.718 0.00061 -0.00089 -0.00033
198688.722 -0.00031 -0.00122 0.00075
198688.726 0.00002 -0.00010 0.00089
198688.730 0.00073 -0.00070 0.00093
198688.734 0.00016 -0.00147 0.00094
198688.738 0.00105 -0.00182 0.00019
198688.742 0.00188 -0.00176 0.00059
198688.746 0.00197 -0.00099 0.00010
198688.750 0.00154 0.00024 0.00028
198688.754 0.00037 0.00058 -0.00042
198688.758 0.00112 -0.00143 -0.00059
198688.762 0.00101 -0.00016 -0.00065
198688.766 0.00098 -0.00026 -0.00007
198688.770 0.00066 0.00014 -0.00051
198688.774 0.00119 -0.00080 -0.00063
198688.778 0.00042 -0.00059 -0.00096
198688.782 -0.00037 -0.00023 -0.00044
198688.786 0.00093 -0.00045 0.00058
198688.790 0.00155 -0.00126 0.00024
198688.794 0.00232 -0.00131 0.00031
198688.798 0.00148 -0.00042 0.00049
198688.802 0.00140 -0.00065 0.00007
198688.806 0.00199 -0.00086 -0.00031
198688.810 0.00124 -0.00150 -0.00028
198688.814 0.00089 -0.00168 0.00047
198688.818 0.00244 -0.00082 0.00052
198688.822 0.00182 0.00000 0.00068
198688.826 0.00148 -0.00038 0.00103
198688.830 0.00035 -0.00124 0.00021
198688.834 0.00066 -0.00040 -0.00014
198688.838 -0.00014 -0.00049 0.00035
198688.842 0.00007 -0.00141 -0.00009
198688.846 0.00119 -0.00030 -0.00037
198688.850 0.00133 -0.00091 -0.00089
198688.854 0.00197 -0.00106 -0.00042
198688.858 0.00213 -0.00141 -0.00075
198688.862 0.00202 -0.00120 0.00005
198688.866 0.00110 -0.00265 -0.00093
198688.870 0.00220 -0.00063 0.00016
198688.874 0.00159 -0.00204 -0.00045
198688.878 0.00113 -0.00122 0.00012
198688.882 -0.00033 -0.00115 -0.00091
198688.886 0.00063 -0.00084 -0.00058
198688.890 0.00087 -0.00059 -0.00003
198688.894 0.00126 -0.00054 -0.00035
198688.898 0.00148 -0.00037 -0.00089
198688.902 0.00126 -0.00108 -0.00133
198688.906 0.00134 -0.00082 -0.00024
198688.910 0.00122 -0.00030 0.00154
198688.914 0.00044 -0.00136 0.00080
198688.918 0.00082 -0.00059 -0.00028
198688.922 0.00108 -0.00143 -0.00072
198688.926 0.00115 -0.00106 -0.00098
198688.930 0.00056 -0.00035 -0.00150
198688.934 0.00147 -0.00047 -0.00059
198688.939 0.00201 0.00007 -0.00005
198688.942 0.00215 0.00038 -0.00035
198688.946 0.00112 -0.00087 -0.00012
198688.950 0.00010 -0.00166 -0.00127
198688.954 -0.00030 -0.00141 -0.00143
198688.958 0.00063 -0.00061 0.00017
198688.962 0.00119 0.00080 0.00044
198688.966 0.00103 0.00178 0.00066
198688.970 0.00159 0.00052 -0.00016
198688.974 0.00143 -0.00084 -0.00068
198688.978 0.00049 0.00000 0.00005
198688.982 0.00068 -0.00188 -0.00017
198688.986 0.00089 -0.00178 -0.00009
198688.990 0.00141 -0.00204 0.00007
198688.994 0.00049 -0.00122 0.00101
198688.998 0.00188 -0.00054 0.00037
198689.002 0.00257 -0.00113 0.00003
198689.006 0.00154 -0.00052 0.00026
198689.010 0.00112 -0.00157 -0.00042
198689.014 0.00190 0.00009 0.00028
198689.018 0.00136 0.00143 0.00093
198689.022 0.00002 0.00089 0.00003
198689.026 0.00042 0.00030 0.00010
198689.030 -0.00005 -0.00031 -0.00077
198689.034 -0.00049 -0.00136 -0.00024
198689.038 0.00058 0.00045 0.00047
198689.042 0.00087 -0.00115 0.00023
198689.046 0.00079 -0.00145 0.00061
198689.050 0.00122 -0.00150 0.00010
198689.054 0.00148 -0.00138 0.00133
198689.058 0.00080 -0.00105 0.00030
198689.062 0.00152 -0.00126 0.00047
198689.066 0.00248 -0.00147 -0.00052
198689.070 0.00120 -0.00152 -0.00003
198689.074 0.00119 -0.00002 0.00099
198689.078 0.00147 -0.00084 0.00080
198689.082 0.00094 -0.00075 0.00075
198689.086 0.00096 -0.00103 0.00089
198689.090 0.00052 -0.00201 -0.00147
198689.094 0.00145 -0.00150 -0.00117
198689.098 0.00215 -0.00017 -0.00051
198689.102 0.00127 0.00061 -0.00031
198689.106 0.00059 0.00021 -0.00028
198689.110 0.00072 -0.00031 0.00047
198689.114 0.00182 -0.00168 0.00082
198689.118 0.00103 -0.00007 -0.00012
198689.122 0.00068 -0.00206 -0.00052
198689.126 0.00030 -0.00031 0.00010
198689.130 0.00003 -0.00122 -0.00016
198689.134 -0.00045 -0.00099 -0.00038
198689.138 0.00059 -0.00154 -0.00044
198689.142 0.00103 -0.00110 -0.00136
198689.146 0.00129 -0.00066 -0.00161
198689.150 0.00059 -0.00070 0.00073
198689.154 -0.00061 -0.00101 0.00014
198689.158 0.00010 -0.00080 0.00028
198689.162 0.00059 -0.00119 -0.00012
198689.166 0.00117 -0.00084 -0.00037
198689.170 0.00162 -0.00061 0.00000
198689.174 0.00129 0.00019 0.00009
198689.178 0.00120 0.00101 -0.00016
198689.182 0.00119 0.00047 0.00126
198689.186 0.00117 -0.00161 0.00012
198689.190 0.00133 -0.00141 0.00087
198689.194 0.00077 -0.00105 0.00079
198689.198 0.00122 -0.00035 0.00075
198689.202 0.00058 0.00010 -0.00014
198689.206 0.00101 0.00038 0.00065
198689.210 0.00068 0.00061 0.00042
198689.214 0.00044 0.00098 0.00066
198689.218 0.00159 0.00016 0.00042
198689.222 0.00082 0.00086 0.00035
198689.226 0.00122 -0.00031 -0.00054
198689.230 0.00105 0.00103 0.00040
198689.234 0.00038 -0.00086 0.00080
198689.238 0.00096 -0.00106 -0.00058
198689.242 0.00202 -0.00066 0.00024
198689.246 0.00079 -0.00161 0.00031
198689.250 0.00063 -0.00096 0.00017
198689.254 0.00042 -0.00122 -0.00075
198689.258 0.00188 -0.00101 -0.00113
198689.262 0.00195 -0.00305 -0.00094
198689.266 0.00183 -0.00162 0.00014
198689.270 0.00044 -0.00096 -0.00061
198689.274 0.00007 -0.00093 -0.00080
198689.278 0.00119 -0.00093 -0.00070
198689.282 0.00133 0.00251 -0.00023
198689.286 0.00197 0.00901 -0.00040
198689.291 0.00108 0.00632 -0.00059
198689.294 -0.00033 0.00216 -0.00051
198689.298 -0.00131 -0.00208 -0.00077
198689.302 -0.00082 -0.00274 -0.00129
198689.306 0.00049 -0.00169 0.00021
198689.310 0.00145 -0.00052 0.00000
198689.314 0.00185 -0.00187 -0.00154
198689.318 0.00195 -0.00162 -0.00030
198689.322 0.00152 -0.00096 0.00047
198689.326 0.00141 -0.00079 -0.00007
198689.330 0.00003 -0.00058 -0.00066
198689.334 -0.00002 -0.00143 -0.00082
198689.338 0.00161 -0.00286 -0.00056
198689.342 0.00175 -0.00325 0.00024
198689.346 0.00087 -0.00288 0.00061
198689.350 0.00065 -0.00250 0.00026
198689.354 0.00089 -0.00298 -0.00101
198689.358 0.00080 -0.00222 -0.00106
198689.362 0.00017 -0.00278 -0.00063
198689.366 0.00120 -0.00246 0.00009
198689.370 0.00000 -0.00298 -0.00002
198689.374 0.00072 -0.00251 -0.00005
198689.378 0.00016 -0.00164 -0.00021
198689.382 0.00061 -0.00096 0.00003
198689.386 0.00103 -0.00138 -0.00063
198689.390 0.00098 -0.00271 -0.00126
