198329.126 0.00127 -0.00220 -0.00084
198329.130 0.00089 -0.00096 -0.00084
198329.134 0.00094 -0.00154 0.00035
198329.139 0.00110 -0.00108 0.00037
198329.142 0.00054 -0.00082 -0.00037
198329.146 -0.00003 -0.00030 -0.00026
198329.150 0.00129 -0.00061 -0.00009
198329.154 0.00195 -0.00099 0.00009
198329.158 0.00197 -0.00035 0.00000
198329.162 0.00061 -0.00017 0.00026
198329.166 0.00072 -0.00058 -0.00009
198329.170 0.00180 -0.00084 -0.00065
198329.174 0.00192 -0.00091 -0.00065
198329.178 0.00182 -0.00063 -0.00049
198329.182 0.00103 -0.00040 0.00000
198329.186 -0.00021 0.00009 0.00058
198329.190 0.00080 -0.00080 -0.00031
198329.194 -0.00042 -0.00075 0.00063
198329.198 0.00073 0.00000 0.00028
198329.202 0.00000 0.00021 0.00003
198329.206 0.00086 -0.00003 0.00028
198329.210 0.00138 -0.00145 0.00049
198329.214 0.00122 -0.00152 0.00040
198329.218 0.00117 -0.00033 0.00066
198329.222 0.00117 -0.00077 0.00030
198329.226 0.00115 -0.00059 0.00005
198329.230 0.00161 -0.00024 0.00089
198329.234 0.00202 -0.00120 0.00019
198329.238 0.00138 -0.00099 0.00031
198329.242 0.00106 -0.00230 -0.00009
198329.246 0.00113 -0.00175 0.00009
198329.250 0.00145 -0.00113 0.00075
198329.254 0.00154 -0.00054 0.00122
198329.258 0.00126 0.00005 0.00119
198329.262 0.00089 -0.00037 0.00012
198329.266 0.00169 -0.00063 0.00045
198329.270 0.00115 -0.00040 0.00159
198329.274 0.00070 -0.00065 0.00084
198329.278 0.00059 -0.00024 0.00079
198329.282 0.00056 -0.00030 0.00047
198329.286 0.00086 -0.00136 0.00038
198329.290 0.00108 -0.00059 0.00023
198329.294 0.00204 -0.00084 0.00017
198329.298 0.00290 -0.00106 -0.00042
198329.302 0.00236 -0.00126 0.00031
198329.306 0.00162 -0.00028 0.00005
198329.310 0.00157 0.00044 -0.00045
198329.314 0.00066 -0.00072 0.00014
198329.318 0.00103 0.00016 0.00000
198329.322 0.00098 -0.00079 -0.00016
198329.326 0.00080 -0.00105 0.00052
198329.330 0.00077 -0.00021 0.00101
198329.334 0.00150 -0.00073 0.00038
198329.338 0.00169 -0.00164 0.00007
198329.342 0.00115 -0.00112 0.00030
198329.346 0.00086 -0.00127 -0.00099
198329.350 0.00108 -0.00087 -0.00044
198329.354 0.00204 -0.00152 -0.00058
198329.358 0.00169 -0.00138 0.00010
198329.362 0.00070 -0.00119 0.00045
198329.366 0.00044 -0.00086 0.00009
198329.370 0.00066 -0.00152 0.00014
198329.374 0.00058 -0.00033 0.00030
198329.378 0.00026 -0.00063 0.00051
198329.382 0.00031 -0.00099 0.00070
198329.386 0.00065 -0.00065 -0.00014
198329.390 0.00147 -0.00070 -0.00021
198329.394 0.00185 -0.00117 0.00037
198329.398 0.00028 -0.00115 -0.00023
198329.402 0.00108 0.00065 0.00051
198329.406 0.00175 -0.00021 0.00086
198329.410 0.00145 0.00000 0.00108
198329.414 0.00124 -0.00113 0.00147
198329.418 0.00058 -0.00084 0.00051
198329.422 0.00131 0.00000 -0.00065
198329.426 0.00089 -0.00023 -0.00019
198329.430 0.00183 0.00058 0.00127
198329.434 0.00148 0.00096 0.00075
198329.438 0.00154 -0.00028 0.00106
198329.442 0.00096 -0.00106 0.00040
198329.446 0.00065 -0.00082 -0.00066
198329.450 0.00087 -0.00195 -0.00035
198329.454 0.00154 -0.00105 0.00063
198329.458 0.00096 -0.00155 0.00073
198329.462 0.00080 -0.00140 0.00152
198329.466 0.00168 -0.00150 0.00082
198329.470 0.00054 -0.00108 0.00047
198329.474 0.00054 -0.00066 -0.00003
198329.478 0.00009 -0.00101 -0.00003
198329.482 0.00028 -0.00140 -0.00093
198329.486 0.00047 -0.00091 -0.00012
198329.491 -0.00005 -0.00063 0.00113
198329.494 0.00054 -0.00010 0.00208
198329.498 0.00115 0.00002 0.00126
198329.502 0.00099 -0.00113 0.00075
198329.506 0.00173 -0.00113 0.00077
198329.510 -0.00033 -0.00068 0.00122
198329.514 0.00077 -0.00042 0.00044
198329.518 0.00182 -0.00035 0.00023
198329.522 0.00117 -0.00063 -0.00010
198329.526 0.00117 -0.00101 0.00023
198329.530 0.00101 -0.00005 0.00049
198329.534 0.00187 -0.00054 0.00038
198329.538 0.00134 -0.00009 -0.00021
198329.542 0.00150 -0.00072 -0.00068
198329.546 0.00080 0.00077 -0.00005
198329.550 0.00122 0.00010 -0.00017
198329.554 0.00087 -0.00035 0.00007
198329.558 0.00094 -0.00063 0.00014
198329.562 0.00049 -0.00131 0.00016
198329.566 0.00159 -0.00028 0.00106
198329.570 0.00157 0.00089 -0.00019
198329.574 0.00021 -0.00091 -0.00082
198329.578 0.00031 -0.00122 -0.00009
198329.582 0.00108 -0.00072 -0.00019
198329.586 0.00204 -0.00208 0.00021
198329.590 0.00110 -0.00047 0.00063
198329.594 0.00038 -0.00005 0.00133
198329.598 -0.00052 -0.00161 0.00017
198329.602 0.00072 -0.00066 -0.00012
198329.606 0.00089 -0.00101 0.00068
198329.610 0.00079 -0.00126 0.00134
198329.614 0.00152 -0.00251 0.00063
198329.618 0.00094 -0.00105 0.00012
198329.622 0.00110 -0.00080 0.00000
198329.626 0.00159 -0.00059 -0.00031
198329.630 0.00127 -0.00024 0.00049
198329.634 0.00103 -0.00014 0.00024
198329.638 0.00082 0.00000 -0.00010
198329.642 -0.00012 0.00005 0.00009
198329.646 0.00052 -0.00141 0.00044
198329.650 0.00024 -0.00061 0.00084
198329.654 0.00047 -0.00099 0.00003
198329.658 -0.00021 -0.00094 -0.00091
198329.662 0.00094 0.00024 0.00079
198329.666 0.00185 -0.00002 0.00031
198329.670 0.00119 -0.00145 -0.00068
198329.674 0.00101 -0.00047 -0.00080
198329.678 0.00157 -0.00066 -0.00023
198329.682 0.00141 -0.00056 0.00096
198329.686 0.00031 -0.00143 0.00023
198329.690 0.00124 -0.00077 0.00017
198329.694 0.00133 -0.00058 0.00061
198329.698 0.00075 -0.00054 0.00028
198329.702 0.00089 -0.00143 -0.00040
198329.706 0.00049 -0.00061 0.00000
198329.710 0.00113 -0.00115 -0.00031
198329.714 0.00086 -0.00068 -0.00056
198329.718 0.00063 0.00002 -0.00077
198329.722 0.00087 -0.00068 0.00066
198329.726 0.00093 -0.00101 0.00030
198329.730 0.00126 -0.00080 0.00003
198329.734 0.00012 -0.00150 -0.00105
198329.738 0.00044 -0.00199 -0.00014
198329.742 0.00037 -0.00136 0.00007
198329.746 0.00126 -0.00119 0.00000
198329.750 0.00058 -0.00054 0.00026
198329.754 0.00040 -0.00129 -0.00010
198329.758 0.00051 -0.00058 -0.00035
198329.762 0.00054 -0.00084 0.00063
198329.766 0.00099 0.00012 0.00028
198329.770 0.00037 0.00038 0.00035
198329.774 -0.00009 -0.00073 -0.00037
198329.778 0.00038 0.00000 0.00002
198329.782 0.00051 -0.00084 -0.00016
198329.786 0.00038 0.00000 0.00082
198329.790 0.00096 -0.00188 0.00033
198329.794 0.00051 -0.00119 -0.00038
198329.798 0.00038 -0.00115 0.00002
198329.802 -0.00052 -0.00038 -0.00031
198329.806 0.00056 0.00056 -0.00010
198329.810 -0.00003 -0.00068 -0.00035
198329.814 0.00190 0.00061 0.00033
198329.818 0.00211 0.00007 0.00005
198329.822 0.00051 -0.00007 -0.00016
198329.826 0.00099 0.00003 0.00052
198329.830 0.00051 -0.00113 0.00040
198329.834 0.00145 -0.00007 0.00127
198329.839 0.00093 -0.00101 0.00016
198329.842 0.00094 -0.00140 -0.00087
198329.846 0.00171 -0.00059 0.00049
198329.850 0.00236 -0.00084 0.00054
198329.854 0.00026 -0.00016 0.00131
198329.858 0.00183 0.00002 0.00077
198329.862 0.00178 -0.00129 -0.00012
198329.866 0.00058 -0.00148 -0.00080
198329.870 0.00070 0.00042 -0.00007
198329.874 0.00148 0.00031 0.00070
198329.878 0.00094 -0.00016 0.00091
198329.882 0.00080 -0.00103 0.00080
198329.886 -0.00012 0.00023 0.00047
198329.890 -0.00007 -0.00002 0.00175
198329.894 0.00052 0.00005 0.00119
198329.898 0.00190 -0.00098 0.00103
198329.902 0.00134 -0.00049 0.00068
198329.906 0.00166 -0.00066 0.00075
198329.910 0.00175 -0.00086 -0.00012
198329.914 0.00056 0.00012 -0.00021
198329.918 0.00131 -0.00035 -0.00007
198329.922 0.00209 -0.00079 -0.00019
198329.926 0.00126 -0.00073 -0.00082
198329.930 0.00119 -0.00058 0.00021
198329.934 0.00086 -0.00038 0.00061
198329.938 0.00033 -0.00033 0.00044
198329.942 0.00063 -0.00108 0.00009
198329.946 0.00133 -0.00127 0.00014
198329.950 0.00075 0.00017 0.00105
198329.954 0.00105 0.00040 0.00040
198329.958 0.00188 -0.00012 0.00037
198329.962 0.00105 -0.00117 -0.00007
198329.966 0.00113 -0.00175 -0.00003
198329.970 0.00220 -0.00145 -0.00002
198329.974 0.00159 -0.00152 -0.00063
198329.978 0.00141 0.00010 0.00010
198329.982 -0.00012 -0.00080 0.00045
198329.986 0.00082 0.00000 0.00068
198329.990 0.00136 0.00019 0.00059
198329.994 0.00061 -0.00108 0.00028
198329.998 0.00072 -0.00127 0.00019
198330.002 0.00073 -0.00072 0.00093
198330.006 0.00120 -0.00058 0.00037
198330.010 0.00117 -0.00023 -0.00098
198330.014 0.00131 0.00059 -0.00058
198330.018 0.00045 0.00080 0.00042
198330.022 0.00052 -0.00002 -0.00005
198330.026 0.00099 0.00003 0.00115
198330.030 0.00096 -0.00037 0.00072
198330.034 0.00171 -0.00003 0.00061
198330.038 0.00131 -0.00038 0.00044
198330.042 0.00134 -0.00110 -0.00096
198330.046 0.00075 -0.00007 -0.00058
198330.050 0.00030 -0.00010 -0.00002
198330.054 0.00108 0.00002 0.00117
198330.058 0.00023 -0.00127 0.00012
198330.062 0.00122 -0.00012 0.00105
198330.066 0.00133 0.00031 0.00115
198330.070 -0.00014 -0.00030 -0.00016
198330.074 0.00141 -0.00061 -0.00037
198330.078 0.00122 -0.00070 0.00002
198330.082 0.00117 -0.00012 -0.00031
198330.086 0.00176 -0.00117 -0.00024
198330.090 0.00192 -0.00054 -0.00054
198330.094 0.00166 -0.00068 0.00028
198330.098 0.00143 -0.00087 0.00019
198330.102 0.00079 -0.00002 0.00063
198330.106 -0.00058 -0.00038 0.00044
198330.110 -0.00049 0.00010 0.00068
198330.114 -0.00047 -0.00021 0.00000
198330.118 0.00058 -0.00075 -0.00031
198330.122 -0.00003 -0.00044 0.00033
198330.126 0.00099 -0.00005 0.00005
198330.130 0.00082 -0.00040 -0.00091
198330.134 0.00136 0.00054 -0.00010
198330.138 0.00166 -0.00054 0.00084
198330.142 0.00145 -0.00052 -0.00054
198330.146 0.00124 -0.00068 -0.00002
198330.150 0.00042 -0.00042 0.00086
198330.154 0.00037 -0.00094 -0.00009
198330.158 -0.00024 -0.00003 -0.00003
198330.162 0.00065 -0.00070 0.00040
198330.166 0.00117 0.00047 0.00098
198330.170 0.00115 0.00002 0.00023
198330.174 0.00176 -0.00068 0.00002
198330.178 0.00117 -0.00147 -0.00077
198330.182 0.00086 -0.00061 0.00037
198330.186 0.00003 -0.00099 0.00096
198330.191 0.00131 -0.00185 -0.00037
198330.193 0.00180 -0.00162 -0.00026
198330.198 0.00087 -0.00080 0.00019
198330.202 0.00063 -0.00120 0.00033
198330.206 0.00101 -0.00040 0.00065
198330.210 0.00037 -0.00035 0.00014
198330.214 0.00051 0.00010 0.00061
198330.218 0.00054 -0.00080 0.00087
198330.222 0.00099 -0.00164 0.00019
198330.226 0.00126 -0.00141 -0.00026
198330.230 0.00223 -0.00182 -0.00038
198330.234 0.00113 -0.00117 0.00045
198330.238 0.00024 0.00021 0.00040
198330.242 0.00047 0.00010 0.00037
198330.246 0.00098 -0.00005 0.00007
198330.250 0.00037 -0.00099 -0.00045
198330.254 0.00110 0.00009 0.00105
198330.258 0.00084 -0.00126 0.00009
198330.262 0.00077 -0.00133 -0.00089
198330.266 0.00075 0.00016 -0.00010
198330.270 0.00150 0.00009 0.00204
198330.274 0.00169 -0.00021 0.00185
198330.278 0.00115 -0.00014 0.00045
198330.282 0.00099 -0.00178 -0.00021
198330.286 0.00141 -0.00176 0.00021
198330.290 0.00122 -0.00070 0.00079
198330.294 -0.00002 -0.00012 0.00002
198330.298 0.00115 -0.00087 -0.00016
198330.302 0.00056 0.00058 0.00007
198330.306 0.00145 0.00035 0.00044
198330.310 0.00063 -0.00119 0.00009
198330.314 0.00162 -0.00040 0.00089
198330.318 0.00084 0.00040 -0.00009
198330.322 0.00031 -0.00058 -0.00049
198330.326 0.00094 -0.00009 0.00059
198330.330 0.00155 -0.00056 -0.00016
198330.334 0.00112 0.00005 -0.00037
198330.338 0.00113 -0.00112 0.00047
198330.342 0.00131 -0.00098 0.00040
198330.346 0.00059 -0.00063 -0.00007
198330.350 -0.00003 -0.00101 0.00024
198330.354 0.00070 -0.00051 -0.00040
198330.358 0.00028 -0.00187 -0.00087
198330.362 0.00079 -0.00087 0.00003
198330.366 0.00136 0.00028 0.00133
198330.370 0.00047 -0.00002 0.00077
198330.374 0.00127 0.00110 0.00106
198330.378 0.00134 -0.00084 0.00115
198330.382 0.00150 0.00028 0.00058
198330.386 0.00094 0.00000 -0.00017
198330.390 0.00080 0.00019 -0.00141
198330.394 0.00136 -0.00049 -0.00009
198330.398 0.00091 -0.00051 0.00054
198330.402 0.00065 -0.00037 0.00026
198330.406 0.00042 0.00040 0.00063
198330.410 0.00007 -0.00042 0.00044
198330.414 0.00042 -0.00126 0.00084
198330.418 0.00066 -0.00040 0.00079
198330.422 0.00058 -0.00049 0.00063
198330.426 0.00101 -0.00051 0.00028
198330.430 0.00066 0.00066 0.00140
198330.434 0.00012 0.00129 0.00108
198330.438 0.00059 0.00009 0.00010
198330.442 0.00010 -0.00037 -0.00014
198330.446 0.00044 0.00026 -0.00005
198330.450 0.00112 -0.00002 -0.00094
198330.454 0.00115 0.00080 0.00061
198330.458 0.00056 0.00072 0.00044
198330.462 0.00010 -0.00019 -0.00051
198330.466 0.00000 -0.00014 -0.00045
198330.470 -0.00019 0.00016 -0.00014
198330.474 0.00065 -0.00003 -0.00080
198330.478 0.00058 -0.00024 0.00005
198330.482 0.00222 -0.00045 0.00028
198330.486 0.00188 0.00009 0.00019
198330.490 -0.00014 -0.00187 -0.00042
198330.494 0.00037 -0.00058 -0.00028
198330.498 0.00065 -0.00098 -0.00024
198330.502 0.00058 -0.00126 -0.00023
198330.506 0.00086 -0.00056 -0.00023
198330.510 0.00138 -0.00009 0.00005
198330.514 0.00016 0.00003 0.00087
198330.518 0.00059 -0.00037 0.00065
198330.522 0.00147 -0.00215 0.00059
198330.526 0.00215 0.00009 0.00058
198330.530 0.00112 -0.00051 0.00012
198330.534 0.00115 -0.00082 0.00030
198330.539 0.00115 -0.00120 0.00019
198330.542 0.00161 -0.00040 -0.00026
198330.546 0.00143 -0.00140 -0.00099
198330.550 0.00063 -0.00120 -0.00119
198330.554 0.00087 0.00108 0.00026
198330.558 0.00124 0.00019 0.00019
198330.562 0.00117 0.00056 0.00002
198330.566 0.00101 -0.00113 -0.00077
198330.570 0.00157 -0.00159 -0.00007
198330.574 0.00157 -0.00065 0.00054
198330.578 0.00037 -0.00072 0.00131
198330.582 0.00065 0.00047 0.00091
198330.586 -0.00016 -0.00026 0.00096
198330.590 0.00096 -0.00120 -0.00037
198330.594 0.00080 -0.00070 0.00063
198330.598 0.00168 -0.00087 -0.00031
198330.602 0.00038 -0.00122 0.00108
198330.606 0.00051 0.00017 0.00131
198330.610 0.00204 -0.00033 0.00077
198330.614 0.00199 -0.00093 0.00016
198330.618 0.00108 0.00072 -0.00042
198330.622 0.00038 0.00009 -0.00012
198330.626 -0.00038 -0.00082 0.00023
198330.630 0.00195 -0.00166 0.00003
198330.634 0.00288 -0.00066 0.00058
198330.638 0.00115 -0.00117 -0.00061
198330.642 0.00056 -0.00084 -0.00003
198330.646 0.00070 -0.00061 0.00040
198330.650 0.00014 -0.00054 0.00023
198330.654 0.00028 -0.00098 0.00108
198330.658 0.00017 -0.00065 0.00086
198330.662 0.00075 -0.00072 0.00110
198330.666 0.00059 -0.00042 0.00024
198330.670 0.00056 -0.00019 0.00094
198330.674 0.00099 -0.00119 0.00066
198330.678 0.00096 -0.00161 -0.00044
198330.682 0.00035 -0.00141 -0.00059
198330.686 0.00019 -0.00045 -0.00033
198330.690 0.00016 -0.00126 -0.00040
198330.694 0.00180 -0.00133 0.00000
198330.698 0.00148 -0.00087 -0.00016
198330.702 0.00079 -0.00122 0.00052
198330.706 0.00016 -0.00056 0.00026
198330.710 0.00089 -0.00127 0.00003
198330.714 0.00140 -0.00103 -0.00031
198330.718 0.00182 -0.00005 0.00033
198330.722 0.00162 -0.00040 0.00005
198330.726 0.00023 -0.00033 0.00028
198330.730 0.00031 -0.00047 0.00094
198330.734 0.00183 -0.00066 0.00066
198330.738 0.00073 -0.00026 0.00059
198330.742 0.00030 -0.00091 0.00072
198330.746 0.00003 0.00026 0.00091
198330.750 0.00042 -0.00016 0.00021
198330.754 0.00171 0.00106 0.00002
198330.758 0.00161 0.00063 0.00103
198330.762 0.00202 -0.00007 0.00084
198330.766 0.00154 -0.00040 0.00033
198330.770 -0.00009 -0.00080 0.00051
198330.774 0.00037 0.00059 -0.00033
198330.778 0.00126 -0.00007 -0.00056
198330.782 0.00058 -0.00010 0.00012
198330.786 0.00072 -0.00087 0.00061
198330.790 0.00134 -0.00016 -0.00061
198330.794 0.00136 -0.00012 0.00010
198330.798 0.00106 -0.00087 0.00030
198330.802 0.00159 -0.00122 0.00065
198330.806 0.00141 -0.00040 0.00014
198330.810 -0.00042 0.00009 0.00061
198330.814 -0.00030 -0.00035 0.00044
198330.818 0.00093 -0.00079 0.00068
198330.822 0.00155 -0.00148 -0.00089
198330.826 -0.00009 -0.00124 0.00049
198330.830 0.00052 -0.00115 0.00024
198330.834 0.00099 -0.00084 0.00003
198330.838 0.00187 -0.00106 0.00028
198330.842 0.00105 -0.00171 -0.00024
198330.846 0.00052 -0.00054 -0.00009
198330.850 0.00009 -0.00113 -0.00035
198330.854 0.00058 -0.00098 0.00093
198330.858 0.00040 -0.00019 0.00007
198330.862 -0.00007 -0.00089 -0.00091
198330.866 0.00068 -0.00106 -0.00101
198330.870 0.00103 -0.00141 0.00030
198330.874 0.00037 -0.00075 0.00005
198330.878 0.00021 -0.00044 0.00028
198330.882 0.00061 -0.00019 0.00019
198330.886 0.00042 -0.00059 -0.00026
198330.891 0.00037 -0.00070 0.00003
198330.894 0.00080 -0.00042 0.00073
198330.898 0.00077 -0.00049 0.00016
198330.902 0.00091 -0.00082 0.00016
198330.906 0.00110 -0.00059 -0.00103
198330.910 0.00113 -0.00190 -0.00105
198330.914 0.00040 -0.00044 0.00014
198330.918 0.00066 0.00024 -0.00012
198330.922 0.00042 -0.00031 -0.00051
198330.926 0.00066 0.00026 0.00044
198330.930 0.00103 -0.00061 -0.00021
198330.934 0.00202 0.00094 0.00096
198330.938 0.00124 -0.00014 -0.00021
198330.942 0.00162 -0.00117 0.00051
198330.946 0.00113 0.00003 0.00010
198330.950 0.00086 -0.00068 0.00014
198330.954 0.00138 -0.00072 0.00000
198330.958 0.00136 -0.00162 -0.00093
198330.962 0.00182 -0.00171 0.00002
198330.966 0.00119 -0.00068 0.00087
198330.970 -0.00033 0.00017 0.00035
198330.974 0.00047 -0.00079 -0.00023
198330.978 0.00082 -0.00119 -0.00023
198330.982 0.00077 -0.00101 0.00051
198330.986 0.00150 -0.00035 0.00115
198330.990 0.00110 -0.00047 0.00072
198330.994 0.00175 -0.00171 0.00016
198330.998 0.00115 -0.00175 0.00016
198331.002 0.00086 -0.00038 -0.00012
198331.006 0.00168 -0.00019 0.00054
198331.010 0.00115 0.00016 0.00101
198331.014 0.00161 -0.00033 0.00023
198331.018 0.00187 -0.00138 0.00003
198331.022 0.00134 0.00014 0.00073
198331.026 0.00059 -0.00140 0.00031
198331.030 0.00176 -0.00166 0.00110
198331.034 0.00176 -0.00007 0.00086
198331.038 0.00131 -0.00040 -0.00009
198331.042 0.00134 -0.00049 0.00038
198331.046 0.00195 -0.00021 0.00037
198331.050 0.00106 0.00014 -0.00023
198331.054 0.00068 0.00054 0.00080
198331.058 0.00178 0.00035 -0.00072
198331.062 0.00162 -0.00044 -0.00035
198331.066 0.00023 0.00009 -0.00042
198331.070 0.00122 -0.00096 -0.00042
198331.074 0.00087 -0.00079 0.00000
198331.078 0.00063 -0.00044 -0.00061
198331.082 0.00012 -0.00035 -0.00108
198331.086 0.00059 -0.00108 0.00012
198331.090 0.00161 -0.00037 -0.00073
198331.094 0.00202 -0.00047 -0.00007
198331.098 0.00199 -0.00126 -0.00017
198331.102 0.00122 -0.00103 0.00021
198331.106 0.00012 -0.00080 0.00033
198331.110 0.00044 -0.00059 -0.00023
198331.114 0.00066 0.00005 0.00005
198331.118 0.00089 -0.00068 -0.00030
198331.122 0.00108 -0.00101 0.00019
198331.126 0.00098 -0.00110 0.00017
198331.130 0.00112 -0.00113 0.00047
198331.134 0.00129 -0.00023 0.00129
198331.138 -0.00014 -0.00089 0.00075
198331.142 0.00007 -0.00168 0.00152
198331.146 0.00072 -0.00113 0.00021
198331.150 0.00119 -0.00023 -0.00010
198331.154 0.00133 -0.00059 -0.00005
198331.158 0.00059 -0.00024 -0.00049
198331.162 -0.00047 -0.00030 0.00030
198331.166 0.00133 -0.00031 0.00003
198331.170 0.00044 -0.00047 -0.00045
198331.174 0.00188 -0.00021 -0.00044
198331.178 0.00209 -0.00030 0.00016
198331.182 0.00201 -0.00047 0.00045
198331.186 0.00154 -0.00080 -0.00035
198331.190 0.00110 -0.00134 -0.00131
198331.194 0.00129 -0.00134 0.00023
198331.198 0.00105 -0.00089 0.00047
198331.202 0.00157 -0.00272 -0.00019
198331.206 0.00112 -0.00126 0.00051
198331.210 0.00040 -0.00072 0.00010
198331.214 0.00005 -0.00012 0.00105
198331.218 0.00147 -0.00042 0.00009
198331.222 0.00094 -0.00035 -0.00014
198331.226 0.00035 -0.00138 -0.00035
198331.230 0.00140 -0.00075 -0.00026
198331.234 0.00093 -0.00073 0.00065
198331.239 0.00140 -0.00133 0.00105
198331.242 0.00138 -0.00194 0.00070
198331.246 0.00077 -0.00241 0.00030
198331.250 0.00045 -0.00115 -0.00024
198331.254 0.00127 -0.00084 -0.00098
198331.258 0.00194 0.00000 0.00045
198331.262 0.00075 -0.00023 -0.00019
198331.266 0.00059 -0.00182 -0.00068
198331.270 -0.00002 -0.00040 0.00009
198331.274 0.00084 -0.00049 0.00089
198331.278 0.00213 0.00023 0.00065
198331.282 0.00171 0.00026 0.00044
198331.286 0.00176 -0.00093 -0.00035
198331.290 0.00101 0.00010 0.00002
198331.294 0.00098 0.00038 0.00087
198331.298 0.00066 -0.00044 0.00080
198331.302 -0.00031 -0.00126 0.00077
198331.306 0.00002 -0.00087 0.00093
198331.310 0.00101 -0.00016 0.00096
198331.314 0.00141 -0.00119 0.00066
198331.318 0.00122 -0.00145 0.00014
198331.322 0.00162 -0.00106 -0.00148
198331.326 0.00127 -0.00127 -0.00026
198331.330 0.00134 -0.00072 -0.00009
198331.334 0.00075 -0.00087 0.00009
198331.338 0.00075 -0.00002 0.00030
198331.342 0.00045 -0.00070 0.00049
198331.346 0.00023 -0.00162 0.00009
198331.350 -0.00042 -0.00096 -0.00075
198331.354 -0.00030 -0.00094 -0.00037
198331.358 0.00002 -0.00033 0.00002
198331.362 -0.00017 -0.00047 -0.00045
198331.366 -0.00009 -0.00051 0.00000
198331.370 0.00113 -0.00098 -0.00093
198331.374 0.00131 -0.00049 -0.00010
198331.378 0.00150 -0.00127 0.00084
198331.382 0.00079 -0.00208 0.00019
198331.386 0.00031 -0.00063 0.00063
198331.390 0.00169 0.00063 0.00012
198331.394 0.00099 -0.00187 0.00000
198331.398 0.00157 -0.00103 0.00026
198331.402 0.00096 -0.00110 0.00065
198331.406 0.00051 -0.00038 0.00105
198331.410 0.00129 -0.00079 0.00099
198331.414 0.00239 0.00014 0.00084
198331.418 0.00178 -0.00035 0.00033
198331.422 0.00058 -0.00063 0.00005
198331.426 0.00070 -0.00040 -0.00091
198331.430 0.00073 -0.00019 -0.00010
198331.434 0.00059 -0.00014 0.00070
198331.438 0.00206 -0.00103 -0.00059
198331.442 0.00185 -0.00035 0.00026
198331.446 0.00194 -0.00017 -0.00024
198331.450 0.00106 -0.00103 0.00019
198331.454 0.00098 -0.00080 -0.00056
198331.458 0.00126 -0.00105 0.00042
198331.462 0.00148 -0.00082 0.00082
198331.466 0.00185 0.00014 0.00140
198331.470 0.00119 -0.00049 0.00079
198331.474 0.00072 -0.00052 0.00093
198331.478 0.00225 -0.00098 0.00005
198331.482 0.00175 -0.00079 -0.00016
198331.486 0.00040 -0.00044 0.00023
198331.490 0.00096 -0.00094 0.00063
198331.494 0.00096 -0.00154 0.00119
198331.498 0.00126 -0.00094 0.00148
198331.502 0.00103 -0.00154 0.00065
198331.506 0.00157 0.00024 0.00044
198331.510 0.00096 -0.00031 0.00068
198331.514 0.00096 -0.00002 0.00030
198331.518 0.00051 -0.00070 -0.00009
198331.522 0.00068 -0.00056 -0.00019
198331.526 0.00073 -0.00129 -0.00023
198331.530 0.00030 -0.00058 0.00005
198331.534 0.00108 0.00019 -0.00091
198331.538 0.00143 0.00086 -0.00056
198331.542 0.00138 -0.00031 0.00072
198331.546 0.00122 -0.00031 -0.00073
198331.550 0.00162 0.00042 -0.00066
198331.554 0.00143 0.00016 -0.00033
198331.558 0.00093 0.00024 -0.00026
198331.562 0.00065 -0.00047 0.00005
198331.566 0.00133 -0.00141 -0.00061
198331.570 0.00105 -0.00061 -0.00002
198331.574 0.00127 -0.00204 0.00040
198331.578 0.00073 -0.00063 0.00038
198331.582 0.00134 -0.00056 0.00052
198331.586 0.00091 0.00005 -0.00003
198331.591 0.00140 -0.00098 0.00131
198331.594 0.00017 -0.00094 -0.00073
198331.598 0.00045 -0.00017 -0.00037
198331.602 0.00096 0.00061 -0.00010
198331.606 0.00155 -0.00007 -0.00005
198331.610 0.00141 -0.00056 -0.00003
198331.614 0.00093 -0.00159 0.00056
198331.618 0.00005 -0.00171 0.00117
198331.622 -0.00002 -0.00009 0.00148
198331.626 0.00084 0.00003 -0.00023
198331.630 0.00138 -0.00038 -0.00009
198331.634 0.00168 0.00024 0.00054
198331.638 0.00098 0.00028 0.00087
198331.642 0.00157 -0.00077 0.00094
198331.646 0.00080 -0.00164 0.00037
198331.650 0.00152 -0.00082 0.00007
198331.654 0.00096 -0.00045 0.00000
198331.658 0.00110 -0.00065 0.00162
198331.662 0.00099 -0.00131 -0.00065
198331.666 0.00187 -0.00012 -0.00003
198331.670 0.00150 -0.00058 -0.00063
198331.674 0.00065 -0.00099 -0.00033
198331.678 0.00042 -0.00124 -0.00010
198331.682 0.00021 -0.00117 0.00054
198331.686 0.00000 -0.00024 0.00147
198331.690 0.00070 -0.00134 -0.00009
198331.694 0.00030 -0.00073 -0.00019
198331.698 0.00138 -0.00103 0.00037
198331.702 0.00152 -0.00051 0.00037
198331.706 0.00110 -0.00112 -0.00007
198331.710 0.00070 -0.00113 -0.00019
198331.714 0.00148 -0.00023 -0.00037
198331.718 0.00124 -0.00045 -0.00026
198331.722 0.00103 0.00009 -0.00038
198331.726 0.00127 -0.00021 -0.00042
198331.730 0.00194 -0.00105 -0.00073
198331.734 0.00136 -0.00187 -0.00082
198331.738 0.00091 -0.00087 -0.00068
198331.742 0.00033 0.00028 -0.00005
198331.746 0.00049 -0.00002 -0.00094
198331.750 0.00009 -0.00070 -0.00012
198331.754 0.00117 -0.00012 0.00038
198331.758 0.00131 -0.00117 0.00143
198331.762 0.00120 -0.00099 0.00065
198331.766 0.00147 -0.00049 0.00000
198331.770 0.00049 -0.00066 0.00026
198331.774 0.00127 0.00033 0.00094
198331.778 0.00239 -0.00059 0.00037
198331.782 0.00087 -0.00070 0.00021
198331.786 0.00033 -0.00117 -0.00176
198331.790 0.00065 -0.00115 -0.00079
198331.794 0.00042 -0.00068 0.00037
198331.798 -0.00023 0.00047 -0.00037
198331.802 0.00003 0.00002 -0.00058
198331.806 0.00026 0.00021 -0.00017
198331.810 0.00033 0.00010 0.00023
198331.814 0.00019 -0.00051 0.00047
198331.818 0.00075 -0.00112 0.00040
198331.822 0.00075 -0.00175 -0.00007
198331.826 0.00150 -0.00159 0.00054
198331.830 0.00094 -0.00049 0.00042
198331.834 0.00019 0.00082 0.00098
198331.838 0.00075 0.00087 0.00068
198331.842 0.00014 -0.00106 0.00014
198331.846 0.00150 -0.00066 0.00045
198331.850 0.00079 -0.00086 -0.00035
198331.854 0.00136 -0.00075 -0.00086
198331.858 0.00166 -0.00134 -0.00086
198331.862 0.00265 -0.00194 -0.00038
198331.866 0.00215 -0.00255 0.00031
198331.870 0.00216 -0.00105 0.00065
198331.874 0.00187 -0.00155 0.00089
198331.878 0.00255 -0.00065 0.00110
198331.882 0.00106 -0.00147 0.00026
198331.886 0.00007 -0.00122 0.00108
198331.890 0.00117 -0.00101 0.00024
198331.894 0.00056 -0.00155 -0.00040
198331.898 0.00070 -0.00124 -0.00012
198331.902 0.00028 -0.00101 -0.00005
198331.906 0.00124 -0.00065 0.00070
198331.910 0.00133 -0.00010 0.00030
198331.914 0.00105 -0.00147 0.00080
198331.918 0.00127 -0.00106 -0.00026
198331.922 0.00058 -0.00141 -0.00129
198331.926 0.00192 0.00000 0.00009
198331.930 0.00180 0.00035 -0.00014
198331.934 0.00253 -0.00030 0.00007
198331.939 0.00136 -0.00047 0.00014
198331.942 0.00120 -0.00112 -0.00089
198331.946 0.00087 -0.00127 -0.00070
198331.950 0.00002 -0.00028 -0.00110
198331.954 0.00117 0.00103 -0.00075
198331.958 0.00161 -0.00042 0.00023
198331.962 0.00127 -0.00094 0.00017
198331.966 0.00194 -0.00154 0.00077
198331.970 0.00197 -0.00063 0.00002
198331.974 0.00106 -0.00099 -0.00077
198331.978 0.00098 -0.00080 -0.00037
198331.982 0.00096 0.00000 -0.00012
198331.986 0.00005 -0.00084 -0.00021
198331.990 0.00117 -0.00016 0.00052
198331.994 0.00101 -0.00148 -0.00063
198331.998 0.00112 -0.00227 -0.00063
198332.002 0.00024 -0.00188 0.00040
198332.006 0.00077 -0.00087 -0.00021
198332.010 0.00091 -0.00091 0.00051
198332.014 0.00079 -0.00183 -0.00003
198332.018 0.00016 -0.00117 0.00040
198332.022 0.00120 -0.00159 -0.00037
198332.026 0.00101 -0.00094 -0.00072
198332.030 0.00007 0.00010 -0.00005
198332.034 0.00072 -0.00021 -0.00079
198332.038 0.00134 0.00030 0.00037
198332.042 0.00182 -0.00016 0.00126
198332.046 0.00133 0.00016 0.00059
198332.050 0.00105 0.00009 0.00042
198332.054 0.00082 -0.00035 -0.00035
198332.058 0.00106 -0.00079 -0.00026
198332.062 0.00054 -0.00089 0.00019
198332.066 0.00070 -0.00077 -0.00026
198332.070 0.00148 0.00030 -0.00024
198332.074 0.00094 -0.00152 0.00005
198332.078 0.00110 -0.00199 -0.00091
198332.082 0.00129 -0.00059 -0.00040
198332.086 0.00150 -0.00145 0.00016
198332.090 0.00244 -0.00091 0.00077
198332.094 0.00119 -0.00154 0.00077
198332.098 0.00117 -0.00033 -0.00012
198332.102 0.00056 -0.00017 0.00009
198332.106 0.00099 -0.00028 0.00014
198332.110 0.00052 -0.00122 -0.00058
198332.114 -0.00005 -0.00161 -0.00138
198332.118 0.00159 -0.00096 0.00005
198332.122 0.00218 0.00010 0.00044
198332.126 0.00127 -0.00080 -0.00065
198332.130 0.00028 -0.00105 0.00099
198332.134 0.00047 -0.00007 0.00084
198332.138 0.00038 -0.00086 0.00063
198332.142 -0.00023 -0.00152 0.00028
198332.146 -0.00024 -0.00063 0.00065
198332.150 0.00049 -0.00040 0.00148
198332.154 0.00188 -0.00065 0.00051
198332.158 0.00120 -0.00206 -0.00094
198332.162 0.00042 -0.00122 -0.00012
198332.166 -0.00007 -0.00086 0.00068
198332.170 0.00084 -0.00045 0.00045
198332.174 0.00063 0.00009 -0.00051
198332.178 0.00056 -0.00021 0.00028
198332.182 0.00086 -0.00059 -0.00084
198332.186 0.00122 0.00065 0.00080
198332.190 -0.00002 -0.00021 0.00033
198332.194 0.00115 -0.00164 0.00051
198332.198 0.00040 -0.00202 -0.00049
198332.202 0.00110 -0.00122 0.00089
198332.206 0.00084 -0.00086 0.00005
198332.210 0.00047 -0.00091 0.00089
198332.214 0.00098 -0.00122 -0.00038
198332.218 0.00157 -0.00117 0.00061
198332.222 0.00112 -0.00009 0.00073
198332.226 0.00009 -0.00176 -0.00058
198332.230 0.00012 -0.00054 0.00117
198332.234 0.00089 -0.00038 0.00042
198332.238 0.00094 0.00040 0.00023
198332.242 0.00094 -0.00133 -0.00040
198332.246 0.00110 -0.00059 0.00016
198332.250 0.00070 -0.00113 0.00045
198332.254 0.00073 -0.00038 -0.00049
198332.258 0.00030 -0.00154 -0.00030
198332.262 0.00033 -0.00215 -0.00086
198332.266 0.00049 -0.00051 0.00019
198332.270 0.00052 -0.00082 0.00002
198332.274 0.00038 0.00000 0.00058
198332.278 0.00037 -0.00129 0.00072
198332.282 0.00005 -0.00162 -0.00028
198332.286 0.00056 -0.00096 -0.00084
198332.291 0.00024 -0.00003 -0.00084
198332.294 0.00031 0.00124 -0.00145
198332.298 0.00169 0.00052 -0.00054
198332.302 0.00206 0.00019 0.00012
198332.306 0.00094 0.00024 0.00016
198332.310 0.00140 -0.00017 0.00045
198332.314 0.00093 -0.00103 0.00054
198332.318 0.00035 -0.00035 0.00010
198332.322 -0.00009 -0.00108 0.00000
198332.326 0.00159 -0.00082 -0.00047
198332.330 0.00052 -0.00045 -0.00089
198332.334 0.00145 -0.00171 -0.00086
198332.338 0.00108 -0.00009 0.00003
198332.342 0.00145 0.00003 -0.00106
198332.346 0.00079 -0.00084 0.00030
198332.350 -0.00044 0.00000 0.00019
198332.354 0.00059 -0.00159 0.00002
198332.358 0.00056 -0.00080 0.00012
198332.362 0.00175 -0.00195 -0.00134
198332.366 0.00101 -0.00044 -0.00127
198332.370 0.00157 -0.00019 -0.00185
198332.374 0.00082 0.00000 0.00023
198332.378 0.00106 -0.00143 0.00017
198332.382 0.00113 -0.00136 0.00061
198332.386 0.00115 -0.00134 0.00044
198332.390 0.00236 -0.00089 -0.00021
198332.394 0.00162 -0.00061 0.00037
198332.398 0.00052 -0.00054 0.00066
198332.402 0.00038 -0.00188 0.00030
198332.406 0.00141 -0.00119 0.00019
198332.410 0.00197 -0.00084 -0.00072
198332.414 0.00197 -0.00106 -0.00051
198332.418 0.00152 -0.00126 -0.00045
198332.422 0.00155 -0.00087 0.00045
198332.426 0.00082 -0.00061 0.00068
198332.430 0.00045 -0.00024 0.00014
198332.434 0.00113 -0.00059 0.00091
198332.438 0.00145 -0.00009 0.00051
198332.442 0.00138 0.00063 0.00099
198332.446 0.00047 -0.00037 -0.00065
198332.450 0.00082 -0.00049 -0.00169
198332.454 0.00122 -0.00066 -0.00077
198332.458 0.00147 -0.00086 -0.00007
198332.462 0.00065 -0.00091 0.00056
198332.466 0.00042 -0.00122 0.00026
198332.470 0.00096 -0.00026 0.00003
198332.474 0.00096 0.00000 0.00073
198332.478 0.00096 0.00005 -0.00028
198332.482 0.00080 -0.00037 -0.00024
198332.486 0.00136 -0.00033 0.00005
198332.490 0.00106 -0.00077 0.00044
198332.494 0.00143 -0.00119 0.00129
198332.498 0.00047 -0.00070 0.00059
198332.502 -0.00021 -0.00133 -0.00016
198332.506 0.00110 -0.00058 -0.00005
198332.510 0.00084 -0.00024 0.00009
198332.514 0.00138 -0.00030 0.00045
198332.518 -0.00012 -0.00106 0.00068
198332.522 0.00052 -0.00171 -0.00014
198332.526 0.00038 -0.00159 0.00038
198332.530 0.00096 -0.00140 0.00007
198332.534 -0.00009 -0.00059 0.00089
198332.538 -0.00021 -0.00054 0.00019
198332.542 0.00094 0.00005 0.00152
198332.546 0.00126 -0.00112 -0.00007
198332.550 0.00239 -0.00173 -0.00019
198332.554 0.00223 -0.00068 -0.00037
198332.558 0.00068 -0.00042 -0.00058
198332.562 0.00000 -0.00110 -0.00002
198332.566 0.00010 -0.00007 0.00072
198332.570 0.00058 -0.00026 0.00045
198332.574 0.00056 -0.00075 0.00009
198332.578 0.00115 -0.00133 0.00073
198332.582 0.00086 -0.00073 0.00106
198332.586 0.00093 0.00031 0.00040
198332.590 0.00094 -0.00075 -0.00037
198332.594 -0.00023 -0.00103 0.00047
198332.598 -0.00010 -0.00155 0.00086
198332.602 0.00112 -0.00080 0.00094
198332.606 0.00175 0.00000 0.00098
198332.610 0.00086 -0.00129 -0.00037
198332.614 0.00124 0.00002 0.00138
198332.618 0.00162 -0.00023 0.00017
198332.622 0.00113 -0.00120 -0.00012
198332.626 0.00086 -0.00040 0.00038
198332.630 0.00079 -0.00033 0.00052
198332.634 0.00045 0.00010 0.00101
198332.639 0.00098 -0.00035 0.00159
198332.642 0.00035 -0.00033 0.00052
198332.646 0.00035 -0.00002 -0.00033
198332.650 0.00110 -0.00054 -0.00101
198332.654 0.00145 -0.00098 -0.00058
198332.658 0.00124 -0.00035 -0.00063
198332.662 0.00117 -0.00093 -0.00124
198332.666 0.00101 -0.00213 -0.00035
198332.670 0.00187 -0.00185 0.00003
198332.674 0.00134 -0.00103 0.00073
198332.678 0.00136 -0.00140 0.00120
198332.682 0.00045 0.00000 0.00134
198332.686 0.00037 -0.00113 0.00093
198332.690 0.00110 0.00051 0.00112
198332.694 0.00175 0.00003 0.00040
198332.698 -0.00002 -0.00007 0.00082
198332.702 0.00024 -0.00072 0.00063
198332.706 0.00077 -0.00042 0.00014
198332.710 0.00075 -0.00094 0.00120
198332.714 0.00166 0.00040 0.00148
198332.718 0.00084 -0.00087 0.00005
198332.722 0.00031 -0.00136 0.00000
198332.726 0.00033 -0.00209 0.00042
198332.730 0.00246 -0.00199 0.00023
198332.734 0.00164 -0.00091 0.00017
198332.738 0.00084 -0.00093 0.00031
198332.742 0.00063 -0.00047 0.00051
198332.746 0.00222 -0.00051 0.00086
198332.750 0.00113 -0.00037 0.00035
198332.754 0.00099 -0.00140 -0.00023
198332.758 0.00112 -0.00059 0.00035
198332.762 0.00086 -0.00129 -0.00023
198332.766 0.00108 -0.00073 0.00035
198332.770 0.00068 -0.00162 0.00126
198332.774 0.00012 -0.00051 0.00150
198332.778 0.00164 -0.00143 0.00112
198332.782 0.00052 -0.00091 0.00010
198332.786 0.00145 0.00056 0.00000
198332.790 0.00199 -0.00009 0.00026
198332.794 0.00258 -0.00086 0.00033
198332.798 0.00138 -0.00166 0.00005
198332.802 0.00077 -0.00232 -0.00014
198332.806 0.00211 -0.00145 0.00082
198332.810 0.00110 -0.00045 0.00003
198332.814 0.00115 -0.00035 0.00028
198332.818 0.00056 -0.00003 -0.00009
198332.822 0.00010 -0.00129 -0.00035
198332.826 0.00103 -0.00103 0.00154
198332.830 0.00232 -0.00096 -0.00007
198332.834 0.00206 -0.00108 0.00009
198332.838 0.00199 -0.00082 -0.00014
198332.842 0.00122 -0.00075 0.00007
198332.846 0.00087 -0.00028 0.00075
198332.850 0.00093 -0.00122 0.00077
198332.854 0.00155 -0.00131 0.00031
198332.858 0.00096 -0.00164 -0.00023
198332.862 0.00110 -0.00051 -0.00129
198332.866 0.00129 0.00021 -0.00065
198332.870 0.00105 -0.00047 -0.00094
198332.874 0.00052 -0.00096 -0.00133
198332.878 0.00084 -0.00124 -0.00141
198332.882 0.00047 -0.00086 -0.00115
198332.886 0.00023 -0.00106 -0.00122
198332.890 -0.00042 -0.00202 -0.00079
198332.894 -0.00044 -0.00120 0.00035
198332.898 0.00073 -0.00086 0.00098
198332.902 0.00075 -0.00061 0.00143
198332.906 0.00014 -0.00086 0.00049
198332.910 0.00134 -0.00120 0.00054
198332.914 0.00045 -0.00145 0.00101
198332.918 0.00037 -0.00077 0.00068
198332.922 0.00126 -0.00103 0.00014
198332.926 0.00164 -0.00157 0.00030
198332.930 0.00339 -0.00155 0.00005
198332.934 0.00234 -0.00108 -0.00016
198332.938 0.00117 -0.00218 -0.00141
198332.942 0.00161 -0.00141 -0.00084
198332.946 0.00112 0.00028 0.00110
198332.950 0.00086 -0.00257 0.00040
198332.954 0.00108 -0.00091 -0.00021
198332.958 0.00098 -0.00168 0.00005
198332.962 0.00126 -0.00007 0.00028
198332.966 0.00073 -0.00056 -0.00084
198332.970 0.00105 -0.00009 -0.00009
198332.974 0.00098 0.00003 0.00009
198332.978 0.00005 0.00035 0.00105
198332.982 0.00026 0.00045 0.00084
198332.986 0.00093 -0.00162 -0.00040
198332.991 0.00110 -0.00126 0.00045
198332.994 0.00145 -0.00131 0.00038
198332.998 0.00124 -0.00148 -0.00037
198333.002 0.00058 -0.00152 0.00017
198333.006 0.00086 -0.00094 0.00091
198333.010 0.00108 -0.00003 0.00066
198333.014 0.00098 -0.00024 0.00000
198333.018 0.00202 0.00028 0.00012
198333.022 0.00124 -0.00045 0.00061
198333.026 0.00162 -0.00080 -0.00016
198333.030 0.00009 -0.00120 -0.00037
198333.034 -0.00002 -0.00131 -0.00056
198333.038 0.00131 -0.00148 -0.00017
198333.042 0.00150 -0.00047 0.00037
198333.046 0.00124 0.00007 -0.00037
198333.050 0.00119 -0.00005 -0.00012
198333.054 0.00056 -0.00070 -0.00051
198333.058 0.00010 -0.00012 -0.00016
198333.062 0.00148 -0.00087 0.00023
198333.066 0.00169 -0.00047 0.00093
198333.070 0.00040 -0.00096 -0.00007
198333.074 0.00065 -0.00049 0.00040
198333.078 0.00012 -0.00051 -0.00157
198333.082 -0.00016 -0.00113 -0.00058
198333.086 -0.00023 -0.00082 -0.00063
198333.090 0.00035 -0.00045 -0.00003
198333.094 0.00049 -0.00051 -0.00003
198333.098 0.00129 -0.00096 -0.00063
198333.102 0.00164 -0.00065 0.00056
198333.106 0.00129 -0.00086 0.00042
198333.110 0.00089 -0.00241 0.00068
198333.114 0.00108 -0.00133 0.00059
198333.118 0.00143 -0.00087 0.00028
198333.122 0.00213 -0.00093 0.00003
198333.126 0.00187 -0.00093 0.00058
198333.130 0.00030 -0.00154 -0.00077
198333.134 0.00108 -0.00094 -0.00052
198333.138 0.00113 -0.00124 0.00089
198333.142 0.00131 -0.00162 -0.00024
198333.146 0.00089 -0.00051 0.00051
198333.150 0.00215 -0.00066 0.00040
198333.154 0.00112 -0.00086 0.00052
198333.158 0.00145 -0.00091 0.00056
198333.162 0.00124 -0.00199 -0.00017
198333.166 0.00087 -0.00091 0.00037
198333.170 0.00108 -0.00093 -0.00052
198333.174 0.00068 -0.00093 -0.00016
198333.178 0.00089 -0.00047 -0.00021
198333.182 0.00124 -0.00096 -0.00068
198333.186 0.00058 -0.00019 -0.00110
198333.190 0.00190 -0.00044 -0.00045
198333.194 0.00180 -0.00035 0.00000
198333.198 0.00223 -0.00108 0.00012
198333.202 0.00188 -0.00052 0.00045
198333.206 0.00209 -0.00052 0.00099
198333.210 0.00201 -0.00082 0.00038
198333.214 0.00138 -0.00061 -0.00021
198333.218 0.00091 -0.00070 -0.00098
198333.222 0.00215 0.00031 -0.00012
198333.226 0.00202 -0.00075 0.00009
198333.230 0.00079 0.00016 0.00030
198333.234 0.00030 -0.00049 0.00049
198333.238 0.00154 -0.00127 -0.00003
198333.242 0.00080 -0.00147 -0.00017
198333.246 0.00136 -0.00077 -0.00007
198333.250 0.00166 -0.00089 0.00070
198333.254 0.00099 -0.00122 0.00000
198333.258 0.00096 -0.00056 -0.00017
198333.262 0.00155 -0.00113 0.00023
198333.266 0.00141 -0.00143 0.00017
198333.270 0.00152 -0.00197 0.00031
198333.274 0.00201 -0.00089 0.00065
198333.278 0.00079 -0.00017 0.00044
198333.282 -0.00058 -0.00042 0.00068
198333.286 0.00040 -0.00080 0.00089
198333.290 0.00112 -0.00059 -0.00038
198333.294 0.00145 -0.00024 -0.00028
198333.298 0.00093 -0.00061 0.00094
198333.302 0.00110 0.00094 0.00127
198333.306 0.00070 0.00136 0.00030
198333.310 0.00164 -0.00063 0.00065
198333.314 0.00188 0.00003 0.00089
198333.318 0.00209 0.00112 0.00080
198333.322 0.00187 -0.00040 0.00033
198333.326 0.00119 0.00040 0.00080
198333.330 0.00162 -0.00119 -0.00026
198333.334 0.00112 -0.00145 -0.00054
198333.339 0.00131 -0.00120 -0.00075
198333.342 0.00150 -0.00086 0.00066
198333.346 0.00169 0.00042 0.00059
198333.350 0.00084 -0.00072 0.00133
198333.354 0.00154 -0.00058 -0.00026
198333.358 0.00051 -0.00023 0.00019
198333.362 0.00054 -0.00059 0.00033
198333.366 0.00070 -0.00099 0.00019
198333.370 -0.00059 -0.00080 0.00047
198333.374 0.00009 -0.00014 -0.00049
198333.378 0.00028 -0.00087 -0.00091
198333.382 0.00017 -0.00122 -0.00056
198333.386 -0.00014 -0.00161 -0.00016
198333.390 -0.00007 -0.00157 -0.00051
198333.394 -0.00005 -0.00065 0.00012
198333.398 0.00099 -0.00024 0.00000
198333.402 0.00035 0.00044 0.00133
198333.406 0.00140 -0.00012 0.00077
198333.410 0.00138 -0.00026 0.00061
198333.414 0.00077 -0.00106 0.00103
198333.418 0.00105 -0.00112 0.00084
198333.422 0.00084 -0.00007 -0.00024
198333.426 0.00122 -0.00101 0.00051
198333.430 0.00253 -0.00005 -0.00049
198333.434 0.00197 0.00019 0.00059
198333.438 0.00227 0.00010 0.00058
198333.442 0.00161 -0.00051 0.00042
198333.446 0.00096 0.00037 0.00084
198333.450 0.00066 -0.00044 0.00003
198333.454 -0.00002 -0.00094 0.00058
198333.458 0.00054 -0.00108 0.00012
198333.462 0.00145 -0.00066 0.00000
198333.466 0.00093 -0.00010 -0.00077
198333.470 0.00155 0.00017 -0.00037
198333.474 0.00051 -0.00049 0.00031
198333.478 0.00038 -0.00112 -0.00113
198333.482 0.00216 -0.00143 -0.00047
198333.486 0.00202 -0.00045 0.00044
198333.490 0.00108 -0.00096 0.00038
198333.494 0.00068 -0.00185 -0.00037
198333.498 0.00028 -0.00192 0.00047
198333.502 -0.00010 -0.00209 0.00099
198333.506 0.00037 -0.00079 -0.00037
198333.510 0.00080 -0.00105 0.00002
198333.514 0.00077 -0.00066 -0.00061
198333.518 0.00030 -0.00236 0.00056
198333.522 0.00003 -0.00176 -0.00002
198333.526 -0.00017 -0.00099 0.00072
198333.530 0.00035 -0.00065 0.00045
198333.534 0.00169 -0.00010 0.00024
198333.538 0.00145 -0.00026 0.00063
198333.542 0.00033 0.00000 0.00148
198333.546 0.00094 -0.00024 0.00141
198333.550 0.00080 -0.00166 0.00019
198333.554 0.00136 -0.00112 0.00031
198333.558 0.00075 -0.00068 -0.00084
198333.562 0.00030 -0.00042 0.00005
198333.566 -0.00010 -0.00035 0.00058
198333.570 0.00007 -0.00017 0.00058
198333.574 0.00058 -0.00073 -0.00017
198333.578 0.00040 -0.00042 0.00023
198333.582 0.00112 -0.00080 -0.00042
198333.586 0.00129 -0.00180 0.00016
198333.590 0.00105 -0.00190 0.00120
198333.594 0.00113 -0.00134 0.00059
198333.598 0.00056 -0.00058 0.00103
198333.602 0.00040 -0.00084 0.00143
198333.606 0.00080 -0.00045 0.00003
198333.610 0.00077 -0.00051 -0.00030
198333.614 0.00000 -0.00037 0.00003
198333.618 0.00040 -0.00063 0.00103
198333.622 0.00141 -0.00147 0.00068
198333.626 0.00152 -0.00182 0.00089
198333.630 0.00140 -0.00192 0.00080
198333.634 0.00138 -0.00073 -0.00026
198333.638 0.00166 -0.00028 -0.00038
198333.642 0.00084 0.00058 0.00002
198333.646 0.00152 -0.00113 -0.00016
198333.650 0.00155 -0.00113 -0.00096
198333.654 0.00080 -0.00218 -0.00042
198333.658 0.00106 -0.00066 -0.00012
198333.662 0.00159 -0.00072 0.00023
198333.666 0.00202 -0.00026 0.00047
198333.670 0.00199 0.00012 -0.00003
198333.674 0.00002 -0.00110 0.00024
198333.678 -0.00017 -0.00143 0.00003
198333.682 -0.00009 -0.00152 0.00000
198333.686 0.00127 -0.00215 -0.00031
198333.691 0.00150 -0.00154 -0.00101
198333.693 0.00185 -0.00108 0.00000
198333.698 0.00148 -0.00098 -0.00031
198333.702 0.00094 -0.00110 -0.00040
198333.706 0.00094 -0.00188 0.00016
198333.710 0.00201 -0.00087 0.00031
198333.714 0.00093 -0.00136 0.00051
198333.718 0.00080 -0.00105 0.00086
198333.722 0.00016 -0.00141 0.00049
198333.726 0.00180 -0.00077 0.00024
198333.730 0.00087 -0.00087 0.00033
198333.734 0.00108 -0.00077 0.00021
198333.738 0.00143 -0.00058 0.00047
198333.742 0.00108 -0.00161 0.00054
198333.746 0.00038 -0.00019 0.00042
198333.750 0.00126 0.00000 -0.00005
198333.754 0.00223 -0.00129 0.00010
198333.758 0.00159 -0.00087 -0.00059
198333.762 0.00052 -0.00061 0.00056
198333.766 0.00009 0.00003 0.00056
198333.770 0.00087 0.00005 -0.00002
198333.774 0.00215 -0.00021 -0.00093
198333.778 0.00202 0.00014 -0.00042
198333.782 0.00077 0.00009 -0.00012
198333.786 0.00091 -0.00066 -0.00051
198333.790 0.00049 -0.00101 0.00058
198333.794 0.00068 -0.00019 0.00072
198333.798 0.00089 -0.00164 0.00061
198333.802 0.00033 -0.00202 0.00028
198333.806 0.00033 -0.00152 0.00035
198333.810 0.00049 -0.00154 0.00005
198333.814 0.00038 -0.00063 0.00119
198333.818 0.00096 -0.00086 -0.00016
198333.822 0.00155 -0.00120 -0.00021
198333.826 0.00051 -0.00115 0.00112
198333.830 0.00024 -0.00295 0.00040
198333.834 0.00002 -0.00101 0.00082
198333.838 0.00072 -0.00019 0.00063
198333.842 0.00073 -0.00014 0.00058
198333.846 0.00044 -0.00028 0.00012
198333.850 0.00052 -0.00106 0.00075
198333.854 0.00099 -0.00005 0.00002
198333.858 0.00066 -0.00086 0.00072
198333.862 0.00058 0.00028 0.00000
198333.866 0.00101 0.00044 0.00012
198333.870 0.00141 -0.00012 0.00075
198333.874 0.00093 -0.00026 0.00031
198333.878 0.00003 -0.00152 0.00005
198333.882 0.00042 -0.00079 0.00044
198333.886 0.00141 -0.00105 -0.00021
198333.890 0.00122 -0.00112 -0.00023
198333.894 0.00103 -0.00113 -0.00007
198333.898 0.00098 -0.00098 0.00040
198333.902 0.00021 -0.00065 0.00157
198333.906 0.00061 0.00079 0.00098
198333.910 0.00040 -0.00079 0.00007
198333.914 -0.00023 0.00075 0.00044
198333.918 0.00065 0.00009 0.00068
198333.922 0.00147 -0.00080 0.00030
198333.926 0.00124 -0.00014 0.00094
198333.930 0.00103 0.00016 0.00021
198333.934 0.00127 -0.00079 0.00002
198333.938 0.00148 -0.00075 0.00042
198333.942 0.00169 0.00000 0.00007
198333.946 0.00115 -0.00038 -0.00059
198333.950 0.00101 -0.00079 -0.00122
198333.954 0.00021 -0.00150 -0.00049
198333.958 0.00152 -0.00079 -0.00030
198333.962 0.00169 -0.00134 0.00003
198333.966 0.00115 -0.00134 -0.00045
198333.970 0.00131 -0.00178 0.00105
198333.974 0.00134 -0.00190 -0.00003
198333.978 0.00106 -0.00119 -0.00124
198333.982 0.00037 -0.00084 -0.00049
198333.986 0.00110 -0.00136 0.00059
198333.990 0.00115 -0.00089 0.00028
198333.994 -0.00003 -0.00017 -0.00010
198333.998 0.00024 0.00030 -0.00019
198334.002 0.00047 0.00028 0.00005
198334.006 0.00068 -0.00045 -0.00014
198334.010 0.00134 -0.00126 -0.00021
198334.014 0.00075 -0.00026 -0.00007
198334.018 0.00030 0.00087 0.00040
198334.022 0.00093 -0.00030 0.00023
198334.026 0.00140 -0.00106 0.00017
198334.030 0.00152 -0.00112 -0.00012
198334.034 0.00080 -0.00113 0.00009
198334.039 0.00122 -0.00143 -0.00014
198334.042 0.00072 -0.00045 0.00007
198334.046 0.00059 0.00038 0.00044
198334.050 0.00086 -0.00148 0.00054
198334.054 0.00154 -0.00063 0.00072
198334.058 0.00141 -0.00086 0.00016
198334.062 0.00122 -0.00045 0.00016
198334.066 0.00058 0.00009 0.00077
198334.070 0.00101 -0.00112 -0.00026
198334.074 0.00082 -0.00098 0.00049
198334.078 0.00106 -0.00019 0.00010
198334.082 0.00143 -0.00059 -0.00030
198334.086 0.00093 -0.00009 0.00094
198334.090 0.00140 -0.00042 -0.00007
198334.094 0.00168 -0.00049 -0.00094
198334.098 0.00145 -0.00066 -0.00072
198334.102 0.00108 -0.00133 -0.00096
198334.106 0.00175 -0.00103 -0.00058
198334.110 0.00131 0.00009 -0.00047
198334.114 0.00150 -0.00005 0.00044
198334.118 0.00019 -0.00056 0.00068
198334.122 0.00075 -0.00143 -0.00073
198334.126 0.00030 -0.00136 -0.00021
198334.130 0.00079 -0.00150 0.00082
198334.134 0.00136 -0.00108 0.00047
198334.138 0.00150 -0.00066 -0.00033
198334.142 0.00140 0.00033 0.00017
198334.146 0.00122 -0.00045 0.00016
198334.150 0.00133 -0.00155 -0.00028
198334.154 0.00075 -0.00094 -0.00009
198334.158 0.00134 -0.00094 0.00038
198334.162 0.00045 -0.00124 0.00037
198334.166 0.00007 -0.00147 0.00066
198334.170 0.00042 -0.00047 0.00089
198334.174 0.00141 -0.00066 0.00019
198334.178 0.00168 -0.00026 0.00093
198334.182 0.00190 -0.00091 -0.00009
198334.186 0.00150 -0.00031 0.00086
198334.190 0.00065 -0.00031 0.00049
198334.194 0.00087 -0.00106 0.00024
198334.198 0.00108 -0.00171 0.00063
198334.202 0.00143 -0.00220 -0.00045
198334.206 0.00017 -0.00066 -0.00030
198334.210 0.00105 -0.00072 -0.00070
198334.214 0.00173 -0.00042 -0.00035
198334.218 0.00086 0.00068 -0.00026
198334.222 0.00138 -0.00065 -0.00084
198334.226 0.00211 0.00079 0.00080
198334.230 0.00096 -0.00017 0.00063
198334.234 0.00065 -0.00089 -0.00030
198334.238 0.00178 -0.00093 -0.00024
198334.242 0.00162 -0.00183 -0.00038
198334.246 0.00082 -0.00162 -0.00028
198334.250 0.00152 -0.00126 -0.00009
198334.254 0.00140 -0.00208 -0.00003
198334.258 0.00047 -0.00168 -0.00063
198334.262 0.00084 -0.00113 -0.00140
198334.266 0.00093 -0.00068 -0.00009
198334.270 0.00035 0.00031 0.00084
198334.274 0.00019 0.00044 0.00124
198334.278 0.00059 0.00002 0.00075
198334.282 0.00010 -0.00159 0.00000
198334.286 0.00000 -0.00051 0.00162
198334.290 -0.00063 -0.00096 0.00009
198334.294 -0.00021 -0.00079 -0.00030
198334.298 0.00019 -0.00030 0.00033
198334.302 -0.00014 -0.00077 0.00096
198334.306 0.00037 -0.00194 0.00052
198334.310 0.00051 -0.00105 -0.00017
198334.314 0.00068 -0.00051 0.00066
198334.318 0.00058 -0.00127 0.00105
198334.322 0.00115 0.00031 0.00038
198334.326 0.00010 -0.00059 0.00098
198334.330 0.00058 -0.00129 -0.00096
198334.334 0.00161 -0.00012 -0.00042
198334.338 0.00082 0.00047 0.00075
198334.342 0.00106 -0.00026 0.00016
198334.346 0.00098 -0.00030 0.00031
198334.350 0.00112 -0.00017 -0.00038
198334.354 0.00040 -0.00178 -0.00087
198334.358 0.00201 -0.00086 0.00003
198334.362 0.00108 -0.00061 0.00012
198334.366 0.00099 0.00019 0.00105
198334.370 0.00005 -0.00017 0.00084
198334.374 0.00087 -0.00103 0.00124
198334.378 0.00047 -0.00066 0.00119
198334.382 0.00068 -0.00040 -0.00016
198334.386 0.00133 -0.00003 -0.00021
198334.391 0.00091 -0.00086 0.00005
198334.394 -0.00009 -0.00077 0.00028
198334.398 0.00052 0.00045 0.00049
198334.402 0.00145 0.00002 0.00115
198334.406 0.00168 -0.00037 0.00042
198334.410 0.00024 -0.00049 0.00143
198334.414 0.00031 -0.00066 0.00065
198334.418 0.00108 -0.00117 0.00000
198334.422 0.00038 -0.00129 -0.00017
198334.426 0.00021 -0.00103 -0.00021
198334.430 -0.00058 -0.00216 0.00021
198334.434 0.00040 -0.00140 0.00138
198334.438 0.00112 -0.00059 0.00108
198334.442 0.00038 -0.00070 0.00086
198334.446 0.00066 -0.00072 0.00065
198334.450 0.00148 -0.00042 0.00014
198334.454 0.00079 -0.00019 -0.00028
198334.458 -0.00012 -0.00073 -0.00084
198334.462 -0.00023 -0.00073 0.00035
198334.466 0.00110 -0.00042 0.00005
198334.470 0.00113 -0.00049 0.00119
198334.474 0.00131 -0.00037 0.00103
198334.478 0.00105 -0.00047 0.00068
198334.482 0.00127 -0.00112 0.00030
198334.486 0.00119 -0.00113 -0.00099
198334.490 0.00056 -0.00188 -0.00103
198334.494 0.00115 -0.00178 -0.00044
198334.498 0.00070 -0.00131 0.00030
198334.502 0.00119 -0.00133 0.00005
198334.506 0.00117 -0.00058 0.00028
198334.510 -0.00033 -0.00129 0.00019
198334.514 0.00061 -0.00133 -0.00042
198334.518 0.00056 -0.00148 -0.00012
198334.522 0.00040 -0.00047 -0.00051
198334.526 0.00035 -0.00021 -0.00030
198334.530 0.00126 0.00014 -0.00010
198334.534 0.00133 -0.00094 -0.00005
198334.538 0.00166 -0.00063 0.00010
198334.542 0.00204 -0.00326 -0.00044
198334.546 0.00138 -0.00079 -0.00014
198334.550 0.00168 -0.00271 -0.00021
198334.554 0.00190 -0.00124 0.00096
198334.558 0.00150 -0.00131 0.00098
198334.562 0.00260 -0.00164 0.00023
198334.566 0.00169 -0.00126 0.00033
198334.570 0.00070 -0.00101 -0.00084
198334.574 0.00059 -0.00140 -0.00054
198334.578 0.00024 -0.00075 -0.00106
198334.582 0.00063 0.00000 0.00028
198334.586 0.00101 -0.00009 0.00003
198334.590 0.00096 0.00017 -0.00045
198334.594 0.00110 -0.00094 -0.00030
198334.598 0.00115 -0.00049 -0.00054
198334.602 0.00131 0.00098 -0.00016
198334.606 0.00089 0.00000 0.00082
198334.610 0.00124 0.00051 0.00033
198334.614 0.00133 -0.00056 -0.00023
198334.618 0.00150 -0.00068 0.00051
198334.622 0.00124 -0.00026 0.00099
198334.626 0.00194 -0.00061 -0.00065
198334.630 0.00075 -0.00129 -0.00049
198334.634 0.00120 -0.00042 0.00059
198334.638 0.00103 -0.00049 0.00073
198334.642 0.00112 -0.00066 0.00106
198334.646 0.00024 -0.00072 0.00054
198334.650 0.00077 -0.00117 -0.00017
198334.654 0.00030 -0.00190 0.00037
198334.658 0.00079 0.00061 -0.00023
198334.662 0.00136 -0.00038 -0.00038
198334.666 0.00075 0.00010 0.00002
198334.670 0.00166 -0.00035 -0.00047
198334.674 0.00204 0.00040 -0.00014
198334.678 0.00154 -0.00103 -0.00021
198334.682 0.00066 -0.00065 0.00051
198334.686 0.00117 -0.00056 0.00086
198334.690 0.00010 -0.00129 0.00065
198334.694 0.00087 -0.00117 0.00105
198334.698 0.00169 -0.00129 -0.00035
198334.702 0.00054 -0.00073 -0.00042
198334.706 0.00054 -0.00058 0.00061
198334.710 0.00054 -0.00038 0.00042
198334.714 0.00024 -0.00080 0.00023
198334.718 -0.00117 -0.00059 -0.00040
198334.722 -0.00019 -0.00129 -0.00014
198334.726 0.00065 -0.00042 0.00084
198334.730 0.00058 0.00143 0.00033
198334.734 0.00056 0.00134 0.00021
198334.739 0.00115 -0.00063 0.00002
198334.742 0.00115 0.00017 0.00073
198334.746 0.00145 0.00070 0.00031
198334.750 0.00138 -0.00035 0.00005
198334.754 0.00136 -0.00124 -0.00030
198334.758 0.00077 -0.00026 -0.00024
198334.762 -0.00028 0.00000 0.00049
198334.766 0.00002 -0.00054 0.00040
198334.770 0.00131 -0.00127 0.00037
198334.774 0.00150 -0.00087 0.00037
198334.778 0.00065 -0.00166 -0.00082
198334.782 0.00133 -0.00052 -0.00009
198334.786 0.00091 0.00007 -0.00003
198334.790 0.00140 -0.00037 -0.00047
198334.794 0.00093 -0.00154 0.00044
198334.798 0.00110 -0.00140 -0.00051
198334.802 0.00159 0.00014 0.00058
198334.806 0.00037 -0.00019 0.00103
198334.810 0.00171 -0.00059 0.00084
198334.814 0.00099 -0.00068 0.00049
198334.818 0.00096 -0.00133 -0.00079
198334.822 0.00141 -0.00044 -0.00023
198334.826 0.00152 -0.00110 0.00005
198334.830 0.00185 -0.00068 -0.00030
198334.834 0.00119 0.00031 0.00033
198334.838 0.00101 -0.00030 0.00021
198334.842 0.00127 -0.00106 0.00079
198334.846 0.00148 -0.00066 0.00031
198334.850 0.00094 -0.00206 -0.00054
198334.854 0.00080 -0.00122 0.00058
198334.858 0.00077 -0.00115 0.00072
198334.862 0.00180 -0.00220 0.00045
198334.866 0.00103 -0.00110 -0.00005
198334.870 0.00127 -0.00112 0.00056
198334.874 0.00194 -0.00054 -0.00002
198334.878 0.00106 0.00037 0.00010
198334.882 0.00068 -0.00059 0.00014
198334.886 0.00087 -0.00070 -0.00073
198334.890 0.00124 -0.00117 0.00007
198334.894 0.00148 -0.00159 0.00000
198334.898 0.00094 -0.00126 0.00117
198334.902 0.00019 -0.00101 0.00042
198334.906 0.00045 -0.00096 0.00007
198334.910 0.00082 -0.00154 -0.00075
198334.914 0.00016 -0.00110 -0.00007
198334.918 0.00091 -0.00052 -0.00019
198334.922 0.00154 -0.00023 0.00007
198334.926 0.00171 -0.00075 0.00089
198334.930 0.00175 -0.00164 0.00005
198334.934 0.00131 -0.00051 0.00103
198334.938 0.00045 -0.00082 0.00068
198334.942 0.00098 -0.00075 0.00150
198334.946 0.00155 -0.00044 0.00080
198334.950 0.00051 0.00009 0.00033
198334.954 0.00113 0.00007 0.00080
198334.958 0.00131 -0.00112 0.00079
198334.962 0.00105 -0.00129 0.00002
198334.966 0.00159 -0.00147 0.00087
198334.970 0.00127 -0.00106 0.00035
198334.974 0.00164 0.00007 -0.00143
198334.978 0.00052 -0.00141 0.00049
198334.982 0.00070 -0.00120 0.00099
198334.986 0.00089 -0.00099 -0.00035
198334.990 0.00093 -0.00141 0.00002
198334.994 0.00185 0.00044 0.00042
198334.998 0.00103 -0.00072 0.00113
198335.002 0.00052 -0.00208 0.00072
198335.006 0.00068 -0.00108 0.00016
198335.010 0.00119 -0.00141 0.00077
198335.014 0.00072 -0.00091 0.00093
198335.018 0.00059 -0.00122 0.00066
198335.022 0.00086 -0.00086 0.00000
198335.026 0.00093 0.00012 0.00042
198335.030 0.00201 -0.00155 -0.00066
198335.034 0.00168 -0.00154 -0.00003
198335.038 0.00129 0.00010 0.00040
198335.042 0.00044 -0.00051 -0.00021
198335.046 -0.00082 -0.00007 0.00021
198335.050 0.00033 -0.00040 -0.00010
198335.054 0.00019 -0.00065 0.00054
198335.058 0.00075 -0.00010 -0.00002
198335.062 0.00075 -0.00147 -0.00033
198335.066 0.00059 -0.00093 -0.00040
198335.070 0.00086 -0.00063 0.00031
198335.074 0.00183 -0.00115 0.00005
198335.078 0.00194 -0.00145 0.00073
198335.082 0.00077 -0.00122 0.00122
198335.086 0.00120 -0.00145 0.00089
198335.091 0.00072 -0.00136 0.00005
198335.094 0.00014 -0.00014 0.00000
198335.098 0.00120 -0.00117 -0.00152
198335.102 0.00026 -0.00040 -0.00042
198335.107 0.00002 -0.00065 0.00000
198335.110 0.00117 -0.00010 0.00072
198335.114 0.00072 -0.00026 0.00061
198335.118 0.00030 0.00058 0.00087
198335.122 0.00108 0.00021 0.00021
198335.126 0.00068 -0.00079 0.00017
198335.130 0.00119 0.00045 0.00031
198335.134 0.00010 -0.00072 0.00005
198335.138 0.00000 -0.00012 0.00044
198335.142 0.00115 -0.00042 0.00084
198335.146 0.00101 -0.00049 -0.00024
198335.150 0.00021 -0.00157 -0.00084
198335.154 0.00077 0.00009 0.00005
198335.158 0.00091 -0.00201 0.00000
198335.162 0.00079 -0.00166 -0.00017
198335.166 0.00077 -0.00202 0.00066
198335.170 0.00000 0.00026 0.00089
198335.174 -0.00049 -0.00045 0.00021
198335.178 -0.00002 0.00038 0.00047
198335.182 0.00086 -0.00089 -0.00094
198335.186 0.00063 -0.00093 -0.00087
198335.190 -0.00017 -0.00183 -0.00024
198335.194 0.00066 -0.00042 0.00051
198335.198 0.00103 0.00009 0.00070
198335.202 0.00112 -0.00037 0.00000
198335.206 0.00190 -0.00122 0.00028
198335.210 0.00180 -0.00040 0.00049
198335.214 0.00133 0.00024 -0.00019
198335.218 0.00091 -0.00002 -0.00007
198335.222 0.00140 -0.00115 -0.00079
198335.226 0.00077 0.00080 0.00066
198335.230 0.00075 -0.00017 0.00030
198335.234 0.00014 -0.00044 -0.00009
198335.238 0.00075 -0.00126 -0.00049
198335.242 0.00120 -0.00131 -0.00045
198335.246 -0.00002 -0.00058 -0.00030
198335.250 0.00145 -0.00115 -0.00009
198335.254 0.00093 -0.00113 -0.00049
198335.258 0.00110 -0.00098 -0.00014
198335.262 0.00145 -0.00005 -0.00112
198335.266 0.00138 0.00003 -0.00106
198335.270 -0.00012 0.00082 0.00014
198335.274 0.00112 0.00042 0.00030
198335.278 0.00145 -0.00103 0.00035
198335.282 0.00183 -0.00051 0.00021
198335.286 0.00103 -0.00096 -0.00026
198335.290 0.00173 -0.00079 0.00005
198335.294 0.00222 -0.00073 -0.00030
198335.298 0.00084 -0.00134 -0.00010
198335.302 -0.00056 -0.00103 0.00038
198335.306 0.00040 -0.00005 0.00023
198335.310 0.00037 -0.00056 -0.00026
198335.314 0.00080 -0.00009 0.00003
198335.318 0.00091 -0.00147 0.00014
198335.322 0.00065 -0.00002 0.00045
198335.326 -0.00031 -0.00159 -0.00049
198335.330 0.00002 -0.00080 -0.00091
198335.334 -0.00033 -0.00059 -0.00010
198335.338 0.00061 -0.00099 0.00009
198335.342 0.00117 -0.00124 0.00105
198335.346 0.00101 -0.00208 0.00070
198335.350 0.00127 -0.00138 0.00045
198335.354 0.00180 0.00000 -0.00019
198335.358 0.00178 -0.00038 -0.00007
198335.362 0.00056 -0.00079 -0.00079
198335.366 0.00024 -0.00089 0.00035
198335.370 0.00091 -0.00002 -0.00037
198335.374 0.00169 -0.00024 -0.00042
198335.378 0.00175 -0.00091 0.00061
198335.382 0.00147 -0.00077 0.00028
198335.386 0.00154 -0.00089 0.00049
198335.390 0.00051 -0.00168 0.00040
198335.394 -0.00019 -0.00112 0.00023
198335.398 0.00049 -0.00098 0.00093
198335.402 0.00098 -0.00169 0.00080
198335.406 0.00157 0.00080 0.00154
198335.410 0.00066 -0.00077 0.00052
198335.414 0.00087 -0.00089 0.00101
198335.418 0.00183 -0.00093 0.00038
198335.422 0.00103 -0.00047 0.00023
198335.426 0.00023 -0.00126 0.00063
198335.430 0.00091 -0.00147 0.00089
198335.434 0.00154 -0.00002 0.00051
198335.439 0.00126 -0.00115 0.00040
198335.442 0.00148 -0.00068 -0.00051
198335.446 0.00124 -0.00101 0.00012
198335.450 0.00103 -0.00201 -0.00028
198335.454 0.00098 -0.00077 -0.00099
198335.458 0.00112 0.00016 -0.00028
198335.462 0.00024 -0.00065 -0.00054
198335.466 0.00106 0.00017 0.00117
198335.470 0.00127 -0.00094 0.00042
198335.474 0.00089 -0.00183 -0.00021
198335.478 0.00063 -0.00101 -0.00023
198335.482 0.00042 -0.00171 0.00021
198335.486 0.00187 -0.00052 -0.00010
198335.490 0.00030 0.00037 -0.00080
198335.494 0.00017 -0.00028 0.00065
198335.498 0.00061 -0.00047 0.00044
198335.502 0.00101 0.00023 0.00054
198335.506 0.00096 -0.00033 -0.00017
198335.510 0.00005 0.00042 -0.00082
198335.514 0.00026 0.00061 0.00035
198335.518 0.00168 -0.00098 0.00005
198335.522 0.00145 -0.00065 -0.00045
198335.526 0.00079 -0.00040 -0.00014
198335.530 0.00106 -0.00155 -0.00005
198335.534 0.00068 -0.00094 0.00040
198335.538 0.00012 -0.00063 0.00037
198335.542 0.00028 -0.00056 0.00096
198335.546 0.00063 -0.00113 -0.00021
198335.550 0.00147 0.00005 0.00005
198335.554 0.00094 -0.00066 0.00105
198335.558 0.00140 -0.00040 0.00038
198335.562 0.00093 -0.00110 0.00007
198335.566 0.00049 -0.00052 0.00089
198335.570 0.00129 -0.00023 0.00080
198335.574 0.00148 -0.00089 -0.00040
198335.578 0.00035 -0.00063 -0.00058
198335.582 0.00035 -0.00054 -0.00002
198335.586 0.00003 -0.00113 -0.00033
198335.590 0.00042 -0.00175 -0.00056
198335.594 0.00126 -0.00068 -0.00106
198335.598 0.00089 -0.00147 -0.00091
198335.602 0.00017 -0.00063 -0.00026
198335.606 0.00120 0.00019 -0.00024
198335.610 0.00133 -0.00079 0.00035
198335.614 0.00150 0.00000 0.00007
198335.618 0.00110 0.00035 -0.00061
198335.622 0.00099 -0.00028 -0.00063
198335.626 0.00141 -0.00061 0.00086
198335.630 0.00122 -0.00024 0.00065
198335.634 0.00058 -0.00105 0.00028
198335.638 -0.00017 -0.00037 0.00035
198335.642 0.00005 -0.00047 0.00021
198335.646 0.00162 0.00037 0.00077
198335.650 0.00068 -0.00014 0.00031
198335.654 0.00087 0.00016 -0.00068
198335.658 0.00138 -0.00033 0.00038
198335.662 0.00168 -0.00199 -0.00051
198335.666 0.00145 -0.00120 -0.00045
198335.670 0.00108 -0.00024 0.00075
198335.674 0.00145 -0.00045 0.00031
198335.678 0.00063 -0.00112 -0.00009
198335.682 -0.00017 -0.00098 -0.00035
198335.686 0.00005 -0.00094 0.00033
198335.690 0.00058 -0.00033 0.00005
198335.694 0.00101 -0.00152 0.00014
198335.698 0.00066 -0.00063 0.00000
198335.702 0.00103 -0.00101 -0.00077
198335.706 0.00112 -0.00065 0.00037
198335.710 0.00129 -0.00131 0.00007
198335.714 0.00105 -0.00087 0.00044
198335.718 0.00143 -0.00002 0.00009
198335.722 0.00122 -0.00054 0.00044
198335.726 0.00223 -0.00023 -0.00019
198335.730 0.00129 -0.00105 -0.00007
198335.734 0.00119 -0.00096 -0.00049
198335.738 0.00056 -0.00019 -0.00030
198335.742 0.00070 -0.00089 -0.00010
198335.746 0.00089 -0.00106 -0.00005
198335.750 0.00003 -0.00112 -0.00003
198335.754 0.00056 -0.00007 0.00010
198335.758 0.00054 0.00002 0.00000
198335.762 0.00145 0.00096 0.00026
198335.766 0.00079 0.00000 -0.00040
198335.770 0.00045 -0.00038 -0.00012
198335.774 0.00037 0.00010 0.00143
198335.778 0.00096 0.00007 0.00065
198335.782 0.00096 -0.00037 0.00014
198335.786 0.00110 -0.00003 0.00016
198335.791 0.00129 -0.00038 -0.00042
198335.794 0.00150 -0.00019 -0.00073
198335.798 0.00185 -0.00014 0.00052
198335.802 0.00089 -0.00072 0.00101
198335.806 0.00108 -0.00072 0.00099
198335.810 0.00038 -0.00133 -0.00096
198335.814 0.00141 -0.00178 -0.00087
198335.818 0.00061 -0.00086 -0.00010
198335.822 0.00117 -0.00091 0.00084
198335.826 0.00101 -0.00093 0.00019
198335.830 0.00202 -0.00093 0.00063
198335.834 0.00154 -0.00108 0.00044
198335.838 0.00185 -0.00187 -0.00021
198335.842 0.00180 -0.00072 0.00021
198335.846 0.00072 -0.00162 0.00017
198335.850 0.00180 -0.00157 0.00077
198335.854 0.00103 -0.00110 0.00061
198335.858 0.00098 -0.00098 -0.00016
198335.862 0.00126 -0.00110 -0.00051
198335.866 0.00044 -0.00143 0.00028
198335.870 0.00037 -0.00106 0.00003
198335.874 0.00155 -0.00037 0.00103
198335.878 0.00141 -0.00108 0.00084
198335.882 0.00093 -0.00068 0.00033
198335.886 0.00080 -0.00026 0.00005
198335.890 0.00045 -0.00136 -0.00030
198335.894 0.00202 -0.00119 -0.00099
198335.898 0.00260 -0.00070 -0.00044
198335.902 0.00183 -0.00087 -0.00058
198335.906 0.00148 -0.00047 -0.00017
198335.910 -0.00040 -0.00155 0.00141
198335.914 0.00059 0.00054 0.00035
198335.918 0.00010 0.00005 -0.00009
198335.922 0.00089 -0.00068 0.00024
198335.926 0.00138 -0.00042 0.00049
198335.930 0.00122 -0.00140 0.00040
198335.934 0.00133 -0.00182 -0.00082
198335.938 0.00045 -0.00086 0.00035
198335.942 0.00112 -0.00091 -0.00023
198335.946 0.00054 -0.00047 0.00035
198335.950 0.00040 0.00023 0.00037
198335.954 0.00051 -0.00002 0.00037
198335.958 0.00024 -0.00115 0.00021
198335.962 0.00182 -0.00143 0.00108
198335.966 0.00148 -0.00122 0.00009
198335.970 0.00049 -0.00086 -0.00059
198335.974 0.00038 -0.00166 -0.00093
198335.978 0.00021 -0.00143 -0.00101
198335.982 0.00045 -0.00120 -0.00058
198335.986 0.00052 -0.00056 0.00056
198335.990 0.00009 -0.00052 0.00056
198335.994 0.00103 -0.00098 0.00012
198335.998 0.00023 -0.00080 0.00030
198336.002 -0.00042 -0.00030 -0.00024
198336.006 0.00059 -0.00016 -0.00054
198336.010 0.00131 -0.00014 0.00058
198336.014 0.00134 0.00031 0.00087
198336.018 0.00120 -0.00120 0.00155
198336.022 0.00072 -0.00145 0.00098
198336.026 0.00075 -0.00122 0.00082
198336.030 0.00044 -0.00101 0.00140
198336.034 0.00082 -0.00094 0.00017
198336.038 0.00077 -0.00049 -0.00012
198336.042 0.00061 -0.00112 0.00023
198336.046 0.00010 -0.00173 0.00003
198336.050 0.00119 -0.00188 -0.00031
198336.054 0.00131 -0.00133 -0.00010
198336.058 0.00030 -0.00089 0.00038
198336.062 0.00079 -0.00122 -0.00007
198336.066 0.00106 -0.00147 0.00070
198336.070 0.00084 -0.00106 -0.00028
198336.074 0.00063 -0.00051 0.00019
198336.078 0.00042 -0.00023 0.00047
198336.082 0.00021 -0.00014 -0.00019
198336.086 0.00045 0.00002 0.00051
198336.090 0.00052 0.00005 0.00070
198336.094 0.00054 -0.00052 0.00061
198336.098 0.00009 -0.00023 0.00042
198336.102 0.00164 -0.00105 0.00023
198336.106 0.00218 0.00007 0.00093
198336.110 0.00112 0.00023 0.00021
198336.114 0.00024 -0.00017 -0.00042
198336.118 0.00168 -0.00044 0.00045
198336.122 0.00129 -0.00051 0.00068
198336.126 0.00148 -0.00037 0.00105
198336.130 0.00110 0.00024 0.00115
198336.134 0.00159 -0.00106 0.00026
198336.139 0.00143 -0.00066 0.00065
198336.142 0.00031 -0.00026 0.00044
198336.146 0.00063 0.00000 0.00023
198336.150 0.00147 0.00005 -0.00056
198336.154 0.00140 -0.00082 -0.00093
198336.158 0.00168 0.00030 -0.00056
198336.162 0.00113 -0.00166 -0.00061
198336.166 0.00176 -0.00021 -0.00003
198336.170 0.00040 -0.00164 0.00040
198336.174 0.00126 -0.00112 -0.00051
198336.178 0.00089 -0.00007 -0.00075
198336.182 0.00154 0.00047 -0.00021
198336.186 0.00035 -0.00056 -0.00052
198336.190 0.00080 -0.00068 0.00028
198336.194 0.00168 -0.00026 0.00079
198336.198 0.00159 0.00028 0.00108
198336.202 0.00127 0.00012 0.00131
198336.206 0.00134 0.00009 0.00061
198336.210 0.00150 -0.00187 0.00073
198336.214 0.00124 -0.00072 -0.00012
198336.218 0.00103 -0.00148 -0.00021
198336.222 0.00127 -0.00047 -0.00007
198336.226 0.00105 -0.00126 -0.00019
198336.230 0.00098 -0.00101 0.00127
198336.234 0.00066 0.00054 0.00045
198336.238 0.00117 0.00019 -0.00035
198336.242 0.00192 -0.00124 -0.00010
198336.246 0.00091 -0.00131 -0.00021
198336.250 0.00065 -0.00073 0.00007
198336.254 0.00103 -0.00103 0.00103
198336.258 0.00141 -0.00096 0.00084
198336.262 0.00077 -0.00108 0.00079
198336.266 0.00120 -0.00037 0.00138
198336.270 0.00026 -0.00108 0.00047
198336.274 0.00047 -0.00112 0.00084
198336.278 0.00157 0.00035 -0.00024
198336.282 0.00082 0.00120 0.00035
198336.286 0.00122 -0.00023 0.00066
198336.290 0.00133 -0.00014 0.00030
198336.294 0.00045 -0.00073 -0.00099
198336.298 0.00082 -0.00087 0.00016
198336.302 0.00061 -0.00002 -0.00042
198336.306 0.00042 -0.00038 0.00061
198336.310 0.00066 0.00010 0.00028
198336.314 0.00012 0.00007 0.00049
198336.318 0.00073 -0.00126 -0.00049
198336.322 0.00075 -0.00237 -0.00091
198336.326 0.00075 -0.00147 0.00063
198336.330 0.00091 -0.00047 0.00028
198336.334 0.00033 -0.00126 -0.00084
198336.338 0.00154 -0.00117 -0.00024
198336.342 0.00096 0.00035 0.00005
198336.346 0.00065 -0.00059 0.00044
198336.350 0.00028 -0.00220 0.00023
198336.354 0.00033 -0.00112 -0.00026
198336.358 0.00049 -0.00127 0.00080
198336.362 0.00173 -0.00042 0.00079
198336.366 0.00086 -0.00065 0.00002
198336.370 0.00124 -0.00115 -0.00091
198336.374 0.00058 -0.00113 -0.00010
198336.378 0.00040 -0.00038 0.00009
198336.382 -0.00023 -0.00035 -0.00030
198336.386 0.00049 -0.00017 0.00049
198336.390 0.00052 -0.00133 -0.00079
198336.394 0.00084 0.00061 0.00066
198336.398 0.00108 -0.00068 -0.00030
198336.402 0.00113 -0.00056 0.00049
198336.406 0.00222 -0.00007 0.00086
198336.410 0.00068 -0.00147 0.00035
198336.414 0.00012 -0.00122 0.00005
198336.418 0.00119 0.00049 0.00044
198336.422 0.00101 -0.00131 0.00009
198336.426 0.00066 -0.00284 0.00044
198336.430 0.00089 -0.00113 0.00023
198336.434 -0.00040 -0.00068 0.00033
198336.438 0.00030 -0.00147 0.00065
198336.442 0.00079 -0.00002 0.00089
198336.446 0.00045 -0.00038 -0.00023
198336.450 0.00037 -0.00019 -0.00009
198336.454 0.00080 0.00000 -0.00019
198336.458 0.00077 0.00021 0.00066
198336.462 0.00045 0.00072 0.00059
198336.466 0.00098 -0.00140 -0.00002
198336.470 0.00096 -0.00016 -0.00031
198336.474 0.00096 -0.00208 -0.00026
198336.478 0.00110 -0.00079 0.00019
198336.482 0.00070 -0.00119 0.00002
198336.486 0.00044 -0.00084 0.00073
198336.491 0.00141 -0.00122 -0.00012
198336.494 0.00138 -0.00115 -0.00065
198336.498 0.00061 -0.00068 -0.00003
198336.502 0.00147 -0.00072 0.00040
198336.506 0.00140 -0.00044 0.00052
198336.510 0.00077 -0.00049 -0.00079
198336.514 0.00061 -0.00037 -0.00007
198336.518 0.00026 0.00010 -0.00019
198336.522 0.00106 -0.00171 0.00023
198336.526 0.00129 -0.00113 -0.00117
198336.530 0.00103 -0.00023 0.00010
198336.534 0.00082 0.00030 0.00091
198336.538 0.00122 -0.00031 0.00065
198336.542 0.00103 -0.00091 0.00075
198336.546 0.00143 -0.00047 0.00061
198336.550 0.00122 -0.00141 0.00058
198336.554 0.00117 -0.00106 0.00087
198336.558 0.00176 -0.00037 0.00035
198336.562 0.00131 -0.00124 0.00005
198336.566 0.00075 -0.00026 0.00044
198336.570 0.00014 -0.00061 0.00129
198336.574 0.00119 -0.00009 0.00045
198336.578 0.00162 -0.00101 0.00009
198336.582 0.00052 -0.00051 -0.00030
198336.586 0.00145 -0.00112 0.00049
198336.590 0.00124 -0.00052 0.00056
198336.594 -0.00002 0.00005 -0.00017
198336.598 0.00009 0.00127 0.00066
198336.602 0.00087 0.00009 0.00059
198336.606 0.00154 0.00113 0.00058
198336.610 0.00171 -0.00099 0.00042
198336.614 0.00099 -0.00185 -0.00005
198336.618 0.00112 -0.00178 -0.00003
198336.622 0.00115 -0.00190 -0.00093
198336.626 0.00115 0.00016 0.00017
198336.630 0.00024 -0.00049 -0.00058
198336.634 0.00002 -0.00037 -0.00031
198336.638 0.00131 -0.00122 0.00063
198336.642 0.00105 -0.00026 0.00014
198336.646 0.00038 -0.00030 0.00075
198336.650 0.00051 -0.00061 0.00031
198336.654 0.00129 0.00079 0.00080
198336.658 0.00044 0.00012 0.00079
198336.662 0.00082 -0.00157 0.00017
198336.666 0.00106 -0.00079 -0.00026
198336.670 0.00038 -0.00195 -0.00070
198336.674 0.00066 -0.00089 -0.00019
198336.678 0.00087 -0.00077 0.00021
198336.682 0.00168 -0.00194 -0.00056
198336.686 0.00161 -0.00089 -0.00106
198336.690 0.00157 0.00012 0.00000
198336.694 0.00126 -0.00051 0.00072
198336.698 0.00119 -0.00232 -0.00044
198336.702 0.00010 -0.00204 -0.00028
198336.706 0.00058 -0.00108 0.00019
198336.710 0.00101 -0.00112 -0.00072
198336.714 0.00066 -0.00250 0.00038
198336.718 0.00148 -0.00089 -0.00007
198336.722 0.00094 -0.00002 -0.00003
198336.726 0.00110 -0.00038 0.00040
198336.730 0.00070 -0.00124 0.00037
198336.734 0.00014 -0.00042 0.00112
198336.738 0.00000 -0.00035 -0.00017
198336.742 0.00040 -0.00033 -0.00021
198336.746 0.00141 -0.00063 0.00005
198336.750 0.00077 -0.00010 -0.00030
198336.754 0.00106 0.00047 0.00049
198336.758 0.00113 -0.00101 -0.00019
198336.762 0.00099 -0.00140 0.00037
198336.766 0.00232 -0.00106 0.00112
198336.770 0.00192 -0.00141 0.00010
198336.774 0.00195 -0.00166 0.00000
198336.778 0.00227 -0.00096 0.00042
198336.782 0.00206 -0.00124 0.00023
198336.786 0.00154 -0.00086 0.00033
198336.790 0.00201 -0.00136 0.00035
198336.794 0.00093 -0.00134 -0.00052
198336.798 0.00140 0.00000 -0.00031
198336.802 0.00152 -0.00054 0.00017
198336.806 0.00185 -0.00023 0.00017
198336.810 0.00180 -0.00014 -0.00072
198336.814 0.00117 -0.00073 0.00052
198336.818 0.00026 -0.00087 -0.00079
198336.822 0.00017 -0.00093 0.00021
198336.826 0.00120 -0.00077 0.00002
198336.830 0.00103 -0.00028 -0.00031
198336.834 0.00141 -0.00136 -0.00056
198336.839 0.00093 -0.00120 0.00026
198336.842 0.00094 -0.00086 0.00049
198336.846 0.00035 -0.00016 0.00024
198336.850 0.00080 -0.00012 0.00049
198336.854 0.00047 -0.00012 0.00054
198336.858 0.00037 -0.00087 -0.00002
198336.862 0.00051 -0.00136 -0.00002
198336.866 0.00084 -0.00105 0.00026
198336.870 0.00077 -0.00096 0.00017
198336.874 0.00182 -0.00049 0.00077
198336.878 0.00148 0.00007 0.00031
198336.882 0.00003 -0.00112 -0.00054
198336.886 0.00072 -0.00023 0.00012
198336.890 0.00134 -0.00014 0.00106
198336.894 0.00152 -0.00119 0.00070
198336.898 0.00035 -0.00070 0.00045
198336.902 0.00124 0.00063 0.00145
198336.906 -0.00016 -0.00098 0.00019
198336.910 0.00021 -0.00110 -0.00012
198336.914 0.00166 -0.00007 0.00038
198336.918 0.00129 -0.00086 -0.00007
198336.922 0.00014 -0.00166 -0.00019
198336.926 0.00119 -0.00127 -0.00023
198336.930 0.00162 -0.00072 0.00066
198336.934 0.00173 -0.00042 -0.00014
198336.938 0.00176 -0.00035 0.00023
198336.942 0.00131 -0.00093 0.00047
198336.946 0.00105 -0.00047 0.00070
198336.950 0.00082 -0.00112 0.00091
198336.954 0.00047 -0.00173 0.00185
198336.958 0.00143 -0.00204 0.00105
198336.962 0.00077 -0.00106 0.00084
198336.966 0.00030 0.00037 0.00019
198336.970 0.00108 -0.00044 -0.00042
198336.974 0.00068 -0.00094 -0.00028
198336.978 0.00133 -0.00003 0.00003
198336.982 0.00120 -0.00099 -0.00091
198336.986 0.00162 -0.00065 0.00124
198336.990 0.00143 -0.00070 0.00044
198336.994 0.00154 0.00031 0.00068
198336.998 0.00171 -0.00120 0.00014
198337.002 0.00175 -0.00115 0.00016
198337.006 0.00131 -0.00068 -0.00117
198337.010 0.00089 -0.00042 -0.00108
198337.014 0.00049 -0.00140 0.00000
198337.018 0.00098 -0.00150 -0.00017
198337.022 0.00232 -0.00138 0.00052
198337.026 0.00251 -0.00044 -0.00063
198337.030 0.00182 -0.00035 -0.00019
198337.034 0.00119 -0.00079 0.00082
198337.038 0.00176 -0.00119 0.00094
198337.042 0.00162 -0.00145 0.00066
198337.046 0.00157 -0.00047 0.00059
198337.050 0.00112 -0.00035 0.00103
198337.054 0.00084 -0.00063 -0.00065
198337.058 0.00002 -0.00040 0.00040
198337.062 -0.00017 -0.00035 -0.00021
198337.066 -0.00038 0.00010 -0.00052
198337.070 0.00120 -0.00035 -0.00031
198337.074 0.00147 -0.00003 0.00003
198337.078 0.00049 -0.00070 0.00073
198337.082 0.00084 -0.00133 -0.00012
198337.086 0.00063 -0.00178 0.00052
198337.090 0.00026 -0.00101 0.00026
198337.094 0.00077 -0.00080 0.00019
198337.098 0.00016 -0.00044 0.00047
198337.102 0.00044 -0.00141 -0.00094
198337.106 0.00157 -0.00030 0.00047
198337.110 0.00141 -0.00031 -0.00003
198337.114 0.00183 -0.00061 -0.00017
198337.118 0.00058 -0.00190 -0.00082
198337.122 -0.00003 -0.00119 -0.00084
198337.126 0.00129 -0.00070 0.00019
198337.130 0.00044 0.00002 -0.00042
198337.134 0.00098 -0.00038 0.00031
198337.138 0.00096 -0.00108 0.00005
198337.142 0.00140 -0.00098 -0.00045
198337.146 0.00093 -0.00094 -0.00059
198337.150 0.00065 -0.00063 -0.00017
198337.154 0.00133 0.00033 0.00037
198337.158 0.00166 -0.00045 0.00007
198337.162 0.00175 -0.00065 0.00044
198337.166 0.00192 -0.00072 -0.00035
198337.170 0.00150 -0.00101 -0.00042
198337.174 0.00185 -0.00080 -0.00073
198337.178 0.00209 -0.00059 0.00007
198337.182 0.00096 -0.00024 -0.00014
198337.186 0.00051 -0.00091 -0.00066
198337.191 0.00023 -0.00168 0.00070
198337.194 0.00031 -0.00143 -0.00073
198337.198 0.00079 -0.00077 0.00052
198337.202 0.00077 -0.00119 0.00101
198337.206 0.00180 -0.00159 0.00023
198337.210 0.00103 -0.00141 0.00017
198337.214 0.00143 -0.00091 0.00017
198337.218 0.00093 -0.00108 -0.00042
198337.222 0.00110 -0.00096 -0.00028
198337.226 0.00099 -0.00035 -0.00054
198337.230 0.00096 -0.00002 0.00058
198337.234 0.00051 0.00079 -0.00002
198337.238 0.00099 0.00040 -0.00017
198337.242 0.00096 -0.00103 -0.00007
198337.246 0.00096 -0.00110 -0.00019
198337.250 0.00096 -0.00127 0.00127
198337.254 0.00110 -0.00147 0.00075
198337.258 0.00099 -0.00093 -0.00012
198337.262 0.00127 -0.00077 0.00038
198337.266 0.00073 0.00030 0.00007
198337.270 0.00105 -0.00030 -0.00045
198337.274 0.00143 -0.00063 0.00059
198337.278 0.00093 -0.00024 0.00012
198337.282 0.00124 -0.00059 -0.00073
198337.286 0.00087 -0.00054 -0.00037
198337.290 0.00003 -0.00127 -0.00028
198337.294 0.00072 -0.00147 0.00019
198337.298 0.00089 -0.00077 0.00077
198337.302 0.00183 -0.00044 0.00122
198337.306 0.00073 -0.00035 0.00044
198337.310 0.00059 -0.00138 0.00038
198337.314 0.00056 -0.00075 0.00068
198337.318 0.00131 -0.00044 -0.00030
198337.322 0.00105 -0.00021 -0.00010
198337.326 0.00007 -0.00044 -0.00049
198337.330 0.00087 -0.00110 -0.00059
198337.334 0.00213 0.00005 -0.00063
198337.338 0.00216 -0.00173 -0.00003
198337.342 0.00173 -0.00129 0.00010
198337.346 0.00145 -0.00087 0.00091
198337.350 0.00154 -0.00120 0.00035
198337.354 0.00096 -0.00040 0.00112
198337.358 0.00155 -0.00155 0.00056
198337.362 0.00155 -0.00094 -0.00002
198337.366 0.00066 0.00010 0.00010
198337.370 -0.00106 -0.00080 -0.00030
198337.374 0.00072 -0.00030 -0.00070
198337.378 0.00089 -0.00106 -0.00080
198337.382 0.00108 -0.00187 -0.00007
198337.386 0.00084 -0.00058 -0.00019
198337.390 0.00063 -0.00113 -0.00007
198337.394 0.00012 -0.00068 0.00070
198337.398 0.00044 -0.00072 0.00030
198337.402 0.00082 -0.00058 0.00035
198337.406 0.00122 -0.00068 0.00005
198337.410 0.00072 -0.00026 0.00194
198337.414 0.00119 -0.00061 0.00183
198337.418 0.00072 -0.00099 0.00180
198337.422 0.00044 -0.00065 0.00089
198337.426 0.00052 -0.00101 0.00065
198337.430 -0.00049 -0.00049 -0.00014
198337.434 0.00101 -0.00187 -0.00051
198337.438 0.00127 -0.00058 -0.00030
198337.442 0.00119 -0.00129 0.00003
198337.446 0.00176 -0.00012 0.00028
198337.450 0.00086 -0.00072 -0.00040
198337.454 0.00063 0.00016 0.00061
198337.458 0.00042 -0.00003 0.00073
198337.462 0.00171 -0.00206 0.00091
198337.466 0.00176 -0.00077 -0.00052
198337.470 0.00162 0.00059 0.00058
198337.474 0.00157 -0.00023 0.00072
198337.478 0.00141 -0.00045 0.00016
198337.482 0.00152 -0.00110 0.00000
198337.486 0.00171 -0.00082 0.00133
198337.490 0.00115 -0.00059 0.00031
198337.494 0.00115 -0.00070 0.00021
198337.498 0.00176 -0.00012 0.00002
198337.502 0.00176 0.00002 -0.00091
198337.506 0.00131 0.00051 0.00122
198337.510 0.00180 -0.00070 0.00059
198337.514 0.00042 -0.00042 0.00042
198337.518 0.00051 -0.00094 -0.00005
198337.522 0.00038 -0.00049 -0.00049
198337.526 0.00112 -0.00007 0.00000
198337.530 0.00009 -0.00010 -0.00031
198337.534 0.00028 -0.00026 0.00017
198337.539 0.00079 -0.00014 0.00122
198337.542 -0.00058 -0.00194 0.00028
198337.546 0.00040 0.00091 0.00065
198337.550 0.00037 0.00059 0.00089
198337.554 0.00094 -0.00098 -0.00009
198337.558 0.00187 -0.00049 0.00024
198337.562 0.00119 -0.00098 0.00049
198337.566 0.00147 0.00010 -0.00019
198337.570 0.00094 0.00023 -0.00007
198337.574 0.00110 -0.00077 -0.00049
198337.578 0.00175 -0.00075 -0.00030
198337.582 0.00190 -0.00194 0.00033
198337.586 0.00150 -0.00195 -0.00023
198337.590 0.00140 -0.00134 0.00080
198337.594 0.00016 -0.00073 0.00138
198337.598 0.00059 -0.00194 0.00003
198337.602 0.00101 -0.00150 0.00028
198337.606 0.00112 -0.00079 -0.00009
198337.610 0.00070 -0.00044 0.00024
198337.614 0.00134 -0.00019 0.00049
198337.618 0.00120 -0.00044 0.00024
198337.622 0.00162 -0.00035 0.00183
198337.626 0.00218 -0.00063 0.00089
198337.630 0.00037 -0.00161 0.00080
198337.634 0.00110 -0.00141 -0.00040
198337.638 0.00084 -0.00091 -0.00028
198337.642 0.00108 -0.00047 0.00049
198337.646 0.00143 -0.00126 0.00040
198337.650 0.00108 -0.00072 0.00082
198337.654 0.00129 0.00047 0.00033
198337.658 0.00150 0.00033 0.00080
198337.662 0.00035 -0.00091 0.00033
198337.666 0.00065 -0.00033 0.00051
198337.670 0.00087 -0.00138 -0.00063
198337.674 0.00124 -0.00030 -0.00003
198337.678 0.00087 -0.00031 -0.00017
198337.682 0.00093 -0.00061 -0.00066
198337.686 0.00110 -0.00054 -0.00065
198337.690 -0.00005 -0.00023 0.00009
198337.694 0.00038 -0.00105 -0.00014
198337.698 0.00171 -0.00112 0.00023
198337.702 0.00099 -0.00173 -0.00101
198337.706 0.00096 -0.00054 -0.00028
198337.710 0.00096 0.00021 -0.00086
198337.714 0.00112 0.00042 -0.00054
198337.718 0.00159 0.00016 0.00012
198337.722 0.00112 -0.00035 -0.00044
198337.726 0.00115 -0.00152 0.00059
198337.730 0.00040 -0.00244 0.00028
198337.734 0.00080 -0.00012 0.00019
198337.738 0.00002 0.00047 0.00031
198337.742 0.00010 0.00093 0.00021
198337.746 0.00000 0.00014 -0.00058
198337.750 0.00115 -0.00110 -0.00047
198337.754 0.00040 -0.00037 -0.00030
198337.758 0.00051 -0.00049 -0.00086
198337.762 0.00054 -0.00096 -0.00070
198337.766 0.00054 -0.00033 -0.00080
198337.770 0.00129 -0.00077 0.00005
198337.774 0.00105 -0.00150 0.00044
198337.778 -0.00007 -0.00017 0.00038
198337.782 -0.00035 0.00016 0.00021
198337.786 0.00031 -0.00003 -0.00010
198337.790 0.00003 0.00019 -0.00051
198337.794 0.00117 -0.00063 0.00014
198337.798 0.00161 -0.00056 -0.00044
198337.802 0.00127 -0.00068 -0.00044
198337.806 0.00059 -0.00042 -0.00058
198337.810 0.00101 -0.00033 0.00026
198337.814 0.00157 0.00024 0.00063
198337.818 0.00066 0.00012 0.00073
198337.822 0.00058 -0.00155 -0.00012
198337.826 0.00056 -0.00065 -0.00019
198337.830 0.00070 -0.00040 -0.00023
198337.834 0.00119 -0.00124 0.00005
198337.838 0.00042 -0.00086 0.00073
198337.842 0.00021 -0.00152 -0.00012
198337.846 0.00106 -0.00033 -0.00005
198337.850 -0.00021 0.00010 -0.00033
198337.854 0.00035 -0.00051 0.00017
198337.858 -0.00009 -0.00066 0.00017
198337.862 0.00068 0.00063 -0.00012
198337.866 0.00058 -0.00187 -0.00035
198337.870 0.00101 -0.00087 -0.00026
198337.874 0.00096 -0.00061 -0.00084
198337.878 0.00080 -0.00040 0.00005
198337.882 0.00152 -0.00049 0.00000
198337.886 0.00140 -0.00096 -0.00047
198337.891 0.00138 -0.00110 0.00030
198337.894 0.00136 0.00007 0.00080
198337.898 0.00152 -0.00051 0.00003
198337.902 0.00140 -0.00068 -0.00016
198337.906 0.00077 -0.00101 -0.00007
198337.910 0.00061 -0.00185 0.00040
198337.914 0.00026 -0.00148 0.00112
198337.918 -0.00042 -0.00106 0.00056
198337.922 0.00014 -0.00096 -0.00106
198337.926 0.00028 0.00009 -0.00045
198337.930 0.00168 0.00084 -0.00014
198337.934 0.00115 -0.00017 0.00009
198337.938 0.00220 0.00000 -0.00045
198337.942 0.00127 -0.00038 -0.00044
198337.946 0.00223 -0.00138 0.00030
198337.950 0.00129 -0.00136 -0.00009
198337.954 0.00134 -0.00059 0.00054
198337.958 0.00106 -0.00099 0.00072
198337.962 0.00113 -0.00065 -0.00028
198337.966 0.00115 -0.00115 0.00019
198337.970 -0.00003 -0.00159 0.00093
198337.974 0.00115 0.00009 0.00037
198337.978 0.00040 -0.00096 0.00096
198337.982 0.00051 -0.00065 -0.00021
198337.986 0.00129 0.00003 -0.00038
198337.990 0.00059 -0.00052 0.00016
198337.994 0.00026 -0.00068 0.00077
198337.998 0.00047 -0.00101 0.00106
198338.002 0.00082 -0.00140 0.00040
198338.006 0.00138 -0.00150 0.00007
198338.010 0.00211 -0.00033 0.00000
198338.014 0.00126 -0.00017 0.00042
198338.018 0.00028 -0.00164 -0.00005
198338.022 0.00017 -0.00248 0.00115
198338.026 0.00166 -0.00208 0.00133
198338.030 0.00113 -0.00079 0.00047
198338.034 0.00161 -0.00044 0.00099
198338.038 0.00098 -0.00126 0.00023
198338.042 0.00080 -0.00162 -0.00040
198338.046 0.00061 0.00084 0.00016
198338.050 0.00133 -0.00077 -0.00012
198338.054 0.00030 -0.00044 0.00084
198338.058 0.00079 -0.00110 0.00003
198338.062 0.00211 -0.00082 0.00012
198338.066 0.00141 -0.00014 0.00030
198338.070 0.00227 0.00000 0.00080
198338.074 0.00145 -0.00143 0.00079
198338.078 0.00079 -0.00182 0.00017
198338.082 0.00045 -0.00010 0.00093
198338.086 0.00127 -0.00056 -0.00023
198338.090 0.00044 -0.00038 0.00005
198338.094 0.00112 -0.00094 0.00044
198338.098 0.00145 -0.00017 -0.00035
198338.102 0.00049 -0.00028 0.00017
198338.106 0.00068 -0.00152 -0.00042
198338.110 0.00044 -0.00047 0.00045
198338.114 0.00007 0.00112 0.00129
198338.118 -0.00002 0.00003 0.00061
198338.122 0.00099 0.00037 0.00058
198338.126 0.00157 -0.00073 -0.00031
198338.130 0.00171 -0.00133 0.00017
198338.134 0.00176 -0.00089 -0.00073
198338.138 0.00056 -0.00002 -0.00035
198338.142 0.00056 -0.00070 0.00002
198338.146 0.00086 -0.00087 0.00012
198338.150 0.00079 -0.00061 0.00000
198338.154 0.00061 -0.00099 0.00042
198338.158 0.00056 0.00024 0.00098
198338.162 0.00131 -0.00047 -0.00051
198338.166 0.00134 -0.00096 -0.00075
198338.170 0.00075 -0.00063 0.00007
198338.174 0.00091 -0.00101 0.00105
198338.178 -0.00024 -0.00005 0.00070
198338.182 0.00019 -0.00175 0.00045
198338.186 -0.00014 -0.00099 0.00024
198338.190 0.00082 -0.00185 -0.00026
198338.194 0.00061 -0.00133 0.00080
198338.198 0.00042 -0.00087 0.00154
198338.202 0.00005 -0.00061 0.00127
198338.206 0.00117 -0.00175 0.00061
198338.210 0.00131 -0.00040 -0.00061
198338.214 0.00089 -0.00110 -0.00033
198338.218 0.00033 0.00007 -0.00010
198338.222 0.00019 -0.00127 0.00009
198338.226 0.00166 -0.00176 -0.00014
198338.230 0.00084 -0.00115 0.00023
198338.234 0.00031 0.00051 0.00017
198338.239 0.00140 -0.00054 -0.00058
198338.242 0.00061 -0.00068 -0.00122
198338.246 0.00026 -0.00042 -0.00079
198338.250 0.00183 -0.00124 -0.00052
198338.254 0.00178 -0.00056 -0.00077
198338.258 0.00178 -0.00143 -0.00141
198338.262 0.00162 -0.00002 -0.00115
198338.266 0.00023 0.00019 -0.00077
198338.270 0.00045 0.00056 -0.00023
198338.274 -0.00005 0.00049 0.00021
198338.278 0.00038 -0.00024 0.00017
198338.282 0.00110 -0.00091 0.00031
198338.286 0.00159 -0.00002 0.00065
198338.290 0.00082 -0.00054 -0.00014
198338.294 0.00061 -0.00188 -0.00112
198338.298 0.00208 -0.00087 0.00012
198338.302 0.00155 -0.00047 -0.00028
198338.306 0.00096 -0.00021 -0.00070
198338.310 -0.00054 -0.00089 -0.00005
198338.314 0.00056 -0.00122 -0.00049
198338.318 0.00176 -0.00056 -0.00014
198338.322 0.00176 -0.00113 -0.00066
198338.326 0.00101 -0.00084 0.00070
198338.330 0.00021 -0.00045 0.00000
198338.334 0.00045 -0.00035 0.00042
198338.338 0.00066 -0.00108 0.00023
198338.342 0.00178 -0.00037 0.00017
198338.346 0.00103 -0.00093 -0.00058
198338.350 0.00037 -0.00033 0.00026
198338.354 0.00065 -0.00031 0.00019
198338.358 -0.00016 -0.00108 -0.00058
198338.362 0.00080 -0.00096 -0.00017
198338.366 0.00152 -0.00033 -0.00007
198338.370 0.00201 -0.00077 0.00010
198338.374 0.00138 -0.00044 0.00030
198338.378 0.00122 -0.00201 -0.00009
198338.382 0.00147 -0.00166 0.00024
198338.386 0.00140 -0.00098 0.00047
198338.390 0.00182 -0.00094 -0.00033
198338.394 0.00133 -0.00079 0.00047
198338.398 0.00059 -0.00180 -0.00003
198338.402 0.00072 -0.00251 -0.00138
198338.406 0.00000 -0.00150 -0.00129
198338.410 0.00086 -0.00033 -0.00080
198338.414 0.00063 -0.00002 -0.00009
198338.418 0.00012 -0.00145 -0.00079
198338.422 0.00089 -0.00106 0.00005
198338.426 0.00169 -0.00171 0.00028
198338.430 0.00145 -0.00084 0.00005
198338.434 0.00093 -0.00150 -0.00077
198338.438 0.00019 -0.00079 -0.00007
198338.442 0.00030 -0.00044 -0.00049
198338.446 0.00094 -0.00065 0.00000
198338.450 0.00080 -0.00101 -0.00063
198338.454 0.00091 -0.00080 0.00026
198338.458 0.00079 -0.00180 -0.00024
198338.462 0.00197 -0.00145 -0.00054
198338.466 0.00122 -0.00106 0.00012
198338.470 0.00133 -0.00112 -0.00014
198338.474 0.00075 0.00005 0.00038
198338.478 0.00059 0.00037 0.00023
198338.482 0.00072 0.00030 0.00002
198338.486 0.00044 0.00044 0.00028
198338.490 0.00052 -0.00133 -0.00054
198338.494 0.00129 -0.00058 -0.00031
198338.498 0.00119 -0.00054 -0.00010
198338.502 0.00162 -0.00038 0.00038
198338.506 0.00173 -0.00003 0.00007
198338.510 0.00070 -0.00054 0.00028
198338.514 0.00119 -0.00113 -0.00040
198338.518 0.00162 -0.00038 0.00002
198338.522 0.00127 -0.00108 -0.00047
198338.526 0.00119 0.00021 -0.00014
198338.530 0.00176 -0.00033 0.00023
198338.534 0.00086 -0.00063 0.00093
198338.538 0.00154 -0.00070 0.00051
198338.542 0.00110 -0.00119 0.00040
198338.546 0.00084 -0.00099 -0.00021
198338.550 0.00017 -0.00049 0.00051
198338.554 0.00000 -0.00187 -0.00003
198338.558 0.00115 -0.00103 -0.00093
198338.562 0.00131 -0.00066 -0.00162
198338.566 0.00059 -0.00056 -0.00030
198338.570 0.00056 -0.00159 0.00049
198338.574 0.00070 -0.00065 0.00129
198338.578 -0.00014 -0.00086 0.00045
198338.582 0.00005 -0.00106 0.00068
198338.586 0.00058 -0.00127 0.00030
198338.591 0.00101 -0.00222 -0.00054
198338.593 0.00066 -0.00232 0.00012
198338.598 0.00133 -0.00129 -0.00119
198338.602 0.00166 -0.00012 -0.00049
198338.606 0.00099 -0.00058 0.00059
198338.610 0.00021 -0.00099 0.00058
198338.614 0.00166 -0.00094 0.00012
198338.618 0.00220 -0.00049 0.00030
198338.622 0.00188 -0.00171 0.00003
198338.626 0.00166 -0.00113 0.00073
198338.630 0.00023 -0.00143 -0.00133
198338.634 0.00122 -0.00182 -0.00082
198338.638 0.00133 -0.00056 -0.00099
198338.642 0.00075 -0.00038 -0.00087
198338.646 0.00134 -0.00033 -0.00040
198338.650 0.00136 -0.00138 -0.00087
198338.654 0.00166 -0.00105 0.00003
198338.658 0.00054 -0.00007 0.00103
198338.662 0.00024 0.00003 0.00038
198338.666 0.00031 -0.00052 0.00082
198338.670 0.00079 -0.00066 -0.00040
198338.674 0.00136 0.00002 0.00106
198338.678 0.00166 -0.00157 0.00009
198338.682 0.00099 -0.00096 0.00014
198338.686 0.00216 -0.00003 0.00045
198338.690 0.00188 -0.00129 0.00038
198338.694 0.00059 -0.00194 0.00052
198338.698 0.00117 -0.00059 0.00101
198338.702 0.00101 -0.00084 0.00084
198338.706 0.00127 -0.00061 -0.00010
198338.710 0.00148 -0.00040 0.00054
198338.714 0.00154 -0.00019 0.00026
198338.718 0.00080 -0.00044 0.00003
198338.722 0.00077 -0.00035 0.00028
198338.726 0.00075 -0.00108 0.00035
198338.730 0.00059 -0.00098 -0.00007
198338.734 0.00026 0.00024 0.00040
198338.738 0.00031 -0.00077 -0.00021
198338.742 0.00079 -0.00134 0.00021
198338.746 0.00152 -0.00103 -0.00010
198338.750 0.00140 -0.00112 0.00009
198338.754 0.00168 -0.00052 0.00030
198338.758 0.00188 -0.00052 0.00065
198338.762 0.00136 -0.00068 0.00044
198338.766 0.00105 -0.00072 0.00068
198338.770 0.00098 0.00000 -0.00073
198338.774 0.00157 -0.00007 -0.00021
198338.778 0.00126 0.00017 0.00021
198338.782 0.00103 -0.00019 0.00047
198338.786 0.00157 -0.00134 0.00054
198338.790 0.00096 -0.00089 -0.00047
198338.794 0.00230 -0.00106 -0.00030
198338.798 0.00176 -0.00052 0.00019
198338.802 0.00101 -0.00052 0.00093
198338.806 0.00096 -0.00112 0.00096
198338.810 -0.00023 -0.00113 0.00173
198338.814 0.00033 -0.00113 0.00042
198338.818 0.00079 -0.00084 -0.00005
198338.822 0.00077 -0.00045 -0.00019
198338.826 0.00075 -0.00110 0.00037
198338.830 0.00014 -0.00143 0.00082
198338.834 0.00014 -0.00077 0.00079
198338.838 0.00119 -0.00044 0.00017
198338.842 0.00176 0.00023 0.00002
198338.846 0.00101 -0.00031 0.00103
198338.850 -0.00007 0.00042 0.00023
198338.854 0.00098 0.00016 -0.00070
198338.858 0.00157 0.00024 0.00068
198338.862 0.00051 -0.00061 0.00000
198338.866 0.00070 -0.00131 -0.00106
198338.870 0.00089 -0.00147 0.00059
198338.874 0.00108 -0.00152 0.00012
198338.878 0.00009 -0.00108 0.00030
198338.882 0.00162 -0.00051 0.00080
198338.886 0.00068 -0.00068 -0.00010
198338.890 0.00103 0.00017 0.00099
198338.894 0.00112 -0.00049 0.00038
198338.898 0.00070 0.00052 0.00066
198338.902 0.00103 0.00019 0.00059
198338.906 0.00098 -0.00033 0.00028
198338.910 0.00112 -0.00017 -0.00070
198338.914 0.00220 -0.00044 0.00084
198338.918 0.00098 -0.00080 0.00003
198338.922 0.00051 -0.00105 -0.00016
198338.926 0.00084 0.00007 0.00068
198338.930 0.00168 -0.00021 -0.00044
198338.934 0.00190 -0.00089 0.00016
198338.939 0.00164 -0.00063 0.00061
198338.942 0.00175 -0.00161 0.00012
198338.946 0.00176 0.00023 -0.00059
198338.950 0.00147 0.00042 0.00010
198338.954 0.00108 0.00002 -0.00014
198338.958 -0.00035 -0.00023 -0.00096
198338.962 0.00106 -0.00120 0.00031
198338.966 0.00113 -0.00054 0.00021
198338.970 0.00070 -0.00084 0.00122
198338.974 0.00180 -0.00091 0.00044
198338.978 0.00026 -0.00047 -0.00141
198338.982 0.00031 -0.00157 -0.00113
198338.986 0.00079 -0.00124 0.00026
198338.990 0.00106 -0.00056 0.00155
198338.994 0.00098 -0.00113 0.00007
198338.998 0.00035 0.00051 0.00059
198339.002 0.00019 0.00033 -0.00002
198339.006 0.00091 -0.00045 0.00026
198339.010 0.00019 -0.00005 0.00094
198339.014 0.00166 -0.00024 0.00141
198339.018 0.00204 -0.00045 0.00155
198339.022 0.00124 -0.00005 0.00157
198339.026 0.00073 0.00003 0.00052
198339.030 0.00134 -0.00052 0.00056
198339.034 0.00166 -0.00127 0.00010
198339.038 0.00143 -0.00087 0.00000
198339.042 0.00047 -0.00166 0.00012
198339.046 -0.00005 -0.00143 0.00030
198339.050 0.00084 -0.00061 0.00005
198339.054 0.00093 -0.00009 0.00119
198339.058 0.00126 -0.00026 0.00103
198339.062 0.00058 -0.00030 0.00129
198339.066 0.00147 0.00012 0.00105
198339.070 0.00124 -0.00051 0.00099
198339.074 0.00087 -0.00098 0.00082
198339.078 0.00138 -0.00019 0.00003
198339.082 0.00093 -0.00119 0.00087
198339.086 0.00094 -0.00086 0.00124
198339.090 0.00185 -0.00150 0.00014
198339.094 0.00239 -0.00093 0.00000
198339.098 0.00208 0.00040 -0.00002
198339.102 0.00049 -0.00012 -0.00093
198339.106 0.00084 -0.00012 -0.00072
198339.110 0.00047 -0.00072 0.00113
198339.114 0.00007 -0.00042 0.00042
198339.118 0.00058 -0.00035 0.00007
198339.122 0.00086 -0.00154 0.00105
198339.126 0.00047 -0.00169 0.00038
198339.130 0.00127 -0.00113 0.00052
198339.134 0.00089 -0.00082 0.00010
198339.138 0.00154 -0.00030 0.00000
198339.142 0.00035 -0.00077 -0.00002
198339.146 0.00049 -0.00012 -0.00002
198339.150 0.00038 -0.00028 -0.00093
198339.154 0.00051 0.00028 -0.00042
198339.158 0.00084 0.00012 0.00077
198339.162 -0.00012 -0.00051 0.00031
198339.166 0.00157 -0.00021 0.00005
198339.170 0.00066 -0.00105 0.00000
198339.174 0.00072 -0.00141 -0.00047
198339.178 0.00134 -0.00120 -0.00059
198339.182 0.00045 -0.00024 0.00056
198339.186 0.00082 -0.00120 0.00026
198339.190 0.00061 -0.00176 0.00049
198339.194 0.00072 -0.00054 -0.00003
198339.198 -0.00030 -0.00023 0.00056
198339.202 0.00063 -0.00044 -0.00017
198339.206 0.00056 -0.00021 -0.00037
198339.210 0.00131 -0.00180 -0.00072
198339.214 0.00059 -0.00131 -0.00035
198339.218 0.00040 -0.00028 0.00017
198339.222 0.00126 -0.00016 0.00031
198339.226 0.00148 -0.00087 -0.00009
198339.230 0.00049 -0.00106 0.00009
198339.234 -0.00021 -0.00187 -0.00014
198339.238 0.00065 -0.00087 -0.00051
198339.242 0.00103 -0.00136 -0.00091
198339.246 0.00127 -0.00059 -0.00101
198339.250 0.00000 -0.00009 0.00030
198339.254 0.00009 -0.00056 0.00065
198339.258 0.00028 -0.00068 -0.00075
198339.262 0.00108 -0.00042 -0.00082
198339.266 0.00070 0.00024 -0.00038
198339.270 0.00087 0.00042 -0.00133
198339.274 0.00154 -0.00058 0.00037
198339.278 0.00155 -0.00084 0.00007
198339.282 0.00096 -0.00091 0.00014
198339.286 0.00126 -0.00152 0.00045
198339.291 0.00148 -0.00108 0.00024
198339.294 0.00185 -0.00023 -0.00072
198339.298 0.00103 -0.00014 0.00068
198339.302 0.00188 0.00016 0.00030
198339.306 0.00134 -0.00033 0.00005
198339.310 0.00000 0.00026 0.00028
198339.314 0.00056 -0.00047 -0.00009
198339.318 0.00040 -0.00035 0.00038
198339.322 0.00126 -0.00079 0.00052
198339.326 0.00103 -0.00134 -0.00003
198339.330 0.00127 -0.00103 -0.00033
198339.334 0.00134 -0.00051 0.00002
198339.338 0.00180 -0.00066 0.00042
198339.342 0.00117 -0.00086 0.00068
198339.346 0.00131 -0.00047 0.00044
198339.350 0.00150 -0.00021 0.00009
198339.354 0.00065 -0.00014 0.00044
198339.358 0.00072 -0.00042 0.00068
198339.362 0.00059 -0.00065 0.00059
198339.366 0.00131 -0.00026 0.00058
198339.370 0.00075 -0.00091 0.00072
198339.374 0.00166 -0.00002 0.00000
198339.378 0.00113 0.00033 -0.00061
198339.382 0.00206 0.00346 -0.00079
198339.386 0.00199 0.00367 -0.00113
198339.390 0.00108 0.00236 -0.00002
198339.394 0.00068 -0.00098 -0.00031
198339.398 0.00044 -0.00140 0.00033
198339.402 0.00021 -0.00195 0.00066
198339.406 0.00136 -0.00105 0.00089
198339.410 0.00091 -0.00216 -0.00023
198339.414 0.00124 -0.00080 -0.00009
198339.418 0.00028 -0.00134 0.00054
198339.422 0.00122 -0.00225 0.00072
198339.426 0.00087 -0.00157 0.00045
198339.430 0.00183 -0.00124 0.00084
198339.434 0.00119 -0.00176 0.00033
198339.438 0.00086 -0.00086 0.00051
198339.442 0.00108 -0.00120 -0.00017
