198242.058 0.00141 -0.00126 0.00066
198242.062 0.00168 -0.00026 0.00044
198242.066 0.00129 -0.00091 0.00084
198242.070 0.00028 -0.00033 0.00063
198242.074 -0.00115 -0.00031 0.00103
198242.078 0.00040 -0.00047 0.00099
198242.082 0.00005 -0.00141 0.00023
198242.086 0.00042 -0.00075 0.00017
198242.090 -0.00007 -0.00058 0.00077
198242.094 0.00052 -0.00099 -0.00056
198242.098 0.00099 -0.00094 0.00026
198242.102 0.00051 -0.00229 -0.00054
198242.106 0.00220 -0.00159 -0.00016
198242.110 0.00157 0.00068 0.00023
198242.114 0.00127 -0.00021 -0.00040
198242.118 0.00209 0.00014 0.00031
198242.122 0.00126 -0.00049 0.00110
198242.126 0.00087 -0.00007 0.00145
198242.130 0.00199 0.00049 0.00005
198242.134 0.00106 0.00003 0.00028
198242.138 0.00143 0.00080 -0.00009
198242.142 0.00093 0.00087 -0.00185
198242.146 0.00065 -0.00136 -0.00096
198242.150 0.00087 -0.00089 -0.00058
198242.154 0.00108 -0.00047 -0.00031
198242.158 0.00175 -0.00021 0.00079
198242.162 0.00190 0.00030 0.00063
198242.166 0.00195 -0.00016 0.00058
198242.170 0.00182 -0.00148 -0.00016
198242.174 0.00164 0.00010 0.00037
198242.178 0.00127 -0.00065 -0.00037
198242.182 0.00014 -0.00056 -0.00026
198242.186 0.00044 -0.00023 -0.00070
198242.190 0.00098 0.00000 -0.00019
198242.194 0.00112 0.00051 0.00066
198242.198 0.00070 -0.00101 0.00030
198242.202 0.00103 0.00054 0.00049
198242.206 0.00023 0.00019 0.00086
198242.210 0.00002 -0.00017 0.00019
198242.214 0.00070 -0.00014 0.00077
198242.218 0.00000 -0.00028 0.00061
198242.222 0.00115 0.00089 0.00103
198242.226 0.00176 0.00000 0.00068
198242.230 0.00117 -0.00070 0.00014
198242.234 -0.00003 -0.00042 0.00106
198242.238 0.00024 -0.00019 0.00084
198242.242 0.00002 0.00075 0.00140
198242.246 0.00072 -0.00033 0.00033
198242.250 0.00089 0.00117 0.00051
198242.254 0.00094 0.00005 -0.00019
198242.258 0.00140 0.00007 -0.00068
198242.262 0.00168 0.00098 0.00070
198242.266 0.00070 0.00016 0.00000
198242.270 0.00000 0.00070 0.00058
198242.274 -0.00049 0.00038 0.00012
198242.278 0.00058 -0.00103 0.00016
198242.282 0.00056 -0.00201 -0.00028
198242.286 0.00054 -0.00016 -0.00010
198242.290 0.00145 -0.00012 0.00099
198242.294 0.00093 0.00047 0.00098
198242.298 0.00185 0.00002 0.00113
198242.302 0.00223 0.00110 0.00042
198242.306 0.00188 0.00019 0.00052
198242.310 0.00134 0.00040 0.00040
198242.314 0.00166 0.00031 0.00113
198242.318 0.00099 0.00028 -0.00031
198242.322 0.00021 -0.00091 -0.00040
198242.326 0.00091 -0.00108 0.00075
198242.330 -0.00009 -0.00112 0.00063
198242.334 0.00052 -0.00038 -0.00061
198242.339 0.00145 -0.00003 -0.00003
198242.342 0.00124 0.00003 0.00101
198242.346 0.00058 0.00005 0.00023
198242.350 -0.00108 -0.00096 0.00033
198242.354 0.00042 0.00024 0.00112
198242.358 0.00037 -0.00002 -0.00017
198242.362 0.00019 -0.00099 -0.00052
198242.366 -0.00073 -0.00094 -0.00061
198242.370 0.00066 -0.00079 0.00010
198242.374 0.00073 -0.00044 0.00045
198242.378 0.00075 0.00145 0.00068
198242.382 0.00075 -0.00031 0.00014
198242.386 0.00105 -0.00031 0.00045
198242.390 0.00038 0.00087 0.00038
198242.394 0.00126 0.00000 0.00007
198242.398 0.00133 0.00005 -0.00059
198242.402 0.00075 0.00021 0.00026
198242.406 0.00134 -0.00003 0.00094
198242.410 0.00166 0.00019 0.00096
198242.414 0.00188 0.00010 0.00098
198242.418 0.00119 0.00007 0.00066
198242.422 0.00133 -0.00021 0.00075
198242.426 0.00059 0.00105 0.00016
198242.430 0.00026 -0.00026 0.00002
198242.434 0.00138 0.00028 0.00058
198242.438 0.00031 0.00012 0.00117
198242.442 0.00124 0.00054 0.00072
198242.446 0.00133 0.00019 0.00016
198242.450 0.00105 -0.00003 0.00106
198242.454 0.00084 0.00049 0.00024
198242.458 0.00031 0.00033 0.00049
198242.462 0.00033 -0.00075 0.00099
198242.466 0.00079 -0.00014 0.00098
198242.470 0.00061 0.00047 0.00143
198242.474 0.00117 0.00093 0.00110
198242.478 0.00101 -0.00030 -0.00108
198242.482 0.00127 -0.00031 -0.00045
198242.486 0.00044 -0.00017 0.00030
198242.490 0.00082 0.00075 0.00065
198242.494 0.00182 0.00010 0.00044
198242.498 0.00073 -0.00005 0.00054
198242.502 0.00073 0.00003 0.00117
198242.506 0.00134 -0.00052 0.00026
198242.510 0.00106 0.00005 0.00003
198242.514 0.00098 0.00023 0.00044
198242.518 0.00051 -0.00033 0.00084
198242.522 0.00113 -0.00106 0.00108
198242.526 0.00161 -0.00037 0.00161
198242.530 0.00098 0.00010 0.00084
198242.534 0.00021 0.00052 0.00108
198242.538 0.00000 0.00033 0.00145
198242.542 0.00026 0.00030 0.00110
198242.546 0.00108 0.00044 0.00115
198242.550 0.00098 -0.00042 0.00072
198242.554 0.00082 -0.00019 0.00061
198242.558 0.00106 -0.00014 0.00058
198242.562 0.00084 -0.00042 -0.00002
198242.566 0.00047 0.00040 0.00072
198242.570 0.00052 -0.00028 -0.00014
198242.574 0.00084 -0.00106 -0.00005
198242.578 0.00108 0.00037 0.00056
198242.582 0.00068 0.00061 0.00086
198242.586 0.00164 0.00126 0.00110
198242.590 0.00188 0.00054 0.00176
198242.594 0.00120 0.00110 0.00119
198242.598 0.00072 0.00033 0.00087
198242.602 0.00030 0.00044 0.00094
198242.606 -0.00010 0.00077 0.00112
198242.610 0.00007 -0.00138 0.00042
198242.614 0.00058 0.00014 0.00037
198242.618 0.00010 0.00038 0.00037
198242.622 0.00042 0.00075 0.00021
198242.626 0.00232 0.00131 0.00063
198242.630 0.00161 0.00099 0.00028
198242.634 0.00127 -0.00012 0.00035
198242.638 0.00073 -0.00117 -0.00068
198242.642 0.00075 0.00003 -0.00051
198242.646 0.00075 0.00052 0.00028
198242.650 0.00105 -0.00010 0.00080
198242.654 0.00173 -0.00042 0.00108
198242.658 0.00161 -0.00065 0.00101
198242.662 0.00023 0.00017 0.00098
198242.666 0.00061 0.00026 0.00113
198242.670 0.00101 -0.00106 0.00072
198242.674 0.00127 -0.00007 0.00075
198242.678 0.00148 0.00049 -0.00058
198242.682 0.00169 0.00154 -0.00077
198242.686 0.00129 0.00000 0.00021
198242.691 0.00150 0.00094 0.00063
198242.694 0.00155 0.00045 0.00089
198242.698 0.00021 0.00138 0.00094
198242.702 0.00122 0.00147 0.00187
198242.706 0.00056 0.00000 0.00091
198242.710 0.00176 -0.00038 0.00021
198242.714 0.00056 -0.00033 0.00106
198242.718 0.00056 -0.00093 0.00086
198242.722 0.00054 -0.00138 0.00049
198242.726 0.00099 0.00014 0.00070
198242.730 0.00112 -0.00110 0.00045
198242.734 0.00024 -0.00023 0.00113
198242.738 0.00122 0.00059 0.00101
198242.742 0.00087 -0.00007 0.00084
198242.746 0.00093 0.00003 0.00063
198242.750 0.00080 0.00021 0.00059
198242.754 0.00091 0.00072 0.00178
198242.758 0.00124 -0.00003 0.00133
198242.762 0.00148 0.00017 0.00122
198242.766 0.00169 0.00010 0.00058
198242.770 0.00099 -0.00066 0.00087
198242.774 0.00141 0.00033 0.00065
198242.778 0.00108 -0.00045 0.00014
198242.782 0.00052 -0.00051 0.00016
198242.786 0.00145 0.00007 0.00016
198242.790 0.00154 -0.00051 0.00061
198242.794 0.00096 0.00052 0.00058
198242.798 0.00140 0.00079 0.00072
198242.802 0.00168 0.00042 0.00045
198242.806 0.00159 -0.00028 0.00084
198242.810 0.00098 0.00042 0.00065
198242.814 0.00080 -0.00072 -0.00016
198242.818 0.00031 0.00031 0.00038
198242.822 0.00033 0.00073 0.00007
198242.826 0.00079 0.00024 0.00028
198242.830 0.00077 -0.00031 0.00003
198242.834 0.00061 0.00117 0.00073
198242.838 -0.00047 0.00066 0.00122
198242.842 -0.00031 -0.00112 0.00194
198242.846 0.00061 -0.00023 0.00122
198242.850 0.00087 0.00000 0.00103
198242.854 0.00108 -0.00023 0.00159
198242.858 0.00234 -0.00059 0.00129
198242.862 0.00192 -0.00145 0.00075
198242.866 0.00150 -0.00045 -0.00042
198242.870 0.00185 0.00007 0.00000
198242.874 0.00271 0.00023 0.00072
198242.878 0.00201 0.00010 0.00000
198242.882 0.00138 0.00007 0.00026
198242.886 0.00106 -0.00021 0.00094
198242.890 0.00129 -0.00014 0.00082
198242.894 0.00073 0.00045 0.00079
198242.898 0.00105 0.00168 0.00122
198242.902 0.00098 0.00033 0.00044
198242.906 0.00187 0.00073 -0.00035
198242.910 0.00119 0.00010 -0.00042
198242.914 0.00117 -0.00005 -0.00044
198242.918 0.00115 -0.00115 -0.00134
198242.922 -0.00003 -0.00084 -0.00021
198242.926 -0.00019 -0.00120 0.00005
198242.930 0.00005 -0.00010 0.00028
198242.934 0.00010 0.00031 0.00049
198242.938 0.00028 -0.00014 0.00086
198242.942 0.00033 0.00016 0.00094
198242.946 0.00065 0.00040 0.00066
198242.950 0.00042 -0.00148 0.00105
198242.954 0.00082 -0.00017 0.00024
198242.958 0.00243 0.00061 0.00079
198242.962 0.00148 0.00037 0.00108
198242.966 0.00140 -0.00119 0.00054
198242.970 0.00031 -0.00099 0.00072
198242.974 0.00094 -0.00019 0.00045
198242.978 0.00169 -0.00044 0.00143
198242.982 0.00295 0.00084 0.00155
198242.986 0.00208 0.00058 0.00082
198242.990 0.00049 -0.00054 0.00108
198242.994 0.00023 -0.00082 0.00024
198242.998 0.00045 0.00014 0.00019
198243.002 0.00082 -0.00035 -0.00012
198243.006 0.00106 -0.00003 0.00068
198243.010 0.00023 0.00080 0.00091
198243.014 0.00122 -0.00002 0.00051
198243.018 0.00087 0.00094 -0.00033
198243.022 0.00017 0.00091 -0.00086
198243.026 0.00061 0.00014 -0.00099
198243.030 0.00056 0.00070 -0.00014
198243.034 0.00101 0.00038 -0.00065
198243.039 0.00112 0.00030 -0.00035
198243.042 0.00115 0.00044 0.00063
198243.046 0.00099 0.00061 0.00148
198243.050 0.00066 0.00037 0.00005
198243.054 0.00087 -0.00044 0.00089
198243.058 0.00124 -0.00035 0.00035
198243.062 0.00042 0.00040 -0.00098
198243.066 0.00082 0.00061 -0.00012
198243.070 0.00211 0.00126 -0.00110
198243.074 0.00187 -0.00005 -0.00091
198243.078 0.00089 -0.00145 -0.00040
198243.082 0.00017 -0.00138 -0.00028
198243.086 0.00166 -0.00134 -0.00054
198243.090 0.00084 -0.00103 -0.00061
198243.094 0.00108 -0.00051 0.00010
198243.098 0.00113 -0.00082 0.00075
198243.102 0.00175 -0.00016 0.00122
198243.106 0.00237 0.00152 0.00073
198243.110 0.00267 0.00120 -0.00012
198243.114 0.00185 0.00052 -0.00080
198243.118 0.00148 0.00033 -0.00038
198243.122 0.00124 0.00030 -0.00012
198243.126 0.00208 0.00058 0.00009
198243.130 0.00171 -0.00023 -0.00014
198243.134 0.00084 -0.00030 -0.00005
198243.138 0.00063 0.00026 -0.00003
198243.142 0.00133 0.00028 0.00040
198243.146 0.00091 0.00073 0.00112
198243.150 0.00108 -0.00065 0.00117
198243.154 0.00113 0.00017 0.00058
198243.158 0.00115 -0.00003 0.00133
198243.162 0.00145 -0.00024 0.00047
198243.166 0.00094 0.00073 0.00009
198243.170 0.00079 0.00009 0.00075
198243.174 0.00168 0.00068 0.00122
198243.178 0.00113 0.00084 -0.00016
198243.182 0.00131 0.00162 0.00038
198243.186 0.00180 0.00122 0.00082
198243.190 0.00117 -0.00051 0.00003
198243.194 0.00236 -0.00023 0.00012
198243.198 0.00148 -0.00089 -0.00119
198243.202 0.00094 -0.00063 0.00026
198243.206 0.00096 0.00019 -0.00040
198243.210 -0.00038 0.00161 0.00000
198243.214 0.00150 0.00002 0.00012
198243.218 0.00169 0.00005 0.00061
198243.222 0.00084 -0.00082 -0.00016
198243.226 0.00183 -0.00105 -0.00082
198243.230 0.00239 -0.00080 -0.00023
198243.234 0.00237 -0.00016 0.00051
198243.238 0.00267 0.00091 0.00056
198243.242 0.00201 0.00014 0.00012
198243.246 0.00199 -0.00019 0.00075
198243.250 0.00031 0.00000 0.00091
198243.254 0.00033 0.00005 0.00112
198243.258 0.00033 0.00021 0.00101
198243.262 0.00003 -0.00002 0.00084
198243.266 0.00133 0.00033 -0.00010
198243.270 0.00166 0.00014 -0.00080
198243.274 0.00143 0.00024 -0.00038
198243.278 0.00122 0.00010 -0.00103
198243.282 0.00028 -0.00005 -0.00044
198243.286 0.00152 -0.00024 -0.00044
198243.290 0.00155 0.00014 -0.00014
198243.294 0.00155 -0.00080 0.00098
198243.298 0.00005 0.00000 0.00157
198243.302 0.00162 0.00051 0.00113
198243.306 0.00052 0.00017 -0.00017
198243.310 0.00099 -0.00049 -0.00066
198243.314 0.00112 -0.00021 -0.00155
198243.318 0.00040 0.00075 -0.00103
198243.322 -0.00023 0.00040 -0.00194
198243.326 0.00094 0.00000 -0.00113
198243.330 0.00094 0.00096 -0.00016
198243.334 0.00110 0.00016 -0.00037
198243.338 0.00099 0.00038 -0.00056
198243.342 0.00082 0.00016 -0.00077
198243.346 0.00047 0.00129 -0.00052
198243.350 -0.00082 0.00038 -0.00061
198243.354 -0.00054 -0.00089 -0.00063
198243.358 0.00070 -0.00017 -0.00094
198243.362 0.00044 -0.00014 -0.00042
198243.366 0.00082 -0.00072 0.00031
198243.370 0.00061 0.00016 0.00110
198243.374 0.00010 0.00054 0.00176
198243.378 0.00119 -0.00038 0.00087
198243.382 0.00056 -0.00049 0.00110
198243.386 0.00040 0.00052 0.00206
198243.391 0.00051 -0.00038 0.00216
198243.394 -0.00051 -0.00065 0.00068
198243.398 0.00012 -0.00056 0.00030
198243.402 0.00073 0.00005 0.00080
198243.406 0.00059 -0.00052 0.00108
198243.410 0.00115 0.00066 0.00070
198243.414 0.00222 -0.00066 0.00016
198243.418 0.00023 -0.00115 0.00120
198243.422 0.00122 -0.00024 0.00148
198243.426 0.00222 0.00000 0.00035
198243.430 0.00143 -0.00024 0.00005
198243.434 0.00199 0.00059 -0.00045
198243.438 0.00106 0.00066 0.00014
198243.442 0.00068 0.00157 0.00136
198243.446 0.00164 0.00031 0.00063
198243.450 0.00159 0.00000 -0.00045
198243.454 0.00037 0.00051 0.00014
198243.458 0.00051 -0.00040 0.00120
198243.462 0.00099 -0.00003 0.00134
198243.466 0.00066 0.00079 0.00017
198243.470 0.00117 -0.00003 -0.00012
198243.474 0.00101 0.00035 0.00068
198243.478 0.00037 0.00000 0.00105
198243.482 0.00035 0.00035 0.00070
198243.486 0.00049 -0.00014 0.00120
198243.490 0.00084 -0.00012 0.00119
198243.494 0.00093 -0.00087 0.00073
198243.498 0.00049 0.00056 0.00136
198243.502 0.00159 0.00066 0.00063
198243.506 0.00187 0.00023 0.00058
198243.510 0.00180 -0.00002 -0.00031
198243.514 0.00103 -0.00084 -0.00070
198243.518 0.00112 -0.00031 0.00052
198243.522 0.00070 -0.00077 0.00026
198243.526 0.00044 -0.00133 0.00049
198243.530 0.00112 -0.00014 0.00084
198243.534 0.00099 0.00045 0.00033
198243.538 0.00127 0.00063 0.00021
198243.542 0.00073 0.00112 -0.00012
198243.546 0.00059 0.00185 0.00068
198243.550 0.00131 0.00023 0.00059
198243.554 0.00089 0.00010 0.00148
198243.558 0.00185 0.00084 0.00021
198243.562 0.00103 0.00133 0.00047
198243.566 0.00068 0.00084 0.00086
198243.570 0.00133 -0.00016 0.00019
198243.574 0.00120 0.00000 0.00061
198243.578 0.00117 -0.00023 0.00073
198243.582 0.00161 -0.00030 0.00077
198243.586 0.00143 0.00103 0.00122
198243.590 0.00122 -0.00042 0.00000
198243.594 0.00042 0.00054 -0.00063
198243.598 0.00037 -0.00038 -0.00017
198243.602 0.00080 0.00024 -0.00023
198243.606 0.00061 -0.00061 -0.00082
198243.610 0.00147 -0.00054 -0.00113
198243.614 0.00124 -0.00143 -0.00031
198243.618 0.00073 0.00028 -0.00010
198243.622 0.00120 0.00028 -0.00051
198243.626 0.00101 0.00028 -0.00016
198243.630 0.00112 -0.00016 -0.00007
198243.634 0.00070 0.00061 0.00010
198243.638 0.00119 0.00051 -0.00044
198243.642 0.00072 -0.00024 -0.00089
198243.646 0.00105 0.00059 -0.00099
198243.650 0.00023 0.00021 -0.00073
198243.654 0.00122 0.00040 0.00007
198243.658 0.00117 0.00106 -0.00059
198243.662 0.00040 0.00063 0.00026
198243.666 0.00096 0.00098 0.00140
198243.670 0.00096 0.00105 0.00094
198243.674 0.00171 0.00033 0.00021
198243.678 0.00099 0.00000 0.00047
198243.682 0.00037 0.00051 0.00024
198243.686 0.00110 0.00063 0.00063
198243.690 0.00113 0.00112 0.00073
198243.694 0.00145 0.00065 0.00061
198243.698 0.00079 0.00141 0.00058
198243.702 0.00166 0.00208 0.00133
198243.706 0.00113 0.00180 0.00061
198243.710 0.00131 -0.00037 0.00028
198243.714 0.00075 0.00010 0.00065
198243.718 0.00150 0.00068 -0.00059
198243.722 0.00246 0.00023 -0.00033
198243.726 0.00119 0.00072 0.00079
198243.730 0.00101 0.00145 0.00063
198243.734 0.00127 0.00073 0.00089
198243.739 0.00119 -0.00049 0.00065
198243.742 0.00072 -0.00007 0.00105
198243.746 0.00105 0.00003 0.00024
198243.750 0.00082 -0.00068 0.00108
198243.754 0.00047 0.00077 0.00099
198243.758 0.00052 0.00040 0.00037
198243.762 0.00009 -0.00012 0.00157
198243.766 0.00000 0.00047 0.00127
198243.770 0.00145 -0.00086 0.00136
198243.774 0.00138 -0.00136 0.00031
198243.778 0.00136 -0.00030 0.00066
198243.782 0.00077 0.00073 0.00105
198243.786 0.00105 0.00159 0.00129
198243.790 0.00023 0.00152 0.00182
198243.794 0.00077 0.00045 0.00134
198243.798 0.00075 0.00093 0.00077
198243.802 0.00105 -0.00014 -0.00026
198243.806 0.00113 0.00091 0.00003
198243.810 0.00145 0.00119 -0.00120
198243.814 0.00093 -0.00007 -0.00140
198243.818 0.00035 0.00124 -0.00068
198243.822 0.00035 0.00173 -0.00051
198243.826 0.00110 0.00096 -0.00045
198243.830 0.00113 0.00000 -0.00014
198243.834 0.00222 0.00021 -0.00096
198243.838 0.00113 -0.00017 -0.00072
198243.842 -0.00019 -0.00073 -0.00051
198243.846 0.00080 0.00031 -0.00075
198243.850 -0.00012 0.00000 -0.00021
198243.854 0.00216 -0.00068 -0.00173
198243.858 0.00066 -0.00101 -0.00093
198243.862 0.00044 -0.00080 -0.00042
198243.866 0.00082 0.00059 0.00136
198243.870 0.00077 0.00066 0.00093
198243.874 0.00166 -0.00127 0.00066
198243.878 0.00024 -0.00087 0.00000
198243.882 0.00061 -0.00077 0.00042
198243.886 0.00087 0.00000 0.00052
198243.890 0.00033 0.00021 0.00040
198243.894 0.00155 0.00056 -0.00005
198243.898 0.00155 -0.00038 -0.00033
198243.902 0.00216 -0.00019 -0.00086
198243.906 0.00066 -0.00028 -0.00129
198243.910 0.00133 -0.00002 -0.00112
198243.914 0.00045 -0.00024 -0.00077
198243.918 0.00023 -0.00014 -0.00082
198243.922 0.00106 -0.00042 -0.00023
198243.926 0.00038 -0.00035 -0.00129
198243.930 0.00005 -0.00003 -0.00021
198243.934 0.00072 0.00049 0.00037
198243.938 0.00119 -0.00026 0.00007
198243.942 0.00133 0.00014 0.00089
198243.946 0.00105 0.00068 0.00035
198243.950 0.00143 -0.00019 0.00021
198243.954 0.00168 -0.00014 -0.00010
198243.958 0.00175 0.00031 0.00068
198243.962 0.00026 0.00000 0.00120
198243.966 0.00017 0.00065 0.00028
198243.970 0.00030 -0.00051 0.00049
198243.974 0.00033 -0.00007 -0.00003
198243.978 0.00094 -0.00072 -0.00063
198243.982 0.00126 -0.00087 -0.00094
198243.986 0.00073 0.00012 -0.00133
198243.990 0.00059 -0.00051 -0.00127
198243.994 0.00026 0.00037 -0.00065
198243.998 0.00017 0.00000 -0.00003
198244.002 0.00075 0.00035 0.00147
198244.006 0.00120 -0.00030 0.00065
198244.010 0.00101 0.00012 0.00044
198244.014 0.00202 -0.00005 0.00009
198244.018 0.00154 0.00079 0.00014
198244.022 0.00185 0.00040 0.00016
198244.026 0.00119 0.00091 0.00045
198244.030 0.00117 0.00044 -0.00003
198244.034 0.00115 0.00031 0.00024
198244.038 0.00131 -0.00016 0.00140
198244.042 0.00075 -0.00058 0.00049
198244.046 0.00030 -0.00113 0.00054
198244.050 0.00108 -0.00023 0.00010
198244.054 0.00023 -0.00105 0.00000
198244.058 0.00077 -0.00051 0.00026
198244.062 0.00075 0.00023 0.00019
198244.066 0.00105 -0.00017 0.00077
198244.070 -0.00005 0.00045 -0.00026
198244.074 0.00129 0.00047 -0.00024
198244.078 0.00105 -0.00010 -0.00099
198244.082 0.00113 -0.00026 0.00106
198244.086 0.00190 0.00058 0.00054
198244.091 0.00030 0.00051 0.00086
198244.094 -0.00040 -0.00070 0.00080
198244.098 0.00059 -0.00042 0.00017
198244.102 0.00101 -0.00049 0.00016
198244.106 0.00157 -0.00007 0.00031
198244.110 0.00187 -0.00131 0.00065
198244.114 0.00194 -0.00058 0.00000
198244.118 0.00031 0.00005 0.00147
198244.122 -0.00010 0.00052 0.00035
198244.126 0.00037 0.00033 -0.00007
198244.130 0.00080 0.00030 0.00070
198244.134 0.00077 0.00119 0.00075
198244.138 0.00166 0.00051 0.00091
198244.142 0.00159 0.00154 0.00037
198244.146 0.00082 0.00106 -0.00023
198244.150 0.00077 0.00154 -0.00068
198244.154 -0.00089 0.00075 0.00145
198244.158 0.00017 0.00070 0.00080
198244.162 0.00075 0.00068 0.00079
198244.166 0.00150 -0.00021 0.00047
198244.170 0.00049 0.00089 0.00129
198244.174 0.00054 0.00030 0.00077
198244.178 0.00084 0.00012 0.00002
198244.182 0.00063 0.00143 0.00087
198244.186 0.00042 0.00119 -0.00009
198244.190 0.00082 0.00037 0.00084
198244.194 0.00045 0.00014 0.00094
198244.198 -0.00005 -0.00035 0.00021
198244.202 0.00052 0.00010 0.00077
198244.206 0.00070 -0.00035 -0.00056
198244.210 0.00103 0.00026 -0.00061
198244.214 0.00098 0.00072 -0.00138
198244.218 0.00126 -0.00035 -0.00038
198244.222 0.00028 0.00010 0.00017
198244.226 0.00002 0.00084 0.00106
198244.230 0.00086 0.00087 0.00086
198244.234 0.00047 0.00087 0.00110
198244.238 0.00068 0.00134 0.00115
198244.242 0.00012 -0.00019 0.00072
198244.246 0.00164 0.00016 0.00106
198244.250 0.00113 0.00070 0.00115
198244.254 0.00131 -0.00021 -0.00047
198244.258 0.00119 -0.00014 0.00075
198244.262 0.00237 0.00093 0.00031
198244.266 0.00237 0.00105 0.00155
198244.270 0.00253 -0.00026 0.00127
198244.274 0.00152 0.00012 0.00000
198244.278 0.00094 0.00009 -0.00031
198244.282 0.00185 -0.00066 -0.00026
198244.286 0.00134 -0.00040 -0.00129
198244.290 0.00000 0.00038 -0.00080
198244.294 0.00010 0.00120 -0.00113
198244.298 0.00073 0.00007 -0.00152
198244.302 0.00014 0.00021 -0.00117
198244.306 0.00014 0.00026 -0.00154
198244.310 0.00089 0.00058 -0.00147
198244.314 0.00094 -0.00007 -0.00040
198244.318 0.00065 0.00183 -0.00012
198244.322 0.00103 0.00113 -0.00051
198244.326 0.00098 0.00019 0.00073
198244.330 0.00035 -0.00003 0.00000
198244.334 0.00005 0.00003 0.00058
198244.338 0.00072 0.00051 -0.00002
198244.342 0.00225 0.00094 0.00010
198244.346 0.00279 0.00014 0.00030
198244.350 0.00129 -0.00051 0.00094
198244.354 0.00209 -0.00037 0.00066
198244.358 0.00246 -0.00017 0.00105
198244.362 0.00105 0.00059 0.00115
198244.366 0.00052 0.00096 0.00042
198244.370 0.00190 0.00000 0.00052
198244.374 -0.00014 0.00110 0.00086
198244.378 -0.00023 0.00049 0.00080
198244.382 0.00019 0.00017 -0.00026
198244.386 0.00059 0.00056 0.00035
198244.390 0.00236 0.00019 -0.00007
198244.394 0.00269 0.00161 0.00040
198244.398 0.00185 0.00063 0.00098
198244.402 0.00148 -0.00021 0.00068
198244.406 0.00169 -0.00045 -0.00014
198244.410 0.00099 0.00084 -0.00005
198244.414 0.00082 0.00026 0.00115
198244.418 0.00047 0.00042 0.00012
198244.422 0.00052 0.00077 0.00000
198244.426 0.00084 0.00131 0.00072
198244.430 0.00138 0.00115 -0.00012
198244.434 0.00136 -0.00023 -0.00096
198244.439 0.00045 0.00044 -0.00042
198244.442 0.00052 0.00002 0.00016
198244.446 0.00024 -0.00068 0.00016
198244.450 0.00016 0.00017 0.00045
198244.454 0.00120 0.00010 0.00084
198244.458 0.00086 -0.00037 -0.00099
198244.462 0.00229 -0.00047 -0.00119
198244.466 0.00161 -0.00096 -0.00138
198244.470 0.00127 -0.00079 -0.00129
198244.474 0.00164 -0.00075 -0.00065
198244.478 0.00143 0.00045 0.00070
198244.482 0.00168 -0.00101 0.00016
198244.486 0.00129 -0.00187 0.00031
198244.490 0.00073 -0.00042 0.00110
198244.494 0.00120 0.00009 0.00086
198244.498 0.00042 0.00113 0.00124
198244.502 0.00021 -0.00024 0.00075
198244.506 0.00061 0.00030 0.00016
198244.510 0.00042 0.00117 0.00045
198244.514 0.00157 0.00051 0.00024
198244.518 0.00157 0.00063 -0.00070
198244.522 0.00157 -0.00023 -0.00051
198244.526 0.00126 0.00014 -0.00014
198244.530 0.00164 0.00038 0.00007
198244.534 0.00038 -0.00044 0.00103
198244.538 0.00096 -0.00005 0.00099
198244.542 0.00155 -0.00010 0.00098
198244.546 0.00051 -0.00026 0.00007
198244.550 0.00009 0.00000 -0.00045
198244.554 0.00119 -0.00038 -0.00059
198244.558 0.00222 -0.00049 -0.00033
198244.562 0.00218 0.00066 -0.00040
198244.566 0.00112 0.00173 -0.00178
198244.570 0.00099 0.00021 -0.00079
198244.574 0.00037 0.00024 0.00066
198244.578 0.00035 0.00012 0.00075
198244.582 0.00110 -0.00035 -0.00042
198244.586 0.00070 0.00026 -0.00058
198244.590 0.00000 0.00042 -0.00108
198244.594 0.00131 0.00031 -0.00105
198244.598 0.00225 0.00028 -0.00044
198244.602 0.00159 0.00103 -0.00014
198244.606 0.00098 -0.00042 -0.00035
198244.610 0.00096 -0.00005 0.00033
198244.614 0.00005 0.00079 -0.00099
198244.618 0.00087 0.00101 0.00000
198244.622 0.00047 0.00077 -0.00031
198244.626 0.00188 -0.00003 -0.00070
198244.630 0.00134 -0.00040 0.00052
198244.634 0.00091 -0.00065 0.00042
198244.638 0.00110 0.00033 0.00007
198244.642 0.00038 0.00059 0.00044
198244.646 -0.00023 0.00141 0.00054
198244.650 0.00140 0.00087 0.00026
198244.654 -0.00026 0.00012 0.00033
198244.658 0.00079 0.00009 0.00080
198244.662 0.00106 0.00007 0.00063
198244.666 0.00188 0.00143 0.00000
198244.670 0.00150 0.00028 0.00026
198244.674 0.00140 0.00042 -0.00024
198244.678 0.00122 0.00031 -0.00068
198244.682 0.00178 0.00059 -0.00080
198244.686 0.00176 0.00005 -0.00052
198244.690 0.00208 0.00007 0.00058
198244.694 0.00140 0.00082 0.00026
198244.698 0.00017 0.00133 -0.00070
198244.702 0.00014 0.00099 -0.00035
198244.706 0.00044 0.00031 -0.00101
198244.710 0.00052 0.00073 -0.00028
198244.714 0.00038 0.00099 0.00035
198244.718 -0.00023 0.00077 0.00080
198244.722 -0.00009 0.00026 0.00063
198244.726 0.00157 -0.00047 0.00058
198244.730 0.00096 -0.00005 0.00072
198244.734 0.00080 0.00079 0.00091
198244.738 0.00002 0.00026 -0.00023
198244.742 0.00161 -0.00031 0.00005
198244.746 0.00143 -0.00017 0.00000
198244.750 0.00047 0.00061 0.00056
198244.754 0.00113 -0.00037 0.00117
198244.758 0.00131 -0.00033 0.00103
198244.762 0.00075 -0.00047 0.00009
198244.766 0.00059 0.00052 -0.00150
198244.770 0.00086 -0.00040 -0.00176
198244.774 -0.00040 -0.00003 -0.00169
198244.778 0.00014 0.00003 -0.00211
198244.782 0.00030 0.00021 -0.00042
198244.786 0.00063 0.00026 -0.00073
198244.791 0.00101 -0.00031 0.00007
198244.794 0.00066 -0.00061 -0.00166
198244.798 0.00178 -0.00099 -0.00059
198244.802 0.00162 -0.00094 0.00026
198244.806 0.00159 -0.00094 -0.00024
198244.810 0.00037 -0.00108 0.00094
198244.814 0.00035 -0.00007 -0.00066
198244.818 0.00140 -0.00010 -0.00051
198244.822 0.00258 -0.00072 0.00014
198244.826 0.00197 0.00016 0.00061
198244.830 0.00152 -0.00019 -0.00031
198244.834 0.00126 0.00030 0.00079
198244.838 0.00073 0.00028 0.00047
198244.842 0.00030 0.00058 0.00054
198244.846 -0.00040 0.00035 0.00147
198244.850 0.00059 -0.00014 0.00051
198244.854 0.00086 -0.00119 0.00040
198244.858 0.00108 -0.00070 0.00068
198244.862 0.00159 -0.00042 0.00059
198244.866 0.00187 0.00024 0.00072
198244.870 0.00284 0.00103 -0.00058
198244.874 0.00220 -0.00012 -0.00017
198244.878 0.00188 -0.00026 -0.00005
198244.882 0.00075 0.00103 -0.00003
198244.886 0.00059 -0.00042 0.00010
198244.890 0.00040 -0.00065 0.00091
198244.894 0.00051 -0.00026 0.00096
198244.898 0.00068 0.00028 0.00096
198244.902 0.00089 -0.00016 0.00023
198244.906 0.00183 -0.00058 -0.00010
198244.910 -0.00016 0.00065 -0.00005
198244.914 -0.00023 0.00007 0.00040
198244.918 0.00035 0.00052 -0.00082
198244.922 0.00065 0.00065 0.00021
198244.926 0.00087 -0.00021 -0.00042
198244.930 0.00108 -0.00059 -0.00042
198244.934 0.00143 -0.00009 -0.00028
198244.938 0.00154 -0.00010 0.00065
198244.942 0.00276 -0.00042 0.00059
198244.946 0.00127 -0.00051 0.00103
198244.950 0.00178 0.00023 0.00068
198244.954 0.00133 0.00010 0.00105
198244.958 0.00075 0.00024 0.00161
198244.962 0.00000 -0.00003 0.00038
198244.966 0.00024 0.00110 0.00066
198244.970 0.00093 0.00065 0.00073
198244.974 0.00155 -0.00098 0.00047
198244.978 0.00141 -0.00140 0.00038
198244.982 0.00002 -0.00120 0.00098
198244.986 0.00086 -0.00086 0.00037
198244.990 0.00138 -0.00061 0.00052
198244.994 0.00093 -0.00086 -0.00033
198244.998 0.00154 -0.00136 0.00017
198245.002 0.00096 -0.00014 0.00093
198245.006 0.00201 0.00016 0.00021
198245.010 0.00124 -0.00079 -0.00056
198245.014 0.00087 -0.00075 -0.00016
198245.018 0.00108 0.00091 -0.00082
198245.022 0.00159 0.00089 -0.00084
198245.026 0.00098 -0.00091 -0.00113
198245.030 0.00066 -0.00017 -0.00047
198245.034 0.00087 -0.00012 -0.00134
198245.038 0.00154 0.00031 -0.00202
198245.042 0.00155 0.00073 -0.00070
198245.046 0.00066 0.00099 -0.00035
198245.050 0.00087 0.00136 -0.00086
198245.054 0.00199 -0.00033 -0.00086
198245.058 0.00227 -0.00063 -0.00024
198245.062 0.00161 0.00019 -0.00068
198245.066 0.00096 0.00056 -0.00126
198245.070 0.00201 -0.00054 -0.00140
198245.074 0.00229 -0.00082 -0.00068
198245.078 0.00176 -0.00075 -0.00035
198245.082 0.00056 -0.00014 -0.00026
198245.086 0.00056 0.00047 0.00051
198245.090 0.00070 0.00047 0.00010
198245.094 0.00103 -0.00040 0.00075
198245.098 0.00143 0.00009 0.00016
198245.102 0.00229 0.00068 0.00122
198245.106 0.00161 0.00068 0.00044
198245.110 0.00187 0.00068 0.00052
198245.114 0.00150 0.00052 0.00010
198245.118 0.00065 0.00049 -0.00134
198245.122 0.00012 -0.00056 -0.00143
198245.126 0.00058 0.00065 -0.00099
198245.130 0.00115 0.00098 -0.00028
198245.134 0.00190 0.00150 0.00019
198245.139 0.00166 -0.00014 -0.00026
198245.142 0.00143 0.00077 0.00094
198245.146 0.00243 0.00070 0.00157
198245.150 0.00119 0.00099 0.00084
198245.154 0.00192 0.00077 0.00049
198245.158 0.00182 -0.00033 0.00024
198245.162 -0.00093 0.00026 -0.00026
198245.166 -0.00042 0.00012 -0.00038
198245.170 0.00059 0.00038 0.00031
198245.174 0.00086 -0.00089 -0.00023
198245.178 0.00077 -0.00061 0.00051
198245.182 0.00166 -0.00024 0.00086
198245.186 0.00113 0.00012 -0.00024
198245.190 0.00086 -0.00035 -0.00204
198245.194 0.00077 -0.00047 -0.00131
198245.198 0.00106 0.00052 -0.00066
198245.202 0.00173 0.00003 -0.00094
198245.206 0.00101 0.00141 -0.00056
198245.210 0.00141 -0.00120 -0.00093
198245.214 0.00108 0.00047 -0.00026
198245.218 0.00098 0.00033 -0.00038
198245.222 0.00171 0.00000 -0.00012
198245.226 0.00236 -0.00009 -0.00080
198245.230 0.00162 0.00033 -0.00038
198245.234 0.00112 0.00134 -0.00012
198245.238 0.00086 -0.00003 -0.00065
198245.242 0.00108 -0.00024 -0.00065
198245.246 0.00113 -0.00045 -0.00049
198245.250 0.00024 0.00009 -0.00014
198245.254 0.00122 -0.00080 -0.00080
198245.258 0.00133 -0.00075 -0.00023
198245.262 0.00075 -0.00089 -0.00023
198245.266 0.00105 -0.00031 0.00066
198245.270 0.00052 0.00012 0.00030
198245.274 0.00068 0.00054 0.00003
198245.278 0.00089 -0.00040 0.00000
198245.282 0.00124 0.00040 0.00012
198245.286 0.00162 0.00120 -0.00059
198245.290 0.00113 -0.00052 -0.00017
198245.294 0.00131 -0.00023 -0.00127
198245.298 0.00164 -0.00089 -0.00126
198245.302 0.00098 0.00010 0.00068
198245.306 0.00157 0.00159 0.00180
198245.310 0.00157 0.00017 0.00105
198245.314 0.00126 -0.00003 0.00159
198245.318 0.00148 -0.00086 -0.00019
198245.322 0.00260 -0.00061 -0.00098
198245.326 0.00154 -0.00099 -0.00117
198245.330 0.00141 -0.00005 -0.00017
198245.334 0.00077 0.00003 0.00052
198245.338 0.00075 -0.00068 -0.00063
198245.342 0.00045 0.00108 -0.00033
198245.346 0.00112 0.00017 -0.00056
198245.350 0.00054 -0.00003 -0.00031
198245.354 0.00099 0.00035 -0.00070
198245.358 0.00112 0.00089 -0.00110
198245.362 0.00115 0.00073 -0.00091
198245.366 0.00086 0.00024 -0.00010
198245.370 0.00017 0.00117 -0.00005
198245.374 0.00030 0.00005 -0.00094
198245.378 0.00154 0.00157 0.00002
198245.382 0.00080 0.00091 -0.00077
198245.386 0.00031 0.00014 -0.00037
198245.390 -0.00010 -0.00049 -0.00072
198245.394 0.00052 -0.00127 -0.00021
198245.398 0.00145 0.00047 0.00005
198245.402 0.00168 0.00047 0.00058
198245.406 0.00175 0.00093 0.00012
198245.410 0.00086 0.00105 0.00089
198245.414 0.00124 0.00033 0.00066
198245.418 0.00058 -0.00134 0.00000
198245.422 0.00145 -0.00030 -0.00077
198245.426 0.00199 -0.00031 -0.00157
198245.430 0.00122 -0.00002 -0.00148
198245.434 0.00072 0.00019 -0.00040
198245.438 0.00119 0.00040 0.00000
198245.442 0.00147 0.00045 0.00073
198245.446 0.00003 0.00033 0.00077
198245.450 0.00026 0.00000 0.00002
198245.454 0.00093 -0.00038 0.00042
198245.458 0.00199 0.00070 0.00038
198245.462 0.00213 0.00009 -0.00037
198245.466 0.00126 0.00023 -0.00012
198245.470 0.00148 0.00056 0.00009
198245.474 0.00185 0.00110 -0.00030
198245.478 0.00119 0.00110 -0.00024
198245.482 0.00101 0.00003 -0.00054
198245.486 0.00052 -0.00023 -0.00106
198245.491 0.00113 -0.00045 -0.00120
198245.494 0.00131 -0.00096 -0.00079
198245.498 0.00105 -0.00063 0.00007
198245.502 0.00234 0.00033 -0.00105
198245.506 0.00192 0.00044 -0.00120
198245.510 0.00030 0.00016 -0.00019
198245.514 0.00079 -0.00033 0.00007
198245.518 0.00045 0.00086 0.00028
198245.522 0.00066 -0.00091 0.00094
198245.526 0.00073 -0.00077 -0.00007
198245.530 0.00119 0.00059 0.00024
198245.534 0.00176 0.00096 -0.00010
198245.538 0.00131 0.00000 -0.00065
198245.542 0.00134 0.00035 -0.00094
198245.546 0.00075 -0.00030 -0.00117
198245.550 0.00059 -0.00016 -0.00063
198245.554 0.00115 0.00016 -0.00079
198245.558 0.00086 -0.00035 -0.00157
198245.562 0.00108 0.00056 -0.00103
198245.566 0.00023 -0.00009 0.00059
198245.570 -0.00012 0.00138 -0.00031
198245.574 -0.00037 0.00042 0.00108
198245.578 0.00030 -0.00058 -0.00003
198245.582 0.00094 -0.00009 0.00070
198245.586 0.00140 -0.00026 0.00030
198245.590 0.00258 0.00028 0.00019
198245.594 0.00258 0.00042 0.00106
198245.598 0.00122 0.00047 -0.00033
198245.602 0.00117 0.00077 -0.00026
198245.606 0.00147 0.00040 0.00019
198245.610 0.00199 0.00031 0.00017
198245.614 0.00197 0.00058 0.00061
198245.618 0.00031 -0.00007 0.00058
198245.622 0.00033 -0.00086 -0.00047
198245.626 0.00094 0.00042 0.00059
198245.630 0.00140 0.00106 0.00000
198245.634 0.00031 0.00017 0.00056
198245.638 0.00049 0.00115 0.00042
198245.642 0.00054 -0.00009 -0.00021
198245.646 -0.00005 -0.00086 0.00051
198245.650 0.00175 0.00012 -0.00017
198245.654 0.00072 0.00023 -0.00066
198245.658 0.00134 -0.00002 -0.00019
198245.662 0.00091 -0.00084 -0.00082
198245.667 0.00033 0.00000 0.00035
198245.670 0.00126 0.00049 0.00126
198245.674 0.00119 -0.00010 0.00000
198245.678 0.00026 0.00077 0.00162
198245.682 0.00017 0.00040 0.00145
198245.686 0.00030 0.00061 0.00124
198245.690 0.00049 0.00126 0.00105
198245.694 0.00052 0.00038 0.00190
198245.698 0.00009 0.00045 0.00120
198245.702 0.00119 0.00002 0.00014
198245.706 0.00010 0.00112 0.00030
198245.710 0.00058 0.00019 0.00094
198245.714 0.00026 -0.00124 -0.00052
198245.718 0.00077 -0.00101 -0.00016
198245.722 0.00227 -0.00080 -0.00021
198245.726 0.00099 0.00044 0.00066
198245.730 0.00096 0.00002 0.00000
198245.734 0.00065 0.00021 -0.00031
198245.738 0.00073 0.00026 -0.00010
198245.742 0.00089 0.00010 -0.00080
198245.746 0.00049 0.00129 -0.00143
198245.750 0.00038 0.00129 -0.00099
198245.754 0.00005 0.00159 -0.00178
198245.758 0.00056 0.00017 -0.00094
198245.762 0.00099 -0.00094 -0.00117
198245.766 0.00082 -0.00079 -0.00047
198245.770 0.00136 -0.00089 -0.00030
198245.774 0.00091 -0.00047 -0.00040
198245.778 0.00065 -0.00005 -0.00133
198245.782 0.00208 0.00063 -0.00157
198245.786 0.00185 0.00082 -0.00058
198245.790 0.00119 0.00162 -0.00077
198245.794 0.00147 0.00077 -0.00037
198245.798 0.00108 0.00024 0.00061
198245.802 0.00175 0.00026 0.00119
198245.806 0.00161 0.00012 0.00028
198245.810 0.00188 0.00054 0.00003
198245.814 0.00105 -0.00009 0.00028
198245.818 0.00038 0.00047 -0.00040
198245.822 0.00065 0.00047 -0.00042
198245.826 0.00042 0.00063 -0.00028
198245.830 0.00066 0.00082 0.00003
198245.834 0.00133 0.00087 0.00000
198245.839 0.00134 0.00103 -0.00093
198245.842 0.00091 0.00063 -0.00192
198245.846 0.00199 -0.00023 -0.00157
198245.850 0.00138 0.00014 -0.00119
198245.854 0.00106 0.00054 -0.00154
198245.858 0.00279 0.00124 -0.00072
198245.862 0.00264 -0.00021 -0.00110
198245.866 0.00183 -0.00075 -0.00122
198245.870 0.00119 -0.00028 -0.00049
198245.874 0.00072 0.00087 -0.00045
198245.878 0.00059 0.00134 0.00059
198245.882 0.00086 0.00010 0.00028
198245.886 0.00079 0.00068 0.00019
198245.890 0.00077 -0.00035 -0.00087
198245.894 0.00000 0.00115 -0.00086
198245.898 0.00115 0.00141 -0.00054
198245.902 0.00086 0.00042 -0.00031
198245.906 0.00063 -0.00012 -0.00040
198245.910 0.00056 0.00077 -0.00133
198245.914 0.00086 0.00101 -0.00141
198245.918 0.00154 -0.00042 -0.00145
198245.922 0.00141 0.00145 -0.00024
198245.926 0.00152 0.00012 -0.00068
198245.930 0.00080 -0.00019 -0.00169
198245.934 0.00106 0.00045 -0.00031
198245.938 0.00038 0.00047 0.00003
198245.942 0.00260 -0.00101 -0.00016
198245.946 0.00185 -0.00021 0.00052
198245.950 0.00044 -0.00133 0.00056
198245.954 0.00037 0.00045 -0.00047
198245.958 0.00126 0.00047 -0.00134
198245.962 0.00089 0.00033 -0.00127
198245.966 0.00093 -0.00045 -0.00051
198245.970 0.00126 -0.00035 -0.00016
198245.974 -0.00016 0.00026 -0.00037
198245.978 0.00037 -0.00016 -0.00072
198245.982 0.00080 -0.00044 -0.00051
198245.986 0.00031 -0.00110 -0.00030
198245.990 0.00079 0.00005 -0.00086
198245.994 0.00106 -0.00007 -0.00070
198245.998 0.00054 -0.00040 -0.00185
198246.002 0.00070 0.00009 -0.00201
198246.006 0.00194 -0.00066 -0.00070
198246.010 0.00061 -0.00040 0.00023
198246.014 0.00010 0.00084 -0.00070
198246.018 -0.00030 0.00058 -0.00066
198246.022 0.00047 0.00155 0.00009
198246.026 0.00113 0.00077 -0.00044
198246.030 0.00190 0.00190 0.00045
198246.034 0.00134 0.00145 0.00054
198246.038 0.00045 0.00073 0.00056
198246.042 0.00052 -0.00079 -0.00002
198246.046 0.00084 -0.00059 0.00040
198246.050 0.00197 -0.00024 -0.00021
198246.054 0.00138 0.00028 0.00005
198246.058 0.00091 0.00087 0.00089
198246.062 0.00079 0.00119 0.00140
198246.066 0.00030 0.00037 0.00215
198246.070 0.00199 0.00000 0.00113
198246.074 0.00183 0.00171 0.00012
198246.078 0.00133 0.00094 -0.00014
198246.082 0.00105 0.00061 -0.00005
198246.086 0.00084 -0.00023 -0.00003
198246.090 0.00063 0.00014 -0.00003
198246.094 0.00026 0.00070 -0.00003
198246.098 0.00106 -0.00005 -0.00124
198246.102 0.00084 -0.00086 -0.00094
198246.106 0.00017 0.00028 0.00017
198246.110 0.00045 -0.00136 0.00031
198246.114 0.00082 -0.00059 0.00096
198246.118 0.00122 0.00094 0.00141
198246.122 0.00058 0.00075 0.00140
198246.126 0.00086 0.00084 0.00003
198246.130 0.00138 0.00073 -0.00016
198246.134 0.00152 -0.00003 -0.00066
198246.138 0.00051 0.00033 -0.00094
198246.142 0.00143 0.00000 -0.00117
198246.146 0.00138 -0.00009 0.00010
198246.150 0.00182 -0.00010 0.00030
198246.154 0.00133 0.00063 0.00065
198246.158 0.00075 0.00021 -0.00030
198246.162 0.00105 0.00056 -0.00099
198246.166 0.00113 0.00201 -0.00119
198246.170 0.00086 0.00044 -0.00063
198246.174 0.00063 0.00002 -0.00094
198246.178 0.00101 0.00021 -0.00072
198246.182 0.00066 -0.00017 -0.00051
198246.186 0.00178 0.00091 0.00000
198246.191 0.00087 0.00105 -0.00077
198246.193 0.00124 0.00079 -0.00098
198246.198 0.00117 0.00115 -0.00072
198246.202 0.00086 0.00051 -0.00141
198246.206 0.00108 -0.00070 0.00035
198246.210 0.00084 0.00138 -0.00082
198246.214 0.00122 0.00026 -0.00129
198246.218 0.00012 0.00058 -0.00110
198246.222 0.00014 0.00035 -0.00136
198246.226 0.00119 -0.00044 -0.00143
198246.230 0.00133 0.00009 -0.00099
198246.234 0.00150 -0.00021 -0.00208
198246.238 0.00169 -0.00150 -0.00192
198246.242 0.00145 -0.00093 -0.00112
198246.246 0.00154 0.00072 -0.00091
198246.250 0.00216 0.00009 -0.00072
198246.254 0.00187 0.00023 0.00023
198246.258 0.00119 -0.00031 -0.00070
198246.262 0.00101 -0.00168 -0.00066
198246.266 0.00112 0.00005 -0.00155
198246.270 0.00099 -0.00037 -0.00162
198246.274 0.00173 -0.00017 -0.00120
198246.278 0.00115 -0.00028 -0.00108
198246.282 0.00161 -0.00031 -0.00091
198246.286 0.00127 -0.00031 -0.00101
198246.290 0.00164 -0.00017 -0.00119
198246.294 0.00204 0.00075 -0.00124
198246.298 0.00124 0.00040 -0.00049
198246.302 0.00103 0.00000 -0.00045
198246.306 0.00052 -0.00084 -0.00119
198246.310 0.00068 -0.00227 -0.00229
198246.314 0.00103 0.00066 -0.00061
198246.318 0.00052 0.00113 -0.00093
198246.322 0.00099 0.00005 -0.00086
198246.326 0.00171 -0.00023 -0.00145
198246.330 0.00161 -0.00059 -0.00010
198246.334 0.00141 -0.00204 -0.00110
198246.338 0.00093 -0.00017 -0.00091
198246.342 0.00049 -0.00073 -0.00072
198246.346 0.00068 -0.00012 -0.00155
198246.350 0.00133 0.00002 -0.00072
198246.354 0.00016 -0.00068 -0.00066
198246.358 0.00120 -0.00010 -0.00110
198246.362 0.00117 -0.00056 -0.00061
198246.366 -0.00063 -0.00084 0.00010
198246.370 0.00054 0.00058 -0.00059
198246.374 0.00161 -0.00009 0.00040
198246.378 0.00021 0.00017 0.00068
198246.382 0.00136 0.00010 0.00059
198246.386 0.00091 0.00082 0.00087
198246.390 0.00065 -0.00016 0.00096
198246.394 0.00087 -0.00014 0.00007
198246.398 0.00183 0.00047 -0.00059
198246.402 0.00134 0.00017 -0.00124
198246.406 0.00091 0.00115 0.00040
198246.410 0.00003 -0.00023 -0.00051
198246.414 -0.00063 -0.00030 -0.00150
198246.418 0.00038 -0.00002 -0.00131
198246.422 -0.00038 -0.00070 -0.00096
198246.426 -0.00059 -0.00012 -0.00117
198246.430 0.00086 0.00079 -0.00079
198246.434 0.00002 -0.00003 0.00051
198246.438 0.00026 0.00049 0.00026
198246.442 0.00152 0.00108 -0.00024
198246.446 0.00185 0.00003 0.00094
198246.450 0.00134 -0.00038 0.00066
198246.454 0.00195 -0.00093 0.00014
198246.458 0.00122 -0.00079 0.00000
198246.462 0.00176 0.00045 -0.00031
198246.466 0.00117 -0.00012 0.00017
198246.470 0.00026 -0.00072 -0.00133
198246.474 0.00047 -0.00012 -0.00157
198246.478 0.00023 -0.00056 -0.00073
198246.482 0.00002 -0.00054 -0.00112
198246.486 0.00010 0.00157 -0.00106
198246.490 0.00044 0.00002 -0.00091
198246.494 0.00052 -0.00009 -0.00040
198246.498 -0.00003 -0.00056 -0.00087
198246.502 -0.00051 -0.00129 -0.00220
198246.506 0.00012 -0.00133 -0.00180
198246.510 0.00073 0.00030 -0.00094
198246.514 0.00075 -0.00091 -0.00072
198246.518 0.00180 -0.00002 -0.00126
198246.522 0.00103 -0.00068 -0.00005
198246.526 0.00082 -0.00058 -0.00063
198246.530 0.00122 0.00019 -0.00110
198246.534 0.00133 0.00056 -0.00045
198246.539 0.00180 0.00110 -0.00119
198246.542 0.00058 0.00094 -0.00093
198246.546 -0.00033 0.00030 -0.00117
198246.550 0.00197 0.00178 -0.00197
198246.554 0.00197 0.00052 -0.00204
198246.558 0.00106 -0.00086 -0.00131
198246.562 0.00068 -0.00045 -0.00096
198246.566 0.00058 -0.00021 -0.00026
198246.570 0.00010 -0.00030 -0.00070
198246.574 0.00148 0.00028 -0.00096
198246.578 0.00169 0.00087 0.00047
198246.582 0.00236 0.00000 -0.00110
198246.586 0.00072 0.00126 -0.00061
198246.590 0.00075 0.00052 0.00072
198246.594 0.00030 0.00033 0.00075
198246.598 0.00138 0.00075 0.00091
198246.602 0.00047 0.00024 -0.00023
198246.606 0.00052 -0.00002 -0.00054
198246.610 0.00038 -0.00009 -0.00091
198246.614 0.00112 -0.00026 -0.00147
198246.618 0.00070 0.00000 -0.00086
198246.622 0.00014 0.00080 -0.00040
198246.626 0.00059 0.00101 -0.00042
198246.630 0.00070 0.00031 -0.00073
198246.634 0.00164 0.00000 -0.00021
198246.638 0.00084 0.00019 -0.00082
198246.642 0.00168 0.00101 0.00080
198246.646 0.00070 -0.00042 0.00003
198246.650 0.00103 -0.00110 -0.00061
198246.654 0.00143 0.00037 -0.00063
198246.658 0.00047 0.00059 -0.00017
198246.662 0.00202 0.00066 -0.00052
198246.666 0.00215 -0.00021 -0.00061
198246.670 0.00021 -0.00075 -0.00047
198246.674 0.00031 0.00030 -0.00075
198246.678 0.00094 0.00012 -0.00126
198246.682 0.00065 -0.00005 -0.00110
198246.686 0.00162 0.00079 -0.00106
198246.690 0.00159 -0.00002 -0.00120
198246.694 0.00112 -0.00054 -0.00063
198246.698 0.00099 0.00066 -0.00079
198246.702 0.00037 0.00082 -0.00068
198246.706 0.00169 0.00087 -0.00035
198246.710 0.00115 0.00044 -0.00040
198246.714 0.00099 0.00061 -0.00103
198246.718 0.00066 0.00187 -0.00105
198246.722 0.00119 0.00113 -0.00045
198246.726 0.00115 -0.00009 0.00000
198246.730 0.00162 0.00108 0.00012
198246.734 0.00127 0.00094 0.00075
198246.738 0.00058 -0.00014 -0.00042
198246.742 0.00117 -0.00012 -0.00103
198246.746 0.00070 -0.00087 -0.00105
198246.750 0.00134 -0.00061 -0.00134
198246.754 0.00136 0.00003 -0.00052
198246.758 0.00120 -0.00127 -0.00031
198246.762 0.00101 -0.00087 0.00049
198246.766 0.00082 -0.00016 -0.00049
198246.770 0.00136 -0.00133 0.00028
198246.774 0.00061 -0.00073 -0.00129
198246.778 0.00101 -0.00119 -0.00112
198246.782 0.00127 -0.00024 -0.00091
198246.786 0.00164 0.00044 -0.00206
198246.790 0.00098 0.00093 -0.00040
198246.794 0.00171 0.00014 -0.00087
198246.798 0.00131 -0.00035 -0.00099
198246.802 -0.00030 -0.00093 -0.00178
198246.806 0.00138 -0.00003 -0.00108
198246.810 0.00106 -0.00038 -0.00075
198246.814 0.00127 -0.00033 -0.00127
198246.818 0.00150 0.00010 -0.00216
198246.822 0.00124 -0.00110 -0.00164
198246.826 0.00103 0.00021 -0.00059
198246.830 0.00112 -0.00017 -0.00138
198246.834 0.00145 -0.00058 -0.00052
198246.838 0.00154 0.00094 -0.00016
198246.842 -0.00023 0.00120 -0.00051
198246.846 0.00094 0.00082 -0.00045
198246.850 0.00065 0.00056 -0.00089
198246.854 0.00028 -0.00054 -0.00131
198246.858 0.00047 0.00005 -0.00157
198246.862 0.00068 -0.00052 -0.00178
198246.866 0.00119 -0.00007 -0.00033
198246.870 0.00042 0.00063 -0.00115
198246.874 0.00080 -0.00052 -0.00122
198246.878 0.00045 0.00082 -0.00019
198246.882 0.00143 0.00101 -0.00007
198246.886 0.00002 0.00122 -0.00003
198246.891 0.00117 0.00082 -0.00017
198246.894 0.00236 0.00072 -0.00037
198246.898 0.00147 -0.00110 -0.00087
198246.902 0.00110 -0.00037 -0.00040
198246.906 -0.00051 -0.00063 -0.00028
198246.910 -0.00031 -0.00010 -0.00070
198246.914 0.00077 0.00079 -0.00094
198246.918 -0.00012 0.00101 -0.00058
198246.922 0.00051 0.00136 -0.00017
198246.926 0.00190 0.00056 -0.00082
198246.930 0.00075 -0.00070 -0.00084
198246.934 0.00089 0.00031 0.00035
198246.938 0.00033 -0.00059 0.00037
198246.942 0.00033 0.00079 0.00112
198246.946 0.00049 -0.00033 0.00040
198246.950 0.00052 0.00012 -0.00096
198246.954 0.00099 0.00023 -0.00087
198246.958 0.00171 -0.00002 -0.00099
198246.962 0.00145 -0.00054 -0.00103
198246.966 0.00169 0.00141 -0.00134
198246.970 0.00145 0.00072 0.00021
198246.974 0.00108 -0.00005 -0.00086
198246.978 0.00175 -0.00009 -0.00099
198246.982 0.00161 -0.00042 -0.00073
198246.986 0.00127 0.00054 -0.00126
198246.990 0.00209 0.00049 -0.00171
198246.994 0.00110 -0.00040 -0.00077
198246.998 0.00070 0.00040 -0.00066
198247.002 0.00103 -0.00058 -0.00124
198247.006 0.00052 0.00110 -0.00065
198247.010 0.00038 -0.00009 -0.00049
198247.014 0.00019 -0.00042 -0.00030
198247.018 0.00091 0.00009 -0.00086
198247.022 0.00049 0.00038 0.00049
198247.026 0.00098 0.00000 -0.00033
198247.030 0.00216 0.00230 -0.00086
198247.034 0.00037 -0.00023 -0.00129
198247.038 0.00094 -0.00030 -0.00112
198247.042 0.00201 -0.00031 -0.00045
198247.046 0.00199 -0.00002 -0.00014
198247.050 0.00106 0.00035 -0.00126
198247.054 0.00023 0.00000 -0.00096
198247.058 0.00031 0.00035 -0.00087
198247.062 0.00124 0.00089 -0.00175
198247.066 0.00208 -0.00016 -0.00063
198247.070 0.00155 0.00091 -0.00017
198247.074 0.00126 0.00150 -0.00023
198247.078 0.00089 0.00000 -0.00098
198247.082 0.00079 0.00051 -0.00133
198247.086 0.00091 0.00033 -0.00066
198247.090 0.00110 -0.00014 -0.00003
198247.094 0.00145 0.00061 -0.00108
198247.098 0.00047 0.00066 -0.00045
198247.102 0.00113 -0.00037 -0.00030
198247.106 0.00131 0.00010 -0.00040
198247.110 0.00150 -0.00112 -0.00103
198247.114 0.00094 0.00051 -0.00073
198247.118 0.00080 0.00155 -0.00082
198247.122 0.00136 0.00091 -0.00113
198247.126 0.00136 0.00030 -0.00002
198247.130 0.00045 -0.00045 -0.00017
198247.134 0.00023 0.00023 -0.00141
198247.138 0.00045 0.00010 -0.00204
198247.142 0.00037 -0.00035 -0.00161
198247.146 0.00080 0.00040 -0.00044
198247.150 0.00106 -0.00028 -0.00044
198247.154 0.00143 0.00042 -0.00028
198247.158 0.00122 -0.00042 -0.00145
198247.162 0.00087 -0.00019 -0.00054
198247.166 0.00213 0.00030 -0.00061
198247.170 0.00171 0.00012 -0.00047
198247.174 0.00040 -0.00019 -0.00059
198247.178 0.00096 0.00059 -0.00047
198247.182 0.00051 -0.00082 0.00044
198247.186 0.00143 -0.00016 0.00009
198247.190 0.00093 -0.00044 0.00000
198247.194 -0.00038 -0.00019 -0.00047
198247.198 0.00105 0.00030 -0.00089
198247.202 0.00068 0.00028 0.00003
198247.206 0.00119 0.00012 -0.00016
198247.210 0.00176 0.00068 -0.00037
198247.214 0.00086 0.00038 -0.00056
198247.218 0.00093 0.00045 -0.00122
198247.222 0.00019 0.00122 -0.00124
198247.226 -0.00028 0.00127 -0.00049
198247.230 0.00047 0.00084 -0.00030
198247.234 0.00038 0.00012 -0.00024
198247.239 0.00141 -0.00037 -0.00129
198247.242 0.00031 -0.00122 -0.00110
198247.246 0.00154 -0.00131 -0.00106
198247.250 0.00187 0.00031 -0.00105
198247.254 0.00134 -0.00030 -0.00134
198247.258 0.00182 0.00117 -0.00173
198247.262 0.00162 0.00021 -0.00152
198247.266 0.00068 -0.00003 -0.00058
198247.270 0.00058 0.00080 -0.00047
198247.274 0.00161 -0.00138 -0.00134
198247.278 0.00218 0.00014 -0.00143
198247.282 0.00052 0.00084 -0.00084
198247.286 0.00023 -0.00002 -0.00084
198247.290 0.00077 0.00065 -0.00099
198247.294 0.00091 -0.00112 -0.00119
198247.298 0.00124 -0.00009 -0.00079
198247.302 0.00133 -0.00024 -0.00113
198247.306 0.00075 -0.00105 -0.00152
198247.310 0.00209 -0.00052 -0.00087
198247.314 0.00201 -0.00052 -0.00054
198247.318 0.00258 0.00037 -0.00106
198247.322 0.00168 0.00030 -0.00030
198247.326 0.00113 0.00119 -0.00024
198247.330 0.00147 0.00082 -0.00068
198247.334 0.00063 0.00026 -0.00035
198247.338 0.00101 -0.00002 0.00033
198247.342 0.00112 -0.00009 -0.00113
198247.346 0.00086 -0.00042 -0.00077
198247.350 0.00197 -0.00019 -0.00112
198247.354 0.00154 0.00000 -0.00047
198247.358 0.00019 0.00035 0.00014
198247.362 0.00075 0.00014 0.00016
198247.366 0.00075 -0.00019 -0.00012
198247.370 0.00105 0.00000 -0.00110
198247.374 0.00143 0.00065 -0.00120
198247.378 0.00138 0.00098 -0.00033
198247.382 0.00182 0.00002 -0.00056
198247.386 0.00208 -0.00054 -0.00106
198247.390 0.00169 0.00066 -0.00045
198247.394 0.00295 0.00023 -0.00119
198247.398 -0.00002 -0.00138 -0.00213
198247.402 -0.00049 0.00028 -0.00148
198247.406 0.00192 -0.00030 -0.00117
198247.410 0.00075 -0.00152 -0.00031
198247.414 0.00150 0.00024 0.00049
198247.418 -0.00054 -0.00093 -0.00019
198247.422 0.00026 0.00026 -0.00037
198247.426 0.00093 -0.00002 -0.00042
198247.430 0.00035 -0.00054 -0.00073
198247.434 0.00140 0.00066 -0.00021
198247.438 0.00197 0.00007 -0.00082
198247.442 0.00093 0.00023 0.00005
198247.446 0.00080 -0.00047 -0.00030
198247.450 0.00075 -0.00141 0.00003
198247.454 0.00059 0.00058 -0.00091
198247.458 0.00087 0.00066 -0.00101
198247.462 -0.00026 0.00202 -0.00073
198247.466 0.00138 0.00103 -0.00021
198247.470 0.00061 0.00093 -0.00082
198247.474 0.00087 0.00075 -0.00068
198247.478 0.00138 -0.00124 -0.00051
198247.482 0.00122 -0.00010 0.00059
198247.486 0.00103 -0.00010 -0.00002
198247.490 0.00066 -0.00147 -0.00077
198247.494 0.00012 -0.00047 -0.00082
198247.498 0.00073 -0.00021 0.00005
198247.502 0.00014 0.00044 0.00073
198247.506 0.00089 0.00152 -0.00042
198247.510 0.00140 0.00091 -0.00089
198247.514 0.00016 0.00164 0.00003
198247.518 0.00091 -0.00040 -0.00031
198247.522 0.00049 0.00054 -0.00131
198247.526 0.00098 0.00019 -0.00141
198247.530 0.00021 -0.00049 -0.00113
198247.534 0.00091 0.00098 -0.00106
198247.538 0.00079 0.00045 -0.00134
198247.542 0.00045 0.00047 -0.00173
198247.546 0.00068 0.00047 -0.00017
198247.550 0.00028 0.00033 -0.00096
198247.554 0.00047 0.00134 -0.00042
198247.558 0.00143 -0.00003 -0.00133
198247.562 0.00033 -0.00054 -0.00127
198247.566 0.00079 -0.00007 -0.00051
198247.570 0.00120 -0.00087 -0.00045
198247.574 0.00162 0.00058 0.00000
198247.578 0.00248 0.00005 -0.00016
198247.582 0.00120 -0.00052 -0.00051
198247.586 0.00117 -0.00023 -0.00045
198247.591 0.00056 0.00014 -0.00028
198247.593 0.00040 0.00009 -0.00145
198247.598 0.00171 0.00023 -0.00070
198247.602 0.00099 -0.00079 0.00054
198247.606 0.00037 0.00105 0.00042
198247.610 0.00035 -0.00101 -0.00157
198247.614 -0.00040 -0.00035 -0.00133
198247.618 0.00150 -0.00122 -0.00052
198247.622 0.00155 -0.00056 0.00044
198247.626 0.00112 0.00037 0.00068
198247.630 0.00145 0.00059 0.00014
198247.634 0.00124 0.00051 -0.00042
198247.638 0.00178 0.00033 -0.00059
198247.642 0.00222 0.00014 -0.00031
198247.646 0.00218 0.00024 -0.00010
198247.650 0.00157 -0.00017 -0.00065
198247.654 0.00066 0.00045 -0.00019
198247.658 0.00119 0.00002 -0.00023
198247.662 0.00117 0.00021 0.00080
198247.666 0.00147 0.00026 -0.00024
198247.670 0.00140 0.00012 -0.00084
198247.674 0.00168 0.00159 0.00005
198247.678 0.00098 0.00016 -0.00030
198247.682 0.00112 0.00145 -0.00010
198247.686 -0.00019 0.00073 -0.00035
198247.690 0.00080 0.00040 -0.00072
198247.694 0.00122 0.00016 -0.00141
198247.698 0.00192 -0.00124 -0.00175
198247.702 0.00195 -0.00056 -0.00154
198247.706 0.00091 -0.00068 -0.00117
198247.710 0.00110 0.00047 -0.00063
198247.714 0.00188 0.00124 -0.00079
198247.718 0.00091 0.00066 -0.00037
198247.722 0.00124 0.00068 -0.00117
198247.726 0.00073 -0.00051 -0.00108
198247.730 0.00120 -0.00127 -0.00120
198247.734 0.00101 0.00047 -0.00063
198247.738 0.00112 0.00093 -0.00079
198247.742 0.00024 0.00000 -0.00023
198247.746 0.00031 -0.00054 -0.00007
198247.750 -0.00010 -0.00052 -0.00079
198247.754 0.00037 -0.00112 -0.00143
198247.758 0.00065 -0.00068 -0.00040
198247.762 0.00208 -0.00056 0.00016
198247.766 0.00080 -0.00023 -0.00087
198247.770 0.00000 0.00014 -0.00040
198247.774 0.00161 0.00054 -0.00117
198247.778 0.00173 -0.00038 -0.00197
198247.782 0.00251 -0.00065 -0.00145
198247.786 0.00211 0.00033 -0.00024
198247.790 0.00141 -0.00014 -0.00023
198247.794 0.00213 -0.00028 -0.00038
198247.798 0.00112 0.00073 0.00002
198247.802 0.00054 0.00084 -0.00016
198247.806 -0.00003 0.00028 -0.00066
198247.810 0.00084 0.00042 -0.00140
198247.814 0.00047 0.00000 -0.00099
198247.818 0.00082 -0.00023 -0.00103
198247.822 0.00061 -0.00059 -0.00073
198247.826 0.00087 -0.00099 -0.00112
198247.830 0.00047 -0.00065 -0.00136
198247.834 0.00082 -0.00010 -0.00098
198247.838 0.00122 -0.00117 -0.00012
198247.842 0.00208 -0.00054 -0.00141
198247.846 0.00124 0.00037 -0.00159
198247.850 0.00164 0.00044 -0.00164
198247.854 0.00202 -0.00012 -0.00030
198247.858 0.00079 -0.00012 -0.00086
198247.862 0.00091 0.00002 -0.00084
198247.866 0.00079 0.00035 -0.00054
198247.870 0.00061 0.00045 -0.00122
198247.874 0.00042 0.00079 -0.00017
198247.878 0.00126 0.00101 0.00021
198247.882 0.00148 0.00077 -0.00026
198247.886 0.00094 0.00040 -0.00099
198247.890 0.00035 -0.00089 -0.00044
198247.894 0.00049 -0.00017 -0.00014
198247.898 0.00159 -0.00058 -0.00110
198247.902 0.00080 -0.00113 -0.00091
198247.906 0.00152 -0.00129 -0.00147
198247.910 0.00065 -0.00012 -0.00145
198247.914 0.00194 0.00017 -0.00024
198247.918 0.00136 0.00086 0.00005
198247.922 0.00077 0.00042 -0.00045
198247.926 0.00105 0.00061 -0.00044
198247.930 0.00159 0.00157 -0.00134
198247.934 0.00173 0.00002 -0.00098
198247.939 0.00115 -0.00068 -0.00058
198247.942 0.00070 -0.00072 -0.00061
198247.946 0.00044 0.00031 -0.00154
198247.950 -0.00007 -0.00016 -0.00087
198247.954 0.00084 0.00031 -0.00070
198247.958 0.00063 -0.00061 -0.00065
198247.962 0.00192 0.00035 -0.00003
198247.966 0.00150 0.00000 -0.00124
198247.970 0.00049 0.00051 -0.00154
198247.974 0.00038 0.00003 -0.00103
198247.978 -0.00052 -0.00038 -0.00105
198247.982 0.00040 0.00010 -0.00014
198247.986 0.00112 0.00038 -0.00035
198247.990 0.00070 -0.00014 -0.00056
198247.994 0.00119 0.00031 -0.00047
198247.998 0.00087 0.00089 -0.00119
198248.002 0.00063 0.00000 -0.00079
198248.006 -0.00017 -0.00068 -0.00157
198248.010 0.00171 0.00106 -0.00103
198248.014 0.00040 0.00049 -0.00119
198248.018 0.00066 0.00033 -0.00108
198248.022 0.00028 0.00044 -0.00166
198248.026 0.00017 -0.00058 -0.00030
198248.030 0.00059 -0.00038 -0.00070
198248.034 0.00042 0.00010 -0.00201
198248.038 0.00096 -0.00021 -0.00129
198248.042 0.00066 0.00000 -0.00051
198248.046 0.00117 0.00065 -0.00195
198248.050 0.00056 -0.00082 -0.00023
198248.054 0.00086 -0.00016 -0.00009
198248.058 0.00002 -0.00028 -0.00140
198248.062 0.00176 -0.00061 -0.00204
198248.066 0.00117 -0.00009 -0.00175
198248.070 0.00131 -0.00072 -0.00079
198248.074 0.00075 -0.00012 -0.00098
198248.078 0.00075 0.00031 -0.00117
198248.082 0.00150 -0.00059 -0.00093
198248.086 0.00201 -0.00084 -0.00072
198248.090 0.00108 -0.00106 -0.00112
198248.094 0.00068 -0.00082 -0.00045
198248.098 0.00133 -0.00014 -0.00119
198248.102 0.00225 -0.00058 -0.00124
198248.106 0.00265 -0.00009 -0.00154
198248.110 0.00124 0.00079 -0.00194
198248.114 0.00073 0.00131 -0.00112
198248.118 0.00030 0.00040 -0.00077
198248.122 0.00108 0.00091 -0.00007
198248.126 0.00113 -0.00014 -0.00079
198248.130 0.00086 0.00000 -0.00098
198248.134 0.00063 -0.00113 -0.00119
198248.138 0.00056 0.00035 -0.00108
198248.142 0.00056 0.00045 -0.00105
198248.146 -0.00003 0.00152 -0.00059
198248.150 0.00038 0.00105 -0.00002
198248.154 0.00096 0.00108 -0.00079
198248.158 0.00110 0.00003 -0.00127
198248.162 0.00054 -0.00052 -0.00096
198248.166 0.00040 -0.00052 -0.00072
198248.170 0.00035 -0.00052 -0.00051
198248.174 0.00110 -0.00127 -0.00091
198248.178 0.00099 0.00031 -0.00161
198248.182 0.00187 -0.00030 -0.00075
198248.186 0.00164 0.00073 -0.00096
198248.190 0.00113 0.00099 -0.00026
198248.194 0.00206 0.00031 -0.00099
198248.198 0.00215 0.00014 -0.00044
198248.202 0.00248 -0.00035 -0.00134
198248.206 0.00089 0.00010 -0.00082
198248.210 0.00049 0.00038 -0.00218
198248.214 0.00052 -0.00119 -0.00209
198248.218 0.00038 0.00033 -0.00058
198248.222 0.00187 0.00044 0.00026
198248.226 0.00073 0.00031 -0.00099
198248.230 0.00120 0.00014 -0.00089
198248.234 0.00087 -0.00019 -0.00099
198248.238 0.00108 -0.00059 -0.00014
198248.242 0.00143 0.00080 0.00009
198248.246 0.00138 0.00026 -0.00045
198248.250 0.00197 -0.00016 -0.00134
198248.254 0.00182 -0.00058 -0.00098
198248.258 0.00073 -0.00068 -0.00042
198248.262 0.00089 -0.00058 -0.00148
198248.266 0.00049 0.00035 -0.00086
198248.270 0.00098 0.00014 -0.00038
198248.274 0.00126 -0.00065 -0.00073
198248.278 0.00119 0.00003 -0.00021
198248.282 0.00072 0.00035 -0.00157
198248.286 0.00089 0.00016 -0.00148
198248.291 0.00215 -0.00019 -0.00056
198248.294 0.00096 -0.00105 -0.00091
198248.298 0.00035 -0.00066 -0.00072
198248.302 0.00110 0.00047 0.00023
198248.306 0.00188 0.00017 -0.00040
198248.310 0.00195 -0.00079 -0.00103
198248.314 0.00136 0.00073 -0.00089
198248.318 0.00211 0.00040 -0.00024
198248.322 0.00126 -0.00073 -0.00009
198248.326 0.00087 0.00045 -0.00124
198248.330 0.00108 -0.00056 -0.00124
198248.334 0.00084 0.00066 -0.00005
198248.338 0.00108 0.00023 -0.00094
198248.342 -0.00035 -0.00017 -0.00026
198248.346 -0.00044 0.00016 0.00065
198248.350 0.00059 -0.00035 -0.00014
198248.354 0.00072 -0.00017 0.00023
198248.358 0.00059 0.00016 -0.00026
198248.362 0.00131 -0.00019 0.00005
198248.366 0.00164 0.00045 -0.00061
198248.370 0.00084 0.00122 -0.00017
198248.374 0.00152 0.00098 -0.00082
198248.378 0.00065 -0.00012 -0.00113
198248.382 -0.00002 0.00077 -0.00002
198248.386 0.00086 -0.00017 -0.00017
198248.390 -0.00010 0.00000 0.00098
198248.394 0.00127 0.00080 -0.00051
198248.398 0.00105 0.00087 -0.00061
198248.402 0.00068 0.00028 -0.00108
198248.406 0.00058 0.00073 -0.00030
198248.410 0.00056 -0.00003 -0.00070
198248.414 0.00131 -0.00024 -0.00051
198248.418 0.00180 0.00089 -0.00016
198248.422 0.00087 0.00180 -0.00066
198248.426 0.00079 0.00082 -0.00065
198248.430 0.00000 0.00058 -0.00079
198248.434 0.00086 -0.00054 -0.00098
198248.438 0.00063 -0.00007 -0.00103
198248.442 -0.00002 -0.00086 -0.00044
198248.446 -0.00035 0.00072 -0.00014
198248.450 0.00136 0.00099 -0.00096
198248.454 0.00106 0.00091 0.00017
198248.458 0.00023 -0.00089 -0.00103
198248.462 0.00061 -0.00017 -0.00059
198248.466 0.00147 -0.00014 -0.00047
198248.470 0.00185 0.00077 0.00000
198248.474 0.00133 0.00056 -0.00061
198248.478 0.00091 0.00019 -0.00079
198248.482 0.00154 -0.00093 -0.00143
198248.486 0.00126 -0.00003 -0.00038
198248.490 0.00089 -0.00086 -0.00058
198248.494 0.00108 -0.00030 -0.00093
198248.498 0.00175 -0.00002 -0.00086
198248.502 0.00206 -0.00084 -0.00086
198248.506 0.00185 -0.00077 -0.00145
198248.510 0.00119 0.00030 -0.00129
198248.514 0.00147 -0.00030 -0.00096
198248.518 0.00140 0.00133 -0.00026
198248.522 0.00122 -0.00003 -0.00009
198248.526 0.00133 0.00065 0.00024
198248.530 0.00059 0.00143 0.00033
198248.534 0.00010 -0.00016 -0.00054
198248.538 0.00000 0.00106 -0.00045
198248.542 0.00040 0.00061 -0.00075
198248.546 0.00096 0.00037 -0.00005
198248.550 0.00096 -0.00028 -0.00094
198248.554 0.00110 0.00028 -0.00042
198248.558 0.00145 -0.00002 -0.00058
198248.562 0.00124 0.00003 -0.00168
198248.566 0.00147 -0.00037 -0.00120
198248.570 0.00124 0.00086 -0.00003
198248.574 0.00148 0.00042 -0.00033
198248.578 0.00199 -0.00042 -0.00131
198248.582 0.00197 0.00129 -0.00005
198248.586 0.00106 0.00099 -0.00019
198248.590 0.00068 0.00168 -0.00082
198248.594 0.00012 0.00169 0.00021
198248.598 0.00073 0.00094 -0.00010
198248.602 0.00120 -0.00030 -0.00065
198248.606 0.00026 -0.00106 -0.00199
198248.610 0.00227 -0.00051 -0.00070
198248.614 0.00220 -0.00052 -0.00110
198248.618 0.00159 0.00007 -0.00197
198248.622 0.00232 0.00023 -0.00173
198248.626 0.00206 -0.00031 -0.00168
198248.630 0.00110 -0.00063 -0.00091
198248.634 0.00264 -0.00009 -0.00040
198248.639 0.00244 0.00017 -0.00042
198248.642 0.00180 -0.00017 -0.00148
198248.646 0.00147 0.00030 -0.00086
198248.650 0.00185 0.00103 -0.00099
198248.654 0.00089 0.00063 -0.00058
198248.658 0.00049 0.00066 -0.00061
198248.662 0.00068 0.00127 -0.00169
198248.666 0.00044 -0.00051 -0.00077
198248.670 0.00021 0.00037 -0.00112
198248.674 0.00061 0.00030 -0.00061
198248.678 0.00010 0.00103 0.00026
198248.682 0.00014 0.00063 -0.00070
198248.686 0.00044 0.00157 -0.00005
198248.690 0.00082 0.00002 -0.00063
198248.694 0.00061 -0.00023 -0.00063
198248.698 0.00176 0.00089 -0.00033
198248.702 0.00147 -0.00075 -0.00026
198248.706 0.00063 0.00030 0.00005
198248.710 0.00192 0.00000 -0.00075
198248.714 0.00150 -0.00009 -0.00112
198248.718 0.00126 0.00079 -0.00016
198248.722 0.00103 0.00115 0.00052
198248.726 0.00052 0.00066 0.00010
198248.730 0.00084 0.00052 0.00000
198248.734 0.00093 0.00094 -0.00077
198248.738 0.00110 0.00014 -0.00023
198248.742 0.00084 0.00024 -0.00113
198248.746 0.00168 0.00012 0.00012
198248.750 0.00204 -0.00005 -0.00058
198248.754 0.00124 0.00063 -0.00093
198248.758 0.00087 0.00052 -0.00072
198248.762 0.00093 0.00019 -0.00080
198248.766 0.00126 0.00086 -0.00159
198248.770 0.00073 -0.00106 -0.00194
198248.774 0.00089 -0.00007 0.00005
198248.778 0.00049 0.00063 0.00044
198248.782 0.00023 -0.00066 0.00068
198248.786 0.00047 -0.00056 0.00045
198248.790 0.00113 -0.00009 -0.00051
198248.794 0.00070 0.00077 0.00014
198248.798 0.00073 0.00040 -0.00028
198248.802 0.00105 0.00077 -0.00054
198248.806 0.00143 0.00086 -0.00106
198248.810 0.00077 0.00058 -0.00075
198248.814 0.00091 0.00066 -0.00007
198248.818 0.00154 0.00068 -0.00079
198248.822 0.00246 -0.00021 -0.00007
198248.826 0.00134 0.00000 -0.00019
198248.830 0.00195 -0.00099 -0.00127
198248.834 0.00166 -0.00019 -0.00005
198248.838 0.00084 0.00045 -0.00033
198248.842 0.00077 0.00061 -0.00056
198248.846 0.00120 0.00021 -0.00061
198248.850 0.00072 0.00010 -0.00108
198248.854 0.00134 -0.00021 -0.00045
198248.858 0.00120 0.00000 -0.00030
198248.862 0.00133 0.00035 -0.00070
198248.866 0.00075 -0.00105 -0.00065
198248.870 0.00030 0.00023 -0.00035
198248.874 0.00017 -0.00047 -0.00101
198248.878 0.00105 -0.00037 -0.00058
198248.882 0.00052 -0.00077 -0.00093
198248.886 0.00070 -0.00089 -0.00026
198248.890 0.00103 0.00026 -0.00023
198248.894 0.00098 0.00148 -0.00068
198248.898 0.00035 -0.00030 -0.00065
198248.902 0.00049 0.00042 0.00040
198248.906 0.00175 0.00106 0.00023
198248.910 0.00147 0.00183 -0.00056
198248.914 0.00183 0.00084 -0.00031
198248.918 0.00164 0.00012 0.00079
198248.922 0.00084 0.00038 0.00033
198248.926 0.00106 0.00016 -0.00068
198248.930 0.00068 0.00084 -0.00035
198248.934 0.00087 0.00042 -0.00072
198248.938 0.00108 0.00152 -0.00005
198248.942 0.00054 0.00120 -0.00065
198248.946 0.00009 0.00141 0.00054
198248.950 0.00087 -0.00002 -0.00031
198248.954 0.00108 -0.00054 0.00017
198248.958 0.00099 0.00005 -0.00012
198248.962 0.00096 -0.00051 -0.00005
198248.966 0.00110 -0.00052 -0.00065
198248.970 0.00084 -0.00082 -0.00079
198248.974 0.00122 -0.00105 -0.00098
198248.978 0.00058 -0.00066 -0.00012
198248.982 0.00024 0.00033 -0.00110
198248.986 0.00002 0.00073 -0.00091
198248.991 0.00026 0.00040 -0.00056
198248.993 0.00197 0.00106 -0.00031
198248.998 0.00106 0.00063 -0.00026
198249.002 0.00188 -0.00052 -0.00009
198249.006 0.00225 0.00096 0.00040
198249.010 0.00175 0.00000 -0.00037
198249.014 0.00115 -0.00129 0.00002
198249.018 0.00115 -0.00087 -0.00045
198249.022 0.00131 -0.00047 -0.00120
198249.026 0.00150 0.00023 -0.00183
198249.030 0.00094 -0.00017 -0.00171
198249.034 0.00019 0.00016 -0.00166
198249.038 0.00091 -0.00003 -0.00061
198249.042 0.00019 0.00003 0.00026
198249.046 0.00091 0.00096 -0.00099
198249.050 0.00033 0.00075 -0.00058
198249.054 0.00169 0.00070 -0.00047
198249.058 0.00115 -0.00065 -0.00164
198249.062 0.00131 -0.00086 -0.00106
198249.066 0.00089 0.00042 -0.00014
198249.070 0.00049 0.00047 -0.00155
198249.074 0.00007 0.00077 -0.00164
198249.078 0.00072 0.00040 -0.00120
198249.082 0.00120 0.00000 -0.00049
198249.086 0.00176 0.00005 -0.00059
198249.090 0.00117 -0.00037 -0.00077
198249.094 0.00072 -0.00033 -0.00068
198249.098 0.00059 -0.00138 -0.00080
198249.102 0.00131 -0.00014 0.00005
198249.106 0.00134 -0.00073 -0.00134
198249.110 0.00150 0.00016 -0.00143
198249.114 0.00080 0.00054 -0.00054
198249.118 0.00106 -0.00009 -0.00077
198249.122 0.00129 -0.00010 -0.00066
198249.126 0.00119 0.00002 -0.00065
198249.130 0.00176 0.00126 -0.00019
198249.134 0.00087 -0.00005 -0.00037
198249.138 0.00033 -0.00010 0.00002
198249.142 0.00110 -0.00101 -0.00016
198249.146 0.00084 -0.00035 -0.00112
198249.150 0.00093 -0.00033 -0.00152
198249.154 0.00110 -0.00063 -0.00162
198249.158 0.00068 0.00003 -0.00134
198249.162 0.00089 0.00141 -0.00113
198249.166 0.00108 0.00042 -0.00031
198249.170 0.00038 -0.00042 -0.00086
198249.174 0.00096 -0.00080 -0.00040
198249.178 0.00110 -0.00044 -0.00087
198249.182 0.00099 -0.00021 -0.00129
198249.186 0.00066 0.00014 -0.00157
198249.190 0.00178 0.00115 -0.00148
198249.194 0.00087 -0.00009 -0.00190
198249.198 0.00063 0.00017 -0.00127
198249.202 -0.00002 -0.00079 -0.00051
198249.206 0.00009 -0.00014 -0.00030
198249.210 -0.00091 -0.00012 -0.00070
198249.214 -0.00042 0.00047 -0.00021
198249.218 0.00030 0.00093 0.00007
198249.222 0.00124 0.00089 -0.00091
198249.226 0.00162 0.00194 -0.00101
198249.230 0.00098 -0.00093 -0.00180
198249.234 0.00112 -0.00063 -0.00049
198249.238 0.00084 0.00093 -0.00030
198249.242 0.00093 0.00075 -0.00010
198249.246 0.00094 0.00070 -0.00049
198249.250 0.00155 0.00054 -0.00091
198249.254 0.00171 0.00035 -0.00115
198249.258 0.00070 0.00030 -0.00047
198249.262 0.00089 0.00073 0.00089
198249.266 0.00108 0.00024 0.00051
198249.270 0.00099 0.00133 0.00010
198249.274 0.00171 0.00054 -0.00059
198249.278 0.00145 0.00065 0.00131
198249.282 0.00229 0.00068 0.00031
198249.286 0.00040 0.00023 -0.00084
198249.290 0.00021 -0.00063 -0.00113
198249.294 0.00152 0.00124 -0.00136
198249.298 0.00110 0.00038 -0.00143
198249.302 0.00250 0.00150 -0.00038
198249.306 0.00241 0.00014 -0.00103
198249.310 0.00269 -0.00049 -0.00073
198249.314 0.00187 -0.00037 -0.00112
198249.318 0.00089 0.00010 -0.00002
198249.322 0.00108 -0.00021 -0.00047
198249.326 0.00054 -0.00014 -0.00119
198249.330 0.00190 0.00077 -0.00138
198249.334 0.00134 0.00010 -0.00173
198249.339 0.00166 -0.00037 -0.00093
198249.342 0.00084 0.00040 -0.00026
198249.346 0.00077 -0.00028 -0.00084
198249.350 0.00106 0.00042 -0.00024
198249.354 0.00052 -0.00042 -0.00052
198249.358 0.00084 0.00024 -0.00091
198249.362 0.00077 0.00103 0.00017
198249.366 0.00120 0.00091 -0.00042
198249.370 0.00072 0.00089 -0.00044
198249.374 0.00089 0.00148 -0.00089
198249.378 0.00033 0.00073 0.00019
198249.382 0.00169 0.00086 0.00017
198249.386 0.00220 -0.00016 0.00016
198249.390 0.00188 -0.00042 -0.00012
198249.394 0.00225 -0.00035 0.00023
198249.398 0.00145 0.00010 -0.00040
198249.402 0.00124 0.00204 0.00002
198249.406 0.00087 0.00028 -0.00047
198249.410 0.00124 0.00103 -0.00014
198249.414 0.00178 0.00152 0.00084
198249.418 0.00133 0.00120 0.00049
198249.422 0.00166 0.00141 -0.00019
198249.426 0.00250 0.00028 -0.00052
198249.430 0.00136 -0.00002 -0.00045
198249.434 0.00120 -0.00038 -0.00075
198249.438 0.00101 0.00070 -0.00037
198249.442 0.00098 -0.00035 -0.00101
198249.446 0.00201 -0.00033 -0.00030
198249.450 0.00154 0.00131 0.00003
198249.454 0.00126 0.00131 -0.00016
198249.458 0.00089 -0.00003 -0.00080
198249.462 0.00140 -0.00040 -0.00009
198249.466 0.00166 0.00040 -0.00033
198249.470 0.00145 0.00075 -0.00087
198249.474 0.00079 0.00070 -0.00084
198249.478 0.00045 -0.00049 -0.00024
198249.482 0.00143 -0.00007 -0.00009
198249.486 0.00093 0.00049 0.00054
198249.490 0.00065 -0.00010 -0.00047
198249.494 0.00073 0.00077 -0.00195
198249.498 0.00014 -0.00019 -0.00052
198249.502 0.00059 0.00016 0.00073
198249.506 0.00040 -0.00019 0.00077
198249.510 0.00080 0.00000 -0.00026
198249.514 0.00106 -0.00068 -0.00159
198249.518 0.00218 -0.00026 -0.00028
198249.522 0.00157 0.00073 -0.00070
198249.526 0.00096 0.00099 0.00024
198249.530 0.00216 0.00016 -0.00101
198249.534 0.00127 0.00024 -0.00089
198249.538 0.00000 -0.00047 -0.00070
198249.542 0.00145 0.00023 -0.00096
198249.546 0.00138 -0.00077 -0.00103
198249.550 0.00061 -0.00014 -0.00014
198249.554 0.00072 0.00077 -0.00051
198249.558 0.00105 0.00026 -0.00075
198249.562 0.00023 0.00117 0.00007
198249.566 0.00106 -0.00068 -0.00016
198249.570 0.00143 0.00047 -0.00005
198249.574 0.00122 -0.00026 -0.00079
198249.578 0.00192 -0.00045 -0.00038
198249.582 0.00091 -0.00037 -0.00103
198249.586 0.00079 -0.00077 -0.00073
198249.590 0.00106 0.00044 -0.00126
198249.594 0.00113 -0.00056 -0.00051
198249.598 0.00190 0.00019 -0.00016
198249.602 0.00105 0.00026 -0.00096
198249.606 0.00188 0.00026 -0.00147
198249.610 0.00180 0.00028 -0.00101
198249.614 0.00133 -0.00016 -0.00073
198249.618 0.00166 0.00045 -0.00037
198249.622 0.00218 0.00002 -0.00087
198249.626 0.00112 0.00007 -0.00145
198249.630 0.00024 0.00021 -0.00070
198249.634 0.00122 -0.00002 -0.00065
198249.638 0.00192 0.00065 -0.00019
198249.642 0.00045 0.00082 -0.00112
198249.646 0.00037 0.00072 -0.00031
198249.650 0.00035 0.00024 -0.00024
198249.654 0.00110 -0.00002 -0.00099
198249.658 0.00099 0.00003 -0.00058
198249.662 0.00171 -0.00007 -0.00108
198249.666 0.00086 0.00033 -0.00014
198249.670 0.00063 0.00000 -0.00080
198249.674 0.00026 -0.00068 -0.00054
198249.678 0.00017 0.00047 0.00028
198249.682 0.00075 0.00033 -0.00099
198249.686 0.00075 -0.00030 -0.00119
198249.691 0.00075 -0.00077 -0.00124
198249.694 0.00045 -0.00044 -0.00124
198249.698 -0.00021 0.00009 -0.00155
198249.702 0.00110 0.00098 -0.00194
198249.706 0.00099 0.00000 -0.00127
198249.710 0.00126 0.00005 -0.00051
198249.714 0.00119 0.00066 0.00014
198249.718 0.00208 -0.00096 0.00000
198249.722 0.00124 -0.00019 -0.00031
198249.726 0.00028 0.00030 0.00063
198249.730 0.00077 -0.00091 -0.00045
198249.734 0.00106 -0.00033 -0.00044
198249.738 0.00084 -0.00017 -0.00073
198249.742 0.00077 0.00120 -0.00052
198249.746 0.00166 0.00141 0.00058
198249.750 0.00054 -0.00002 -0.00016
198249.754 0.00159 0.00065 0.00023
198249.758 0.00202 0.00007 -0.00010
198249.762 0.00124 -0.00007 0.00009
198249.766 0.00103 0.00017 0.00014
198249.770 0.00112 -0.00079 -0.00012
198249.774 0.00010 0.00030 0.00054
198249.778 0.00044 0.00148 -0.00047
198249.782 0.00037 0.00014 -0.00166
198249.786 -0.00038 0.00054 -0.00166
198249.790 0.00014 -0.00024 -0.00120
198249.794 0.00134 -0.00075 -0.00093
198249.798 0.00045 0.00061 -0.00056
198249.802 0.00157 0.00066 -0.00061
198249.806 0.00037 -0.00005 -0.00033
198249.810 0.00110 -0.00024 0.00049
198249.814 0.00129 0.00044 -0.00049
198249.818 0.00044 -0.00042 -0.00030
198249.822 0.00037 0.00038 -0.00099
198249.826 0.00126 -0.00014 -0.00089
198249.830 0.00089 0.00047 -0.00054
198249.834 0.00183 -0.00056 0.00012
198249.838 0.00148 -0.00038 0.00016
198249.842 0.00065 -0.00019 -0.00087
198249.846 0.00103 0.00045 -0.00086
198249.850 0.00112 0.00138 -0.00175
198249.854 0.00161 -0.00033 -0.00183
198249.858 0.00098 -0.00017 -0.00080
198249.862 0.00096 0.00045 0.00021
198249.866 0.00155 -0.00087 -0.00072
198249.870 0.00216 0.00028 -0.00112
198249.874 0.00157 -0.00091 -0.00152
198249.878 0.00112 0.00131 0.00002
198249.882 0.00040 0.00054 0.00058
198249.886 0.00080 0.00065 -0.00106
198249.890 0.00227 0.00127 -0.00241
198249.894 0.00206 -0.00005 -0.00126
198249.898 0.00140 0.00003 -0.00049
198249.902 0.00168 0.00051 -0.00016
198249.906 0.00175 0.00108 0.00038
198249.910 0.00101 0.00185 0.00007
198249.914 0.00082 0.00038 -0.00120
198249.918 -0.00012 0.00059 -0.00094
198249.922 -0.00021 -0.00037 -0.00086
198249.926 0.00003 -0.00079 -0.00070
198249.930 0.00117 -0.00059 -0.00080
198249.934 0.00131 -0.00038 -0.00038
198249.938 0.00089 -0.00003 -0.00012
198249.942 0.00079 -0.00054 -0.00080
198249.946 0.00120 -0.00038 -0.00068
198249.950 0.00162 -0.00079 -0.00080
198249.954 0.00173 -0.00059 -0.00038
198249.958 0.00176 0.00019 -0.00026
198249.962 0.00086 0.00070 -0.00115
198249.966 0.00049 0.00054 -0.00031
198249.970 0.00038 -0.00009 -0.00161
198249.974 0.00066 0.00033 -0.00150
198249.978 -0.00016 -0.00014 -0.00010
198249.982 0.00080 -0.00058 -0.00005
198249.986 0.00077 0.00065 -0.00033
198249.990 0.00120 0.00127 -0.00072
198249.994 0.00147 0.00084 -0.00080
198249.998 0.00079 0.00058 -0.00009
198250.002 0.00091 0.00019 -0.00033
198250.006 0.00155 0.00056 -0.00072
198250.010 0.00187 0.00019 -0.00021
198250.014 0.00089 0.00010 -0.00112
198250.018 0.00094 -0.00035 -0.00091
198250.022 0.00080 -0.00017 -0.00010
198250.026 0.00091 -0.00058 -0.00065
198250.030 0.00155 -0.00038 -0.00033
198250.034 0.00155 -0.00033 -0.00115
198250.039 0.00157 -0.00047 -0.00093
198250.042 0.00080 -0.00051 -0.00176
198250.046 0.00091 -0.00021 -0.00290
198250.050 0.00049 -0.00059 -0.00213
198250.054 0.00129 -0.00070 -0.00103
198250.058 0.00073 -0.00026 -0.00119
198250.062 0.00059 0.00000 0.00010
198250.066 0.00040 0.00080 -0.00044
198250.070 0.00021 0.00086 -0.00103
198250.074 0.00061 0.00073 0.00000
198250.078 0.00162 0.00009 -0.00017
198250.082 0.00143 0.00052 -0.00112
198250.086 0.00138 0.00080 -0.00136
198250.090 0.00122 0.00026 -0.00127
198250.094 0.00058 0.00072 -0.00096
198250.098 0.00056 0.00038 -0.00042
198250.102 0.00099 0.00106 -0.00134
198250.106 0.00187 0.00243 -0.00082
198250.110 0.00134 0.00143 -0.00038
198250.114 0.00136 0.00000 -0.00056
198250.118 0.00106 -0.00024 -0.00077
198250.122 0.00159 0.00028 -0.00112
198250.126 0.00173 0.00044 -0.00136
198250.130 0.00190 0.00047 -0.00157
198250.134 0.00091 0.00033 -0.00148
198250.138 0.00140 0.00028 -0.00115
198250.142 0.00093 0.00044 -0.00122
198250.146 0.00140 0.00002 -0.00079
198250.150 0.00168 0.00035 0.00066
198250.154 0.00024 0.00014 -0.00075
198250.158 0.00061 -0.00019 -0.00157
198250.162 0.00192 -0.00044 -0.00178
198250.166 0.00105 -0.00005 -0.00108
198250.170 0.00098 0.00003 -0.00016
198250.174 0.00141 0.00037 -0.00066
198250.178 0.00138 0.00059 0.00070
198250.182 0.00061 0.00021 0.00000
198250.186 0.00042 0.00131 -0.00061
198250.190 0.00080 0.00354 -0.00033
198250.194 0.00166 0.00745 -0.00056
198250.198 0.00279 0.01014 -0.00016
198250.202 0.00143 0.00255 -0.00037
198250.206 0.00108 -0.00258 -0.00010
198250.210 0.00054 -0.00482 -0.00021
198250.214 0.00024 -0.00466 -0.00007
198250.218 0.00016 -0.00236 -0.00065
198250.222 0.00045 -0.00070 -0.00169
198250.226 0.00098 -0.00042 -0.00120
198250.230 0.00096 -0.00051 -0.00154
198250.234 0.00096 -0.00096 -0.00026
