960.624 -0.00213 -0.00639 -0.00426
960.629 -0.00213 0.00000 -0.00426
960.634 -0.00320 -0.01491 -0.00639
960.639 -0.00107 -0.00320 -0.00213
960.644 0.00746 0.00107 0.01172
960.649 -0.00320 -0.00639 -0.00320
960.654 -0.00746 0.00107 -0.00107
960.659 0.00320 -0.00320 -0.00426
960.664 -0.01172 -0.00320 0.00320
960.669 0.00320 0.00959 0.00000
960.674 0.00320 -0.01278 -0.00426
960.679 -0.00426 -0.00213 -0.00852
960.684 0.00426 0.00000 0.00533
960.689 0.00107 -0.00533 0.00000
960.694 -0.00959 -0.00426 -0.00320
960.699 0.00746 -0.00213 0.00426
960.704 -0.00213 0.00746 0.00000
960.709 0.00533 -0.00533 -0.00852
960.714 0.00639 0.00213 0.00107
960.719 -0.00852 -0.00213 0.00107
960.725 -0.01065 -0.00213 0.00213
960.730 -0.00746 -0.00533 -0.00107
960.734 0.00639 0.00213 0.00107
960.739 0.00426 -0.00107 -0.00320
960.744 0.00426 0.00213 0.00107
960.749 0.00107 -0.00533 -0.00107
960.754 -0.00852 -0.00320 -0.00320
960.759 -0.00852 0.00533 -0.00213
960.765 -0.01491 -0.00213 0.00107
960.769 -0.00320 -0.00320 0.00000
960.775 -0.00533 -0.00213 0.00000
960.780 0.00959 0.00000 -0.00746
960.785 0.00213 -0.00107 0.00107
960.790 -0.00639 -0.00533 -0.00852
960.795 -0.00213 -0.00533 0.00213
960.800 0.00107 0.00107 -0.00746
960.805 0.00320 -0.00107 0.00000
960.810 0.00213 0.00213 -0.00107
960.815 -0.00107 -0.00426 -0.00107
960.820 -0.00746 0.00107 0.00426
960.825 0.00213 -0.00107 -0.00213
960.830 -0.00426 0.00000 0.00533
960.835 -0.00107 0.00213 -0.00533
960.839 0.00426 0.00639 -0.00639
960.845 -0.00107 0.00320 -0.00213
960.850 0.00533 0.00959 0.00000
960.855 0.00213 0.00000 -0.00533
960.860 0.00000 0.00746 0.00639
960.865 0.00000 0.00000 -0.00426
960.870 0.00000 0.00107 -0.00852
960.875 0.00533 -0.00107 0.00000
960.880 -0.00107 -0.00426 -0.00320
960.885 -0.00213 -0.00639 -0.00213
960.890 0.00533 0.00213 -0.00107
960.895 -0.00639 -0.01491 0.00000
960.900 0.00320 -0.00852 0.00000
960.905 0.00107 -0.00746 -0.00320
960.910 0.00000 0.00107 0.00000
960.915 0.00320 -0.00320 0.00959
960.920 -0.00639 -0.00213 0.00426
960.925 -0.00746 -0.00533 0.00213
960.930 0.00533 0.01278 -0.00107
960.935 -0.00533 -0.00320 -0.00746
960.939 0.00639 -0.00426 -0.00320
960.945 -0.00639 -0.00320 0.00320
960.949 -0.00639 -0.00426 -0.00107
960.955 0.00320 -0.00426 0.00320
960.959 -0.00320 0.00426 0.00320
960.964 -0.00213 0.00000 0.00213
960.969 -0.00213 -0.00320 0.00213
960.974 0.00000 -0.00639 -0.00320
960.979 0.00213 -0.00959 0.00426
960.984 0.00000 0.00213 -0.00107
960.989 -0.00533 -0.00426 0.00320
960.994 0.00533 -0.00639 -0.00639
960.999 -0.00213 0.00320 0.00000
961.004 -0.00852 0.00107 0.00959
961.009 -0.00639 -0.00107 0.00213
961.015 -0.00852 0.00213 0.00533
961.020 -0.00107 0.00000 -0.00426
961.025 -0.00852 -0.00107 0.00426
961.030 -0.00533 0.00000 -0.00426
961.035 -0.00213 0.00426 0.00213
961.039 0.00000 0.01065 -0.00107
961.045 -0.01065 0.00426 -0.00852
961.049 -0.01278 0.01065 -0.00426
961.055 -0.00213 0.00107 0.00213
961.060 -0.00320 -0.00533 0.00852
961.065 0.00107 0.00000 0.00107
961.070 -0.01065 -0.01065 0.00000
961.075 0.00000 -0.00426 -0.00426
961.080 0.00000 -0.00533 0.00213
961.085 0.00000 0.00533 0.00107
961.090 -0.00213 -0.00107 0.00426
961.095 -0.00639 -0.00107 -0.00107
961.100 0.00000 -0.00213 0.00107
961.105 0.00000 -0.00107 0.00213
961.110 0.00000 0.00107 0.00213
961.115 -0.00746 -0.00533 -0.00639
961.120 -0.00320 -0.00533 0.00000
961.125 0.00533 -0.00426 -0.00213
961.130 -0.00320 -0.00852 0.00000
961.137 -0.00533 0.00000 0.00213
961.142 -0.00746 0.00213 -0.00320
961.147 -0.00320 0.00107 -0.00426
961.152 -0.00533 -0.00426 -0.00426
961.157 0.00107 -0.00746 -0.00533
961.162 0.00533 0.00213 -0.00852
961.167 -0.00852 -0.00746 0.00213
961.172 0.00426 -0.00213 0.00213
961.177 -0.00852 -0.00746 -0.00107
961.182 -0.00107 -0.00107 0.00320
961.187 -0.00320 0.00746 0.00107
961.192 0.00000 0.00533 0.00533
961.198 0.00107 0.00107 0.00426
961.203 -0.00639 -0.00426 0.00639
961.208 0.00000 0.00213 0.00320
961.213 -0.00107 0.00320 -0.00426
961.218 -0.00639 -0.00746 0.00107
961.223 -0.00746 0.00000 0.00426
961.228 -0.00107 -0.00959 0.00639
961.233 0.00107 -0.00320 -0.00320
961.238 0.00000 -0.00107 -0.00320
961.243 -0.00746 -0.00107 -0.00746
961.248 0.00639 0.00000 -0.00107
961.253 -0.00107 -0.00107 -0.00320
961.258 0.00320 -0.00852 0.00000
961.263 -0.00213 -0.00107 -0.00107
961.268 -0.00746 -0.00320 -0.00746
961.273 0.00107 0.01278 0.00213
961.278 -0.00533 -0.00107 0.00107
961.283 0.01278 0.00320 -0.00533
961.288 0.00000 0.00213 -0.00533
961.293 -0.01065 -0.00213 -0.00107
961.298 -0.00107 0.00533 0.00107
961.303 0.00533 0.00533 0.00213
961.308 -0.00213 -0.00213 0.00000
961.313 -0.00320 -0.00639 0.00533
961.318 0.00107 -0.00107 -0.00533
961.323 0.00000 0.00107 -0.00213
961.328 -0.00107 0.00107 0.00320
961.333 -0.00426 0.00426 -0.00426
961.338 -0.01278 0.00000 -0.00533
961.343 -0.00533 -0.00533 -0.01172
961.348 0.00320 -0.00533 0.00959
961.353 -0.00959 -0.00639 0.00107
961.358 0.00320 -0.00107 0.00426
961.363 -0.00426 -0.00320 -0.00107
961.368 -0.00852 0.00107 0.00320
961.373 -0.01172 0.00533 0.00426
961.379 -0.00746 0.00000 -0.00959
961.384 -0.01065 0.00107 -0.00533
961.389 -0.00213 0.00320 0.00213
961.394 -0.00320 -0.00533 0.00107
961.399 0.00000 -0.00320 0.00213
961.404 -0.00959 -0.01172 0.00213
961.409 0.00533 -0.00107 0.00213
961.414 0.01065 -0.00213 -0.00426
961.419 -0.00320 -0.00107 -0.00107
961.424 -0.00320 -0.00107 0.00000
961.429 -0.00213 -0.00426 0.00107
961.434 0.00320 -0.00320 -0.01065
961.439 -0.00959 -0.00213 -0.00533
961.444 -0.00746 -0.00320 -0.00533
961.449 0.00107 -0.00213 -0.01172
961.454 0.00000 0.00000 0.00426
961.459 -0.00639 -0.00320 -0.00959
961.464 0.00533 0.00213 0.00213
961.469 -0.00107 0.00107 -0.00320
961.474 -0.01065 -0.00213 -0.00213
961.479 -0.00107 -0.00107 -0.01385
961.484 -0.00426 -0.00533 0.00213
961.489 -0.00213 -0.00320 -0.01491
961.494 -0.00426 -0.00639 -0.00107
961.499 0.00107 -0.00107 0.00746
961.504 0.00426 0.00852 0.00000
961.509 0.00000 0.00213 0.00426
961.514 -0.00639 0.00107 -0.00213
961.519 -0.00746 0.00746 -0.00213
961.524 0.00107 0.00107 0.00320
961.529 -0.00533 -0.00533 -0.00107
961.534 0.00213 -0.00639 -0.00320
961.539 -0.00426 -0.00320 -0.00533
961.544 0.00320 -0.00426 0.00852
961.550 0.00000 -0.00107 -0.00213
961.555 0.00000 0.00746 0.00107
961.560 0.00107 -0.00533 0.00639
961.565 0.00000 0.00426 0.00000
961.570 -0.00426 -0.00107 0.00533
961.575 -0.00426 0.00320 -0.00533
961.580 0.00320 -0.00852 0.00426
961.585 0.00426 0.00746 0.00000
961.590 0.00639 -0.00107 -0.00426
961.595 -0.00107 -0.00852 -0.00426
961.600 -0.00213 -0.00213 -0.00746
961.605 -0.00320 -0.00533 0.00426
961.610 0.00107 -0.00746 0.00426
961.615 0.00639 0.00639 -0.00107
961.620 -0.00107 -0.00107 0.00213
961.625 -0.00320 -0.00107 -0.00746
961.630 0.00533 -0.00320 -0.00533
961.635 0.00213 -0.00533 -0.00426
961.640 0.00213 0.00213 -0.00639
961.645 0.00213 -0.00320 -0.00213
961.650 -0.00533 -0.00320 -0.00533
961.655 -0.00533 -0.00852 -0.00320
961.660 -0.00213 0.00000 0.00852
961.665 0.00107 -0.00107 -0.00320
961.670 -0.01278 -0.00107 -0.00107
961.675 -0.00320 -0.00639 0.00320
961.681 -0.00426 -0.00533 -0.00959
961.686 -0.00213 0.00639 -0.00320
961.691 -0.00533 0.00746 -0.00107
961.696 -0.00107 0.00639 0.00000
961.701 0.00107 -0.00639 0.00000
961.706 0.00320 -0.00852 -0.00639
961.711 -0.01172 -0.00639 -0.00746
961.716 0.00107 0.00426 0.00213
961.721 0.00213 -0.00533 0.00107
961.726 0.00000 -0.00533 0.00639
961.731 -0.00213 -0.00639 -0.00107
961.736 -0.00426 -0.00533 -0.00213
961.741 -0.00746 -0.00213 0.00746
961.746 -0.01598 -0.00107 0.00213
961.751 -0.01278 0.00533 -0.00213
961.756 -0.00213 -0.00107 0.00107
961.761 0.00320 -0.00107 -0.00746
961.766 -0.00639 -0.00639 -0.00320
961.771 0.00426 0.00639 0.00000
961.776 0.00000 0.00000 -0.00107
961.781 0.00213 -0.00426 0.00000
961.786 -0.00639 0.00320 -0.00107
961.791 0.00000 0.00533 0.00533
961.796 0.00000 0.00213 -0.00213
961.801 -0.00320 0.00320 -0.00107
961.806 0.00639 0.00746 -0.00426
961.811 -0.00213 -0.00320 -0.00107
961.816 -0.00639 0.00320 0.00426
961.821 -0.00213 -0.00426 0.00107
961.826 0.00746 0.00213 0.00213
961.831 0.01065 -0.00107 0.00533
961.836 -0.00320 -0.00533 0.00320
961.842 -0.00746 -0.00746 0.00000
961.847 0.00533 -0.00533 -0.00533
961.852 -0.00320 -0.00107 0.00000
961.857 0.00000 0.01172 -0.00320
961.862 -0.01065 -0.00639 -0.00320
961.867 -0.00426 0.00533 -0.00107
961.872 -0.01278 -0.00213 -0.01172
961.877 -0.00426 0.00107 0.00213
961.882 -0.00213 0.00320 0.00000
961.887 -0.00639 -0.00107 0.00320
961.892 0.00213 -0.00533 -0.00320
961.897 0.00107 0.00000 -0.00639
961.902 -0.00320 -0.00213 -0.00213
961.907 -0.00320 -0.00533 -0.00213
961.912 -0.00533 0.00426 0.00107
961.917 0.00000 -0.00107 -0.00107
961.922 0.00533 -0.00107 -0.00639
961.927 0.00959 -0.00320 -0.00320
961.932 -0.00746 -0.00533 0.00213
961.937 -0.01172 -0.00213 -0.00746
961.942 0.00107 0.00107 0.00213
961.947 0.00107 0.00213 -0.00213
961.952 0.00639 0.00639 -0.00213
961.957 0.00000 0.00000 0.00107
961.962 -0.00320 -0.01172 -0.01385
961.967 -0.01065 -0.00852 0.00320
961.972 0.00852 -0.00852 -0.00746
961.977 -0.00320 -0.00107 0.00000
961.982 -0.00426 0.00107 0.00107
961.987 -0.00320 0.00426 -0.00320
961.992 -0.00320 0.01065 -0.00320
961.997 0.00746 0.00533 0.00000
962.003 0.00000 -0.00107 -0.00107
962.008 -0.00426 0.00107 -0.00107
962.013 -0.00213 0.00426 -0.00107
962.018 0.00000 0.00320 0.00426
962.023 0.00533 -0.00320 -0.00213
962.028 -0.00426 0.00000 -0.00533
962.033 0.00000 0.00426 0.00852
962.038 0.00533 -0.00213 -0.00533
962.043 -0.00213 0.00639 0.00426
962.048 -0.00107 0.00213 -0.00746
962.053 -0.00320 -0.00426 -0.00426
962.058 0.00320 -0.00107 -0.00320
962.063 0.00213 0.00213 -0.00746
962.068 -0.00320 -0.00852 -0.00320
962.073 0.00107 0.00213 0.00213
962.078 0.00533 -0.00213 0.00533
962.083 -0.00746 0.00107 -0.00533
962.088 -0.00107 -0.00107 0.00639
962.093 0.00426 0.00533 0.00852
962.098 0.00320 0.00426 0.00000
962.103 -0.00107 0.00107 -0.00639
962.108 -0.00533 0.00320 -0.00107
962.113 -0.00107 0.00107 -0.00107
962.118 0.00426 0.00107 0.00000
962.123 -0.00746 0.00107 -0.00107
962.128 -0.00107 0.00320 0.00213
962.133 0.00426 0.00107 -0.00639
962.138 -0.00107 -0.00959 0.00426
962.143 0.00213 -0.00213 0.00426
962.148 0.00213 -0.00959 -0.00852
962.153 0.01491 0.00107 0.00426
962.158 -0.00746 -0.00213 -0.00426
962.163 0.00639 0.00426 -0.00107
962.168 0.01065 -0.00426 -0.00320
962.173 0.00320 0.00000 -0.01172
962.178 -0.00426 -0.00533 -0.00213
962.183 0.00107 0.00426 -0.00213
962.188 0.00107 -0.00746 0.00320
962.194 0.00426 0.00213 0.00000
962.199 0.00320 -0.00320 -0.00852
962.204 0.00426 -0.00320 0.00107
962.209 -0.00639 -0.00320 0.00533
962.214 0.00639 0.00107 0.00213
962.219 -0.00213 0.00639 -0.00746
962.224 -0.00320 -0.00639 0.00107
962.229 0.00852 0.00107 -0.00107
962.234 0.00426 -0.00426 -0.00426
962.239 0.00213 -0.00107 -0.00107
962.244 -0.00320 -0.00107 0.00213
962.249 -0.00746 -0.00426 0.00533
962.254 0.00746 0.00320 -0.00639
962.259 0.00213 0.00426 -0.00533
962.264 0.00107 -0.00959 -0.00213
962.269 -0.00426 -0.00213 -0.00107
962.274 -0.00852 -0.00426 0.00213
962.279 -0.00639 0.00000 -0.00639
962.284 0.00533 -0.00213 0.00320
962.289 -0.00426 -0.00746 0.00000
962.294 -0.00852 0.00959 -0.00320
962.299 -0.00959 -0.00320 -0.00533
962.304 0.00426 -0.00320 -0.00426
962.309 -0.00213 -0.00320 0.00213
962.314 0.00320 -0.00533 0.00107
962.319 -0.00320 0.00852 0.00107
962.324 -0.00852 0.00320 -0.00426
962.329 -0.00639 -0.00426 -0.00107
962.335 0.00000 -0.00107 0.00320
962.340 0.00107 0.00107 0.00639
962.345 -0.00426 0.00107 0.00852
962.350 -0.01172 -0.00533 0.00000
962.355 -0.00746 -0.00533 0.00213
962.360 -0.00852 -0.00959 -0.00639
962.365 -0.00639 -0.00320 0.00320
962.370 -0.00213 0.00107 0.00107
962.375 0.00639 -0.00639 -0.00746
962.380 0.00426 0.00320 -0.00107
962.385 0.00533 0.00107 -0.00320
962.390 0.00107 0.00533 0.00852
962.395 -0.00213 0.00320 0.00426
962.400 0.00000 0.00852 0.00213
962.405 -0.00426 0.00000 0.00426
962.410 0.00000 -0.00320 0.00533
962.415 -0.00426 -0.00107 0.00639
962.420 0.00426 -0.00320 0.00639
962.425 0.00533 -0.00320 -0.01065
962.430 -0.00107 0.00213 -0.00320
962.435 -0.00213 0.00107 -0.00213
962.440 -0.00107 0.00746 0.00426
962.445 -0.00533 0.00533 -0.00107
962.450 -0.00107 -0.00852 0.00426
962.455 -0.00533 -0.00107 -0.00320
962.460 0.00213 0.00000 -0.00426
962.465 0.00107 0.00426 -0.00320
962.470 -0.00107 0.00107 0.00852
962.475 -0.00746 -0.01172 -0.00852
962.480 -0.00320 -0.00320 -0.00320
962.485 -0.00852 -0.00213 -0.01065
962.490 0.00320 0.01065 0.00000
962.496 -0.00852 -0.00533 -0.00320
962.501 -0.00959 -0.00320 0.00320
962.506 0.00107 -0.00213 -0.00213
962.511 -0.00213 0.00000 -0.00852
962.516 -0.00852 0.00852 -0.00107
962.521 -0.00746 0.00320 0.00107
962.526 -0.00213 -0.00746 0.00000
962.531 0.00746 0.00213 -0.00213
962.536 0.00213 0.00213 -0.00426
962.541 -0.00213 0.00000 0.00639
962.546 -0.00320 0.00107 0.00000
962.551 -0.00107 -0.00320 -0.00320
962.556 -0.00852 0.00639 -0.00426
962.561 0.00639 0.00107 0.00746
962.566 -0.00320 -0.00213 0.00213
962.571 -0.01172 -0.00852 0.00426
962.576 0.00320 -0.00213 0.00000
962.581 0.00000 -0.00426 -0.00320
962.586 0.00746 0.00107 0.00320
962.591 -0.00533 -0.00213 -0.00213
962.596 -0.00107 0.00533 0.00213
962.601 0.00000 -0.00320 0.00426
962.606 -0.00213 -0.00320 -0.00107
962.611 -0.00639 -0.00639 -0.00426
962.616 -0.00533 -0.00533 0.00000
962.621 0.00000 0.00533 0.00107
962.626 0.00000 0.00000 -0.00852
962.631 0.00000 -0.00746 0.00213
962.636 0.00000 -0.00533 -0.00107
962.641 -0.00746 -0.00320 0.00213
962.646 -0.00426 -0.00746 -0.00320
962.651 0.00852 -0.00213 0.00107
962.656 -0.00426 0.00426 0.00426
962.662 0.00213 0.00852 -0.00426
962.667 -0.00639 -0.00533 -0.00320
962.672 -0.00533 0.00107 -0.00213
962.677 0.00533 -0.00320 0.00107
962.682 0.00746 0.00426 -0.00959
962.687 -0.00533 -0.00107 0.00852
962.692 0.00320 -0.00746 -0.00426
962.697 0.00320 -0.00107 0.00426
962.702 -0.00639 0.00107 -0.00533
962.711 -0.00639 0.01172 -0.00746
962.716 0.00000 0.01065 -0.00533
962.721 0.00213 0.00213 -0.00213
962.726 -0.00639 0.00533 -0.00852
962.731 0.00852 0.00000 0.00533
962.737 -0.00959 0.00426 -0.00107
962.742 0.00000 0.00000 -0.00852
962.747 -0.00852 0.00426 0.00426
962.752 0.00000 0.00213 0.00320
962.757 0.00533 -0.01065 0.00213
962.762 -0.00746 -0.00320 0.00639
962.767 -0.00213 -0.00213 -0.00213
962.772 0.00213 0.00107 -0.00320
962.777 -0.00426 -0.00320 0.00107
962.782 0.00426 -0.00426 -0.00320
962.787 -0.00852 -0.00107 -0.00426
962.792 0.00000 -0.00959 -0.00107
962.797 -0.00426 -0.00320 0.00213
962.802 0.00533 -0.00107 0.00959
962.807 0.00320 -0.00213 -0.00533
962.812 -0.00107 -0.00213 0.00533
962.817 -0.00533 0.00000 0.00000
962.823 0.00320 0.00852 0.00000
962.828 0.00107 0.00746 -0.00107
962.832 -0.01598 0.00746 -0.00639
962.837 -0.00320 0.00426 -0.00213
962.842 -0.00107 -0.00426 0.00107
962.847 -0.00320 -0.00213 0.00107
962.852 -0.00107 -0.00107 0.00000
962.857 -0.00213 0.00107 0.00107
962.862 -0.00320 0.00107 -0.00639
962.867 0.00426 0.00426 0.00213
962.872 -0.00320 0.00533 -0.00426
962.877 0.00533 -0.00746 -0.00320
962.882 -0.00959 -0.00107 -0.00639
962.887 0.00533 -0.00107 0.00213
962.892 0.00320 0.00426 0.00533
962.897 0.00107 -0.00533 -0.00107
962.902 -0.00852 -0.00107 -0.00213
962.907 0.00426 -0.00107 -0.00320
962.912 0.00746 -0.00426 0.00426
962.917 0.00746 -0.00107 -0.00213
962.923 0.00000 -0.00107 0.00959
962.928 0.00107 0.01172 0.00320
962.932 -0.00107 -0.00320 0.00000
962.937 -0.00213 -0.00746 -0.00213
962.942 -0.01491 0.01491 -0.00107
962.947 0.00107 0.00639 0.00000
962.952 -0.00107 -0.00107 -0.00213
962.957 0.00000 -0.01172 -0.00320
962.962 0.00000 -0.00213 -0.00107
962.967 -0.00107 0.00107 0.00533
962.972 -0.00107 0.00320 -0.00426
962.977 0.00000 0.00533 -0.00746
962.982 -0.00213 0.00426 0.00213
962.987 -0.00426 -0.00320 0.00000
962.992 -0.01278 -0.00426 0.01598
962.997 -0.00213 -0.00320 -0.00213
963.002 0.00426 0.00320 0.00213
963.007 0.00426 0.00426 -0.00213
963.012 -0.00426 -0.00959 -0.00320
963.017 -0.00320 -0.00213 -0.00746
963.022 -0.00746 -0.00533 -0.00426
963.027 0.00426 -0.01704 -0.00533
963.032 -0.01065 -0.00107 -0.00426
963.037 -0.00533 -0.00213 0.00533
963.042 -0.00426 -0.00107 0.00000
963.047 -0.00746 -0.00639 -0.00107
963.052 -0.00426 -0.00426 -0.00213
963.057 -0.00426 0.00533 -0.00320
963.062 -0.00107 0.00107 0.00320
963.067 0.00107 0.00426 0.00213
963.072 0.00320 -0.00746 0.00107
963.077 -0.00426 -0.00213 0.00213
963.082 -0.00320 -0.00959 -0.00213
963.087 0.00426 0.00959 -0.00213
963.092 -0.00533 -0.00107 0.00213
963.097 -0.00320 0.00320 -0.01172
963.102 0.00426 0.00533 -0.00320
963.107 -0.00213 -0.00746 0.00533
963.113 0.00000 -0.00426 0.00213
963.118 -0.01172 -0.01065 -0.00639
963.123 -0.00320 0.00320 -0.00426
963.128 -0.00426 0.00533 0.00639
963.132 -0.00426 -0.00320 -0.00107
963.137 0.00107 -0.00213 -0.00107
963.142 0.00000 0.00107 0.00213
963.147 -0.00639 -0.00320 0.01065
963.152 0.00320 0.00107 -0.00320
963.157 -0.01278 -0.00639 0.00000
963.162 -0.00426 0.00426 -0.00213
963.167 0.00107 -0.00107 0.00639
963.172 -0.00213 -0.00533 -0.00533
963.177 -0.00213 -0.00107 0.00320
963.182 0.00639 0.00852 0.00639
963.187 0.00107 0.00533 -0.00533
963.193 -0.00107 0.00320 0.00320
963.198 0.00213 -0.00533 0.00320
963.203 0.00213 -0.00213 0.00000
963.208 0.00639 0.00213 -0.00107
963.213 -0.00107 -0.00852 -0.00107
963.218 -0.00320 -0.00213 -0.00107
963.223 -0.00959 -0.00639 -0.00320
963.228 0.00213 -0.00746 0.00639
963.232 -0.00533 0.00107 0.00107
963.237 -0.00320 -0.00107 0.00000
963.242 -0.00107 0.00959 0.00213
963.247 -0.00213 0.00426 0.00000
963.252 -0.00639 -0.00639 0.00213
963.257 -0.00533 -0.00213 0.00426
963.262 -0.00320 0.00000 0.00107
963.267 -0.00320 -0.00320 -0.00426
963.272 -0.00426 0.00213 0.00213
963.277 -0.00746 0.00000 -0.00213
963.283 -0.00533 -0.00107 -0.00746
963.288 0.00000 0.00852 -0.00320
963.293 -0.01278 -0.00639 0.00426
963.298 0.00107 0.00000 0.00533
963.303 -0.00533 -0.00320 -0.00107
963.308 0.00107 0.00213 -0.00320
963.313 -0.00320 0.01172 0.00000
963.318 0.00533 0.00320 0.00213
963.323 -0.00426 -0.00533 0.00320
963.328 -0.00213 -0.00852 0.00000
963.333 -0.00213 -0.00639 -0.00320
963.338 -0.00639 -0.00213 0.01065
963.343 0.00213 -0.00107 0.00533
963.348 0.00000 0.00639 -0.00320
963.353 0.00426 -0.00320 -0.00213
963.358 0.00533 -0.00213 0.00213
963.363 -0.00426 0.00213 -0.00852
963.368 0.00533 -0.00533 0.00320
963.373 0.00107 0.00213 -0.00639
963.378 -0.00320 -0.00213 -0.00533
963.383 0.00000 -0.00959 -0.00426
963.388 -0.00107 -0.01598 -0.00107
963.393 0.00107 -0.00213 -0.00213
963.398 -0.00639 0.00107 0.00320
963.403 0.00426 0.00213 0.00000
963.408 -0.00320 0.00213 -0.00320
963.413 -0.00426 -0.00639 0.00213
963.418 0.00533 0.00639 0.00213
963.423 -0.00213 -0.00852 0.00000
963.428 0.00107 0.00107 -0.00426
963.433 -0.00533 -0.01065 -0.00533
963.438 0.00426 -0.00320 0.00000
963.443 -0.00320 -0.00320 0.00426
963.448 0.00746 -0.00746 -0.00746
963.453 0.00320 -0.00107 0.00426
963.458 -0.01065 -0.00320 -0.00426
963.463 -0.00639 0.00320 -0.00107
963.468 -0.00107 0.00639 0.00533
963.473 -0.00320 -0.00107 0.00107
963.478 -0.00213 -0.00213 -0.01172
963.483 -0.01172 0.00000 0.01385
963.488 -0.00426 0.00107 -0.00107
963.493 -0.00639 -0.00426 0.00320
963.498 0.00213 -0.00107 0.00107
963.503 0.00213 -0.00320 -0.00213
963.508 -0.00107 0.00320 -0.00426
963.513 -0.00852 -0.00213 -0.00107
963.518 0.00320 -0.00213 0.00107
963.523 -0.00213 0.00320 0.00426
963.528 -0.00320 -0.00533 -0.01065
963.533 -0.00959 -0.00320 -0.00213
963.538 -0.00533 -0.00533 0.00000
963.543 -0.00107 -0.00959 0.00213
963.548 -0.00320 -0.00639 -0.00639
963.553 -0.00746 -0.00959 -0.00107
963.558 -0.00426 -0.00320 -0.00320
963.563 0.00746 -0.00107 -0.00320
963.568 -0.00639 -0.00639 -0.00213
963.573 -0.00959 -0.00746 0.00639
963.578 0.00107 -0.00107 0.00213
963.583 -0.00320 0.01491 0.00000
963.588 0.00107 -0.00426 -0.00426
963.593 0.00000 0.00000 0.00107
963.598 -0.00959 0.00959 0.00320
963.603 -0.00107 0.00000 -0.00426
963.608 0.00320 -0.00213 -0.00426
963.613 -0.00107 -0.01065 -0.00852
963.618 -0.00213 -0.00959 0.00213
963.624 -0.00746 0.00746 -0.00107
963.629 -0.00852 -0.00426 0.00320
963.633 0.00000 0.00426 -0.00213
963.638 0.00107 -0.00533 -0.00213
963.643 -0.00426 -0.00107 -0.00107
963.648 -0.01491 -0.00533 -0.00213
963.653 -0.00746 -0.00213 -0.00213
963.658 0.00000 -0.00213 -0.00639
963.663 -0.00320 0.00000 -0.00320
963.668 -0.01172 0.00107 0.00107
963.674 -0.00533 0.00000 -0.00852
963.679 0.00533 -0.00213 0.00107
963.684 0.00213 -0.00852 0.00746
963.689 -0.00426 -0.00107 0.00533
963.694 -0.00426 -0.01385 -0.00213
963.699 0.00000 -0.00213 0.00107
963.704 -0.00639 0.00107 0.00320
963.709 -0.00213 0.00426 -0.00213
963.714 -0.00320 -0.00107 0.00107
963.719 -0.00426 0.01172 -0.00639
963.724 -0.00426 0.00000 -0.00639
963.729 0.00213 0.00213 0.00000
963.733 -0.00320 0.00426 -0.00213
963.738 -0.00852 0.00000 -0.00533
963.743 -0.00746 0.00213 0.00213
963.748 -0.00426 -0.00426 0.00426
963.753 -0.00107 -0.00213 -0.01065
963.758 -0.01065 -0.00320 0.00213
963.764 0.00000 -0.00320 0.00213
963.769 0.00000 0.00107 -0.01065
963.774 -0.00852 -0.00107 -0.00213
963.779 0.00320 -0.00213 -0.00213
963.784 0.00852 -0.01278 -0.00213
963.789 0.00107 0.00000 0.00746
963.794 0.00639 -0.00213 0.00107
963.799 0.00320 0.00000 -0.00746
963.804 0.00213 -0.01065 -0.00213
963.809 -0.00107 -0.00639 0.00426
963.814 -0.00320 -0.01065 0.00533
963.819 0.00533 0.00426 -0.00746
963.824 0.00000 -0.00320 -0.00213
963.829 0.00107 0.00213 -0.00107
963.834 0.00746 0.00533 0.00107
963.839 -0.01065 -0.00320 -0.00639
963.844 -0.00533 -0.00426 -0.00107
963.849 -0.00639 -0.00107 -0.00320
963.854 -0.00639 -0.00107 -0.00959
963.859 0.00426 0.00000 -0.00213
963.864 0.00107 -0.00320 -0.00107
963.869 -0.00213 0.00639 -0.00320
963.874 -0.00852 -0.00107 0.00000
963.879 0.00213 -0.00213 0.00213
963.884 -0.01065 -0.00426 0.00000
963.889 -0.01385 0.00000 0.00533
963.894 -0.00107 -0.00107 0.00213
963.899 -0.00213 -0.00320 -0.00213
963.904 -0.00107 -0.00320 -0.00639
963.909 -0.00746 -0.00533 0.00107
963.914 -0.00213 -0.00107 -0.00107
963.919 -0.00320 0.00533 0.00000
963.924 0.00746 0.00426 0.00320
963.929 -0.00533 -0.00852 0.00320
963.934 0.00533 -0.00426 0.00107
963.939 0.00107 0.01065 0.00000
963.944 -0.00746 -0.00533 0.00639
963.949 -0.01065 -0.01172 0.00426
963.954 -0.00639 -0.00213 0.00107
963.959 -0.00107 0.00000 -0.00320
963.964 -0.00107 -0.00107 0.00000
963.969 -0.00426 -0.00533 -0.00213
963.974 0.00320 0.00426 -0.00426
963.979 -0.00852 -0.01065 0.00107
963.984 -0.00213 -0.00213 0.00000
963.989 -0.00852 -0.00959 -0.00213
963.994 -0.00639 0.00533 -0.00746
963.999 -0.00320 -0.00426 0.00320
964.004 -0.00213 -0.00320 -0.00426
964.009 0.00426 -0.00213 -0.00213
964.014 -0.00852 -0.01491 -0.00107
964.019 0.00000 0.00213 -0.00533
964.024 0.00320 0.00107 0.00213
964.029 -0.00639 0.00533 -0.00426
964.034 -0.00746 0.00213 0.00639
964.039 0.00000 -0.00426 0.00000
964.044 -0.00746 -0.00320 -0.00320
964.049 -0.00107 0.00107 -0.00320
964.054 0.00000 -0.00639 0.00426
964.059 -0.00426 0.00107 -0.00746
964.064 -0.00426 0.00320 -0.00213
964.069 -0.00639 -0.00533 0.00213
964.074 0.00107 0.00107 -0.00107
964.079 -0.00213 0.00533 -0.00320
964.084 -0.00852 -0.00107 0.00213
964.089 -0.00639 -0.00746 -0.00639
964.094 0.00852 -0.00426 -0.00320
964.099 0.00426 0.00000 0.00213
964.104 -0.00320 -0.00320 -0.00533
964.109 -0.00320 -0.00320 0.00107
964.114 0.00533 -0.00959 0.00852
964.119 0.00213 -0.00426 -0.00426
964.124 -0.00107 -0.00426 0.00852
964.129 0.00213 0.00320 0.00000
964.134 -0.00533 0.00000 -0.00852
964.139 -0.00639 0.00000 0.00320
964.144 -0.00533 0.00533 0.00107
964.149 -0.00639 0.00320 -0.01491
964.154 0.00000 -0.00426 -0.00639
964.159 0.00746 0.00320 0.00320
964.164 0.00107 -0.00213 -0.00426
964.169 0.00000 -0.00320 0.00000
964.174 0.00320 -0.00959 0.00426
964.179 -0.00533 -0.00320 0.00426
964.184 -0.00107 0.00107 0.00107
964.189 -0.00213 0.00000 -0.00426
964.194 -0.00426 0.00000 -0.00746
964.199 -0.00107 0.00107 0.00107
964.204 -0.01278 -0.00852 0.00213
964.209 -0.00746 -0.00426 0.00213
964.214 -0.01065 -0.00107 0.01278
964.219 -0.00213 0.00320 0.00213
964.224 -0.00107 0.00852 -0.00746
964.229 -0.00426 -0.00426 -0.00426
964.234 -0.00213 0.00000 -0.00213
964.239 -0.00533 -0.00426 0.00320
964.244 -0.00213 -0.00213 0.00000
964.249 -0.00320 0.00426 -0.00107
964.254 0.00107 -0.00107 -0.00852
964.259 -0.00320 0.00533 -0.00746
964.264 0.00213 -0.00426 -0.00533
964.269 0.00107 0.00000 -0.00213
964.274 -0.00959 -0.00320 -0.00533
964.279 0.00639 0.00107 0.00533
964.284 0.00107 0.00000 -0.00533
964.289 -0.00959 0.00746 0.00000
964.294 0.00426 0.00213 0.00213
964.299 0.00000 0.00107 -0.00533
964.304 -0.00320 -0.00533 -0.00213
964.309 0.00639 0.00000 -0.00107
964.314 -0.00107 -0.00107 0.01065
964.319 -0.00213 -0.00213 -0.00320
964.325 -0.00213 0.00213 -0.00533
964.330 -0.00426 0.00320 0.00320
964.337 0.00533 0.00533 0.00000
964.342 0.00000 -0.00320 0.00426
964.347 -0.00852 -0.00639 -0.00213
964.352 0.00213 -0.00639 -0.00852
964.357 0.00107 -0.00533 0.00107
964.362 -0.00320 0.00107 -0.00320
964.367 -0.00852 0.00320 -0.00320
964.372 0.00746 0.00320 0.00746
964.377 -0.00533 -0.00533 0.00107
964.382 -0.00320 -0.00533 0.00533
964.387 -0.00852 -0.00213 -0.00107
964.392 -0.00320 -0.00320 -0.00107
964.397 0.00000 0.00320 0.00320
964.402 0.00107 -0.00107 0.00426
964.407 0.00000 0.00000 0.00320
964.412 -0.00426 -0.00213 0.00000
964.417 -0.00320 0.00213 -0.00213
964.422 0.00213 0.00107 -0.00320
964.427 -0.00213 -0.00320 -0.00213
964.432 -0.00213 0.00320 0.00000
964.437 0.00426 -0.00320 0.00746
964.442 0.00107 -0.00639 0.00320
964.448 -0.00959 0.00852 0.00852
964.453 -0.00213 0.00213 -0.00746
964.458 -0.00533 0.00107 -0.00213
964.463 0.00107 -0.00746 0.00959
964.468 0.00107 0.00107 -0.00852
964.473 0.00746 -0.00107 0.00426
964.478 0.00213 0.00107 -0.00533
964.483 -0.00639 0.00213 -0.00320
964.488 -0.00639 0.00000 -0.00107
964.493 -0.00213 -0.00426 -0.00213
964.498 -0.00639 -0.00426 0.00959
964.503 0.00107 -0.00213 0.00107
964.508 0.00852 -0.00213 0.00320
964.513 -0.00213 -0.00426 -0.00320
964.518 -0.00320 0.00426 -0.00639
964.523 0.00000 -0.01278 -0.00107
964.528 -0.00639 0.00000 0.00320
964.533 0.00107 -0.01065 0.00107
964.538 0.00213 -0.00213 0.00000
964.543 0.00213 0.00107 -0.01385
964.548 -0.00213 -0.00213 -0.00213
964.553 -0.00213 -0.00213 -0.00213
964.558 -0.00213 0.00639 -0.01065
964.563 -0.00639 0.00107 0.00320
964.568 0.00213 0.00107 -0.00320
964.573 0.00000 -0.00959 -0.00107
964.578 -0.00852 -0.00320 0.00000
964.583 0.00107 0.00213 0.00213
964.588 -0.00426 -0.00426 -0.00213
964.593 -0.00426 0.00639 0.00213
964.598 0.00426 0.00000 -0.00852
964.603 -0.00320 0.00533 -0.00107
964.609 -0.00213 -0.00533 -0.00533
964.614 -0.00852 0.00107 -0.00213
964.619 0.01172 0.00213 -0.00533
964.624 0.00639 0.00426 0.00213
964.629 -0.00959 -0.00213 -0.00639
964.634 0.00426 -0.00959 0.00746
964.639 0.00320 -0.00852 0.00213
964.644 -0.00639 0.00320 0.00213
964.649 -0.00107 0.00107 0.00320
964.654 0.00107 0.00426 -0.00107
964.659 -0.00320 -0.01172 -0.00213
964.664 -0.00213 -0.00320 0.00213
964.669 -0.00426 -0.00426 -0.00533
964.674 -0.00107 -0.00107 -0.00320
964.679 0.00000 0.00213 -0.00746
964.684 -0.00107 -0.00107 -0.00213
964.689 -0.00320 0.00639 -0.00320
964.694 -0.00426 -0.00107 0.00746
964.699 0.00107 0.00213 0.00000
964.704 0.01065 0.00426 0.00320
964.709 -0.00107 -0.00107 0.00639
964.714 -0.00213 -0.00213 0.00426
964.719 -0.00639 0.00000 0.00426
964.724 0.00426 0.00639 -0.00426
964.729 -0.00320 -0.00320 -0.00852
964.734 0.00320 0.00426 -0.00320
964.739 -0.00533 -0.00852 -0.00213
964.744 0.00320 0.00213 0.00213
964.749 0.00639 0.00000 -0.00320
964.754 -0.00213 0.00000 0.00320
964.760 -0.00320 0.00533 0.00426
964.765 0.00746 -0.00320 0.00000
964.769 -0.00213 -0.00107 0.00107
964.774 0.00852 -0.00639 0.00213
964.779 0.00320 -0.00426 -0.00320
964.784 0.00426 -0.00320 -0.00107
964.789 0.00639 0.00107 -0.00213
964.794 0.00107 -0.00107 0.00107
964.799 -0.00107 0.00000 0.00533
964.804 0.00533 0.00000 0.00852
964.809 0.00107 0.00426 0.00213
964.814 -0.00639 0.00000 -0.00426
964.819 -0.00320 0.00107 -0.00320
964.824 0.00320 0.00320 -0.00213
964.830 0.00746 0.00533 0.00000
964.835 -0.00639 -0.00107 -0.00320
964.840 -0.00213 0.00000 0.00000
964.845 0.00000 0.00000 -0.00746
964.850 0.00426 -0.00320 0.00320
964.855 -0.00426 0.00213 0.00107
964.860 -0.00746 0.00107 0.00320
964.865 0.00320 -0.00213 -0.00107
964.870 0.00426 0.00533 -0.00107
964.875 0.00107 0.00000 0.00107
964.880 -0.00320 0.00107 -0.00533
964.885 0.00213 -0.00107 0.00959
964.890 -0.00320 0.00533 -0.00107
964.895 -0.00746 -0.00426 -0.00213
964.900 0.00107 -0.00426 0.00426
964.905 -0.00107 0.00000 0.00320
964.910 -0.00533 0.00107 -0.00746
964.915 -0.00639 -0.00320 0.00746
964.920 0.00320 0.00213 0.00320
964.925 -0.00426 -0.00213 -0.00746
964.931 0.00000 -0.00426 0.00107
964.936 0.00107 -0.00320 -0.00213
964.941 -0.00107 -0.00426 -0.00107
964.946 -0.00426 -0.00320 -0.00639
964.951 -0.00213 0.00000 0.00426
964.956 0.01491 0.00746 -0.00213
964.961 0.00000 0.00320 0.00320
964.966 0.00213 0.00533 -0.00107
964.971 -0.00107 -0.00320 0.00852
964.976 0.00107 -0.01065 0.00213
964.981 -0.00639 -0.01065 -0.00533
964.986 -0.00320 -0.00746 -0.00639
964.991 -0.01172 -0.00959 -0.01065
964.996 -0.00852 0.00000 -0.00639
965.001 0.00213 -0.00426 0.00426
965.006 0.00533 -0.00213 -0.00213
965.011 -0.00320 0.00320 0.00320
965.016 -0.00213 -0.00107 -0.00213
965.021 -0.00213 -0.00852 0.00000
965.026 0.00107 0.00107 -0.01065
965.031 0.00320 0.00320 -0.00426
965.036 -0.00320 -0.00213 0.00213
965.041 0.00320 -0.00320 0.00426
965.046 0.00213 0.00213 0.00746
965.051 0.00000 0.00107 -0.00533
965.056 -0.00852 -0.00639 -0.00213
965.061 0.00426 0.00639 0.00213
965.066 0.00639 0.00639 0.00107
965.071 0.00000 -0.00426 0.00533
965.076 0.00852 -0.00213 -0.00213
965.081 -0.01065 -0.00426 0.00000
965.086 0.00852 0.00107 -0.00639
965.091 0.01065 -0.00320 0.00213
965.096 0.00107 -0.00426 -0.00107
965.101 0.00000 0.00000 0.00107
965.106 0.00320 0.00107 -0.00426
965.112 0.00533 0.00107 0.00213
965.117 -0.00533 -0.00426 -0.00213
965.122 0.00533 -0.00213 0.00000
965.127 -0.00320 -0.00213 -0.00639
965.132 -0.00533 -0.00320 -0.00426
965.137 0.00959 0.00746 0.00852
965.142 0.00213 0.00213 -0.00107
965.147 -0.00107 -0.00852 -0.00320
965.152 -0.01065 0.00533 -0.00533
965.157 -0.00639 0.00107 0.00000
965.162 -0.00959 -0.00639 0.00107
965.167 0.00000 -0.00213 0.00213
965.172 0.00213 0.00213 0.00213
965.177 0.00320 0.00107 -0.00107
965.182 -0.00746 -0.00107 0.00959
965.187 -0.00107 -0.00852 -0.01278
965.192 0.00213 -0.01172 0.00426
965.197 -0.00852 0.00107 -0.00426
965.202 0.01704 -0.00426 0.00213
965.207 0.00852 0.00213 0.00000
965.212 0.00426 0.00639 -0.00107
965.217 0.00000 -0.00746 -0.00426
965.222 -0.00639 -0.00852 0.00213
965.227 -0.00426 -0.00639 0.00000
965.232 0.00213 -0.01065 -0.00320
965.237 0.00426 0.00213 0.00000
965.242 0.00852 -0.00107 -0.00213
965.247 0.00000 0.00639 0.00107
965.252 0.00746 -0.00533 -0.00533
965.257 -0.00426 -0.00533 0.00107
965.262 -0.00426 -0.00320 -0.00320
965.267 -0.00852 -0.01065 -0.00426
965.272 -0.00320 -0.00746 -0.00320
965.277 -0.00320 -0.00959 -0.01278
965.282 -0.00320 -0.00426 -0.00213
965.287 -0.00746 -0.00959 -0.00320
965.292 -0.00746 0.00852 0.00107
965.297 -0.00426 0.00426 0.00000
965.302 -0.01172 -0.00426 -0.00533
965.307 0.00320 -0.00533 -0.00107
965.312 -0.00107 -0.00533 0.00107
965.317 0.00107 -0.00213 0.00639
965.322 -0.00107 -0.00320 -0.00107
965.327 -0.00320 -0.00639 0.00746
965.333 -0.00533 -0.00533 0.00426
965.337 -0.00533 0.00639 -0.00320
965.343 -0.00426 0.00107 -0.00213
965.348 0.00533 0.00000 -0.00213
965.353 0.00213 0.00533 0.00426
965.358 0.00107 0.00320 -0.00320
965.363 0.00107 -0.00533 -0.00533
965.368 -0.01172 -0.00107 0.00107
965.373 -0.00746 0.00107 0.00852
965.378 0.01172 -0.00213 0.00000
965.383 0.00107 -0.00320 0.00000
965.388 0.00213 0.00000 0.00213
965.393 0.00000 -0.00213 -0.00426
965.398 -0.00533 0.00107 -0.00639
965.403 0.00213 -0.00959 -0.00213
965.408 -0.00107 -0.00426 -0.00639
965.413 -0.01598 -0.00107 0.00107
965.418 0.01172 0.01065 -0.00852
965.423 -0.00320 0.01065 0.00426
965.428 0.00426 0.00213 -0.00746
965.433 -0.00426 0.00533 0.00213
965.438 -0.00213 -0.00746 -0.00213
965.443 -0.00107 0.00320 -0.00107
965.448 -0.00320 0.00000 0.00107
965.453 -0.00213 0.01065 0.00107
965.458 0.00959 0.00107 0.00107
965.463 0.00000 0.00213 0.00852
965.468 0.00746 -0.01065 0.00107
965.474 -0.00320 -0.00213 -0.00107
965.479 -0.00639 0.00107 0.00000
965.484 0.00000 0.00000 0.00639
965.489 -0.00213 -0.01065 0.00426
965.494 -0.00426 -0.00107 -0.00107
965.499 -0.00852 0.00639 0.00213
965.504 0.00639 -0.00320 -0.00107
965.509 -0.00533 -0.00320 -0.00426
965.514 -0.00320 -0.00107 -0.00639
965.519 -0.00213 0.00000 -0.00959
965.524 0.00213 0.00426 0.00107
965.529 0.00213 0.00107 0.00000
965.534 0.00320 0.00213 0.00533
965.539 -0.00213 -0.00426 0.01065
965.544 -0.00852 -0.00746 0.00213
965.549 0.00426 -0.00426 -0.01172
965.554 -0.00320 -0.00426 0.00107
965.559 0.01172 0.00000 0.00320
965.564 -0.00320 -0.01598 0.00533
965.569 -0.00746 0.00107 -0.00213
965.574 0.00533 -0.00320 0.00426
965.579 -0.00320 -0.00533 0.00107
965.584 0.00426 -0.00107 -0.00213
965.589 0.00107 0.00426 0.00533
965.594 -0.00533 -0.00107 0.00213
965.599 -0.00213 0.00533 -0.00426
965.604 -0.00107 -0.00213 0.00000
965.609 0.00852 0.00000 0.00426
965.615 -0.00107 -0.00426 0.00213
965.620 -0.00426 -0.00213 -0.00320
965.625 0.00320 -0.00320 0.00320
965.630 0.01278 -0.00107 -0.00107
965.635 0.00000 -0.00852 -0.00213
965.640 0.00107 -0.00959 0.00213
965.645 0.00320 0.00320 0.00746
965.650 -0.00320 0.00213 0.00213
965.655 -0.00107 0.00320 0.00107
965.660 0.00213 -0.00639 -0.00107
965.665 -0.00426 -0.00533 -0.00107
965.670 -0.00533 0.00426 0.00000
965.675 0.00426 -0.00320 0.00000
965.680 -0.00639 0.00320 -0.00426
965.685 -0.00639 0.00959 -0.00213
965.690 0.00320 -0.00213 0.00107
965.695 -0.00639 -0.00426 0.00213
965.700 0.00426 0.00213 -0.00746
965.705 -0.00852 0.00213 0.00000
965.710 0.00746 0.00852 0.00000
965.715 0.00107 0.00107 0.00320
965.720 0.00213 -0.00533 -0.00320
965.725 0.00000 -0.00639 -0.00426
965.730 -0.00213 -0.00213 -0.00213
965.735 0.00107 0.00000 -0.00107
965.740 -0.00213 0.00000 -0.00213
965.745 -0.00533 0.00107 0.00107
965.750 -0.00213 -0.00213 0.00320
965.756 -0.00533 -0.00107 0.00746
965.761 -0.00852 0.00213 -0.00533
965.766 -0.00426 -0.00426 0.00000
965.771 -0.00320 -0.00213 -0.00639
965.776 0.00213 -0.00213 0.00000
965.781 0.00107 -0.00213 0.00107
965.786 -0.00320 0.00639 0.00107
965.791 0.00107 -0.00320 -0.00746
965.796 -0.00213 -0.00320 -0.00320
965.801 -0.00639 -0.00107 0.00533
965.806 0.00639 0.00000 0.00426
965.811 -0.00213 -0.00213 0.00107
965.816 -0.00320 -0.00639 -0.00533
965.821 -0.00320 0.01065 0.00639
965.826 -0.00639 0.00000 0.00426
965.831 -0.00426 0.00107 0.00000
965.836 -0.00852 -0.00213 0.00746
965.841 0.00107 -0.00426 0.00107
965.846 -0.00213 0.00000 -0.00213
965.851 -0.01278 -0.00107 -0.00426
965.856 0.00320 -0.00426 -0.00426
965.861 0.00320 -0.01278 0.00213
965.866 -0.00639 0.00213 -0.00107
965.871 -0.00426 -0.01385 -0.00107
965.876 -0.00107 -0.00320 0.00320
965.881 0.00746 -0.00639 -0.00639
965.886 -0.00107 -0.00213 -0.00107
965.891 0.00426 -0.00320 0.00213
965.896 -0.00959 0.00000 -0.00107
965.901 0.00000 0.00000 0.01172
965.906 -0.00107 0.00746 -0.00639
965.911 -0.00213 -0.00107 -0.00426
965.916 -0.00426 0.00107 0.00107
965.921 0.00000 0.00000 0.00107
965.927 -0.00533 -0.00107 -0.00213
965.932 -0.00320 -0.00320 0.00107
965.937 0.00426 -0.00213 -0.01278
965.942 -0.00639 0.00426 -0.00213
965.947 -0.00107 -0.00213 0.00852
965.952 0.00213 -0.00639 0.00426
965.957 -0.00426 -0.00533 -0.00426
965.962 0.00213 -0.00426 0.00320
965.967 0.00959 0.00533 0.00107
965.972 0.00533 -0.00639 0.00320
965.977 0.00533 0.01172 0.00107
965.982 -0.00107 0.00746 0.00320
965.987 -0.00746 0.00426 0.00426
965.992 -0.00959 0.00000 0.00000
965.997 0.00213 -0.00213 0.00533
966.002 -0.00426 0.00107 -0.00213
966.007 0.00426 0.00107 0.00107
966.012 -0.00107 -0.00320 -0.00213
966.017 0.00426 -0.00426 0.00107
966.022 0.00107 0.00639 -0.00320
966.027 -0.00746 0.00426 0.00213
966.032 0.00959 0.00426 -0.00746
966.037 -0.00959 0.00426 -0.00533
966.042 0.00533 0.00426 -0.00213
966.047 0.00426 -0.01065 -0.00213
966.052 0.00000 -0.00639 -0.00320
966.057 -0.00639 -0.00426 0.00320
966.062 -0.00639 -0.00426 -0.00426
966.067 0.00320 -0.00426 -0.00533
966.072 0.00000 -0.00426 -0.00213
966.077 0.00320 0.00000 -0.00213
966.082 0.00107 -0.00533 -0.01704
966.087 0.00213 -0.00852 -0.00320
966.092 0.00213 -0.00852 0.00000
966.097 0.00107 -0.00959 0.00213
966.102 0.00639 0.00213 0.00107
966.107 0.00107 -0.00852 0.00320
966.112 -0.00533 0.00000 0.00213
966.117 -0.00639 0.00000 -0.00746
966.122 -0.00533 0.00107 -0.00533
966.128 0.00320 -0.00533 0.00213
966.133 0.00959 0.00639 0.00213
966.138 0.00320 -0.00213 0.00213
966.143 0.00213 0.00639 -0.00213
966.148 -0.00107 -0.00959 0.00426
966.153 0.00000 0.00426 -0.00852
966.158 0.00000 -0.00426 -0.00107
966.163 0.00533 -0.00213 0.00320
966.168 0.00213 0.00852 0.00000
966.173 0.00639 -0.00213 0.00000
966.178 0.00000 0.00107 -0.00426
966.183 0.00213 -0.00852 0.00320
966.188 -0.00320 -0.00639 -0.00533
966.193 -0.00746 -0.00426 0.00320
966.198 -0.00639 -0.00426 -0.00746
966.203 -0.00107 0.00107 -0.00320
966.208 0.00000 -0.00320 -0.00426
966.213 0.00746 -0.00533 -0.00639
966.218 0.00746 0.00000 -0.02450
966.223 -0.00746 -0.00746 -0.00107
966.228 -0.00533 -0.00320 -0.01278
966.233 0.00000 -0.00533 -0.00639
966.238 0.00746 -0.00426 0.00852
966.243 0.00533 -0.00213 -0.00426
966.248 -0.00107 0.00852 0.00000
966.253 0.00320 0.00746 0.00000
966.259 -0.00320 0.00213 0.00320
966.264 0.00107 -0.00426 0.00746
966.269 -0.00213 0.00639 0.00000
966.274 0.00000 0.00000 -0.01385
966.279 -0.00533 0.00213 0.00107
966.284 0.00639 -0.00107 -0.00213
966.289 0.00000 -0.00320 0.00320
966.294 0.00000 0.00107 0.00852
966.299 -0.00426 -0.00533 -0.00213
966.304 -0.00639 -0.00107 0.00639
966.309 0.00426 -0.00320 0.00426
966.314 -0.00639 0.00320 -0.00320
966.319 0.00426 -0.00320 -0.00213
966.324 -0.00533 -0.00426 -0.00107
966.329 0.00213 -0.00213 0.00107
966.334 -0.00320 0.00107 0.00107
966.339 0.00320 0.00320 0.01278
966.344 -0.00426 0.00000 -0.00107
966.349 0.00533 -0.00213 -0.00533
966.354 -0.00213 -0.00213 0.00213
966.359 -0.00213 0.00320 -0.00746
966.364 -0.00320 0.00320 0.00107
966.369 0.00320 -0.00959 -0.00533
966.374 -0.00852 -0.00320 0.00959
966.379 0.00320 -0.00213 -0.00533
966.384 0.00320 0.00426 0.00107
966.389 0.00320 0.00426 -0.00746
966.394 -0.00107 0.00852 -0.00426
966.399 0.00107 0.00959 -0.00213
966.404 -0.01172 -0.00320 0.00426
966.409 -0.00959 -0.00426 0.00639
966.414 0.00213 -0.00320 -0.00107
966.419 0.00213 0.00959 0.00000
966.424 0.00000 0.00852 -0.00639
966.430 -0.00213 0.00959 0.00107
966.435 -0.00426 0.00213 -0.00320
966.440 0.01278 -0.00959 -0.00213
966.445 0.00533 -0.00213 0.00213
966.450 0.00213 -0.00320 0.00213
966.455 -0.01172 -0.00213 0.00320
966.460 -0.00639 -0.00213 0.00426
966.465 -0.00107 -0.00107 -0.00426
966.470 -0.00320 0.00107 -0.00426
966.475 -0.00213 -0.00426 0.01491
966.480 0.00000 0.00213 -0.00213
966.485 -0.00320 -0.00746 -0.00533
966.490 0.00000 -0.00426 0.00000
966.495 0.00000 -0.00213 0.00852
966.500 0.00533 0.00639 -0.00107
966.505 -0.00746 0.00533 -0.00639
966.510 -0.00959 -0.00107 -0.00533
966.515 -0.00213 -0.00320 -0.00213
966.520 0.00107 -0.00320 0.01065
966.525 -0.00320 -0.00213 -0.00107
966.530 0.00639 -0.00320 0.00746
966.535 0.00000 0.00000 -0.00213
966.540 0.00852 -0.00533 -0.00107
966.545 0.00426 -0.00213 -0.00107
966.550 0.00426 0.01065 0.00000
966.555 -0.01172 -0.00320 0.00533
966.560 0.00000 -0.00213 -0.00320
966.565 -0.00107 0.00213 0.00213
966.570 -0.00959 0.00107 0.00639
966.575 -0.00320 0.00426 0.00746
966.581 -0.00852 0.00000 0.00107
966.586 0.00213 -0.00320 0.00107
966.591 -0.00320 0.00213 0.00533
966.596 0.00320 0.00533 0.00107
966.601 0.01172 0.00533 -0.00426
966.606 -0.00533 -0.00426 0.00107
966.611 -0.00426 -0.00533 0.00533
966.616 0.00107 0.00959 -0.00426
966.621 0.00426 -0.00746 0.00852
966.626 0.00000 -0.00959 -0.00959
966.631 0.00213 -0.00213 0.00000
966.636 0.00959 -0.00746 -0.00320
966.641 0.00213 -0.00213 -0.00639
966.646 0.00320 -0.00320 0.00959
966.651 0.00320 -0.01172 0.00639
966.656 0.00213 0.00320 0.00320
966.661 -0.00746 -0.00107 -0.00320
966.666 0.00107 0.00000 0.00746
966.671 -0.00639 0.00320 -0.00320
966.676 0.00107 0.00213 0.00320
966.681 -0.00107 -0.00426 0.00107
966.686 0.00107 -0.00533 -0.00746
966.691 -0.00320 -0.00107 0.00533
966.696 0.00426 -0.00639 0.00852
966.701 0.00000 0.00000 -0.00639
966.706 0.00426 -0.00320 0.00213
966.711 0.00000 0.00533 0.00000
966.716 0.00107 -0.00426 -0.00320
966.721 0.00107 -0.00320 -0.01172
966.726 -0.00533 0.00320 0.00107
966.732 -0.00426 0.00107 -0.00533
966.737 -0.00533 0.00746 0.00107
966.742 -0.00213 -0.00320 -0.00320
966.747 -0.00107 0.00000 -0.00426
966.752 -0.00213 -0.00213 -0.00426
966.757 -0.00426 -0.00107 -0.00107
966.762 0.00000 0.00000 -0.00533
966.767 0.00213 0.00533 0.00426
966.771 0.00533 -0.00426 0.00533
966.776 -0.00746 -0.00852 -0.00426
966.781 0.01278 -0.00426 0.00852
966.786 0.00320 0.00320 -0.00533
966.791 0.00213 0.00959 -0.00533
966.796 -0.00959 0.00000 -0.00320
966.802 0.00320 -0.00533 -0.00213
966.807 -0.00107 0.00426 0.00746
966.812 -0.00639 -0.00320 -0.01172
966.817 0.00000 -0.00320 -0.00107
966.822 -0.00639 -0.00107 0.00107
966.827 -0.00746 0.00426 0.00000
966.832 0.00000 0.00426 -0.00107
966.837 0.00000 0.00000 -0.00213
966.842 -0.00213 -0.00959 -0.00320
966.847 -0.00213 -0.00426 0.00000
966.852 -0.00533 -0.00746 0.00639
966.857 -0.00533 0.00213 0.00746
966.862 -0.00533 0.00107 0.00107
966.867 0.00426 0.00426 0.00107
966.872 -0.00959 0.00000 0.00426
966.877 -0.00639 0.00320 -0.00213
966.883 -0.00320 0.00533 -0.00213
966.888 -0.00213 -0.00426 -0.00852
966.893 0.00000 -0.00107 0.00746
966.898 0.00639 -0.00852 -0.00320
966.903 -0.00533 -0.00533 0.00107
966.908 0.01065 0.00213 0.00320
966.913 0.00533 -0.00320 0.00639
966.918 -0.00426 -0.00852 0.00000
966.923 0.00000 0.00533 0.00107
966.928 -0.00213 -0.00746 0.00000
966.933 -0.00852 0.00213 0.00320
966.938 -0.00426 -0.00533 0.00639
966.943 0.00107 -0.00320 0.00426
966.948 -0.00639 -0.00533 -0.01172
966.953 0.00000 0.00000 -0.00746
966.958 0.00533 -0.00533 0.00852
966.963 0.00000 -0.00213 0.00107
966.968 -0.00213 0.00320 -0.00107
966.973 -0.00213 0.00107 -0.00213
966.978 -0.00107 0.00746 -0.00107
966.983 0.00107 -0.00320 0.00320
966.988 -0.01065 -0.00746 0.00320
966.993 0.00213 0.00746 0.00426
966.998 0.00426 -0.01065 0.00107
967.003 -0.00639 -0.00852 0.00000
967.008 0.00000 0.00639 -0.00426
967.013 0.00000 0.00320 0.00107
967.018 0.00000 0.00320 0.00426
967.023 -0.00107 -0.00959 0.00107
967.028 -0.01385 0.00320 -0.00320
967.033 -0.00852 -0.00320 0.00107
967.038 -0.00213 0.00533 -0.00746
967.043 0.00000 -0.00213 0.00000
967.048 -0.00746 0.00000 -0.00533
967.054 -0.00107 0.00320 0.00852
967.059 -0.00533 0.00426 0.00426
967.064 -0.00213 0.00320 -0.00426
967.069 -0.00959 -0.00426 -0.00107
967.074 0.01385 -0.00213 0.00426
967.079 -0.00213 0.00000 -0.00213
967.084 -0.00320 0.00000 0.00107
967.089 -0.00320 0.00533 -0.00426
967.094 -0.00320 0.00533 -0.00533
967.099 0.00213 -0.00533 -0.00320
967.104 0.00533 -0.00107 -0.00426
967.109 0.00107 -0.00107 0.00426
967.114 -0.00533 -0.00107 0.00320
967.119 0.00213 0.00000 0.00000
967.124 -0.00213 0.00213 0.00213
967.129 0.00000 -0.00107 0.00426
967.134 -0.00107 -0.00107 0.00000
967.139 -0.00213 -0.00426 -0.00639
967.144 0.00426 -0.01278 0.00426
967.149 0.00320 -0.00746 -0.00639
967.154 -0.00746 -0.00213 0.00426
967.159 0.00639 0.00533 0.00852
967.164 0.00213 -0.00107 0.00426
967.169 -0.00107 -0.00213 -0.00426
967.174 -0.00426 -0.00320 -0.00852
967.179 0.00213 0.00746 0.00107
967.184 0.00426 -0.00426 0.00320
967.189 0.00426 -0.00213 -0.00213
967.194 -0.00320 0.00000 0.00213
967.199 0.00426 -0.00533 -0.00746
967.204 -0.00213 -0.00426 -0.00746
967.209 0.00533 0.00000 0.00000
967.214 0.00000 0.00213 -0.00426
967.219 0.00213 0.00320 0.00426
967.224 -0.00533 0.01065 -0.00213
967.229 -0.00639 0.00533 -0.00213
967.234 0.00533 -0.00320 0.00213
967.239 -0.00213 0.00107 0.00852
967.245 0.00746 0.00000 -0.00107
967.250 0.00426 0.00107 0.00000
967.255 -0.00426 0.00107 0.00639
967.260 -0.00533 -0.00320 0.00426
967.265 -0.00533 -0.00213 -0.00320
967.270 0.00426 -0.00213 0.00107
967.275 0.01491 0.00426 0.00000
967.280 -0.00320 0.00000 0.00426
967.285 -0.00107 -0.00320 0.00533
967.290 0.01172 0.00320 0.00426
967.295 -0.00213 0.00213 -0.00213
967.300 -0.00320 -0.00746 -0.00213
967.305 0.00426 0.00959 -0.00426
967.310 0.00107 -0.00426 0.00426
967.315 0.00320 -0.00320 0.00000
967.320 0.00533 0.00000 0.00000
967.325 0.00426 0.00320 -0.00533
967.330 0.00000 0.00000 0.00107
967.335 -0.00107 -0.01172 0.00426
967.340 0.00107 -0.00107 -0.00107
967.345 0.00213 0.00320 -0.00533
967.350 0.00213 0.00000 -0.00639
967.355 -0.00426 0.00107 0.00000
967.360 -0.00533 -0.00320 -0.00107
967.365 -0.00852 0.00000 0.00852
967.370 0.00000 0.02131 0.00746
967.376 0.00000 -0.00320 0.00213
967.381 -0.00533 -0.00959 0.00000
967.386 -0.00426 -0.00213 0.00000
967.391 -0.00426 0.00000 -0.00107
967.396 -0.00426 -0.00533 -0.00533
967.401 0.00107 -0.00107 -0.00213
967.406 0.00320 0.00533 -0.00852
967.411 -0.00852 -0.00320 0.00426
967.416 -0.01704 0.00213 0.00426
967.421 0.00213 0.00000 -0.00107
967.426 0.00639 -0.00213 -0.00533
967.431 0.00107 0.00320 -0.00639
967.436 0.00213 0.00213 0.00213
967.441 0.01278 -0.00107 -0.00533
967.446 -0.00213 -0.00639 -0.00533
967.451 -0.00320 0.00000 0.00213
967.456 -0.00426 0.00959 -0.00639
967.461 -0.00746 0.00639 0.00213
967.466 0.00000 0.00320 -0.00533
967.471 -0.00426 -0.00852 0.00000
967.476 -0.00746 0.00320 0.00213
967.481 -0.00533 -0.00852 -0.00533
967.486 0.00320 -0.00320 -0.00213
967.491 0.00000 0.00000 -0.00107
967.496 -0.00746 -0.00426 0.00000
967.501 0.00000 -0.00852 -0.00107
967.506 0.00533 0.00639 0.00000
967.511 0.00320 0.00000 0.00000
967.516 0.00107 -0.00639 0.00320
967.521 -0.00639 0.00107 -0.00852
967.526 -0.01065 -0.00639 -0.00746
967.531 0.00107 0.00639 -0.00639
967.536 -0.00107 -0.00107 -0.00107
967.541 0.00426 0.00213 0.00213
967.546 0.00213 -0.00639 0.00426
967.551 -0.01385 -0.00639 0.00320
967.556 0.00320 -0.00320 -0.00213
967.561 -0.00320 -0.00213 -0.00320
967.566 -0.00533 0.00107 0.00000
967.571 -0.00320 -0.00213 -0.00213
967.576 -0.00426 -0.00320 -0.00426
967.581 -0.00533 0.00426 0.00000
967.587 0.00000 -0.01172 0.00320
967.592 -0.00107 -0.00213 -0.00533
967.596 -0.00213 0.00959 -0.00213
967.601 -0.00320 -0.00746 -0.00107
967.606 -0.00746 -0.00107 0.00639
967.611 0.00000 -0.01065 -0.01598
967.617 -0.00320 -0.00533 -0.00213
967.622 0.00000 -0.00426 0.00533
967.627 -0.00107 0.00213 0.00426
967.632 0.00533 -0.00746 0.00107
967.637 -0.00533 -0.00533 -0.00426
967.642 0.00320 0.00213 0.00746
967.647 -0.00746 0.00213 -0.00213
967.652 0.00426 -0.00959 -0.00107
967.657 0.00533 -0.00639 0.00107
967.662 -0.00107 -0.00533 0.00426
967.667 -0.00533 -0.00107 -0.00639
967.672 -0.00213 -0.00107 -0.00533
967.677 -0.00320 -0.00639 -0.00533
967.682 0.00852 -0.00533 0.00107
967.687 -0.00107 -0.00320 0.00107
967.692 -0.00107 -0.00320 0.00000
967.697 0.00213 -0.00533 0.00320
967.702 0.00000 0.01172 0.00426
967.707 -0.00746 0.00959 0.00000
967.712 -0.00746 0.00426 -0.00426
967.718 -0.00533 0.00000 0.00107
967.723 0.00213 0.00533 0.00000
967.728 -0.00746 -0.00852 -0.00320
967.733 -0.00426 -0.00639 0.00533
967.738 0.00213 0.00000 -0.00320
967.743 -0.00107 0.00213 0.00320
967.748 -0.00320 0.00107 -0.00213
967.753 0.00213 -0.00639 0.00000
967.758 0.00000 0.00000 -0.00213
967.763 -0.00107 -0.00533 -0.00107
967.768 -0.00213 0.00107 0.00213
967.773 -0.01065 -0.00107 0.00000
967.778 0.00000 -0.00320 0.00213
967.783 -0.00639 0.00320 0.00426
967.788 0.00639 -0.00426 -0.00107
967.793 0.00426 -0.00320 -0.00320
967.798 -0.00213 0.00000 -0.00107
967.803 -0.00533 -0.00533 -0.00639
967.808 -0.00107 -0.00320 0.00107
967.813 -0.00746 -0.00533 -0.01065
967.818 0.00533 0.00107 0.00320
967.823 -0.00533 0.00320 0.00320
967.828 -0.00533 -0.00533 -0.00320
967.833 0.00852 -0.00107 -0.00533
967.838 -0.00213 -0.00213 -0.00533
967.843 0.00426 -0.00320 -0.00639
967.848 -0.00213 0.00213 -0.00213
967.853 -0.01278 -0.00213 0.00426
967.858 0.00213 -0.01065 -0.00320
967.863 -0.00533 0.00746 -0.00320
967.868 -0.00213 0.00746 0.00959
967.873 -0.00533 -0.00320 0.00213
967.879 -0.00320 0.00107 -0.00852
967.884 0.00639 -0.00213 -0.00320
967.889 0.00959 0.00320 -0.00533
967.894 0.00107 0.00533 -0.00320
967.899 -0.00639 0.00533 0.00107
967.904 0.00213 -0.01065 0.00213
967.909 -0.00533 -0.00107 -0.00320
967.914 -0.00107 -0.00533 -0.00533
967.919 0.00213 0.00107 -0.00213
967.924 -0.01172 -0.00852 0.00107
967.929 -0.00852 -0.00533 -0.00107
967.934 -0.00213 -0.00320 -0.00639
967.939 0.00213 -0.00320 -0.00426
967.944 0.00533 -0.00959 0.00426
967.949 0.00320 -0.00746 -0.00746
967.954 0.00000 -0.00852 -0.00107
967.959 -0.00746 -0.00320 -0.00107
967.964 -0.00320 -0.00533 -0.00320
967.969 0.00107 -0.00746 0.00107
967.974 -0.00852 0.00213 -0.00639
967.979 0.00107 0.00852 0.00107
967.984 0.00000 -0.00320 -0.00533
967.989 0.00107 0.00320 0.00000
967.994 -0.00213 0.00213 -0.00320
967.999 0.00639 -0.00426 -0.00107
968.004 -0.00746 -0.00213 0.00639
968.009 0.00107 -0.00107 0.00107
968.014 -0.00533 -0.00533 0.00000
968.019 -0.00533 -0.00746 0.00746
968.024 0.00533 0.00533 -0.00320
968.029 -0.00533 -0.00639 -0.01385
968.034 0.00213 -0.00107 -0.00107
968.039 0.00533 -0.00959 -0.01065
968.044 -0.00426 0.00320 0.00426
968.049 0.00320 0.00107 0.00213
968.054 -0.00533 0.00959 0.00213
968.059 0.00320 0.00426 -0.00213
968.064 0.00213 0.00426 -0.00533
968.070 -0.00426 -0.00639 0.00213
968.075 -0.00320 0.00213 -0.00533
968.080 -0.01172 0.00107 0.00639
968.085 -0.00213 0.00639 -0.00320
968.090 -0.00746 -0.00213 0.00320
968.095 0.00000 -0.00107 0.00426
968.100 0.00426 -0.00533 -0.00426
968.105 -0.00639 -0.00426 -0.00320
968.110 -0.00107 -0.00213 0.00213
968.115 0.00000 0.00426 0.00959
968.120 -0.00107 0.00213 -0.00107
968.125 -0.00320 0.01065 0.00852
968.130 0.00426 -0.00107 -0.00213
968.135 0.00746 -0.00426 0.00639
968.140 -0.00426 0.01065 -0.00107
968.145 -0.00213 -0.00320 -0.00213
968.150 -0.00426 -0.00107 -0.00639
968.155 -0.00107 -0.00639 0.00213
968.160 0.00533 -0.00320 -0.00213
968.165 0.00320 -0.00320 0.00107
968.170 -0.00746 0.00000 0.00533
968.175 0.01278 0.00746 -0.00320
968.180 -0.01065 0.00213 -0.00639
968.185 -0.01811 -0.00213 -0.00639
968.190 -0.00107 -0.00107 -0.01065
968.195 0.00746 0.00107 0.00426
968.200 0.00320 -0.00533 0.00533
968.205 -0.00533 -0.00213 -0.00533
968.211 -0.00426 -0.00533 0.00852
968.216 0.01065 -0.00959 -0.00213
968.220 -0.00852 -0.00320 -0.00213
968.225 -0.01278 -0.00746 0.00000
968.230 -0.00746 0.00000 -0.00852
968.235 -0.00107 -0.00107 -0.00107
968.241 -0.00213 -0.00107 -0.00213
968.246 0.00107 0.01385 0.00320
968.251 0.00000 0.00533 -0.00213
968.256 0.00107 -0.00639 0.00320
968.261 -0.00107 0.00639 -0.00639
968.266 -0.00533 -0.00107 0.00107
968.271 -0.00320 -0.00107 0.00959
968.276 0.00426 -0.01704 -0.00107
968.281 0.00426 -0.00746 0.00107
968.286 -0.00213 -0.00426 0.00959
968.291 -0.00533 -0.00426 0.00639
968.296 -0.00533 0.00107 0.01172
968.301 -0.00107 0.00426 0.00000
968.306 -0.01172 -0.00213 -0.00426
968.311 -0.00320 0.00000 -0.00213
968.316 -0.00107 0.00000 -0.00213
968.321 -0.00533 0.00107 -0.00533
968.326 -0.00533 0.00213 -0.00213
968.331 0.00852 -0.00426 -0.00746
968.336 -0.00746 -0.00746 0.00000
968.341 0.00320 0.00107 0.00533
968.346 -0.00213 -0.00533 -0.00426
968.351 0.00107 -0.01278 -0.00426
968.356 0.00107 0.00213 -0.00213
968.361 -0.00639 -0.00746 0.00426
968.366 -0.00852 0.00000 -0.00852
968.372 -0.00213 0.00852 0.00533
968.377 -0.00533 -0.00320 -0.00426
968.381 0.00213 0.00107 0.00639
968.386 -0.00533 -0.00639 0.00320
968.391 -0.00320 -0.00320 -0.00533
968.396 -0.00213 -0.00107 0.00533
968.402 -0.00107 -0.00320 0.00213
968.407 -0.00107 0.00320 0.00852
968.412 -0.00213 0.00000 -0.00533
968.417 0.00107 -0.00426 0.00426
968.422 -0.00320 -0.00213 -0.00213
968.427 -0.00107 -0.00107 0.00000
968.432 -0.00320 0.00107 0.00746
968.437 -0.00426 0.00000 -0.00213
968.442 0.00533 -0.00107 -0.00639
968.447 -0.00639 -0.00107 -0.00639
968.452 -0.00852 0.00213 -0.00426
968.457 0.00320 0.00107 0.00107
968.462 0.00320 -0.00959 -0.00213
968.467 0.00107 -0.00107 0.00426
968.472 0.00320 -0.00639 0.00426
968.477 0.00533 -0.00213 -0.01491
968.482 0.00107 0.00533 -0.00320
968.487 -0.00320 0.00426 -0.00533
968.492 0.00533 0.00213 0.00107
968.497 -0.01385 0.00000 -0.00852
968.502 -0.00533 0.00639 -0.00533
968.507 -0.00959 -0.00639 -0.00320
968.512 0.00213 -0.00746 0.00533
968.517 0.00213 -0.00533 -0.00852
968.522 -0.00107 -0.00320 -0.00320
968.527 0.00213 -0.00426 -0.00213
968.533 0.00639 0.00000 0.00107
968.538 0.00639 -0.00533 0.00213
968.543 -0.00959 -0.00533 -0.00213
968.548 -0.01704 0.00746 0.00426
968.553 -0.00107 -0.00746 0.00000
968.558 -0.00746 0.00320 0.00959
968.563 0.00213 -0.00320 -0.00213
968.568 -0.00852 0.00533 0.01278
968.573 0.00000 -0.00213 -0.00213
968.578 -0.00213 0.00320 0.00213
968.583 -0.00213 -0.00746 0.00639
968.588 -0.00639 0.00213 -0.00746
968.593 0.00426 -0.00426 0.00000
968.598 0.00639 -0.00213 0.00107
968.603 -0.00746 -0.00959 -0.00639
968.608 -0.00426 -0.00639 -0.00320
968.613 0.00213 -0.00107 -0.00107
968.618 -0.00426 0.00213 -0.00639
968.623 -0.01278 0.00213 0.00000
968.628 -0.00320 0.00320 0.00213
968.633 0.00000 -0.00213 0.00000
968.638 0.00426 0.00639 0.00107
968.643 0.00639 0.00533 -0.00213
968.648 -0.00213 0.00000 0.00107
968.653 0.00746 0.00107 0.00852
968.658 0.00852 -0.00426 0.00107
968.663 0.00852 -0.01278 -0.00426
968.668 -0.00107 -0.00426 0.00639
968.673 -0.00852 -0.00533 0.01065
968.678 0.00107 -0.00533 -0.00107
968.683 -0.00107 -0.00852 -0.00746
968.688 -0.00852 -0.00213 0.00000
968.693 -0.00533 0.00000 -0.00320
968.698 -0.00639 0.00000 0.00213
968.704 0.00107 -0.00320 -0.01065
968.709 0.00533 0.00000 -0.00213
968.714 -0.00639 0.00213 -0.00320
968.719 -0.00107 -0.00746 0.00000
968.724 -0.00107 0.00000 0.00000
968.729 0.00213 -0.00426 0.00320
968.734 0.00000 0.00533 -0.00320
968.739 0.00213 0.00746 0.00213
968.744 -0.00320 -0.00533 0.00107
968.749 -0.00107 -0.00213 0.00852
968.754 0.00320 -0.00213 0.00107
968.759 -0.00639 0.00320 -0.00959
968.764 -0.00213 -0.00213 0.00426
968.769 0.00426 0.00426 -0.00320
968.774 0.00000 0.01065 -0.00107
968.779 -0.00533 -0.00426 0.00000
968.784 -0.00213 0.00533 -0.00107
968.789 0.00426 0.00000 0.00852
968.794 0.00000 0.00000 0.00213
968.799 0.00213 0.00320 -0.00213
968.804 0.00746 -0.00213 -0.01065
968.809 0.00000 0.00000 -0.00107
968.814 0.00639 0.00852 0.00213
968.819 -0.00320 0.00746 0.00533
968.824 -0.00533 0.00000 -0.00320
968.829 0.00107 0.00107 -0.00213
968.834 0.00639 -0.00107 0.00107
968.839 -0.00107 0.00000 -0.00320
968.844 -0.00320 0.01491 0.00107
968.849 -0.00639 -0.01811 0.01065
968.854 -0.00959 0.00107 0.00213
968.859 -0.00426 0.00533 -0.00107
968.864 0.00107 0.00213 0.00213
968.869 -0.00107 -0.00639 0.00213
968.874 0.00107 -0.00320 -0.00639
968.879 0.00852 -0.01065 0.00213
968.884 -0.00959 0.00000 -0.00320
968.889 -0.00213 -0.00426 0.00320
968.894 0.00213 0.00000 0.00639
968.899 -0.00639 -0.00213 0.00000
968.905 0.00107 -0.00639 0.00852
968.910 -0.01172 -0.00107 0.00426
968.915 -0.00213 -0.00746 -0.00639
968.920 -0.00107 0.00320 0.00000
968.925 -0.00107 -0.00426 -0.00320
968.930 0.00213 0.00320 -0.00213
968.935 -0.00639 -0.00320 0.00000
968.940 -0.00639 -0.00320 -0.01385
968.945 -0.00107 0.00213 -0.00426
968.950 0.00320 -0.00320 -0.00426
968.955 -0.01172 -0.00852 0.00533
968.960 -0.00107 -0.00639 -0.00426
968.965 0.01385 -0.00426 -0.00320
968.970 0.00213 0.00107 -0.00959
968.975 -0.00533 -0.00959 0.00426
968.980 -0.00639 0.00107 0.00107
968.985 -0.00320 -0.00320 0.01385
968.990 0.00426 -0.00213 0.00320
968.995 -0.01065 -0.00639 -0.00107
969.000 0.01065 0.00213 0.00320
969.005 0.00000 -0.00426 0.00639
969.010 0.00320 0.00000 -0.00107
969.015 -0.00320 0.00426 0.00213
969.020 -0.00639 -0.00639 -0.00107
969.025 0.00746 0.00426 -0.00320
969.030 0.00426 0.00426 0.00000
969.035 0.00639 0.00213 0.00213
969.040 -0.01385 -0.00746 -0.00746
969.045 -0.00320 -0.00426 -0.00320
969.050 -0.00320 -0.01065 0.00959
969.055 0.00107 0.00746 0.00213
969.060 -0.00213 -0.00426 0.00213
969.066 -0.00959 0.00320 -0.00533
969.070 0.00000 -0.01598 0.00533
969.076 -0.00426 0.00320 -0.00320
969.081 0.00107 0.00320 -0.00107
969.086 0.00000 0.00320 0.00426
969.091 -0.00213 -0.00533 -0.00107
969.096 0.00107 -0.00426 -0.00320
969.101 0.00107 0.00000 0.00639
969.106 0.00000 -0.00213 -0.00213
969.111 -0.00213 -0.00320 -0.00213
969.116 -0.00107 -0.00107 -0.00213
969.121 0.00213 -0.00852 0.00107
969.126 0.00533 0.00746 -0.00213
969.131 -0.00639 -0.00746 -0.00852
969.136 0.00000 0.00959 0.00213
969.141 -0.00107 -0.00320 0.00107
969.146 -0.00533 0.00320 -0.00746
969.151 0.00746 -0.00107 0.00213
969.156 0.00426 -0.00213 0.00320
969.161 -0.00107 0.00533 -0.00639
969.166 -0.00107 -0.00213 0.00959
969.171 -0.00213 -0.00746 -0.00959
969.176 0.00213 0.00533 0.00107
969.181 0.00320 0.00320 -0.00852
969.187 0.00107 0.00000 0.00107
969.192 -0.00639 0.00213 -0.00107
969.197 0.00320 -0.00426 0.00639
969.202 0.00213 -0.00852 0.00213
969.207 -0.00107 0.00000 0.00213
969.212 -0.00107 -0.00320 0.00533
969.217 -0.00533 -0.00213 0.00746
969.222 -0.00213 0.00533 0.00320
969.227 0.00000 -0.00320 0.00533
969.232 0.00213 0.00533 0.00426
969.237 -0.00213 -0.00107 -0.00107
969.242 0.00213 0.00213 -0.00320
969.247 0.00107 0.00533 0.00320
969.252 0.00000 -0.00639 0.00000
969.257 -0.00320 0.00213 -0.00107
969.262 0.00107 0.00746 -0.00213
969.267 -0.00426 0.00533 -0.00852
969.272 0.00107 0.00000 0.00213
969.277 0.00107 -0.00746 -0.00533
969.282 0.00213 -0.00213 0.00426
969.287 -0.00639 -0.00639 -0.00107
969.292 0.00000 -0.00426 0.00000
969.297 0.00107 -0.00533 -0.00426
969.302 -0.00320 -0.00320 0.00107
969.307 0.00000 -0.00107 0.00213
969.312 -0.00426 0.00107 -0.00213
969.317 -0.00213 -0.00639 -0.00639
969.322 0.00107 0.00959 0.00320
969.327 0.00107 0.00213 -0.00320
969.332 -0.00320 -0.00213 -0.00426
969.337 -0.00213 0.00746 -0.00852
969.342 0.00426 -0.01065 0.00320
969.348 -0.00533 -0.00213 0.00320
969.353 0.01385 -0.00320 0.00959
969.358 -0.00320 0.00000 -0.00320
969.363 0.00320 -0.00426 -0.00107
969.368 -0.00107 -0.00639 0.00533
969.373 -0.00320 -0.00852 -0.00213
969.378 -0.00533 -0.00426 -0.00213
969.383 0.00107 -0.00426 0.00426
969.388 0.00107 0.00107 0.00107
969.393 -0.00426 -0.00320 0.00426
969.398 -0.00320 -0.01065 0.00213
969.403 -0.00213 -0.00213 -0.00426
969.408 0.00533 0.00000 -0.00213
969.413 -0.00533 -0.00533 0.00852
969.418 -0.00320 -0.00533 -0.00426
969.423 0.00213 -0.00746 -0.01172
969.428 -0.01065 -0.01065 -0.00320
969.433 -0.00852 -0.00213 0.00000
969.438 -0.00533 0.00320 0.00746
969.443 0.00213 0.00426 -0.00533
969.448 0.00107 -0.00852 0.00107
969.453 0.00746 -0.00107 -0.00107
969.458 -0.00320 0.00000 -0.01065
969.463 0.00107 0.00000 0.00107
969.468 -0.00213 -0.00426 0.00320
969.473 -0.00639 0.00000 0.00426
969.478 -0.00959 -0.00107 -0.00959
969.483 0.00000 -0.00426 -0.00320
969.488 -0.00320 0.00213 0.00426
969.493 -0.00533 -0.00426 -0.00320
969.498 -0.00107 -0.00959 0.00107
969.503 0.00320 0.00320 0.00107
969.508 0.00852 -0.00426 0.00000
969.513 0.00426 -0.00320 0.00746
969.519 0.00000 -0.01065 0.00000
969.524 0.00852 0.00426 -0.00320
969.529 -0.00107 0.00000 0.00533
969.534 -0.00426 0.00320 0.00213
969.539 -0.00533 -0.00320 -0.00213
969.544 -0.00426 -0.00320 0.00000
969.549 0.01278 0.00000 0.00107
969.554 0.00746 -0.00533 0.00000
969.559 -0.00213 0.00320 -0.00107
969.564 -0.00320 -0.00533 -0.00320
969.569 0.00000 -0.00533 0.00533
969.574 -0.00533 0.00426 0.00213
969.579 -0.00746 0.00000 -0.00213
969.584 0.00852 -0.00213 0.00107
969.589 -0.00426 0.00639 -0.00533
969.594 -0.00107 0.00533 -0.00426
969.599 -0.00213 -0.00852 0.00533
969.604 0.00000 0.00320 -0.00426
969.609 -0.00213 -0.00107 0.00000
969.614 0.00000 -0.00213 0.00426
969.619 -0.00426 -0.00107 -0.00639
969.624 -0.00533 -0.00107 0.00213
969.629 0.00107 0.00426 -0.00533
969.634 -0.00320 -0.00213 0.00426
969.639 0.00426 0.00213 -0.00107
969.644 -0.00746 0.00320 -0.00320
969.649 -0.00852 -0.00213 0.00533
969.654 -0.00213 -0.00213 0.00107
969.659 0.00107 0.00000 0.00000
969.664 -0.00213 -0.00639 0.00213
969.669 -0.00746 -0.00959 0.00426
969.674 -0.00107 0.00000 0.00852
969.679 -0.00746 0.01385 0.00320
969.684 0.00000 -0.00533 -0.00107
969.689 -0.00639 -0.00639 -0.00107
969.694 -0.00426 -0.00426 0.00533
969.699 -0.00746 -0.00426 -0.00213
969.704 0.00000 0.00320 0.01278
969.709 -0.00852 0.00107 -0.00107
969.714 -0.00426 0.00533 0.00746
969.720 0.00320 -0.01065 -0.00107
969.725 0.00000 -0.00107 0.00107
969.730 0.00426 0.00213 0.00320
969.735 -0.00320 -0.00320 -0.00426
969.740 0.00746 0.00213 -0.01278
969.745 -0.00320 -0.00852 -0.00426
969.750 -0.00639 -0.00533 0.00639
969.755 -0.00959 -0.00213 -0.00107
969.760 -0.00213 -0.00107 -0.00213
969.765 -0.00320 -0.00533 0.00320
969.770 0.00320 0.00320 -0.00533
969.775 0.00746 0.00746 0.00426
969.780 -0.00639 0.00320 0.00426
969.785 0.00746 0.01172 -0.00107
969.790 -0.00426 0.00000 0.00213
969.795 -0.00213 -0.00320 0.00213
969.801 -0.00320 0.00426 -0.00426
969.806 0.00426 -0.01065 -0.00213
969.811 0.00107 0.00213 -0.00107
969.816 -0.00107 -0.00639 0.00000
969.821 -0.00107 0.00320 0.00107
969.826 -0.00852 0.00107 -0.00213
969.831 -0.00320 0.00000 0.00107
969.836 -0.00213 -0.00213 0.00107
969.841 0.00213 -0.00320 -0.00639
969.846 0.00107 0.00533 -0.00107
969.851 -0.00639 -0.00320 0.00107
969.856 0.00000 0.00320 0.00000
969.861 0.00213 0.00533 -0.00533
969.866 0.00426 -0.01278 0.00426
969.871 0.00107 -0.00320 0.00426
969.876 -0.00320 0.00107 -0.00426
969.881 0.00107 0.00000 -0.00533
969.886 0.00320 0.00426 -0.00639
969.891 -0.00320 -0.00533 0.00746
969.896 -0.00107 0.00213 0.00426
969.901 0.00107 0.00213 0.00320
969.906 -0.00746 -0.00107 0.00320
969.911 -0.00213 0.00639 0.00107
969.916 -0.00213 -0.00107 0.00213
969.921 -0.00746 0.00426 -0.00533
969.926 -0.00213 -0.00959 -0.00320
969.932 -0.00213 -0.00213 -0.00213
969.937 0.00746 0.00213 -0.00426
969.942 -0.00320 -0.00852 0.00107
969.947 0.00213 -0.00746 0.00000
969.952 0.00000 0.00000 0.00107
969.957 -0.00852 -0.00746 -0.00533
969.962 -0.00107 0.00000 0.00213
969.967 -0.00426 0.00213 -0.00213
969.972 -0.00959 -0.01278 -0.00107
969.977 -0.00746 0.00000 0.00213
969.982 0.00213 -0.00107 0.00213
969.987 0.00426 0.00959 0.00320
969.992 -0.00107 -0.00320 0.00000
969.997 -0.00959 -0.00320 0.00107
970.002 0.00107 0.00107 0.00320
970.007 -0.00426 -0.00107 0.00426
970.012 -0.00746 -0.01065 -0.00107
970.017 -0.00107 0.00320 -0.00320
970.022 -0.00213 0.00426 -0.00213
970.027 -0.00852 -0.00533 -0.00320
970.032 -0.00426 -0.00746 -0.00533
970.037 0.01065 0.00107 -0.00107
970.042 0.00320 -0.00107 -0.00639
970.047 -0.00533 -0.01385 -0.00320
970.052 -0.00639 0.00213 -0.00959
970.057 0.00107 0.00000 -0.00852
970.062 0.00000 -0.00746 -0.00107
970.067 0.00000 -0.00746 -0.00959
970.072 -0.00533 -0.00426 -0.00533
970.077 0.00107 -0.00213 0.00320
970.082 -0.00533 0.00320 0.00107
970.087 0.00426 0.00000 0.00426
970.092 -0.00533 -0.00213 -0.00213
970.097 0.00000 0.00107 -0.00746
970.102 0.00000 0.00320 0.00320
970.107 -0.00426 -0.00107 -0.00213
970.112 -0.00533 0.00000 0.00000
970.117 -0.00746 -0.00107 0.00320
970.122 -0.00107 -0.00639 0.00426
970.127 0.00213 0.00320 0.00213
970.132 0.00213 -0.00213 -0.00107
970.137 -0.00213 0.00000 0.00746
970.142 -0.00320 0.00107 0.00320
970.147 0.00213 0.00107 0.00639
970.153 -0.00320 0.00000 -0.00107
970.158 -0.00533 0.00107 -0.00639
970.163 -0.00959 0.00213 0.00213
970.168 -0.00639 -0.00426 -0.00639
970.173 0.00426 0.00639 -0.00107
970.178 0.00639 -0.00213 -0.01065
970.183 0.00000 -0.00639 0.00746
970.188 0.00107 0.00426 -0.00746
970.193 -0.00107 0.00746 0.00000
970.198 -0.00639 -0.01065 0.00000
970.203 -0.01811 -0.00533 -0.00107
970.208 -0.00107 -0.00320 -0.00320
970.213 0.00213 -0.00426 -0.00533
970.218 -0.00533 0.00320 -0.00320
970.223 0.00107 -0.00320 -0.00533
970.228 -0.00213 -0.00320 -0.00533
970.233 -0.00107 -0.00746 0.01172
970.238 -0.00746 0.00320 -0.00213
970.243 -0.00320 -0.00533 -0.00320
970.248 -0.00852 0.00213 -0.00107
970.253 -0.00852 -0.00213 0.00533
970.258 -0.00746 -0.00107 -0.00746
970.263 -0.01172 -0.00107 0.00000
970.268 0.00213 -0.00639 -0.00320
970.273 0.00639 -0.00213 0.00533
970.278 -0.00107 -0.00320 0.00426
970.283 0.00107 -0.00107 -0.00107
970.288 -0.00533 0.00426 0.00213
970.294 0.00107 0.00320 0.00107
970.298 0.00213 0.00107 0.00639
970.304 -0.00107 0.00000 0.00426
970.309 0.00000 -0.00639 0.00320
970.314 -0.00533 -0.00533 0.00213
970.319 0.00213 -0.00533 -0.00213
970.324 0.00213 0.00320 0.00426
970.329 -0.00746 -0.00533 -0.00426
970.334 0.00533 0.00107 0.00746
970.339 -0.00107 -0.00107 0.00320
970.344 0.00320 -0.00959 0.00000
970.349 0.00213 -0.00746 -0.00533
970.354 -0.00107 0.00426 0.00213
970.359 -0.00852 -0.00213 0.01172
970.364 -0.00107 0.00639 -0.00320
970.369 -0.00320 -0.00533 -0.00959
970.374 -0.00213 -0.00533 0.00000
970.379 0.00000 -0.00746 -0.00213
970.384 0.00107 0.00852 0.00000
970.389 0.00426 -0.00426 0.00107
970.394 -0.00213 -0.00533 0.00320
970.399 0.00000 0.00639 0.00107
970.404 0.00213 0.00213 -0.00639
970.409 0.00852 0.00000 -0.00852
970.414 -0.00639 -0.00426 -0.00426
970.419 -0.00320 -0.01065 -0.00107
970.424 0.00000 0.00107 0.00959
970.429 -0.01065 -0.00533 -0.00213
970.434 0.00000 0.00533 0.00213
970.439 -0.00959 0.00000 -0.00213
970.444 0.00320 -0.00320 0.00533
970.449 -0.00213 -0.00213 -0.00746
970.455 0.00533 0.00213 -0.00639
970.460 -0.00213 -0.00213 -0.00107
970.465 0.00213 0.00107 0.00107
970.470 0.00320 -0.00213 0.00852
970.475 -0.00639 -0.00213 -0.00959
970.480 0.00107 -0.00533 -0.00107
970.485 -0.00959 -0.00213 -0.00213
970.490 -0.00107 0.00000 -0.00213
970.495 -0.00107 0.00639 -0.00213
970.500 0.00000 -0.01065 -0.00213
970.505 0.00107 -0.00107 0.01172
970.510 -0.00107 -0.00426 -0.00533
970.515 -0.00533 -0.00320 0.00533
970.520 -0.00320 0.00000 -0.00426
970.525 0.00000 0.00107 0.00000
970.530 -0.01065 0.00000 -0.00320
970.535 -0.01385 -0.00639 -0.00107
970.540 0.00107 0.00213 0.00639
970.545 -0.00213 0.00107 -0.00213
970.550 0.00000 -0.00213 0.01491
970.555 -0.00533 -0.00107 -0.00852
970.560 0.00000 -0.00426 0.00320
970.565 -0.01278 -0.00107 -0.00426
970.570 -0.00746 0.00213 -0.00533
970.575 -0.00639 -0.00639 -0.00320
970.580 0.00746 0.00639 -0.00107
970.585 -0.00213 0.00213 0.00320
970.590 -0.00426 -0.00426 -0.00959
970.595 -0.00426 0.00213 -0.00213
970.600 -0.00213 -0.00107 0.00213
970.605 -0.00426 -0.00320 -0.00639
970.610 0.00000 -0.00746 -0.00533
970.615 -0.00107 -0.00639 -0.00107
970.620 0.00000 0.00213 -0.00746
970.626 -0.00959 -0.01172 0.00320
970.631 -0.00107 0.00000 0.00533
970.636 0.00320 0.00107 -0.00213
970.641 0.00213 -0.00320 0.00000
970.646 -0.00320 -0.00213 0.00533
970.651 -0.01172 0.00000 -0.01065
970.656 -0.00426 0.00000 0.00107
970.661 0.00000 -0.00320 -0.00533
970.666 -0.00107 -0.00426 0.00000
970.671 -0.00852 -0.00320 -0.00320
970.676 0.00000 -0.00426 0.00213
970.681 0.00000 -0.00746 0.00320
970.686 0.00107 0.00320 0.00000
970.691 0.00426 0.00426 -0.00107
970.696 -0.00639 -0.00426 0.00213
970.701 0.00533 -0.00746 0.00852
970.706 -0.00213 0.00426 0.00639
970.711 -0.00746 0.00533 0.00107
970.716 -0.00426 -0.00320 -0.00533
970.721 0.00320 -0.00320 0.00426
970.726 -0.00107 -0.00320 -0.00639
970.731 0.00000 -0.00320 -0.00107
970.736 -0.00746 0.00107 -0.00426
970.741 0.00107 0.00746 -0.00213
970.746 -0.00213 0.00426 0.00426
970.751 0.00000 -0.00426 0.00639
970.756 -0.00533 -0.00213 0.00533
970.761 0.00000 -0.00852 0.00213
970.766 -0.00746 -0.00746 -0.00426
970.771 0.00107 0.00213 0.00320
970.776 0.00426 0.00426 0.00320
970.781 0.01278 -0.00107 -0.00426
970.786 0.00746 0.00213 0.00746
970.791 0.00107 -0.00320 0.00000
970.796 0.00213 0.00000 0.00639
970.801 0.00107 -0.00746 0.00320
970.806 0.00000 0.00426 -0.00746
970.811 -0.00320 -0.00426 -0.00746
970.817 0.00000 -0.00426 -0.01172
970.822 -0.00746 0.00107 0.00213
970.827 0.00213 0.00852 0.00746
970.832 -0.00959 -0.00213 -0.00533
970.837 -0.00213 -0.00213 -0.00426
970.842 -0.00639 -0.00639 -0.00639
970.847 0.00107 0.00000 -0.00213
970.852 0.00320 0.00852 -0.00746
970.857 -0.00959 -0.00959 0.00000
970.862 -0.00959 0.00000 -0.00107
970.867 0.01065 0.00746 0.00000
970.872 -0.00107 0.01491 -0.00107
970.877 -0.00213 -0.00639 0.00320
970.882 -0.00107 -0.00107 0.00746
970.887 0.00746 0.00000 0.00000
970.892 -0.00213 0.00000 0.00533
970.897 -0.00107 0.00107 0.00426
970.902 -0.00533 -0.00213 0.00107
970.907 -0.00533 0.00213 0.00107
970.912 -0.00426 -0.00426 0.00107
970.917 -0.00533 -0.00746 0.00533
970.922 -0.00213 -0.01172 -0.00213
970.927 -0.00320 0.00320 0.00533
970.932 0.00320 -0.00320 -0.00107
970.937 0.00320 0.00213 -0.00107
970.942 0.00533 0.00000 0.00639
970.947 -0.00107 -0.00320 -0.00426
970.952 -0.00533 -0.00107 0.00213
970.957 -0.00426 0.00533 0.00107
970.962 -0.00213 0.00639 0.00426
970.967 0.00000 0.00107 -0.00107
970.972 -0.00320 -0.00213 0.00213
970.977 -0.00639 -0.00533 0.00426
970.982 -0.00107 -0.00746 0.00000
970.987 -0.00107 0.00213 0.00426
970.992 0.00000 0.00533 -0.00320
970.997 -0.00107 -0.00746 0.00107
971.002 -0.00213 0.00107 0.00213
971.008 0.00213 0.00533 -0.00852
971.013 0.00000 0.00852 -0.00213
971.018 0.00000 0.00107 0.00107
971.023 -0.00107 0.00000 0.00000
971.028 -0.00107 0.00213 0.00533
971.033 0.00000 -0.00320 -0.00213
971.038 0.00107 -0.00639 -0.00533
971.043 0.00000 -0.00533 0.00852
971.048 0.00107 0.01065 -0.00320
971.053 0.00000 0.00107 -0.00320
971.058 -0.01385 -0.00107 0.00107
971.063 -0.00320 -0.00852 0.00320
971.068 0.00746 0.00426 -0.00320
971.073 -0.00320 0.00000 0.00426
971.078 -0.01278 -0.00320 0.00533
971.083 -0.01065 -0.00213 0.00533
971.088 0.00000 0.00639 0.00000
971.093 -0.00426 -0.00107 -0.00639
971.098 -0.00107 -0.01704 -0.00426
971.103 0.00213 0.00533 0.00107
971.108 0.00107 0.00213 -0.01278
971.113 -0.00426 0.00213 0.00320
971.118 0.00746 0.00426 -0.00320
971.123 -0.00746 -0.00533 -0.00639
971.128 -0.00426 -0.00320 0.00320
971.133 0.00107 -0.00213 0.00107
971.139 -0.00746 -0.01065 -0.00213
971.144 0.00426 -0.00320 0.00639
971.149 -0.00746 -0.00320 0.00213
971.154 -0.00320 -0.00213 -0.00426
971.159 -0.00426 -0.00107 -0.00107
971.164 0.00213 0.00320 -0.00426
971.169 -0.00533 -0.00320 -0.01065
971.174 0.00213 0.00107 0.00320
