198545.918 0.00068 -0.00133 -0.00180
198545.922 0.00070 -0.00077 -0.00056
198545.926 0.00129 -0.00122 -0.00161
198545.930 0.00056 -0.00105 -0.00202
198545.934 0.00051 0.00005 -0.00213
198545.938 0.00140 0.00017 -0.00066
198545.942 0.00058 -0.00066 0.00047
198545.946 0.00112 -0.00089 -0.00044
198545.950 -0.00023 -0.00126 0.00037
198545.954 -0.00014 0.00014 -0.00059
198545.958 0.00063 0.00096 -0.00056
198545.962 0.00082 0.00087 0.00019
198545.966 0.00103 0.00070 -0.00065
198545.970 0.00063 0.00021 -0.00058
198545.974 0.00143 0.00037 -0.00099
198545.978 0.00119 0.00026 -0.00021
198545.982 0.00068 0.00068 -0.00075
198545.986 0.00175 0.00110 -0.00136
198545.990 0.00112 0.00077 -0.00105
198545.994 0.00187 -0.00052 -0.00068
198545.998 0.00024 0.00003 -0.00103
198546.002 0.00103 0.00002 0.00082
198546.006 0.00138 -0.00072 0.00010
198546.010 0.00178 -0.00166 -0.00157
198546.014 0.00188 -0.00131 -0.00126
198546.018 0.00086 0.00073 -0.00134
198546.022 0.00059 -0.00023 -0.00150
198546.026 0.00007 0.00147 -0.00019
198546.030 0.00129 0.00161 0.00044
198546.034 0.00115 0.00089 -0.00044
198546.038 0.00066 0.00010 -0.00082
198546.042 0.00084 0.00051 -0.00077
198546.046 0.00073 -0.00014 -0.00150
198546.050 0.00056 0.00058 -0.00079
198546.054 0.00037 0.00002 -0.00002
198546.058 0.00061 0.00002 -0.00145
198546.062 0.00112 0.00033 -0.00169
198546.066 0.00262 -0.00017 -0.00070
198546.070 0.00195 -0.00152 -0.00073
198546.074 0.00178 0.00023 -0.00030
198546.078 0.00173 -0.00021 -0.00093
198546.082 0.00096 -0.00017 -0.00080
198546.086 0.00061 -0.00061 -0.00061
198546.090 0.00157 -0.00073 0.00003
198546.094 0.00063 -0.00031 -0.00084
198546.098 -0.00021 0.00068 -0.00047
198546.102 0.00045 0.00005 -0.00023
198546.106 0.00033 0.00033 0.00012
198546.109 0.00014 -0.00079 -0.00143
198546.114 0.00026 -0.00002 -0.00093
198546.118 0.00073 0.00016 -0.00019
198546.122 0.00115 -0.00023 0.00014
198546.126 0.00173 0.00010 -0.00066
198546.130 0.00216 -0.00054 -0.00119
198546.134 0.00138 -0.00056 -0.00117
198546.139 0.00087 -0.00012 -0.00101
198546.142 0.00059 -0.00059 -0.00112
198546.146 0.00052 -0.00103 -0.00099
198546.150 0.00126 0.00065 -0.00005
198546.154 0.00204 0.00003 -0.00026
198546.158 0.00075 0.00047 -0.00063
198546.162 0.00056 -0.00044 -0.00131
198546.166 0.00007 0.00019 -0.00134
198546.169 0.00068 0.00023 0.00000
198546.174 -0.00019 -0.00051 0.00033
198546.178 0.00075 0.00003 -0.00106
198546.182 0.00133 0.00033 -0.00143
198546.186 0.00131 0.00010 -0.00183
198546.190 0.00147 0.00065 -0.00148
198546.194 0.00150 0.00003 -0.00244
198546.198 0.00136 0.00063 -0.00134
198546.202 -0.00047 0.00003 -0.00089
198546.206 0.00009 -0.00026 -0.00124
198546.210 -0.00035 -0.00140 -0.00133
198546.214 0.00042 -0.00063 -0.00091
198546.218 0.00168 -0.00028 -0.00140
198546.222 0.00187 -0.00079 -0.00182
198546.226 0.00040 -0.00183 -0.00119
198546.230 0.00016 0.00028 -0.00117
198546.234 0.00101 0.00024 -0.00070
198546.238 0.00124 0.00038 -0.00103
198546.242 0.00204 -0.00122 -0.00098
198546.246 0.00089 -0.00014 0.00038
198546.250 0.00241 -0.00045 0.00000
198546.254 0.00115 -0.00009 -0.00010
198546.258 0.00126 -0.00014 -0.00133
198546.262 0.00099 0.00000 -0.00134
198546.266 0.00017 0.00002 -0.00152
198546.270 0.00042 0.00047 -0.00080
198546.274 0.00138 0.00089 -0.00106
198546.278 0.00072 0.00024 -0.00038
198546.282 0.00070 -0.00110 0.00009
198546.286 0.00086 -0.00010 0.00037
198546.290 0.00119 -0.00014 -0.00045
198546.294 0.00068 -0.00031 -0.00082
198546.298 0.00070 0.00129 -0.00197
198546.302 0.00099 0.00141 -0.00047
198546.306 0.00108 0.00098 -0.00143
198546.310 0.00171 0.00073 0.00012
198546.314 0.00155 -0.00007 -0.00096
198546.318 0.00093 -0.00059 -0.00110
198546.322 0.00061 0.00136 -0.00145
198546.326 0.00127 0.00007 -0.00154
198546.329 0.00190 -0.00009 -0.00110
198546.334 0.00162 -0.00075 -0.00129
198546.338 0.00094 0.00012 -0.00134
198546.342 0.00106 -0.00009 -0.00150
198546.346 0.00169 0.00045 -0.00019
198546.350 0.00021 0.00223 -0.00091
198546.354 -0.00047 0.00045 -0.00033
198546.358 0.00009 -0.00091 -0.00065
198546.362 -0.00019 -0.00080 -0.00072
198546.366 0.00122 -0.00017 -0.00119
198546.370 -0.00065 -0.00122 -0.00072
198546.374 0.00019 -0.00073 -0.00014
198546.378 0.00133 -0.00120 -0.00209
198546.382 0.00192 -0.00119 -0.00035
198546.386 0.00178 -0.00148 -0.00065
198546.389 0.00052 0.00068 -0.00117
198546.394 0.00216 0.00080 -0.00040
198546.398 0.00124 0.00038 -0.00021
198546.402 0.00175 -0.00063 -0.00016
198546.406 0.00173 -0.00119 -0.00105
198546.410 0.00173 -0.00028 -0.00127
198546.414 0.00141 -0.00003 -0.00284
198546.418 0.00134 0.00030 -0.00129
198546.422 0.00086 0.00009 -0.00134
198546.426 0.00105 0.00140 -0.00091
198546.430 0.00049 0.00084 -0.00033
198546.434 0.00124 0.00009 -0.00155
198546.438 0.00129 0.00049 -0.00110
198546.442 0.00115 -0.00075 -0.00129
198546.446 0.00021 0.00073 -0.00044
198546.450 0.00072 -0.00007 -0.00066
198546.454 0.00190 0.00059 0.00000
198546.458 0.00117 0.00017 0.00079
198546.462 0.00052 -0.00023 0.00009
198546.466 0.00126 -0.00047 -0.00098
198546.470 0.00204 0.00094 -0.00005
198546.474 0.00180 0.00058 -0.00072
198546.478 0.00054 -0.00012 -0.00073
198546.482 0.00021 0.00028 -0.00030
198546.486 0.00117 -0.00035 -0.00138
198546.491 0.00157 -0.00066 -0.00152
198546.494 0.00138 -0.00164 -0.00155
198546.498 0.00162 -0.00024 -0.00080
198546.502 0.00140 -0.00063 -0.00045
198546.506 0.00103 -0.00058 -0.00037
198546.510 0.00049 -0.00087 -0.00051
198546.514 0.00154 0.00113 -0.00038
198546.518 0.00106 0.00108 -0.00094
198546.522 0.00110 0.00045 -0.00126
198546.526 0.00019 0.00014 -0.00058
198546.530 0.00176 -0.00009 -0.00054
198546.534 0.00204 -0.00014 -0.00115
198546.538 0.00150 0.00042 0.00019
198546.542 0.00030 0.00028 -0.00080
198546.546 0.00134 -0.00049 -0.00106
198546.550 0.00056 0.00003 -0.00068
198546.554 0.00157 0.00017 -0.00087
198546.558 0.00077 0.00007 -0.00049
198546.562 0.00101 -0.00040 -0.00038
198546.566 0.00138 0.00037 -0.00005
198546.570 0.00012 -0.00047 -0.00147
198546.574 0.00084 -0.00054 -0.00094
198546.578 0.00134 0.00003 -0.00035
198546.582 0.00117 0.00002 -0.00033
198546.586 0.00066 -0.00101 -0.00126
198546.590 -0.00019 -0.00068 -0.00058
198546.594 0.00061 -0.00091 -0.00206
198546.598 0.00202 -0.00096 -0.00155
198546.602 0.00075 0.00098 -0.00080
198546.606 0.00086 0.00073 -0.00091
198546.610 0.00119 0.00051 -0.00003
198546.614 0.00098 0.00000 -0.00056
198546.618 0.00106 0.00031 -0.00040
198546.622 0.00126 0.00040 -0.00080
198546.626 0.00009 0.00042 -0.00122
198546.630 0.00113 -0.00075 -0.00101
198546.634 0.00248 -0.00031 -0.00098
198546.638 0.00131 -0.00065 -0.00155
198546.642 0.00147 -0.00044 -0.00082
198546.646 0.00120 -0.00054 -0.00091
198546.650 0.00127 0.00047 -0.00110
198546.654 0.00161 0.00089 -0.00084
198546.658 0.00033 0.00070 -0.00047
198546.662 0.00045 0.00066 -0.00037
198546.666 0.00124 0.00033 -0.00065
198546.669 0.00054 -0.00003 -0.00103
198546.674 0.00110 0.00136 -0.00037
198546.678 0.00185 0.00127 -0.00035
198546.682 0.00115 0.00035 -0.00033
198546.686 0.00112 0.00056 -0.00124
198546.690 0.00096 0.00077 -0.00028
198546.694 0.00122 0.00023 -0.00002
198546.698 0.00098 -0.00021 0.00003
198546.702 0.00077 -0.00033 0.00019
198546.706 0.00101 -0.00005 -0.00126
198546.710 0.00122 -0.00073 -0.00087
198546.714 0.00190 0.00012 -0.00017
198546.718 0.00040 0.00035 -0.00059
198546.722 0.00047 0.00026 -0.00147
198546.726 0.00094 -0.00065 -0.00169
198546.729 0.00091 0.00000 -0.00024
198546.734 0.00120 -0.00042 -0.00031
198546.738 0.00143 -0.00023 -0.00049
198546.742 0.00059 -0.00017 -0.00052
198546.746 0.00112 -0.00017 -0.00054
198546.750 0.00005 0.00087 -0.00009
198546.754 0.00023 0.00040 -0.00042
198546.758 0.00087 0.00028 -0.00051
198546.762 0.00059 0.00038 -0.00024
198546.766 0.00112 -0.00016 -0.00106
198546.770 0.00216 0.00072 0.00021
198546.774 0.00077 0.00096 0.00070
198546.778 0.00133 -0.00002 -0.00082
198546.782 0.00117 -0.00058 -0.00077
198546.786 0.00112 -0.00042 -0.00091
198546.790 0.00021 -0.00098 -0.00183
198546.794 0.00042 -0.00052 -0.00134
198546.798 0.00122 0.00063 -0.00059
198546.802 0.00159 -0.00024 -0.00101
198546.806 0.00124 -0.00003 -0.00096
198546.810 0.00159 0.00091 -0.00126
198546.814 0.00168 0.00026 -0.00073
198546.818 0.00051 -0.00051 -0.00075
198546.822 0.00126 0.00049 0.00000
198546.826 0.00265 0.00059 -0.00024
198546.829 0.00302 -0.00072 -0.00017
198546.834 0.00070 -0.00166 -0.00134
198546.839 0.00040 -0.00010 -0.00225
198546.842 0.00093 0.00075 -0.00279
198546.846 0.00152 0.00005 -0.00143
198546.850 0.00211 0.00049 -0.00183
198546.854 0.00136 -0.00014 -0.00164
198546.858 0.00162 -0.00030 -0.00202
198546.862 0.00079 0.00009 -0.00108
198546.866 0.00133 -0.00024 -0.00113
198546.870 0.00117 0.00024 -0.00115
198546.874 0.00082 0.00054 -0.00190
198546.878 0.00133 0.00091 -0.00089
198546.882 0.00101 0.00040 -0.00138
198546.886 0.00093 0.00028 -0.00136
198546.889 0.00091 0.00024 -0.00166
198546.894 0.00075 0.00068 -0.00068
198546.898 0.00087 0.00140 -0.00012
198546.902 0.00059 0.00052 0.00016
198546.906 0.00127 0.00091 -0.00037
198546.910 0.00099 0.00190 -0.00140
198546.914 0.00047 0.00007 -0.00077
198546.918 0.00110 0.00079 -0.00105
198546.922 0.00140 0.00082 -0.00175
198546.926 0.00164 0.00009 -0.00099
198546.930 0.00199 -0.00010 -0.00232
198546.934 0.00255 0.00134 -0.00072
198546.938 0.00148 0.00052 -0.00148
198546.942 0.00150 -0.00014 -0.00065
198546.946 0.00136 0.00028 -0.00042
198546.949 0.00101 -0.00079 -0.00126
198546.954 0.00154 0.00072 -0.00058
198546.958 0.00122 0.00021 -0.00010
198546.962 0.00113 -0.00007 -0.00058
198546.966 0.00112 0.00000 -0.00145
198546.970 0.00066 -0.00058 -0.00093
198546.974 0.00099 -0.00072 -0.00065
198546.978 0.00168 0.00000 -0.00117
198546.982 0.00080 0.00031 -0.00101
198546.986 0.00058 -0.00033 -0.00066
198546.990 0.00127 -0.00096 -0.00058
198546.994 0.00145 0.00005 -0.00101
198546.998 0.00134 0.00033 -0.00082
198547.002 0.00178 -0.00017 -0.00122
198547.006 0.00157 -0.00002 -0.00103
198547.010 0.00138 -0.00103 0.00037
198547.014 0.00103 -0.00054 -0.00136
198547.018 0.00229 0.00047 -0.00061
198547.022 0.00157 0.00044 -0.00086
198547.026 0.00063 0.00044 -0.00093
198547.030 0.00068 0.00000 -0.00169
198547.034 0.00040 0.00002 -0.00145
198547.038 0.00093 0.00033 -0.00108
198547.042 0.00030 -0.00019 -0.00113
198547.046 0.00164 0.00026 -0.00086
198547.050 0.00185 0.00038 -0.00138
198547.054 0.00086 0.00012 -0.00091
198547.058 0.00148 -0.00009 -0.00065
198547.062 0.00195 0.00000 -0.00147
198547.066 0.00194 0.00031 -0.00124
198547.070 0.00101 0.00026 -0.00117
198547.074 0.00122 -0.00065 -0.00147
198547.078 0.00099 -0.00059 -0.00138
198547.082 0.00093 -0.00073 -0.00122
198547.086 0.00182 0.00073 -0.00087
198547.090 0.00084 0.00112 -0.00093
198547.094 0.00103 0.00136 -0.00124
198547.098 0.00124 0.00052 -0.00133
198547.102 0.00250 -0.00044 -0.00091
198547.106 0.00117 -0.00023 -0.00094
198547.109 0.00037 -0.00093 -0.00051
198547.114 0.00016 -0.00096 0.00005
198547.118 0.00131 -0.00112 -0.00038
198547.122 0.00070 -0.00072 -0.00035
198547.126 0.00115 0.00012 -0.00080
198547.130 0.00187 -0.00023 -0.00150
198547.134 0.00176 0.00010 -0.00140
198547.138 0.00068 0.00065 -0.00122
198547.142 0.00038 0.00033 -0.00133
198547.146 0.00017 0.00056 -0.00150
198547.150 0.00101 0.00016 -0.00185
198547.154 0.00169 0.00037 -0.00178
198547.158 0.00140 -0.00017 -0.00147
198547.162 0.00103 0.00026 -0.00108
198547.166 0.00124 0.00038 -0.00098
198547.170 0.00115 -0.00016 -0.00141
198547.174 0.00021 -0.00197 -0.00047
198547.178 0.00101 -0.00124 -0.00143
198547.182 0.00199 0.00059 -0.00063
198547.186 0.00073 -0.00040 -0.00056
198547.191 0.00099 0.00051 0.00019
198547.193 0.00138 -0.00028 -0.00051
198547.198 0.00028 -0.00051 -0.00068
198547.202 0.00030 0.00019 -0.00028
198547.206 0.00073 0.00007 -0.00108
198547.210 0.00176 -0.00099 -0.00173
198547.214 0.00173 -0.00113 -0.00070
198547.218 0.00157 -0.00117 -0.00059
198547.222 0.00063 -0.00028 -0.00056
198547.226 0.00068 -0.00035 -0.00024
198547.229 0.00070 0.00127 -0.00047
198547.234 0.00054 0.00096 -0.00037
198547.238 0.00096 -0.00031 -0.00171
198547.242 0.00122 -0.00096 -0.00145
198547.246 0.00143 -0.00127 -0.00033
198547.250 0.00073 -0.00045 -0.00124
198547.254 0.00072 -0.00054 -0.00103
198547.258 -0.00003 -0.00010 -0.00052
198547.262 0.00035 0.00044 -0.00068
198547.266 0.00150 -0.00016 -0.00134
198547.270 0.00136 -0.00152 -0.00105
198547.274 0.00026 0.00068 -0.00052
198547.278 0.00073 -0.00054 -0.00113
198547.282 0.00115 0.00031 -0.00040
198547.286 0.00112 0.00115 -0.00066
198547.289 0.00187 0.00063 -0.00072
198547.294 0.00145 -0.00040 -0.00075
198547.298 0.00044 -0.00007 -0.00075
198547.302 0.00003 -0.00028 -0.00150
198547.306 0.00068 0.00024 -0.00065
198547.310 0.00070 -0.00035 -0.00087
198547.314 0.00175 -0.00021 -0.00003
198547.318 0.00098 0.00010 -0.00056
198547.322 0.00106 -0.00145 -0.00161
198547.326 0.00110 -0.00003 -0.00021
198547.330 0.00094 -0.00073 -0.00106
198547.334 0.00002 -0.00031 -0.00068
198547.338 0.00052 0.00068 -0.00058
198547.342 0.00110 -0.00068 -0.00147
198547.346 0.00035 -0.00030 -0.00033
198547.350 0.00075 0.00113 -0.00019
198547.354 0.00056 0.00063 -0.00075
198547.358 0.00096 -0.00056 -0.00105
198547.362 0.00136 -0.00056 -0.00113
198547.366 0.00042 -0.00147 -0.00024
198547.370 0.00093 -0.00080 -0.00047
198547.374 0.00091 -0.00033 -0.00098
198547.378 0.00136 0.00023 -0.00066
198547.382 0.00012 -0.00080 -0.00087
198547.386 0.00129 -0.00094 -0.00079
198547.389 0.00099 -0.00051 -0.00152
198547.394 0.00063 0.00063 -0.00080
198547.398 0.00098 0.00003 -0.00061
198547.402 0.00106 -0.00086 -0.00026
198547.406 0.00065 0.00009 0.00042
198547.410 0.00098 0.00005 -0.00044
198547.414 0.00093 -0.00010 -0.00052
198547.418 0.00166 0.00014 -0.00188
198547.422 0.00080 -0.00023 -0.00134
198547.426 0.00148 0.00024 -0.00091
198547.430 0.00166 0.00024 -0.00169
198547.434 0.00185 0.00009 -0.00129
198547.438 0.00145 -0.00010 -0.00119
198547.442 0.00134 0.00000 0.00063
198547.446 0.00117 0.00002 -0.00099
198547.449 0.00082 -0.00056 -0.00066
198547.454 0.00042 -0.00072 -0.00133
198547.458 0.00002 -0.00016 -0.00150
198547.462 0.00098 -0.00031 -0.00185
198547.466 0.00152 -0.00019 -0.00058
198547.470 0.00106 0.00042 -0.00010
198547.474 0.00140 0.00073 0.00030
198547.478 0.00119 0.00066 -0.00093
198547.482 -0.00052 -0.00009 -0.00049
198547.486 0.00038 0.00030 -0.00023
198547.490 0.00047 -0.00094 -0.00166
198547.494 0.00169 -0.00021 -0.00220
198547.498 0.00096 -0.00033 -0.00127
198547.502 0.00045 0.00009 -0.00119
198547.506 0.00079 0.00049 -0.00147
198547.509 0.00147 0.00075 -0.00169
198547.514 0.00180 -0.00082 -0.00099
198547.518 0.00129 -0.00108 -0.00066
198547.522 0.00206 -0.00056 -0.00133
198547.526 0.00030 -0.00056 -0.00166
198547.530 0.00030 -0.00026 -0.00129
198547.534 0.00073 -0.00079 -0.00134
198547.539 0.00131 -0.00093 -0.00059
198547.542 0.00251 -0.00037 -0.00162
198547.546 0.00148 0.00098 -0.00098
198547.550 0.00059 0.00087 -0.00110
198547.554 0.00082 0.00115 -0.00099
198547.558 0.00073 0.00002 -0.00187
198547.562 0.00161 0.00033 -0.00044
198547.566 0.00229 0.00070 -0.00021
198547.570 0.00127 0.00035 -0.00045
198547.574 0.00009 0.00010 -0.00023
198547.578 0.00038 0.00005 -0.00061
198547.582 0.00002 -0.00040 -0.00147
198547.586 0.00157 0.00051 -0.00154
198547.590 0.00274 -0.00044 -0.00155
198547.594 0.00108 0.00066 -0.00035
198547.598 0.00185 0.00049 -0.00065
198547.602 0.00145 -0.00028 -0.00178
198547.606 0.00059 -0.00019 -0.00056
198547.610 0.00098 -0.00017 -0.00010
198547.614 0.00122 -0.00016 -0.00087
198547.618 0.00143 -0.00031 -0.00138
198547.622 0.00014 -0.00021 -0.00077
198547.626 0.00054 0.00026 -0.00075
198547.630 0.00112 -0.00005 -0.00089
198547.634 0.00110 -0.00103 -0.00108
198547.638 -0.00009 -0.00054 -0.00143
198547.642 0.00049 -0.00131 -0.00033
198547.646 0.00140 0.00012 -0.00065
198547.650 0.00164 0.00051 -0.00058
198547.654 0.00094 0.00059 -0.00131
198547.658 0.00182 0.00154 -0.00089
198547.662 0.00099 0.00058 -0.00094
198547.666 0.00138 -0.00072 -0.00140
198547.669 0.00117 0.00028 -0.00031
198547.674 0.00112 0.00009 -0.00079
198547.678 0.00037 -0.00099 -0.00091
198547.682 0.00091 -0.00007 -0.00094
198547.686 0.00030 -0.00014 -0.00124
198547.690 0.00120 -0.00016 -0.00162
198547.694 0.00113 0.00058 -0.00143
198547.698 0.00021 0.00031 -0.00093
198547.702 0.00117 0.00086 -0.00140
198547.706 0.00082 -0.00005 -0.00002
198547.710 0.00133 -0.00044 0.00049
198547.714 0.00072 -0.00038 -0.00042
198547.718 0.00070 0.00021 -0.00051
198547.722 0.00086 -0.00080 -0.00145
198547.726 0.00105 -0.00094 -0.00063
198547.730 0.00033 -0.00080 -0.00072
198547.734 0.00075 -0.00094 -0.00073
198547.738 0.00117 -0.00051 -0.00180
198547.742 0.00096 0.00003 -0.00162
198547.746 0.00077 -0.00101 -0.00112
198547.750 0.00101 -0.00084 -0.00161
198547.754 0.00108 -0.00033 -0.00066
198547.758 0.00080 0.00113 -0.00028
198547.762 0.00147 0.00122 -0.00063
198547.766 0.00105 0.00124 -0.00117
198547.770 0.00065 0.00079 -0.00070
198547.774 0.00038 -0.00005 0.00000
198547.778 0.00136 0.00000 -0.00070
198547.782 0.00117 -0.00026 -0.00164
198547.786 0.00082 -0.00033 -0.00052
198547.789 0.00028 -0.00005 -0.00070
198547.794 0.00134 0.00045 -0.00089
198547.798 0.00147 0.00059 -0.00138
198547.802 0.00134 -0.00042 -0.00106
198547.806 0.00178 -0.00023 -0.00098
198547.810 0.00098 -0.00017 -0.00112
198547.814 0.00017 -0.00093 -0.00113
198547.818 0.00086 -0.00021 -0.00070
198547.822 0.00134 -0.00002 -0.00148
198547.826 0.00117 0.00045 -0.00094
198547.830 0.00007 -0.00014 -0.00094
198547.834 0.00068 0.00087 -0.00080
198547.838 0.00084 0.00040 -0.00061
198547.842 0.00059 -0.00016 0.00002
198547.846 -0.00007 -0.00091 -0.00084
198547.849 0.00140 0.00023 -0.00077
198547.854 0.00087 0.00007 -0.00091
198547.858 0.00105 0.00003 -0.00065
198547.862 0.00033 0.00063 -0.00026
198547.866 0.00091 0.00033 -0.00017
198547.870 0.00150 0.00056 -0.00030
198547.874 0.00150 -0.00058 -0.00138
198547.878 0.00211 -0.00087 -0.00152
198547.882 0.00136 0.00024 -0.00110
198547.886 0.00117 0.00009 -0.00068
198547.891 0.00082 0.00003 -0.00089
198547.894 0.00134 -0.00026 -0.00093
198547.898 0.00131 -0.00049 -0.00051
198547.902 0.00176 -0.00024 -0.00009
198547.906 0.00202 -0.00079 -0.00072
198547.910 0.00166 -0.00077 -0.00105
198547.914 0.00080 -0.00017 -0.00127
198547.918 0.00103 0.00026 -0.00028
198547.922 0.00093 -0.00003 -0.00183
198547.926 0.00091 0.00075 -0.00148
198547.930 0.00016 0.00007 -0.00049
198547.934 0.00024 -0.00056 -0.00082
198547.938 0.00000 -0.00012 -0.00077
198547.942 0.00066 0.00075 -0.00061
198547.946 0.00070 0.00021 -0.00056
198547.949 0.00175 0.00023 -0.00054
198547.954 0.00112 -0.00021 -0.00070
198547.958 0.00126 -0.00108 -0.00089
198547.962 0.00190 0.00124 -0.00049
198547.966 0.00162 0.00110 -0.00218
198547.970 0.00079 0.00030 -0.00218
198547.974 0.00058 -0.00003 -0.00157
198547.978 0.00127 0.00016 -0.00112
198547.982 0.00115 0.00096 -0.00099
198547.986 0.00127 -0.00016 -0.00126
198547.990 0.00115 -0.00047 -0.00103
198547.994 0.00141 0.00065 -0.00157
198547.998 0.00044 -0.00084 -0.00096
198548.002 0.00079 -0.00035 -0.00080
198548.006 0.00147 0.00068 -0.00077
198548.009 0.00195 -0.00038 -0.00150
198548.014 0.00103 -0.00082 -0.00124
198548.018 0.00019 -0.00093 -0.00162
198548.022 0.00010 -0.00021 -0.00068
198548.026 0.00115 0.00056 -0.00042
198548.030 0.00052 0.00077 -0.00141
198548.034 0.00110 0.00127 -0.00077
198548.038 0.00035 0.00094 -0.00120
198548.042 0.00000 0.00103 -0.00131
198548.046 0.00037 0.00000 -0.00225
198548.050 0.00091 0.00002 -0.00204
198548.054 0.00105 0.00017 -0.00154
198548.058 0.00035 0.00007 -0.00126
198548.062 0.00059 -0.00024 -0.00087
198548.066 0.00113 0.00086 -0.00093
198548.069 0.00037 -0.00110 -0.00110
198548.074 0.00106 0.00017 -0.00038
198548.078 0.00140 0.00037 0.00007
198548.082 0.00148 0.00042 -0.00082
198548.086 0.00075 -0.00091 -0.00077
198548.090 0.00101 -0.00035 -0.00105
198548.094 0.00213 -0.00037 0.00005
198548.098 0.00138 -0.00082 -0.00052
198548.102 0.00194 -0.00093 -0.00145
198548.106 0.00117 -0.00112 -0.00154
198548.110 0.00202 0.00017 -0.00110
198548.114 0.00030 0.00248 0.00005
198548.118 -0.00014 0.00021 -0.00023
198548.122 0.00122 -0.00021 0.00012
198548.126 0.00129 -0.00031 -0.00037
198548.130 0.00101 0.00009 -0.00049
198548.134 0.00122 0.00003 -0.00143
198548.138 0.00175 -0.00056 0.00010
198548.142 0.00173 -0.00086 -0.00082
198548.146 0.00141 -0.00049 -0.00182
198548.150 0.00119 -0.00040 -0.00087
198548.154 0.00157 -0.00007 -0.00047
198548.158 0.00108 0.00075 -0.00052
198548.162 0.00155 -0.00037 -0.00023
198548.166 0.00243 -0.00096 -0.00152
198548.170 0.00131 -0.00052 -0.00110
198548.174 0.00115 -0.00072 -0.00190
198548.178 0.00037 -0.00016 -0.00134
198548.182 0.00122 0.00042 -0.00120
198548.186 0.00099 0.00089 -0.00010
198548.190 0.00031 0.00086 -0.00119
198548.194 0.00045 -0.00003 -0.00101
198548.198 0.00079 0.00120 -0.00066
198548.202 0.00117 0.00019 -0.00044
198548.206 0.00023 0.00066 0.00007
198548.210 -0.00002 -0.00099 -0.00023
198548.214 0.00141 0.00035 -0.00016
198548.218 0.00103 -0.00017 -0.00030
198548.222 0.00108 -0.00031 -0.00154
198548.226 0.00230 -0.00096 -0.00065
198548.229 0.00112 -0.00188 -0.00028
198548.234 0.00216 -0.00045 -0.00031
198548.239 0.00079 0.00003 -0.00154
198548.242 0.00058 0.00063 -0.00096
198548.246 0.00082 0.00108 -0.00035
198548.250 0.00148 0.00075 -0.00049
198548.254 0.00106 0.00066 -0.00007
198548.258 0.00019 -0.00009 -0.00058
198548.262 0.00026 0.00030 -0.00070
198548.266 0.00134 -0.00003 -0.00073
198548.270 -0.00002 0.00061 -0.00075
198548.274 0.00096 0.00003 -0.00120
198548.278 0.00122 -0.00026 -0.00087
198548.282 0.00143 -0.00079 -0.00154
198548.286 0.00134 -0.00017 -0.00110
198548.290 0.00162 0.00012 -0.00159
198548.294 0.00079 0.00051 0.00007
198548.298 0.00058 0.00182 -0.00068
198548.302 0.00157 -0.00099 -0.00194
198548.306 0.00213 0.00021 -0.00030
198548.310 0.00168 0.00052 -0.00138
198548.314 0.00110 0.00000 -0.00091
198548.318 0.00141 0.00031 -0.00033
198548.322 0.00103 -0.00003 -0.00110
198548.326 0.00063 0.00045 -0.00143
198548.330 0.00127 0.00044 -0.00063
198548.334 0.00086 0.00028 0.00031
198548.338 0.00119 -0.00035 -0.00061
198548.342 0.00173 -0.00066 -0.00040
198548.346 0.00021 -0.00030 -0.00066
198548.349 0.00072 0.00009 -0.00012
198548.354 0.00176 0.00019 -0.00089
198548.358 0.00113 0.00007 -0.00017
198548.362 0.00096 -0.00040 -0.00091
198548.366 0.00031 -0.00007 -0.00033
198548.370 0.00044 0.00045 -0.00108
198548.374 0.00138 -0.00030 -0.00084
198548.378 0.00012 -0.00080 -0.00122
198548.382 0.00115 -0.00003 -0.00026
198548.386 0.00112 0.00091 -0.00047
198548.390 0.00187 -0.00063 -0.00007
198548.394 0.00161 0.00030 -0.00072
198548.398 0.00169 -0.00019 -0.00014
198548.402 0.00019 -0.00017 -0.00028
198548.406 0.00058 -0.00061 -0.00108
198548.410 0.00112 -0.00089 -0.00113
198548.414 0.00051 0.00023 -0.00086
198548.418 0.00201 0.00098 -0.00077
198548.422 0.00119 0.00028 -0.00045
198548.426 0.00113 0.00024 -0.00096
198548.430 0.00021 0.00007 -0.00141
198548.434 0.00072 -0.00040 -0.00152
198548.438 0.00115 -0.00023 -0.00126
198548.442 0.00127 -0.00124 -0.00208
198548.446 0.00099 0.00059 -0.00065
198548.450 0.00047 0.00124 -0.00058
198548.454 -0.00010 0.00124 -0.00131
198548.458 0.00094 0.00140 -0.00044
198548.462 0.00152 0.00007 -0.00098
198548.466 0.00211 0.00065 -0.00021
198548.470 0.00136 -0.00010 -0.00120
198548.474 0.00162 -0.00089 -0.00178
198548.478 0.00185 -0.00155 -0.00237
198548.482 0.00115 -0.00113 -0.00133
198548.486 0.00112 -0.00101 -0.00105
198548.490 0.00066 -0.00052 -0.00066
198548.494 -0.00005 -0.00101 -0.00119
198548.498 0.00019 0.00051 -0.00072
198548.502 0.00026 0.00061 -0.00028
198548.506 0.00105 0.00002 -0.00079
198548.509 0.00108 -0.00101 -0.00061
198548.514 0.00094 0.00035 -0.00131
198548.518 0.00002 0.00058 -0.00134
198548.522 -0.00007 0.00106 -0.00150
198548.526 0.00019 0.00045 -0.00140
198548.530 0.00042 -0.00030 -0.00152
198548.534 0.00047 0.00113 -0.00049
198548.538 0.00169 0.00122 -0.00068
198548.542 0.00171 0.00019 -0.00012
198548.546 0.00171 0.00037 0.00016
198548.550 0.00262 -0.00063 0.00023
198548.554 0.00134 0.00000 -0.00063
198548.558 0.00131 0.00017 -0.00176
198548.562 0.00056 -0.00023 -0.00237
198548.566 0.00037 0.00010 -0.00087
198548.569 0.00106 -0.00099 -0.00154
198548.574 0.00094 -0.00052 -0.00141
198548.578 0.00061 -0.00056 -0.00045
198548.582 0.00023 0.00061 -0.00113
198548.586 0.00058 0.00094 0.00003
198548.591 0.00037 -0.00077 -0.00099
198548.593 -0.00012 -0.00077 -0.00051
198548.598 -0.00010 -0.00031 -0.00068
198548.602 0.00017 0.00052 -0.00178
198548.606 -0.00002 0.00061 -0.00133
198548.610 0.00080 0.00094 -0.00014
198548.614 0.00103 0.00026 -0.00105
198548.618 0.00065 0.00009 -0.00082
198548.622 0.00023 0.00003 -0.00031
198548.626 0.00087 -0.00040 -0.00063
198548.629 0.00014 0.00051 -0.00087
198548.634 0.00099 -0.00014 -0.00138
198548.638 0.00168 -0.00106 -0.00136
198548.642 0.00126 0.00049 -0.00150
198548.646 0.00084 0.00000 -0.00185
198548.650 0.00180 0.00017 -0.00044
198548.654 0.00143 0.00052 -0.00127
198548.658 0.00148 0.00045 -0.00164
198548.662 0.00091 0.00014 -0.00082
198548.666 0.00136 0.00005 -0.00093
198548.670 0.00133 -0.00010 -0.00094
198548.674 0.00147 -0.00150 -0.00094
198548.678 0.00209 -0.00066 -0.00035
198548.682 0.00152 0.00000 -0.00110
198548.686 0.00091 -0.00072 -0.00145
198548.690 0.00045 0.00073 -0.00047
198548.694 0.00108 -0.00052 0.00005
198548.698 0.00124 -0.00115 -0.00009
198548.702 0.00113 -0.00028 0.00091
198548.706 0.00127 0.00024 -0.00016
198548.710 0.00099 -0.00126 -0.00134
198548.714 0.00108 -0.00014 -0.00106
198548.718 0.00080 0.00028 -0.00098
198548.722 0.00087 0.00009 -0.00187
198548.726 0.00180 0.00035 -0.00164
198548.729 0.00159 -0.00047 -0.00159
198548.734 0.00079 0.00003 -0.00096
198548.738 0.00087 0.00033 -0.00096
198548.742 0.00075 -0.00033 -0.00201
198548.746 0.00072 -0.00035 -0.00183
198548.750 0.00040 0.00098 -0.00148
198548.754 0.00063 0.00058 -0.00154
198548.758 0.00127 0.00093 -0.00216
198548.762 0.00086 -0.00063 -0.00157
198548.766 0.00058 -0.00073 -0.00171
198548.770 0.00066 0.00087 -0.00175
198548.774 0.00204 0.00115 -0.00040
198548.778 0.00166 0.00017 -0.00096
198548.782 0.00124 0.00021 -0.00035
198548.786 0.00234 0.00082 0.00009
198548.789 0.00173 0.00038 -0.00037
198548.794 0.00157 -0.00002 -0.00051
198548.798 0.00108 -0.00026 -0.00084
198548.802 0.00065 0.00054 -0.00122
198548.806 0.00038 0.00077 -0.00147
198548.810 0.00047 0.00037 -0.00049
198548.814 0.00140 0.00042 -0.00023
198548.818 0.00119 0.00012 0.00042
198548.822 0.00112 -0.00038 -0.00058
198548.826 0.00126 -0.00112 -0.00101
198548.830 0.00129 -0.00101 -0.00066
198548.834 0.00131 -0.00054 -0.00058
198548.838 0.00040 -0.00010 -0.00056
198548.842 0.00061 0.00014 -0.00024
198548.846 0.00023 0.00096 -0.00031
198548.850 -0.00002 -0.00002 -0.00169
198548.854 0.00066 -0.00012 -0.00161
198548.858 0.00113 0.00028 -0.00096
198548.862 0.00141 0.00115 -0.00080
198548.866 0.00044 0.00122 -0.00091
198548.870 0.00003 -0.00024 -0.00169
198548.874 0.00023 0.00040 -0.00084
198548.878 0.00058 -0.00016 -0.00168
198548.882 0.00052 -0.00031 -0.00159
198548.886 0.00065 -0.00035 -0.00157
198548.890 -0.00005 -0.00005 -0.00021
198548.894 0.00155 -0.00105 -0.00016
198548.898 0.00152 0.00019 -0.00059
198548.902 0.00197 0.00037 -0.00072
198548.906 0.00133 0.00012 -0.00089
198548.910 0.00117 0.00049 -0.00003
198548.914 0.00066 0.00059 -0.00086
198548.918 0.00099 0.00154 -0.00047
198548.922 0.00154 -0.00002 -0.00023
198548.926 0.00122 -0.00089 -0.00061
198548.930 0.00098 0.00024 -0.00161
198548.934 0.00122 -0.00051 -0.00143
198548.939 0.00068 -0.00056 -0.00047
198548.942 0.00054 -0.00026 -0.00052
198548.946 -0.00023 0.00070 0.00019
198548.950 0.00059 -0.00068 -0.00065
198548.954 0.00098 -0.00075 0.00031
198548.958 0.00138 -0.00045 -0.00031
198548.962 0.00117 -0.00038 -0.00079
198548.966 0.00112 -0.00113 -0.00152
198548.970 0.00157 0.00031 -0.00094
198548.974 0.00122 0.00040 -0.00065
198548.978 0.00159 0.00042 -0.00162
198548.982 0.00124 0.00058 -0.00113
198548.986 0.00159 0.00122 0.00019
198548.990 0.00108 -0.00040 -0.00110
198548.994 0.00080 0.00126 -0.00145
198548.998 0.00073 0.00035 -0.00047
198549.002 0.00086 0.00117 -0.00113
198549.006 0.00119 0.00063 -0.00024
198549.010 0.00098 -0.00070 -0.00047
198549.014 0.00106 -0.00061 -0.00068
198549.018 0.00140 0.00047 -0.00133
198549.022 0.00103 0.00014 -0.00075
198549.026 0.00169 -0.00159 -0.00075
198549.030 0.00112 -0.00113 -0.00089
198549.034 0.00065 0.00017 -0.00108
198549.038 0.00113 0.00051 -0.00098
198549.042 0.00051 0.00106 -0.00201
198549.046 0.00110 0.00030 -0.00124
198549.050 0.00126 -0.00110 -0.00147
198549.054 0.00084 0.00033 -0.00140
198549.058 0.00134 0.00131 -0.00075
198549.062 0.00162 0.00037 -0.00136
198549.066 0.00124 -0.00077 -0.00136
198549.069 0.00159 -0.00047 -0.00136
198549.074 0.00093 -0.00084 -0.00150
198549.078 0.00016 -0.00065 -0.00155
198549.082 0.00070 -0.00014 -0.00126
198549.086 0.00024 -0.00031 -0.00058
198549.090 0.00178 0.00009 -0.00040
198549.094 0.00173 0.00079 -0.00080
198549.098 0.00096 -0.00080 -0.00152
198549.102 0.00138 -0.00063 -0.00155
198549.106 0.00162 -0.00044 -0.00141
198549.110 0.00079 0.00051 -0.00197
198549.114 0.00058 0.00045 -0.00106
198549.118 0.00066 0.00014 -0.00143
198549.122 0.00009 -0.00038 -0.00122
198549.126 0.00054 -0.00066 -0.00117
198549.129 -0.00007 -0.00014 -0.00236
198549.134 0.00065 0.00000 -0.00162
198549.138 0.00038 -0.00087 -0.00068
198549.142 0.00061 -0.00110 -0.00087
198549.146 0.00007 -0.00131 -0.00093
198549.150 0.00038 -0.00031 -0.00140
198549.154 0.00061 -0.00065 -0.00061
198549.158 0.00068 -0.00073 -0.00086
198549.162 0.00070 -0.00122 -0.00138
198549.166 0.00084 -0.00089 -0.00077
198549.170 0.00000 -0.00051 -0.00075
198549.174 0.00005 0.00124 -0.00075
198549.178 0.00098 -0.00054 -0.00120
198549.182 0.00077 0.00017 -0.00117
198549.186 0.00042 0.00021 -0.00131
198549.190 0.00243 0.00068 -0.00134
198549.194 0.00206 0.00005 -0.00059
198549.198 0.00180 0.00033 -0.00040
198549.202 0.00054 -0.00138 -0.00157
198549.206 0.00155 -0.00049 -0.00005
198549.210 0.00122 -0.00115 -0.00117
198549.214 0.00129 -0.00058 -0.00251
198549.218 0.00131 0.00031 -0.00075
198549.222 0.00115 -0.00108 -0.00105
198549.226 0.00096 -0.00040 -0.00068
198549.230 0.00152 0.00096 -0.00087
198549.234 0.00227 0.00058 -0.00124
198549.238 0.00126 0.00016 -0.00012
198549.242 0.00190 0.00082 -0.00058
198549.246 0.00131 0.00023 -0.00070
198549.250 0.00206 -0.00096 -0.00164
198549.254 0.00241 -0.00098 -0.00098
198549.258 0.00159 -0.00068 -0.00066
198549.262 0.00199 -0.00059 -0.00073
198549.266 0.00058 0.00000 0.00000
198549.270 0.00066 0.00002 0.00003
198549.274 0.00070 0.00017 -0.00009
198549.278 0.00204 -0.00098 -0.00058
198549.282 0.00136 -0.00127 -0.00101
198549.286 0.00117 -0.00075 -0.00157
198549.291 0.00112 -0.00093 -0.00051
198549.294 0.00021 -0.00080 0.00019
198549.298 0.00087 0.00010 -0.00079
198549.302 0.00089 -0.00009 -0.00166
198549.306 0.00120 -0.00014 -0.00084
198549.310 0.00218 0.00042 -0.00077
198549.314 0.00169 0.00073 -0.00061
198549.318 0.00126 0.00005 -0.00086
198549.322 0.00175 0.00094 -0.00154
198549.326 0.00218 -0.00002 -0.00096
198549.330 0.00199 0.00016 -0.00185
198549.334 0.00103 0.00051 -0.00148
198549.338 0.00124 0.00030 -0.00154
198549.342 -0.00035 -0.00124 -0.00096
198549.346 -0.00002 0.00059 -0.00065
198549.349 0.00021 -0.00206 -0.00148
198549.354 0.00072 -0.00141 -0.00124
198549.358 0.00115 -0.00079 -0.00012
198549.362 0.00127 0.00026 0.00014
198549.366 0.00054 -0.00051 -0.00037
198549.370 0.00051 0.00033 0.00038
198549.374 0.00080 -0.00063 -0.00075
198549.378 0.00117 -0.00058 -0.00120
198549.382 0.00066 -0.00042 -0.00087
198549.386 0.00009 0.00021 -0.00033
198549.390 0.00054 -0.00082 -0.00063
198549.394 0.00141 -0.00003 -0.00042
198549.398 0.00134 0.00031 -0.00080
198549.402 0.00133 -0.00017 -0.00136
198549.406 0.00101 -0.00047 -0.00136
198549.410 0.00124 -0.00038 -0.00150
198549.414 0.00098 -0.00023 -0.00124
198549.418 0.00077 0.00086 -0.00119
198549.422 0.00133 -0.00049 -0.00147
198549.426 0.00117 -0.00040 -0.00108
198549.430 0.00112 0.00021 -0.00038
198549.434 0.00141 -0.00005 -0.00140
198549.438 0.00178 0.00105 -0.00061
198549.442 0.00098 0.00000 -0.00056
198549.446 0.00108 0.00002 -0.00131
198549.450 0.00035 0.00063 -0.00089
198549.454 0.00091 -0.00040 -0.00094
198549.458 0.00016 -0.00037 -0.00171
198549.462 0.00040 0.00052 -0.00115
198549.466 0.00017 0.00016 -0.00101
198549.470 0.00131 -0.00127 -0.00080
198549.474 0.00206 -0.00016 -0.00031
198549.478 0.00105 -0.00120 -0.00079
198549.482 0.00094 -0.00044 -0.00075
198549.486 0.00077 0.00005 -0.00134
198549.490 0.00072 -0.00054 -0.00166
198549.494 0.00070 -0.00042 -0.00084
198549.498 0.00129 -0.00129 -0.00093
198549.502 0.00176 0.00000 0.00024
198549.506 0.00082 -0.00117 -0.00124
198549.510 0.00089 -0.00148 -0.00148
198549.514 0.00000 0.00052 -0.00094
198549.518 0.00066 0.00091 0.00070
198549.522 0.00113 0.00072 -0.00112
198549.526 0.00141 0.00080 -0.00099
198549.530 0.00059 -0.00080 -0.00171
198549.534 0.00112 -0.00003 -0.00190
198549.538 0.00080 0.00000 -0.00105
198549.542 0.00087 0.00002 -0.00127
198549.546 0.00120 0.00017 -0.00105
198549.550 0.00159 -0.00037 -0.00173
198549.554 0.00154 -0.00052 -0.00161
198549.558 0.00136 -0.00056 -0.00127
198549.562 0.00133 0.00017 -0.00044
198549.566 0.00237 -0.00037 -0.00127
198549.570 0.00218 0.00066 -0.00103
198549.574 0.00108 0.00094 -0.00037
198549.578 0.00140 -0.00017 -0.00065
198549.582 0.00119 0.00087 -0.00042
198549.586 0.00082 -0.00033 -0.00051
198549.590 0.00148 0.00007 -0.00099
198549.594 0.00105 0.00124 -0.00082
198549.598 0.00065 0.00215 -0.00045
198549.602 0.00113 0.00119 -0.00127
198549.606 0.00037 -0.00026 -0.00148
198549.610 0.00031 -0.00065 -0.00108
198549.614 0.00120 -0.00148 -0.00143
198549.618 0.00204 -0.00021 -0.00138
198549.622 0.00120 -0.00017 -0.00106
198549.626 0.00127 -0.00017 -0.00143
198549.630 0.00161 -0.00016 -0.00183
198549.634 0.00169 -0.00031 -0.00119
198549.639 0.00141 -0.00051 -0.00176
198549.642 0.00178 -0.00131 -0.00176
198549.646 0.00159 -0.00031 -0.00101
198549.650 0.00138 -0.00019 -0.00051
198549.654 0.00148 -0.00077 -0.00145
198549.658 0.00045 -0.00093 -0.00213
198549.662 -0.00010 -0.00051 -0.00187
198549.666 -0.00010 -0.00024 -0.00180
198549.670 -0.00040 0.00086 -0.00101
198549.674 -0.00033 -0.00049 -0.00066
198549.678 -0.00075 0.00003 -0.00117
198549.682 0.00031 -0.00026 -0.00206
198549.686 0.00091 0.00024 -0.00094
198549.690 0.00134 0.00068 -0.00049
198549.694 0.00133 -0.00038 -0.00098
198549.698 0.00072 0.00021 -0.00051
198549.702 0.00086 0.00007 -0.00143
198549.706 0.00000 0.00079 -0.00093
198549.710 0.00051 0.00023 0.00009
198549.714 0.00126 0.00084 -0.00023
198549.718 0.00070 0.00038 -0.00120
198549.722 0.00009 -0.00152 -0.00058
198549.726 0.00161 -0.00037 -0.00161
198549.730 -0.00010 -0.00127 -0.00173
198549.734 0.00049 -0.00016 -0.00056
198549.738 0.00079 -0.00150 -0.00129
198549.742 -0.00016 -0.00098 -0.00089
198549.746 0.00122 -0.00007 -0.00063
198549.750 0.00068 0.00030 -0.00101
198549.754 -0.00003 0.00054 -0.00051
198549.758 0.00126 -0.00058 -0.00145
198549.762 0.00251 -0.00012 -0.00093
198549.766 0.00072 -0.00091 -0.00185
198549.770 0.00070 -0.00155 -0.00223
198549.774 0.00161 -0.00038 -0.00068
198549.778 0.00094 -0.00007 -0.00044
198549.782 0.00150 -0.00059 -0.00112
198549.786 0.00106 -0.00042 -0.00070
198549.790 0.00124 -0.00068 -0.00044
198549.794 0.00145 0.00058 -0.00066
198549.798 0.00119 0.00017 -0.00148
198549.802 0.00023 0.00005 -0.00154
198549.806 -0.00002 0.00124 -0.00171
198549.810 -0.00007 -0.00038 0.00033
198549.814 0.00049 0.00051 0.00073
198549.818 0.00140 0.00016 -0.00005
198549.822 0.00178 -0.00052 -0.00072
198549.826 0.00173 -0.00040 0.00014
198549.830 0.00173 -0.00023 -0.00021
198549.834 0.00096 -0.00079 -0.00075
198549.838 0.00136 0.00040 -0.00120
198549.842 0.00117 0.00134 -0.00026
198549.846 0.00127 -0.00007 -0.00002
198549.849 0.00145 -0.00044 0.00033
198549.854 0.00030 -0.00009 -0.00077
198549.858 -0.00044 -0.00030 -0.00031
198549.862 0.00024 0.00024 -0.00108
198549.866 0.00087 -0.00066 -0.00084
198549.870 0.00075 -0.00073 -0.00077
198549.874 -0.00003 0.00012 -0.00105
198549.878 0.00201 0.00051 -0.00052
198549.882 0.00271 -0.00089 -0.00099
198549.886 0.00183 -0.00051 -0.00096
198549.890 0.00099 -0.00010 -0.00140
198549.894 0.00047 -0.00045 -0.00106
198549.898 0.00094 -0.00054 -0.00143
198549.902 0.00061 -0.00147 -0.00079
198549.906 0.00082 -0.00096 -0.00030
198549.909 0.00103 -0.00157 -0.00079
198549.914 0.00063 -0.00038 -0.00075
198549.918 0.00113 -0.00007 -0.00120
198549.922 0.00051 0.00059 -0.00117
198549.926 0.00035 0.00002 -0.00056
198549.930 0.00150 -0.00026 -0.00086
198549.934 0.00075 -0.00003 -0.00033
198549.938 0.00056 -0.00028 -0.00063
198549.942 0.00096 0.00024 -0.00042
198549.946 0.00122 0.00084 -0.00080
198549.950 0.00068 -0.00169 -0.00136
198549.954 0.00054 -0.00087 -0.00075
198549.958 0.00051 -0.00035 -0.00150
198549.962 0.00080 0.00007 -0.00169
198549.966 0.00058 -0.00040 -0.00161
198549.970 0.00096 -0.00082 -0.00141
198549.974 0.00152 -0.00124 -0.00152
198549.978 0.00122 0.00059 -0.00110
198549.982 0.00159 0.00063 -0.00159
198549.986 0.00122 0.00003 -0.00187
198549.991 0.00143 0.00033 -0.00225
198549.994 0.00150 0.00086 -0.00175
198549.998 0.00000 -0.00049 -0.00086
198550.002 -0.00023 -0.00024 -0.00108
198550.006 0.00106 0.00010 -0.00143
198550.010 0.00140 0.00035 -0.00122
198550.014 -0.00016 0.00012 -0.00208
198550.018 0.00017 -0.00070 -0.00140
198550.022 0.00072 -0.00120 -0.00061
198550.026 0.00024 -0.00073 -0.00131
198550.030 0.00044 0.00028 -0.00091
198550.034 0.00002 0.00024 -0.00063
198550.038 -0.00021 -0.00051 -0.00072
198550.042 0.00075 -0.00101 -0.00180
198550.046 0.00131 0.00035 -0.00192
198550.050 0.00147 0.00086 -0.00061
198550.054 0.00134 0.00024 -0.00056
198550.058 0.00147 -0.00065 -0.00161
198550.062 0.00120 -0.00014 -0.00157
198550.066 0.00113 0.00014 -0.00126
198550.070 0.00141 0.00080 -0.00044
198550.074 0.00164 0.00068 -0.00021
198550.078 0.00094 0.00019 -0.00106
198550.082 0.00077 -0.00007 -0.00023
198550.086 0.00056 -0.00030 -0.00182
198550.090 0.00157 0.00024 -0.00117
198550.094 0.00122 -0.00080 -0.00161
198550.098 0.00159 -0.00049 -0.00188
198550.102 0.00108 0.00019 -0.00073
198550.106 0.00094 0.00066 -0.00091
198550.110 0.00136 -0.00070 -0.00094
198550.114 0.00162 -0.00075 -0.00035
198550.118 0.00124 -0.00045 -0.00110
198550.122 0.00159 -0.00099 -0.00143
198550.126 0.00183 0.00005 -0.00183
198550.130 0.00084 0.00063 -0.00148
198550.134 0.00164 0.00019 -0.00079
198550.138 0.00169 -0.00112 -0.00106
198550.142 0.00278 -0.00147 -0.00173
198550.146 0.00049 0.00009 -0.00115
198550.150 -0.00086 0.00033 -0.00099
198550.154 0.00105 0.00056 -0.00082
198550.158 0.00169 0.00077 -0.00091
198550.162 0.00141 -0.00082 -0.00124
198550.166 0.00178 0.00010 -0.00117
198550.170 0.00159 0.00005 -0.00072
198550.174 0.00079 -0.00040 0.00014
198550.178 0.00133 -0.00007 -0.00096
198550.182 0.00206 -0.00150 -0.00021
198550.186 0.00105 0.00007 -0.00061
198550.189 0.00049 -0.00040 -0.00251
198550.194 0.00110 -0.00068 -0.00091
198550.198 -0.00009 -0.00045 -0.00108
198550.202 0.00094 -0.00054 -0.00188
198550.206 0.00122 0.00002 -0.00089
198550.210 0.00023 -0.00026 -0.00063
198550.214 0.00042 -0.00003 -0.00058
198550.218 0.00093 0.00120 -0.00070
198550.222 0.00061 0.00124 -0.00073
198550.226 0.00173 -0.00054 -0.00134
198550.230 0.00096 -0.00087 -0.00225
198550.234 0.00093 -0.00035 -0.00175
198550.238 0.00120 -0.00066 -0.00101
198550.242 0.00173 0.00044 0.00038
198550.246 0.00157 -0.00045 -0.00059
198550.249 0.00031 0.00080 -0.00117
198550.254 0.00030 0.00023 -0.00115
198550.258 0.00059 0.00007 -0.00086
198550.262 -0.00021 0.00124 -0.00077
198550.266 0.00000 0.00033 -0.00030
198550.270 0.00007 -0.00002 -0.00079
198550.274 0.00084 -0.00014 -0.00136
198550.278 0.00058 0.00000 -0.00061
198550.282 0.00052 -0.00012 -0.00117
198550.286 0.00021 -0.00044 -0.00131
198550.290 0.00087 -0.00070 -0.00089
198550.294 0.00134 -0.00105 -0.00017
198550.298 0.00131 -0.00084 -0.00045
198550.302 0.00131 -0.00019 0.00021
198550.306 0.00161 0.00026 -0.00065
198550.310 0.00140 0.00054 -0.00058
198550.314 0.00103 -0.00028 -0.00086
198550.318 0.00154 0.00024 -0.00033
198550.322 0.00122 -0.00005 -0.00094
198550.326 0.00129 -0.00044 -0.00140
198550.330 0.00129 -0.00084 -0.00077
198550.334 0.00072 0.00010 -0.00105
198550.339 0.00070 -0.00009 -0.00127
198550.342 0.00024 -0.00059 -0.00089
198550.346 0.00089 -0.00073 -0.00124
198550.349 0.00089 -0.00136 -0.00058
198550.354 0.00075 -0.00047 -0.00024
198550.358 0.00072 0.00005 -0.00106
198550.362 0.00131 -0.00010 -0.00023
198550.366 0.00115 0.00105 -0.00166
198550.370 0.00141 0.00059 -0.00188
198550.374 0.00164 -0.00101 -0.00134
198550.378 0.00140 -0.00038 0.00000
198550.382 0.00103 0.00007 -0.00024
198550.386 0.00033 0.00110 -0.00047
198550.390 0.00091 0.00030 -0.00082
198550.394 0.00045 0.00024 -0.00152
198550.398 0.00108 0.00052 -0.00155
198550.402 0.00110 -0.00012 -0.00187
198550.406 0.00140 -0.00016 -0.00134
198550.409 0.00089 0.00028 -0.00075
198550.414 0.00014 0.00099 -0.00075
198550.418 0.00056 0.00028 -0.00105
198550.422 0.00066 0.00009 -0.00173
198550.426 0.00068 0.00049 -0.00086
198550.430 0.00054 -0.00105 -0.00047
198550.434 0.00051 0.00035 0.00037
198550.438 0.00019 0.00026 -0.00061
198550.442 0.00056 -0.00080 -0.00117
198550.446 -0.00007 -0.00063 -0.00086
198550.450 0.00094 0.00014 -0.00093
198550.454 0.00122 0.00037 -0.00110
198550.458 0.00173 -0.00017 -0.00099
198550.462 0.00202 -0.00093 -0.00157
198550.466 0.00044 -0.00080 -0.00066
198550.469 0.00079 -0.00017 -0.00087
198550.474 0.00042 -0.00047 -0.00183
198550.478 0.00063 0.00035 -0.00162
198550.482 0.00084 0.00026 -0.00234
198550.486 0.00044 -0.00110 -0.00072
198550.490 0.00047 -0.00192 -0.00073
198550.494 0.00079 -0.00047 -0.00030
198550.498 0.00117 -0.00040 -0.00122
198550.502 0.00112 -0.00037 -0.00178
198550.506 0.00127 -0.00112 -0.00208
198550.510 0.00129 -0.00058 -0.00140
198550.514 0.00115 0.00031 -0.00077
198550.518 0.00096 -0.00033 -0.00166
198550.522 0.00093 0.00052 -0.00068
198550.526 0.00136 0.00061 -0.00073
198550.530 0.00058 0.00063 -0.00150
198550.534 -0.00007 -0.00010 -0.00169
198550.538 -0.00009 -0.00030 -0.00175
198550.542 0.00033 -0.00065 -0.00026
198550.546 0.00000 -0.00044 -0.00017
198550.550 0.00112 -0.00009 -0.00044
198550.554 -0.00023 -0.00044 -0.00098
198550.558 0.00030 -0.00009 -0.00096
198550.562 0.00105 -0.00120 -0.00051
198550.566 0.00140 -0.00148 -0.00098
198550.570 0.00012 -0.00051 -0.00096
198550.574 0.00024 -0.00070 -0.00201
198550.578 0.00119 0.00014 -0.00063
198550.582 0.00082 -0.00009 -0.00026
198550.586 0.00087 0.00120 -0.00077
198550.590 0.00195 0.00063 -0.00105
198550.594 0.00117 0.00033 -0.00143
198550.598 0.00007 -0.00047 -0.00063
198550.602 0.00084 -0.00040 -0.00117
198550.606 0.00044 -0.00037 -0.00040
198550.610 0.00183 -0.00127 -0.00126
198550.614 0.00145 0.00044 -0.00133
198550.618 0.00119 -0.00016 -0.00091
198550.622 0.00038 -0.00061 -0.00003
198550.626 0.00031 0.00075 -0.00042
198550.629 0.00120 0.00082 -0.00096
198550.634 0.00159 -0.00005 0.00009
198550.638 0.00017 0.00030 -0.00098
198550.642 0.00206 -0.00063 -0.00126
198550.646 0.00272 -0.00089 -0.00178
198550.650 0.00152 -0.00140 -0.00147
198550.654 0.00122 -0.00065 -0.00215
198550.658 0.00113 -0.00103 -0.00051
198550.662 0.00051 -0.00084 -0.00023
198550.666 0.00080 -0.00094 -0.00091
198550.670 0.00073 -0.00052 -0.00065
198550.674 0.00072 0.00017 -0.00072
198550.678 0.00115 -0.00173 -0.00028
198550.682 -0.00082 0.00002 -0.00033
198550.686 0.00091 0.00017 -0.00108
198550.691 0.00061 -0.00021 -0.00084
198550.694 0.00098 -0.00017 -0.00093
198550.698 0.00122 0.00087 -0.00035
198550.702 0.00143 0.00070 -0.00094
198550.706 0.00180 -0.00038 -0.00110
198550.710 0.00054 -0.00113 -0.00068
198550.714 0.00065 -0.00056 -0.00164
198550.718 0.00143 -0.00012 -0.00159
198550.722 0.00119 -0.00030 -0.00171
198550.726 0.00218 -0.00051 -0.00115
198550.730 0.00094 0.00049 -0.00131
198550.734 0.00091 0.00089 -0.00134
198550.738 0.00120 0.00161 -0.00105
198550.742 0.00159 0.00119 -0.00068
198550.746 0.00154 0.00017 -0.00133
198550.749 0.00211 -0.00037 -0.00045
198550.754 0.00211 0.00007 -0.00023
198550.758 0.00227 0.00003 -0.00075
198550.762 0.00155 -0.00131 -0.00059
198550.766 0.00168 -0.00016 -0.00115
198550.770 0.00155 -0.00045 -0.00206
198550.774 0.00197 -0.00099 -0.00094
198550.778 0.00194 -0.00068 -0.00065
198550.782 0.00208 -0.00120 -0.00117
198550.786 0.00136 -0.00014 -0.00056
198550.790 0.00117 0.00000 -0.00086
198550.794 0.00066 -0.00042 -0.00063
198550.798 0.00129 -0.00009 -0.00086
198550.802 0.00161 0.00120 -0.00063
198550.806 0.00094 0.00033 -0.00147
198550.810 0.00077 -0.00049 -0.00215
198550.814 0.00101 -0.00070 -0.00187
198550.818 0.00168 0.00014 -0.00134
198550.822 0.00066 -0.00098 -0.00091
198550.826 0.00054 -0.00052 -0.00033
198550.830 0.00140 -0.00056 -0.00033
198550.834 0.00148 -0.00147 -0.00094
198550.838 0.00105 -0.00126 -0.00230
198550.842 0.00110 0.00073 -0.00236
198550.846 0.00110 0.00007 -0.00192
198550.850 0.00035 -0.00115 -0.00075
198550.854 0.00091 -0.00162 -0.00150
198550.858 0.00105 -0.00009 -0.00140
198550.862 0.00094 0.00089 -0.00106
198550.866 0.00152 0.00010 -0.00023
198550.870 0.00120 -0.00054 -0.00077
198550.874 0.00038 0.00017 -0.00105
198550.878 0.00031 -0.00098 -0.00143
198550.882 0.00150 0.00051 -0.00093
198550.886 0.00045 -0.00103 -0.00079
198550.890 0.00063 -0.00129 -0.00166
198550.894 0.00173 0.00012 -0.00099
198550.898 0.00141 -0.00084 -0.00080
198550.902 0.00014 -0.00094 -0.00152
198550.906 0.00086 -0.00051 -0.00140
198550.909 0.00194 -0.00161 -0.00213
198550.914 0.00192 -0.00129 -0.00126
198550.918 0.00253 -0.00091 -0.00133
198550.922 0.00162 0.00007 -0.00045
198550.926 0.00124 -0.00054 -0.00127
198550.930 0.00038 0.00017 -0.00119
198550.934 0.00122 -0.00066 -0.00192
198550.938 0.00054 -0.00120 -0.00120
198550.942 0.00051 0.00030 -0.00026
198550.946 0.00201 0.00070 -0.00152
198550.950 0.00103 -0.00038 -0.00171
198550.954 0.00063 -0.00052 -0.00161
198550.958 -0.00051 -0.00056 -0.00112
198550.962 0.00023 -0.00087 -0.00115
198550.966 0.00087 -0.00110 -0.00040
198550.969 0.00075 -0.00010 -0.00080
198550.974 0.00086 0.00059 -0.00122
198550.978 0.00075 0.00063 -0.00117
198550.982 0.00086 -0.00070 -0.00131
198550.986 0.00194 -0.00091 -0.00164
198550.990 0.00103 0.00038 -0.00113
198550.994 0.00229 0.00087 -0.00175
198550.998 0.00187 -0.00035 -0.00237
198551.002 0.00206 0.00023 -0.00192
198551.006 0.00241 0.00023 -0.00045
198551.010 0.00190 0.00023 -0.00021
198551.014 0.00147 0.00007 -0.00061
198551.018 0.00120 0.00094 -0.00040
198551.022 0.00127 -0.00063 -0.00051
198551.026 0.00129 -0.00180 -0.00129
198551.029 0.00010 -0.00194 -0.00225
198551.034 0.00024 -0.00108 -0.00143
198551.039 0.00103 0.00019 -0.00077
198551.042 0.00169 -0.00052 -0.00075
198551.046 0.00126 -0.00040 -0.00105
198551.050 0.00084 -0.00052 -0.00052
198551.054 0.00134 0.00047 -0.00084
198551.058 0.00222 0.00000 -0.00077
198551.062 0.00049 -0.00162 -0.00136
198551.066 0.00049 -0.00086 -0.00166
198551.070 0.00124 -0.00049 -0.00175
198551.074 0.00129 -0.00054 -0.00236
198551.078 0.00175 -0.00056 -0.00147
198551.082 0.00202 -0.00072 -0.00229
198551.086 0.00030 -0.00031 -0.00131
198551.090 0.00134 0.00024 -0.00105
198551.094 0.00117 -0.00051 -0.00112
198551.098 0.00157 -0.00024 -0.00115
198551.102 0.00093 -0.00079 -0.00206
198551.106 0.00152 -0.00063 -0.00140
198551.110 0.00211 -0.00028 -0.00168
198551.114 0.00168 0.00024 -0.00220
198551.118 0.00140 -0.00126 -0.00127
198551.122 0.00119 -0.00075 -0.00028
198551.126 0.00127 -0.00106 -0.00033
198551.130 0.00131 -0.00175 -0.00019
198551.134 0.00056 0.00000 -0.00059
198551.138 -0.00007 -0.00026 -0.00192
198551.142 0.00065 -0.00033 -0.00180
198551.146 0.00159 -0.00005 -0.00162
198551.150 0.00124 -0.00014 -0.00143
198551.154 0.00113 -0.00031 -0.00154
198551.158 0.00021 -0.00140 -0.00260
198551.162 0.00042 -0.00019 -0.00093
198551.166 0.00077 -0.00122 -0.00080
198551.170 0.00101 -0.00059 -0.00120
198551.174 0.00033 0.00002 -0.00087
198551.178 0.00000 -0.00042 -0.00213
198551.182 0.00141 0.00035 -0.00246
198551.186 0.00105 0.00056 -0.00164
198551.189 0.00154 0.00077 -0.00084
198551.194 0.00077 -0.00037 -0.00061
198551.198 0.00117 -0.00052 -0.00101
198551.202 0.00098 -0.00010 -0.00112
198551.206 0.00106 0.00014 -0.00024
198551.210 0.00110 -0.00052 -0.00168
198551.214 0.00019 0.00093 -0.00145
198551.218 0.00117 0.00072 -0.00154
198551.222 0.00112 0.00021 -0.00140
198551.226 0.00155 -0.00096 -0.00136
198551.230 0.00093 -0.00037 -0.00106
198551.234 0.00120 -0.00141 -0.00023
198551.238 0.00129 -0.00169 -0.00136
198551.242 0.00190 -0.00176 -0.00227
198551.246 0.00117 -0.00133 -0.00175
198551.250 0.00112 -0.00093 -0.00115
198551.254 0.00066 -0.00141 -0.00115
198551.258 0.00159 -0.00019 -0.00101
198551.262 0.00138 -0.00017 -0.00051
198551.266 0.00194 0.00028 -0.00024
198551.270 0.00147 0.00054 -0.00031
198551.274 0.00166 -0.00028 -0.00049
198551.278 0.00169 -0.00035 -0.00113
198551.282 0.00096 -0.00141 -0.00129
198551.286 0.00091 -0.00094 -0.00148
198551.290 0.00030 0.00098 -0.00065
198551.294 0.00150 -0.00061 -0.00133
198551.298 0.00106 -0.00119 -0.00150
198551.302 0.00065 -0.00028 -0.00079
198551.306 0.00098 0.00024 -0.00091
198551.309 0.00213 -0.00005 -0.00185
198551.314 0.00227 0.00000 -0.00119
198551.318 0.00112 -0.00010 -0.00206
198551.322 0.00049 -0.00045 -0.00154
198551.326 0.00155 0.00035 -0.00096
198551.330 0.00063 -0.00047 0.00084
198551.334 0.00068 -0.00024 -0.00047
198551.338 0.00070 0.00010 -0.00068
198551.342 0.00054 0.00035 -0.00103
198551.346 0.00066 0.00056 -0.00098
198551.350 0.00129 -0.00072 -0.00112
198551.354 0.00086 -0.00091 -0.00054
198551.358 0.00119 -0.00080 -0.00040
198551.362 0.00098 -0.00033 0.00023
198551.366 0.00152 -0.00021 -0.00003
198551.370 0.00152 -0.00047 -0.00086
198551.374 0.00182 -0.00024 -0.00047
198551.378 0.00113 -0.00033 -0.00127
198551.382 0.00171 -0.00005 -0.00089
198551.386 0.00187 0.00000 -0.00093
198551.391 0.00145 -0.00058 -0.00080
198551.394 0.00000 0.00063 -0.00061
198551.398 -0.00007 0.00033 -0.00040
198551.402 0.00049 -0.00094 -0.00112
198551.406 0.00049 -0.00005 -0.00084
198551.410 0.00094 0.00000 -0.00183
198551.414 0.00106 0.00017 -0.00073
198551.418 0.00169 -0.00127 -0.00225
198551.422 0.00080 -0.00105 -0.00188
198551.426 -0.00016 -0.00220 -0.00195
198551.430 -0.00026 -0.00099 -0.00077
198551.434 0.00105 -0.00098 -0.00045
198551.438 0.00140 -0.00037 -0.00143
198551.442 0.00239 -0.00127 -0.00106
198551.446 0.00220 -0.00136 -0.00159
198551.450 0.00154 0.00042 -0.00157
198551.454 0.00122 -0.00136 -0.00202
198551.458 0.00084 0.00072 -0.00138
198551.462 0.00089 0.00066 -0.00152
198551.466 0.00059 0.00019 -0.00035
198551.469 0.00082 0.00082 0.00054
198551.474 0.00073 -0.00005 -0.00056
198551.478 0.00131 0.00075 0.00019
198551.482 0.00086 0.00021 -0.00049
198551.486 0.00073 -0.00051 -0.00113
198551.490 0.00131 -0.00040 -0.00024
198551.494 0.00086 -0.00098 -0.00093
198551.498 0.00194 -0.00127 -0.00110
198551.502 0.00162 -0.00091 -0.00084
198551.506 0.00108 0.00007 -0.00093
198551.510 0.00185 0.00019 -0.00110
198551.514 0.00070 0.00037 -0.00113
198551.518 0.00099 0.00012 -0.00024
198551.522 0.00108 -0.00009 -0.00017
198551.526 0.00094 -0.00059 0.00000
198551.529 0.00168 -0.00042 -0.00099
198551.534 0.00065 0.00035 -0.00052
198551.538 0.00068 0.00072 -0.00084
198551.542 0.00129 0.00005 -0.00017
198551.546 0.00101 0.00017 -0.00045
198551.550 0.00002 -0.00021 -0.00037
198551.554 0.00098 -0.00049 -0.00215
198551.558 0.00106 0.00065 -0.00127
198551.562 0.00140 -0.00024 -0.00148
198551.566 0.00133 -0.00049 -0.00154
198551.570 0.00131 -0.00024 -0.00187
198551.574 0.00086 0.00010 -0.00134
198551.578 0.00105 -0.00009 -0.00045
198551.582 0.00124 0.00059 -0.00023
198551.586 0.00115 -0.00010 -0.00182
198551.589 0.00126 0.00089 -0.00087
198551.594 0.00161 0.00070 -0.00033
198551.598 0.00093 -0.00009 0.00009
198551.602 0.00031 0.00089 -0.00068
198551.606 0.00150 0.00101 -0.00087
198551.610 0.00120 0.00012 -0.00094
198551.614 0.00068 -0.00038 -0.00019
198551.618 0.00070 -0.00098 -0.00059
198551.622 0.00070 -0.00007 -0.00101
198551.626 0.00040 -0.00014 -0.00052
198551.630 0.00077 -0.00030 -0.00038
198551.634 0.00176 -0.00126 -0.00126
198551.638 0.00084 -0.00241 -0.00223
198551.642 0.00073 -0.00091 -0.00220
198551.646 0.00101 0.00038 -0.00127
198551.650 -0.00010 0.00072 -0.00087
198551.654 0.00124 0.00066 -0.00094
198551.658 0.00234 0.00110 -0.00124
198551.662 0.00143 0.00045 -0.00087
198551.666 0.00164 0.00119 -0.00079
198551.670 0.00124 0.00017 -0.00091
198551.674 0.00113 0.00052 -0.00124
198551.678 0.00157 0.00014 -0.00089
198551.682 0.00063 0.00066 -0.00138
198551.686 0.00023 -0.00084 -0.00106
198551.690 0.00073 -0.00094 -0.00098
198551.694 0.00010 -0.00082 -0.00080
198551.698 0.00009 -0.00079 -0.00182
198551.702 0.00009 -0.00138 -0.00133
198551.706 0.00038 -0.00049 -0.00150
198551.710 0.00047 -0.00054 -0.00155
198551.714 0.00079 0.00047 -0.00080
198551.718 0.00072 0.00044 0.00012
198551.722 0.00147 0.00000 -0.00021
198551.726 0.00105 0.00047 -0.00075
198551.730 0.00169 -0.00045 -0.00075
198551.734 0.00126 -0.00113 -0.00166
198551.739 0.00175 -0.00058 -0.00218
198551.742 0.00157 0.00017 -0.00202
198551.746 0.00077 -0.00052 -0.00124
198551.749 0.00101 0.00003 -0.00042
198551.754 0.00108 -0.00072 0.00023
198551.758 0.00140 -0.00061 0.00009
198551.762 0.00089 0.00045 -0.00007
198551.766 0.00089 0.00134 -0.00058
198551.770 0.00059 -0.00021 -0.00145
198551.774 0.00037 -0.00063 -0.00093
198551.778 0.00047 0.00000 -0.00110
198551.782 0.00063 -0.00012 -0.00143
198551.786 0.00038 0.00028 -0.00093
198551.790 0.00031 0.00040 -0.00019
198551.794 0.00134 -0.00152 -0.00045
198551.798 0.00206 -0.00037 -0.00143
198551.802 0.00286 0.00007 -0.00031
198551.806 0.00126 -0.00024 0.00070
198551.810 0.00190 -0.00063 -0.00066
198551.814 0.00117 -0.00059 -0.00164
198551.818 0.00157 0.00047 -0.00157
198551.822 0.00122 0.00059 -0.00127
198551.826 0.00173 -0.00010 -0.00028
198551.830 0.00112 -0.00091 0.00042
198551.834 0.00066 -0.00110 0.00000
198551.838 0.00084 -0.00056 -0.00056
198551.842 0.00103 0.00002 -0.00084
198551.846 0.00124 0.00047 -0.00077
198551.850 0.00113 -0.00059 -0.00106
198551.854 0.00037 -0.00073 -0.00068
198551.858 0.00061 -0.00091 -0.00028
198551.862 0.00068 -0.00066 -0.00063
198551.866 0.00204 -0.00044 -0.00087
198551.869 0.00075 -0.00129 -0.00183
198551.874 0.00206 -0.00016 -0.00087
198551.878 0.00150 0.00042 -0.00033
198551.882 0.00166 0.00012 -0.00094
198551.886 0.00126 0.00005 -0.00049
198551.890 0.00129 0.00093 -0.00009
198551.894 0.00040 0.00026 -0.00058
198551.898 0.00031 0.00009 -0.00131
198551.902 0.00030 -0.00099 -0.00119
198551.906 0.00000 -0.00038 -0.00072
198551.910 0.00082 0.00007 -0.00073
198551.914 0.00133 -0.00010 -0.00089
198551.918 0.00222 0.00014 -0.00108
198551.922 0.00110 0.00005 -0.00143
198551.926 0.00080 0.00003 -0.00108
198551.930 0.00087 -0.00056 -0.00098
198551.934 -0.00014 -0.00026 -0.00112
198551.938 0.00047 0.00099 -0.00145
198551.942 0.00094 0.00058 -0.00047
198551.946 0.00122 0.00047 -0.00113
198551.950 0.00129 -0.00044 -0.00113
198551.954 0.00099 -0.00024 -0.00101
198551.958 0.00047 -0.00003 -0.00157
198551.962 0.00140 -0.00133 -0.00171
198551.966 0.00119 -0.00106 -0.00161
198551.970 0.00188 -0.00086 -0.00052
198551.974 0.00115 -0.00079 -0.00054
198551.978 0.00112 -0.00047 -0.00099
198551.982 0.00096 0.00019 -0.00066
198551.986 0.00002 0.00096 -0.00042
198551.990 0.00021 0.00042 -0.00037
198551.994 0.00117 -0.00030 -0.00019
198551.998 0.00066 -0.00094 -0.00136
198552.002 0.00220 0.00037 -0.00030
198552.006 0.00108 0.00026 -0.00063
198552.010 0.00126 -0.00080 -0.00176
198552.014 0.00084 0.00026 -0.00147
198552.018 0.00089 -0.00094 -0.00154
198552.022 0.00000 -0.00173 -0.00110
198552.026 0.00096 -0.00072 -0.00054
198552.029 0.00016 0.00000 -0.00084
198552.034 0.00040 0.00017 -0.00031
198552.038 0.00002 -0.00007 -0.00094
198552.042 0.00066 -0.00028 -0.00094
198552.046 0.00084 -0.00019 -0.00140
198552.050 0.00014 0.00042 -0.00122
198552.054 0.00099 0.00103 -0.00042
198552.058 0.00168 0.00000 -0.00216
198552.062 0.00155 -0.00087 -0.00202
198552.066 0.00093 -0.00049 -0.00168
198552.070 0.00106 -0.00026 -0.00054
198552.074 0.00079 0.00086 -0.00054
198552.078 0.00192 -0.00080 -0.00145
198552.082 0.00192 -0.00033 -0.00213
198552.086 0.00042 -0.00066 -0.00232
198552.091 0.00002 -0.00030 -0.00131
198552.094 0.00082 -0.00094 -0.00150
198552.098 0.00119 -0.00141 -0.00154
198552.102 0.00157 -0.00049 -0.00021
198552.106 0.00063 -0.00099 -0.00016
198552.110 0.00068 0.00005 -0.00059
198552.114 0.00009 -0.00101 -0.00040
198552.118 0.00084 -0.00113 -0.00155
198552.122 0.00044 -0.00012 -0.00187
198552.126 0.00017 -0.00059 -0.00073
198552.130 -0.00002 -0.00133 -0.00164
198552.134 0.00110 -0.00063 -0.00009
198552.138 0.00080 -0.00119 -0.00012
198552.142 0.00058 -0.00028 0.00014
198552.146 0.00082 -0.00094 0.00007
198552.150 0.00119 -0.00127 -0.00007
198552.154 0.00082 -0.00045 -0.00042
198552.158 0.00119 -0.00113 -0.00051
198552.162 0.00173 -0.00101 -0.00099
198552.166 0.00187 -0.00052 -0.00082
198552.170 0.00145 -0.00026 -0.00120
198552.174 0.00044 0.00009 -0.00103
198552.178 0.00049 -0.00009 -0.00037
198552.182 0.00124 0.00075 -0.00019
198552.186 0.00113 0.00021 -0.00136
198552.190 0.00066 -0.00021 0.00000
198552.194 0.00038 -0.00063 -0.00010
198552.198 0.00106 0.00106 -0.00044
198552.202 0.00080 -0.00105 -0.00141
198552.206 0.00042 0.00019 -0.00063
198552.210 0.00108 -0.00082 -0.00072
198552.214 0.00049 -0.00063 -0.00148
198552.218 0.00155 -0.00059 -0.00049
198552.222 0.00077 -0.00072 -0.00188
198552.226 0.00101 -0.00047 -0.00150
198552.230 0.00183 -0.00129 -0.00049
198552.234 0.00145 0.00000 0.00096
198552.238 0.00105 -0.00087 -0.00030
198552.242 0.00260 -0.00051 -0.00108
198552.246 0.00195 -0.00131 -0.00143
198552.249 0.00058 -0.00075 -0.00213
198552.254 0.00082 -0.00002 -0.00141
198552.258 0.00148 -0.00072 -0.00002
198552.262 0.00120 -0.00047 -0.00010
198552.266 0.00159 0.00065 -0.00073
198552.270 0.00199 -0.00010 -0.00134
198552.274 0.00073 0.00105 -0.00091
198552.278 0.00222 0.00044 -0.00215
198552.282 0.00230 0.00059 -0.00278
198552.286 0.00051 0.00047 -0.00218
198552.290 0.00094 -0.00014 -0.00187
198552.294 0.00091 -0.00120 -0.00030
198552.298 0.00182 -0.00119 0.00010
198552.302 0.00204 -0.00028 -0.00066
198552.306 0.00134 -0.00035 -0.00089
198552.309 0.00192 -0.00112 -0.00017
198552.314 0.00222 0.00079 -0.00044
198552.318 0.00094 -0.00037 -0.00157
198552.322 0.00077 -0.00066 -0.00096
198552.326 0.00026 0.00030 -0.00019
198552.330 0.00073 -0.00079 -0.00016
198552.334 0.00131 0.00026 -0.00030
198552.338 -0.00003 -0.00021 -0.00108
198552.342 0.00005 -0.00061 -0.00068
198552.346 0.00098 0.00059 0.00000
198552.350 0.00031 -0.00042 -0.00040
198552.354 0.00166 -0.00037 -0.00171
198552.358 0.00169 0.00066 -0.00129
198552.362 0.00230 0.00079 -0.00028
198552.366 0.00173 -0.00005 -0.00063
198552.370 0.00066 0.00014 -0.00101
198552.374 0.00190 -0.00038 -0.00037
198552.378 0.00147 0.00037 -0.00035
198552.382 0.00209 -0.00031 -0.00065
198552.386 0.00152 -0.00035 -0.00101
198552.390 0.00091 0.00066 -0.00098
198552.394 0.00061 -0.00024 -0.00096
198552.398 0.00066 -0.00033 -0.00005
198552.402 0.00159 -0.00051 -0.00101
198552.406 0.00079 -0.00115 -0.00066
198552.410 0.00072 -0.00012 -0.00119
198552.414 0.00115 -0.00014 -0.00056
198552.418 0.00143 -0.00077 -0.00099
198552.422 0.00194 -0.00077 -0.00127
198552.426 0.00117 -0.00138 -0.00044
198552.430 0.00082 -0.00063 -0.00141
198552.434 0.00087 0.00030 -0.00063
198552.439 0.00105 -0.00003 -0.00026
198552.442 0.00079 -0.00103 -0.00077
198552.446 0.00028 -0.00054 -0.00105
198552.450 0.00119 0.00077 -0.00068
198552.454 0.00098 -0.00005 -0.00194
198552.458 0.00047 -0.00119 -0.00166
198552.462 0.00079 -0.00103 -0.00068
198552.466 0.00117 -0.00054 -0.00012
198552.470 0.00218 0.00047 -0.00073
198552.474 0.00093 0.00014 -0.00059
198552.478 0.00136 0.00021 -0.00040
198552.482 -0.00017 -0.00112 -0.00126
198552.486 0.00016 -0.00010 -0.00117
198552.490 0.00161 -0.00045 -0.00101
198552.494 0.00124 -0.00113 -0.00157
198552.498 0.00084 -0.00042 -0.00096
198552.502 0.00089 -0.00082 -0.00035
198552.506 0.00209 -0.00033 -0.00019
198552.510 0.00136 -0.00005 0.00000
198552.514 0.00058 0.00075 -0.00086
198552.518 0.00066 0.00112 -0.00093
198552.522 0.00070 0.00045 -0.00201
198552.526 0.00084 0.00073 -0.00108
198552.530 0.00073 0.00126 -0.00068
198552.534 0.00192 0.00035 -0.00103
198552.538 0.00117 -0.00047 -0.00082
198552.542 0.00098 -0.00129 -0.00106
198552.546 0.00106 -0.00077 -0.00113
198552.550 0.00126 -0.00002 -0.00115
198552.554 0.00084 -0.00058 -0.00161
198552.558 0.00073 -0.00117 -0.00023
198552.562 0.00237 -0.00073 -0.00075
198552.566 0.00143 0.00000 -0.00059
198552.570 0.00073 -0.00058 -0.00101
198552.574 0.00101 -0.00042 -0.00157
198552.578 0.00079 -0.00038 -0.00126
198552.582 0.00087 -0.00037 -0.00134
198552.586 0.00120 -0.00082 -0.00105
198552.589 0.00159 0.00040 -0.00113
198552.594 0.00077 0.00087 -0.00086
198552.598 0.00133 -0.00003 -0.00093
198552.602 0.00072 0.00075 -0.00124
198552.606 0.00070 -0.00007 -0.00042
198552.610 0.00145 -0.00075 -0.00082
198552.614 0.00120 -0.00061 -0.00211
198552.618 0.00068 -0.00028 -0.00171
198552.622 0.00145 -0.00094 -0.00086
198552.626 0.00030 -0.00066 -0.00063
198552.630 0.00089 0.00059 -0.00101
198552.634 0.00089 -0.00010 -0.00141
198552.638 0.00105 0.00000 -0.00183
198552.642 0.00094 0.00002 -0.00042
198552.646 0.00016 -0.00010 -0.00021
198552.649 0.00115 0.00014 -0.00106
198552.654 0.00141 -0.00023 -0.00204
198552.658 0.00119 -0.00049 -0.00183
198552.662 0.00098 -0.00024 -0.00133
198552.666 0.00077 -0.00017 -0.00059
198552.670 0.00056 -0.00093 -0.00086
198552.674 0.00126 -0.00037 -0.00093
198552.678 0.00129 -0.00173 -0.00140
198552.682 0.00115 0.00031 -0.00152
198552.686 0.00187 -0.00033 -0.00140
198552.690 0.00161 0.00007 -0.00182
198552.694 0.00019 -0.00024 -0.00194
198552.698 0.00072 -0.00017 -0.00120
198552.702 0.00086 -0.00047 -0.00133
198552.706 0.00059 -0.00040 -0.00089
198552.710 0.00082 0.00112 -0.00124
198552.714 0.00073 -0.00073 -0.00178
198552.718 0.00056 -0.00075 -0.00117
198552.722 0.00096 -0.00017 -0.00161
198552.726 0.00122 0.00028 -0.00173
198552.730 0.00052 -0.00019 -0.00190
198552.734 0.00185 -0.00063 -0.00241
198552.738 0.00115 -0.00012 -0.00103
198552.742 0.00082 -0.00061 0.00007
198552.746 0.00058 -0.00058 -0.00052
198552.749 0.00096 -0.00147 -0.00099
198552.754 0.00122 -0.00126 -0.00112
198552.758 0.00052 0.00000 0.00019
198552.762 0.00051 -0.00012 -0.00019
198552.766 0.00005 0.00058 -0.00106
198552.770 0.00068 -0.00131 -0.00218
198552.774 0.00115 -0.00016 -0.00202
198552.778 0.00112 -0.00136 -0.00079
198552.782 0.00110 -0.00047 -0.00045
198552.786 0.00065 0.00079 -0.00052
198552.791 0.00084 0.00023 -0.00250
198552.794 -0.00016 -0.00005 -0.00182
198552.798 0.00077 -0.00028 -0.00117
198552.802 0.00178 -0.00126 -0.00206
198552.806 0.00052 0.00044 -0.00199
198552.809 0.00126 -0.00030 -0.00183
198552.814 0.00084 0.00054 -0.00058
198552.818 0.00073 -0.00028 0.00033
198552.822 0.00010 -0.00049 -0.00106
198552.826 0.00024 -0.00040 -0.00023
198552.830 0.00044 0.00141 -0.00045
198552.834 0.00168 0.00084 -0.00037
198552.838 0.00171 0.00009 -0.00140
198552.842 0.00171 -0.00038 -0.00093
198552.846 0.00157 -0.00098 -0.00035
198552.850 0.00168 -0.00068 -0.00108
198552.854 0.00126 0.00030 -0.00159
198552.858 0.00099 0.00040 -0.00157
198552.862 0.00108 -0.00016 -0.00112
198552.866 0.00199 -0.00031 -0.00115
198552.869 0.00105 -0.00080 -0.00115
198552.874 0.00033 -0.00033 -0.00145
198552.878 0.00045 -0.00035 -0.00199
198552.882 0.00154 -0.00037 -0.00227
198552.886 0.00093 -0.00066 -0.00236
198552.890 0.00120 -0.00044 -0.00222
198552.894 0.00159 0.00019 -0.00188
198552.898 0.00047 -0.00126 -0.00089
198552.902 0.00108 -0.00105 -0.00094
198552.906 0.00171 0.00019 -0.00080
198552.910 0.00171 0.00007 -0.00077
198552.914 0.00096 0.00019 -0.00075
198552.918 0.00106 -0.00173 -0.00209
198552.922 0.00035 -0.00103 -0.00141
198552.926 0.00030 -0.00038 -0.00272
198552.930 0.00075 -0.00023 -0.00141
198552.934 0.00147 0.00056 -0.00197
198552.938 0.00089 0.00061 -0.00182
198552.942 0.00030 0.00124 -0.00133
198552.946 0.00105 0.00154 -0.00120
198552.950 0.00140 -0.00047 -0.00162
198552.954 0.00073 0.00049 -0.00188
198552.958 0.00115 0.00091 -0.00073
198552.962 0.00232 0.00040 -0.00134
198552.966 0.00248 -0.00002 -0.00105
198552.970 0.00072 -0.00042 -0.00113
198552.974 0.00040 0.00035 -0.00145
198552.978 0.00093 0.00010 -0.00093
198552.982 0.00106 -0.00024 -0.00065
198552.986 0.00110 0.00056 -0.00103
198552.990 0.00096 0.00002 0.00037
198552.994 0.00106 -0.00086 -0.00030
198552.998 0.00079 -0.00094 -0.00124
198553.002 0.00058 -0.00098 -0.00133
198553.006 0.00127 0.00021 -0.00091
198553.010 0.00190 -0.00082 0.00010
198553.014 -0.00033 0.00040 0.00007
198553.018 -0.00045 -0.00031 -0.00098
198553.022 0.00038 0.00009 -0.00155
198553.026 0.00077 -0.00070 -0.00187
198553.029 0.00222 -0.00134 -0.00164
198553.034 0.00155 -0.00077 -0.00143
198553.038 0.00047 -0.00106 -0.00138
198553.042 -0.00024 -0.00070 -0.00136
198553.046 -0.00014 -0.00030 -0.00106
198553.050 0.00033 -0.00094 -0.00127
198553.054 0.00075 -0.00082 -0.00134
198553.058 0.00026 0.00072 -0.00089
198553.062 0.00073 -0.00038 -0.00215
198553.066 0.00147 -0.00037 -0.00066
198553.070 0.00120 -0.00021 -0.00133
198553.074 0.00023 0.00040 -0.00045
198553.078 0.00117 -0.00061 -0.00082
198553.082 0.00157 -0.00058 -0.00152
198553.086 0.00138 -0.00072 -0.00155
198553.090 0.00223 0.00028 -0.00112
198553.094 0.00171 -0.00035 -0.00070
198553.098 0.00141 -0.00096 -0.00089
198553.102 0.00103 0.00007 -0.00063
198553.106 0.00063 -0.00024 -0.00117
198553.110 0.00159 -0.00033 -0.00070
198553.114 0.00033 -0.00110 -0.00148
198553.118 0.00059 -0.00117 -0.00079
198553.122 0.00202 -0.00073 -0.00061
198553.126 0.00119 -0.00030 -0.00086
198553.130 0.00098 0.00024 -0.00063
198553.134 0.00213 -0.00066 -0.00101
198553.139 0.00152 0.00120 0.00021
198553.142 0.00077 0.00019 -0.00049
198553.146 0.00072 -0.00052 -0.00007
198553.149 0.00115 0.00079 -0.00087
198553.154 0.00023 -0.00037 -0.00093
198553.158 0.00087 -0.00007 -0.00140
198553.162 0.00241 -0.00059 -0.00136
198553.166 0.00113 -0.00058 -0.00166
198553.170 0.00005 -0.00072 -0.00129
198553.174 0.00159 -0.00061 -0.00089
198553.178 0.00229 -0.00073 -0.00093
198553.182 0.00157 -0.00031 -0.00201
198553.186 0.00152 -0.00035 -0.00063
198553.190 0.00061 0.00007 -0.00101
198553.194 0.00068 -0.00070 -0.00112
198553.198 0.00040 -0.00059 -0.00115
198553.202 0.00047 0.00045 -0.00099
198553.206 0.00065 0.00014 -0.00141
198553.210 0.00068 -0.00052 -0.00197
198553.214 0.00084 -0.00042 -0.00182
198553.218 0.00134 0.00066 -0.00117
198553.222 0.00147 -0.00040 -0.00115
198553.226 0.00059 -0.00037 -0.00131
198553.230 0.00096 -0.00141 -0.00030
198553.234 0.00077 -0.00035 -0.00079
198553.238 0.00101 -0.00051 -0.00045
198553.242 0.00122 -0.00056 -0.00098
198553.246 0.00129 0.00017 -0.00110
198553.250 0.00086 0.00096 -0.00175
198553.254 0.00073 -0.00077 -0.00101
198553.258 0.00176 -0.00077 -0.00037
198553.262 0.00066 -0.00061 -0.00065
198553.266 0.00129 -0.00014 0.00002
198553.270 0.00101 -0.00075 -0.00115
198553.274 0.00063 0.00072 -0.00024
198553.278 0.00173 0.00021 -0.00122
198553.282 0.00082 -0.00021 -0.00103
198553.286 0.00058 -0.00108 -0.00037
198553.290 0.00037 -0.00161 -0.00126
198553.294 0.00120 -0.00024 -0.00042
198553.298 0.00084 -0.00033 -0.00021
198553.302 0.00028 -0.00080 -0.00061
198553.306 0.00059 -0.00049 -0.00115
198553.309 0.00127 -0.00129 -0.00131
198553.314 0.00131 -0.00091 -0.00075
198553.318 0.00115 -0.00051 -0.00089
198553.322 0.00187 -0.00099 -0.00033
198553.326 0.00101 -0.00084 -0.00079
198553.330 0.00093 0.00024 -0.00061
198553.334 0.00120 0.00024 -0.00147
198553.338 0.00113 -0.00037 -0.00215
198553.342 -0.00007 -0.00051 -0.00037
198553.346 0.00065 -0.00010 -0.00080
198553.350 -0.00005 0.00000 -0.00061
198553.354 0.00080 0.00091 -0.00026
198553.358 0.00148 0.00101 -0.00093
198553.362 0.00136 -0.00045 -0.00140
198553.366 0.00101 -0.00024 -0.00047
198553.369 0.00154 -0.00154 -0.00037
198553.374 0.00168 -0.00052 0.00023
198553.378 0.00096 -0.00056 -0.00108
198553.382 0.00106 0.00002 -0.00084
198553.386 0.00035 -0.00056 -0.00122
198553.390 0.00105 -0.00010 -0.00133
198553.394 0.00049 -0.00059 -0.00120
198553.398 0.00035 0.00075 -0.00042
198553.402 0.00045 0.00023 -0.00035
198553.406 0.00094 -0.00037 -0.00124
198553.410 0.00031 0.00082 -0.00119
198553.414 -0.00014 0.00038 -0.00086
198553.418 0.00047 -0.00017 -0.00063
198553.422 0.00049 -0.00122 -0.00087
198553.426 0.00155 -0.00028 -0.00079
198553.429 0.00168 -0.00019 -0.00031
198553.434 0.00035 0.00010 -0.00079
198553.438 0.00091 -0.00054 -0.00091
198553.442 0.00091 -0.00117 -0.00229
198553.446 0.00091 0.00045 -0.00010
198553.450 0.00134 0.00014 -0.00087
198553.454 0.00103 0.00005 -0.00063
198553.458 0.00017 0.00033 -0.00087
198553.462 0.00056 0.00056 0.00040
198553.466 0.00187 0.00136 -0.00028
198553.470 0.00115 0.00082 -0.00183
198553.474 0.00051 0.00113 -0.00087
198553.478 0.00110 0.00047 -0.00079
198553.482 0.00141 0.00044 -0.00106
198553.486 0.00089 0.00014 -0.00127
198553.491 0.00089 0.00005 -0.00044
198553.494 0.00075 -0.00026 -0.00112
198553.498 -0.00047 0.00010 -0.00070
198553.502 0.00099 -0.00009 -0.00133
198553.506 0.00077 -0.00044 -0.00166
198553.510 0.00133 -0.00038 -0.00098
198553.514 0.00161 -0.00066 -0.00126
198553.518 0.00094 -0.00120 -0.00133
198553.522 0.00152 -0.00073 -0.00120
198553.526 0.00106 -0.00002 -0.00087
198553.530 0.00185 0.00047 -0.00033
198553.534 0.00131 -0.00045 -0.00108
198553.538 0.00024 -0.00113 -0.00188
198553.542 0.00103 -0.00042 -0.00120
198553.546 0.00094 -0.00082 -0.00208
198553.550 0.00016 -0.00079 -0.00169
198553.554 -0.00017 0.00010 -0.00024
198553.558 -0.00117 -0.00023 -0.00031
198553.562 -0.00023 -0.00063 -0.00019
198553.566 0.00150 -0.00059 -0.00014
198553.570 0.00091 0.00091 -0.00105
198553.574 0.00045 0.00026 -0.00113
198553.578 0.00124 -0.00065 -0.00115
198553.582 0.00145 -0.00180 -0.00086
198553.586 0.00194 -0.00028 -0.00077
198553.589 0.00072 0.00009 -0.00075
198553.594 0.00115 0.00049 -0.00059
198553.598 0.00127 0.00016 -0.00056
198553.602 0.00145 -0.00068 -0.00024
198553.606 0.00075 -0.00016 -0.00047
198553.610 0.00176 -0.00045 -0.00127
198553.614 0.00127 -0.00038 -0.00194
198553.618 0.00099 -0.00098 -0.00106
198553.622 0.00138 -0.00159 -0.00068
198553.626 0.00087 -0.00143 -0.00058
198553.630 0.00089 -0.00033 -0.00086
198553.634 0.00030 -0.00096 -0.00108
198553.638 0.00075 -0.00037 -0.00054
198553.642 0.00147 -0.00173 0.00065
198553.646 0.00134 -0.00133 0.00096
198553.650 0.00131 -0.00106 -0.00016
198553.654 0.00101 -0.00054 -0.00089
198553.658 0.00138 -0.00101 -0.00154
198553.662 0.00133 -0.00054 -0.00171
198553.666 0.00147 -0.00026 -0.00236
198553.670 0.00166 -0.00079 -0.00162
198553.674 -0.00024 -0.00108 -0.00188
198553.678 -0.00030 0.00003 -0.00134
198553.682 0.00028 0.00033 -0.00075
198553.686 0.00059 -0.00108 -0.00059
198553.690 0.00112 -0.00026 -0.00147
198553.694 0.00035 -0.00003 -0.00108
198553.698 0.00045 -0.00058 -0.00188
198553.702 0.00003 -0.00042 -0.00195
198553.706 -0.00021 -0.00007 -0.00136
198553.709 -0.00014 -0.00030 -0.00166
198553.714 0.00047 0.00038 -0.00099
198553.718 0.00140 -0.00047 -0.00096
198553.722 0.00119 -0.00070 -0.00080
198553.726 0.00173 -0.00030 -0.00136
198553.730 0.00141 -0.00140 -0.00150
198553.734 0.00164 -0.00033 -0.00140
198553.738 0.00094 -0.00051 -0.00122
198553.742 0.00002 -0.00024 0.00002
198553.746 0.00082 -0.00033 -0.00145
198553.750 0.00133 -0.00066 -0.00154
198553.754 0.00101 -0.00105 -0.00110
198553.758 0.00108 -0.00024 -0.00129
198553.762 0.00094 -0.00033 -0.00134
198553.766 0.00122 -0.00080 -0.00105
198553.770 0.00098 -0.00063 -0.00098
198553.774 0.00106 -0.00044 -0.00080
198553.778 0.00080 -0.00113 -0.00182
198553.782 0.00133 -0.00026 -0.00133
198553.786 0.00101 -0.00154 -0.00255
198553.790 0.00122 -0.00143 -0.00243
198553.794 0.00113 -0.00094 -0.00148
198553.798 0.00007 -0.00037 -0.00215
198553.802 0.00113 -0.00021 -0.00112
198553.806 0.00096 -0.00017 -0.00115
198553.810 0.00122 0.00026 -0.00175
198553.814 0.00279 -0.00049 -0.00162
198553.818 0.00079 -0.00070 -0.00037
198553.822 0.00103 -0.00059 0.00009
198553.826 0.00063 -0.00119 -0.00082
198553.830 0.00098 -0.00028 0.00087
198553.834 0.00122 0.00040 -0.00017
198553.839 0.00009 -0.00122 -0.00089
198553.842 0.00038 0.00000 -0.00140
198553.846 0.00152 0.00002 -0.00002
198553.850 0.00136 -0.00010 -0.00026
198553.854 0.00117 0.00028 -0.00122
198553.858 0.00066 -0.00154 -0.00208
198553.862 0.00175 -0.00023 -0.00140
198553.866 0.00173 -0.00003 -0.00168
198553.869 0.00112 0.00045 -0.00145
198553.874 0.00126 -0.00075 -0.00122
198553.878 0.00265 -0.00031 -0.00147
198553.882 0.00120 -0.00065 -0.00094
198553.886 0.00038 -0.00119 -0.00140
198553.890 0.00031 -0.00148 -0.00093
198553.894 0.00120 -0.00126 -0.00049
198553.898 0.00143 -0.00134 -0.00098
198553.902 0.00075 -0.00122 -0.00187
198553.906 0.00115 -0.00014 -0.00239
198553.910 0.00112 -0.00091 -0.00194
198553.914 0.00126 -0.00037 -0.00106
198553.918 0.00145 0.00007 -0.00098
198553.922 0.00164 -0.00070 -0.00112
198553.926 0.00215 0.00028 -0.00113
198553.929 0.00154 0.00099 -0.00131
198553.934 0.00122 -0.00045 -0.00073
198553.938 0.00113 0.00005 -0.00089
198553.942 -0.00007 -0.00086 -0.00108
198553.946 -0.00024 -0.00003 -0.00054
198553.950 0.00059 0.00030 -0.00113
198553.954 0.00068 -0.00033 -0.00161
198553.958 0.00084 -0.00021 -0.00068
198553.962 0.00103 -0.00154 -0.00087
198553.966 0.00124 -0.00052 -0.00093
198553.970 0.00068 -0.00147 -0.00110
198553.974 0.00129 -0.00094 -0.00113
198553.978 0.00101 -0.00173 -0.00236
198553.982 0.00077 -0.00087 -0.00192
198553.986 0.00147 -0.00019 -0.00120
198553.989 0.00120 -0.00108 -0.00117
198553.994 0.00173 0.00019 -0.00026
198553.998 0.00082 0.00023 -0.00122
198554.002 0.00103 0.00068 -0.00101
198554.006 0.00108 0.00049 -0.00264
198554.010 0.00035 -0.00044 -0.00065
198554.014 0.00105 0.00051 -0.00072
198554.018 0.00140 0.00000 -0.00089
198554.022 0.00223 0.00063 0.00040
198554.026 0.00140 -0.00086 -0.00044
198554.030 0.00058 -0.00215 -0.00232
198554.034 -0.00037 0.00021 -0.00072
198554.038 0.00056 -0.00021 -0.00073
198554.042 0.00051 -0.00063 -0.00194
198554.046 0.00080 -0.00089 -0.00061
198554.050 0.00028 0.00099 -0.00101
198554.054 0.00059 0.00073 -0.00082
198554.058 0.00112 0.00066 0.00012
198554.062 0.00126 -0.00115 -0.00066
198554.066 0.00145 -0.00058 -0.00103
198554.070 0.00209 -0.00147 -0.00141
198554.074 0.00182 -0.00080 -0.00077
198554.078 0.00159 0.00072 -0.00061
198554.082 0.00124 -0.00175 -0.00162
198554.086 0.00023 -0.00028 -0.00037
198554.089 0.00058 0.00099 -0.00080
198554.094 0.00096 -0.00016 -0.00106
198554.098 0.00093 -0.00031 -0.00023
198554.102 0.00166 0.00113 -0.00136
198554.106 0.00169 0.00017 -0.00061
198554.110 0.00171 -0.00113 -0.00115
198554.114 0.00141 -0.00176 -0.00131
198554.118 0.00028 0.00016 -0.00075
198554.122 0.00089 -0.00037 -0.00044
198554.126 0.00059 -0.00037 -0.00112
198554.130 0.00082 -0.00052 0.00003
198554.134 0.00133 -0.00040 -0.00143
198554.138 0.00131 -0.00052 -0.00093
198554.142 0.00115 0.00047 -0.00035
198554.146 0.00112 0.00105 -0.00049
198554.149 0.00126 0.00075 -0.00054
198554.154 0.00040 0.00051 -0.00024
198554.158 0.00031 -0.00012 -0.00061
198554.162 0.00134 -0.00106 -0.00101
198554.166 0.00117 -0.00145 -0.00171
198554.170 0.00037 -0.00021 -0.00070
198554.174 0.00106 0.00133 -0.00119
198554.178 0.00124 -0.00052 -0.00056
198554.182 0.00145 -0.00161 -0.00131
198554.186 0.00119 -0.00054 -0.00180
198554.191 0.00309 -0.00147 -0.00058
198554.194 0.00208 -0.00035 -0.00040
198554.198 0.00091 -0.00066 -0.00126
198554.202 0.00016 -0.00030 -0.00164
198554.206 0.00115 -0.00019 -0.00098
198554.210 0.00082 -0.00093 -0.00080
198554.214 0.00042 -0.00051 -0.00077
198554.218 0.00079 -0.00056 -0.00105
198554.222 0.00042 -0.00026 -0.00082
198554.226 0.00077 -0.00094 -0.00061
198554.230 0.00192 -0.00066 -0.00117
198554.234 0.00072 -0.00059 -0.00147
198554.238 0.00010 -0.00087 -0.00063
198554.242 0.00024 -0.00155 -0.00117
198554.246 0.00000 -0.00098 -0.00056
198554.250 0.00021 -0.00052 -0.00054
198554.254 0.00058 -0.00101 -0.00115
198554.258 0.00127 -0.00054 -0.00190
198554.262 0.00190 -0.00040 -0.00150
198554.266 0.00131 -0.00143 -0.00140
198554.269 0.00056 -0.00126 -0.00152
198554.274 0.00021 -0.00105 -0.00051
198554.278 0.00162 0.00019 -0.00009
198554.282 0.00154 -0.00037 -0.00103
198554.286 0.00106 0.00051 -0.00082
198554.290 -0.00024 0.00016 -0.00061
198554.294 0.00120 -0.00068 -0.00010
198554.298 0.00052 -0.00241 -0.00134
198554.302 0.00126 -0.00209 -0.00075
198554.306 0.00115 -0.00112 -0.00134
198554.310 0.00187 -0.00176 -0.00195
198554.314 0.00040 -0.00103 -0.00152
198554.318 0.00017 0.00019 -0.00094
198554.322 0.00040 -0.00021 -0.00065
198554.326 0.00138 0.00026 -0.00148
198554.330 0.00087 0.00009 -0.00154
198554.334 0.00089 -0.00009 -0.00141
198554.338 0.00075 0.00000 -0.00077
198554.342 0.00086 -0.00012 -0.00091
198554.346 0.00075 -0.00016 -0.00094
198554.350 0.00117 0.00012 -0.00171
198554.354 -0.00037 -0.00038 -0.00175
198554.358 0.00026 -0.00037 -0.00072
198554.362 0.00059 -0.00173 -0.00028
198554.366 0.00066 -0.00058 -0.00003
198554.370 -0.00035 -0.00178 -0.00086
198554.374 0.00117 -0.00058 -0.00199
198554.378 0.00157 -0.00012 -0.00227
198554.382 0.00063 -0.00061 -0.00190
198554.386 0.00068 -0.00012 -0.00134
198554.390 0.00115 -0.00016 -0.00106
198554.394 0.00066 0.00028 -0.00052
198554.398 0.00099 0.00024 -0.00129
198554.402 0.00138 -0.00005 -0.00089
198554.406 0.00058 0.00016 -0.00108
198554.410 0.00112 -0.00038 -0.00188
198554.414 0.00110 -0.00037 -0.00134
198554.418 0.00110 0.00052 -0.00166
198554.422 0.00110 0.00045 -0.00175
198554.426 0.00110 -0.00075 -0.00206
198554.429 0.00155 -0.00061 -0.00169
198554.434 0.00122 -0.00014 -0.00099
198554.438 0.00159 0.00103 -0.00051
198554.442 0.00183 0.00030 -0.00084
198554.446 0.00129 0.00009 -0.00106
198554.450 0.00040 0.00065 -0.00038
198554.454 0.00168 0.00019 -0.00096
198554.458 0.00126 -0.00127 -0.00171
198554.462 0.00040 -0.00136 -0.00086
198554.466 0.00077 -0.00061 -0.00093
198554.470 -0.00017 -0.00089 -0.00140
198554.474 -0.00042 -0.00035 -0.00168
198554.478 -0.00033 -0.00066 -0.00159
198554.482 0.00026 0.00059 -0.00112
198554.486 0.00194 0.00063 -0.00054
198554.489 0.00192 -0.00056 -0.00070
198554.494 0.00133 -0.00010 -0.00073
198554.498 0.00206 -0.00030 -0.00030
198554.502 0.00136 0.00038 -0.00122
198554.506 0.00117 -0.00047 -0.00133
198554.510 0.00098 -0.00250 -0.00134
198554.514 0.00047 -0.00122 -0.00091
198554.518 -0.00070 -0.00164 0.00024
198554.522 0.00017 -0.00115 -0.00049
198554.526 0.00086 -0.00012 -0.00143
198554.530 0.00119 0.00000 -0.00108
198554.534 0.00127 -0.00103 -0.00143
198554.539 0.00099 -0.00068 -0.00047
198554.542 0.00063 -0.00030 -0.00037
198554.546 0.00052 -0.00110 -0.00096
198554.550 0.00021 -0.00147 -0.00110
198554.554 0.00072 -0.00096 -0.00113
198554.558 0.00086 -0.00051 -0.00054
198554.562 0.00119 -0.00086 -0.00040
198554.566 0.00052 -0.00169 0.00009
198554.570 0.00080 -0.00176 -0.00159
198554.574 0.00087 -0.00148 -0.00246
198554.578 0.00105 -0.00155 -0.00134
198554.582 0.00065 -0.00038 -0.00150
198554.586 0.00204 -0.00052 -0.00140
198554.590 0.00195 -0.00147 -0.00122
198554.594 0.00178 -0.00035 -0.00087
198554.598 0.00082 -0.00096 -0.00168
198554.602 0.00103 -0.00068 -0.00190
198554.606 0.00124 -0.00059 -0.00075
198554.610 0.00009 -0.00028 -0.00030
198554.614 0.00038 0.00024 -0.00168
198554.618 0.00093 -0.00065 -0.00070
198554.622 0.00075 -0.00150 -0.00012
198554.626 0.00117 -0.00080 0.00000
198554.630 0.00127 -0.00154 -0.00129
198554.634 0.00054 -0.00112 -0.00075
198554.638 0.00080 -0.00072 0.00000
198554.642 0.00162 -0.00002 -0.00115
198554.646 0.00185 -0.00087 -0.00161
198554.649 0.00086 -0.00126 -0.00218
198554.654 0.00058 0.00073 -0.00141
198554.658 0.00187 0.00007 -0.00152
198554.662 0.00115 -0.00024 -0.00051
198554.666 0.00112 -0.00079 0.00021
198554.670 0.00021 -0.00047 0.00038
198554.674 0.00072 -0.00040 0.00014
198554.678 0.00086 -0.00066 -0.00051
198554.682 0.00180 -0.00030 -0.00113
198554.686 0.00084 -0.00049 -0.00115
198554.690 0.00119 -0.00190 -0.00236
198554.694 0.00112 -0.00182 -0.00237
198554.698 0.00126 -0.00014 -0.00072
198554.702 0.00099 -0.00091 -0.00134
198554.706 0.00077 -0.00021 -0.00091
198554.709 0.00101 -0.00002 0.00010
198554.714 0.00154 0.00031 -0.00052
198554.718 0.00091 -0.00049 -0.00024
198554.722 0.00195 -0.00024 -0.00093
198554.726 0.00194 -0.00003 -0.00065
198554.730 0.00101 -0.00012 -0.00133
198554.734 0.00138 0.00012 -0.00150
198554.738 0.00058 -0.00023 -0.00126
198554.742 0.00112 -0.00124 -0.00012
198554.746 0.00080 -0.00105 -0.00014
198554.750 0.00012 -0.00115 0.00000
198554.754 0.00086 -0.00087 -0.00054
198554.758 0.00134 -0.00094 -0.00099
198554.762 0.00087 -0.00037 -0.00096
198554.766 0.00120 0.00066 -0.00021
198554.770 0.00052 -0.00054 -0.00105
198554.774 0.00096 -0.00010 -0.00038
198554.778 0.00031 0.00028 -0.00124
198554.782 0.00150 -0.00065 -0.00148
198554.786 0.00045 -0.00105 -0.00183
198554.790 0.00124 -0.00054 -0.00208
198554.794 0.00084 -0.00010 -0.00246
198554.798 0.00044 -0.00059 -0.00164
198554.802 0.00168 -0.00087 -0.00159
198554.806 0.00110 -0.00065 -0.00066
198554.810 0.00096 -0.00014 -0.00072
198554.814 0.00077 -0.00061 0.00000
198554.818 0.00056 -0.00133 0.00019
198554.822 0.00082 -0.00093 -0.00035
198554.826 0.00087 -0.00141 -0.00079
198554.830 0.00120 -0.00049 -0.00152
198554.834 0.00113 -0.00040 -0.00140
198554.838 0.00066 -0.00023 -0.00061
198554.842 -0.00005 -0.00108 -0.00147
198554.846 0.00049 0.00079 -0.00063
198554.850 0.00080 0.00023 -0.00042
198554.854 0.00147 0.00007 -0.00096
198554.858 0.00075 0.00003 -0.00155
198554.862 0.00117 0.00033 -0.00080
198554.866 0.00098 -0.00017 -0.00106
198554.870 0.00047 -0.00077 -0.00159
198554.874 0.00124 0.00042 -0.00052
198554.878 0.00143 0.00000 -0.00052
198554.882 0.00120 0.00002 -0.00115
198554.886 -0.00005 -0.00072 -0.00010
198554.891 -0.00024 0.00000 -0.00103
198554.894 0.00134 -0.00012 -0.00112
198554.898 0.00117 0.00028 0.00003
198554.902 0.00037 -0.00110 -0.00009
198554.906 0.00091 -0.00040 -0.00103
198554.910 0.00120 -0.00098 -0.00127
198554.914 0.00129 -0.00007 -0.00103
198554.918 0.00161 -0.00014 -0.00052
198554.922 0.00108 0.00012 -0.00098
198554.926 0.00094 -0.00052 -0.00141
198554.930 0.00106 -0.00072 -0.00077
198554.934 0.00185 -0.00106 -0.00120
198554.938 0.00086 -0.00084 -0.00056
198554.942 0.00058 0.00054 -0.00054
198554.946 0.00141 0.00093 -0.00115
198554.950 0.00194 -0.00003 -0.00222
198554.954 0.00162 -0.00028 -0.00218
198554.958 0.00169 -0.00094 -0.00173
198554.962 0.00080 -0.00051 -0.00086
198554.966 -0.00016 -0.00070 -0.00063
198554.970 0.00077 -0.00077 -0.00176
198554.974 0.00087 -0.00061 -0.00101
198554.978 0.00075 -0.00103 -0.00141
198554.982 0.00026 -0.00084 -0.00197
198554.986 0.00089 -0.00124 -0.00106
198554.989 0.00120 -0.00044 -0.00159
198554.994 0.00127 -0.00009 -0.00112
198554.998 0.00099 0.00000 -0.00145
198555.002 0.00168 0.00017 -0.00047
198555.006 0.00065 0.00021 -0.00082
198555.010 0.00038 0.00052 -0.00031
198555.014 0.00106 0.00000 -0.00108
198555.018 0.00094 -0.00072 -0.00159
198555.022 0.00077 -0.00091 -0.00141
198555.026 0.00117 -0.00021 -0.00182
198555.030 0.00052 -0.00017 -0.00103
198555.034 0.00051 -0.00091 -0.00082
198555.038 0.00049 0.00023 -0.00061
198555.042 0.00080 0.00007 -0.00086
198555.046 0.00178 0.00033 -0.00017
198555.049 0.00113 -0.00138 -0.00134
198555.054 0.00112 -0.00093 -0.00091
198555.058 0.00066 0.00023 -0.00065
198555.062 0.00099 0.00084 -0.00042
198555.066 0.00077 0.00038 0.00023
198555.070 0.00147 0.00026 -0.00033
198555.074 0.00134 -0.00005 -0.00094
198555.078 0.00117 0.00000 -0.00019
198555.082 0.00187 -0.00012 0.00028
198555.086 0.00115 0.00030 -0.00017
198555.090 0.00112 -0.00003 -0.00120
198555.094 0.00171 -0.00028 -0.00117
198555.098 0.00141 -0.00003 -0.00161
198555.102 0.00134 -0.00089 -0.00202
198555.106 0.00026 -0.00141 -0.00154
198555.110 0.00089 -0.00065 -0.00171
198555.114 0.00164 -0.00089 -0.00190
198555.118 0.00140 -0.00080 -0.00134
198555.122 0.00119 -0.00017 -0.00091
198555.126 0.00127 -0.00093 -0.00079
198555.130 -0.00003 -0.00021 -0.00120
198555.134 0.00096 -0.00063 -0.00131
198555.138 0.00106 -0.00105 -0.00255
198555.142 0.00155 0.00035 -0.00182
198555.146 0.00168 0.00101 -0.00042
198555.149 0.00141 -0.00136 -0.00157
198555.154 0.00028 -0.00108 -0.00157
198555.158 -0.00030 -0.00024 -0.00112
198555.162 0.00119 0.00070 -0.00084
198555.166 0.00173 0.00080 -0.00063
198555.170 0.00052 -0.00080 -0.00131
198555.174 0.00051 -0.00124 -0.00120
198555.178 0.00094 -0.00014 -0.00012
198555.182 0.00061 0.00028 -0.00103
198555.186 0.00052 0.00054 -0.00052
198555.190 0.00080 -0.00042 -0.00038
198555.194 0.00028 0.00005 -0.00080
198555.198 0.00164 -0.00070 -0.00182
198555.202 0.00110 -0.00136 -0.00119
198555.206 0.00051 -0.00122 -0.00101
198555.209 0.00049 -0.00059 -0.00112
198555.214 0.00080 -0.00042 -0.00145
198555.218 0.00103 -0.00084 -0.00168
198555.222 0.00079 -0.00079 -0.00054
198555.226 0.00103 -0.00017 -0.00099
198555.230 0.00063 -0.00093 -0.00037
198555.234 0.00052 0.00068 -0.00049
198555.239 0.00065 -0.00024 -0.00129
198555.242 0.00129 -0.00079 -0.00119
198555.246 0.00070 -0.00108 -0.00147
198555.250 0.00129 0.00033 -0.00108
198555.254 0.00161 -0.00017 -0.00084
198555.258 0.00199 -0.00016 0.00101
198555.262 0.00298 -0.00091 -0.00073
198555.266 0.00115 -0.00096 -0.00119
198555.269 0.00112 0.00037 -0.00087
198555.274 0.00155 -0.00002 -0.00093
198555.278 0.00077 -0.00042 -0.00154
198555.282 -0.00031 -0.00023 -0.00141
198555.286 -0.00045 0.00024 -0.00106
198555.290 0.00038 -0.00110 -0.00143
198555.294 0.00138 -0.00086 -0.00077
198555.298 0.00042 -0.00199 -0.00136
198555.302 0.00047 -0.00260 -0.00120
198555.306 0.00108 -0.00110 -0.00101
198555.310 0.00126 -0.00131 -0.00173
198555.314 0.00145 -0.00166 -0.00145
198555.318 0.00105 -0.00145 -0.00108
198555.322 0.00065 0.00009 -0.00129
198555.326 0.00129 -0.00009 -0.00164
198555.330 0.00131 0.00030 -0.00113
198555.334 0.00115 0.00040 -0.00115
198555.338 0.00096 0.00087 -0.00010
198555.342 0.00031 0.00054 -0.00087
198555.346 0.00091 0.00002 -0.00168
198555.350 0.00105 0.00047 -0.00129
198555.354 0.00110 0.00044 -0.00119
198555.358 0.00215 -0.00061 -0.00087
198555.362 0.00122 -0.00028 -0.00063
198555.366 0.00159 -0.00033 -0.00101
198555.370 0.00017 -0.00082 -0.00141
198555.374 -0.00003 -0.00003 -0.00213
198555.378 0.00035 -0.00042 -0.00155
198555.382 0.00061 0.00021 -0.00155
198555.386 0.00127 0.00112 -0.00021
198555.390 0.00161 0.00016 -0.00106
198555.394 0.00229 -0.00037 -0.00159
198555.398 0.00141 -0.00066 -0.00171
198555.402 0.00148 -0.00014 -0.00070
198555.406 0.00136 0.00042 0.00030
198555.410 0.00117 0.00000 0.00026
198555.414 0.00082 -0.00087 -0.00033
198555.418 0.00119 -0.00110 -0.00063
198555.422 0.00082 -0.00010 -0.00133
198555.426 0.00058 -0.00150 -0.00105
198555.429 0.00082 -0.00051 -0.00113
198555.434 0.00073 -0.00010 -0.00220
198555.438 0.00040 -0.00030 -0.00113
198555.442 0.00168 -0.00019 -0.00099
198555.446 0.00065 0.00056 -0.00066
198555.450 0.00054 0.00061 0.00016
198555.454 0.00126 0.00017 -0.00021
198555.458 0.00054 -0.00066 -0.00105
198555.462 0.00035 -0.00059 -0.00098
198555.466 0.00045 0.00000 -0.00096
198555.470 0.00140 -0.00131 -0.00110
198555.474 0.00103 -0.00197 -0.00099
198555.478 0.00124 -0.00093 -0.00051
198555.482 0.00068 -0.00096 -0.00129
198555.486 0.00038 -0.00023 -0.00134
198555.490 0.00063 -0.00122 -0.00075
198555.494 0.00037 -0.00148 -0.00150
198555.498 0.00061 0.00023 -0.00124
198555.502 0.00023 -0.00051 0.00000
198555.506 0.00103 -0.00115 -0.00024
198555.510 0.00124 -0.00117 -0.00122
198555.514 -0.00005 0.00045 -0.00117
198555.518 0.00049 0.00073 -0.00070
198555.522 -0.00024 0.00066 -0.00073
198555.526 0.00136 0.00003 -0.00195
198555.530 0.00072 -0.00056 -0.00182
198555.534 0.00086 -0.00010 -0.00087
198555.538 0.00105 0.00044 -0.00017
198555.542 0.00108 -0.00016 -0.00120
198555.546 0.00094 -0.00061 -0.00133
198555.549 0.00077 0.00045 -0.00105
198555.554 0.00117 -0.00045 -0.00248
198555.558 0.00127 -0.00099 -0.00134
198555.562 0.00145 -0.00159 -0.00152
198555.566 0.00150 -0.00084 -0.00110
198555.570 0.00030 0.00024 -0.00129
198555.574 0.00059 0.00023 -0.00103
198555.578 -0.00037 0.00023 -0.00187
198555.582 0.00042 0.00023 -0.00164
198555.586 0.00138 -0.00082 -0.00084
198555.591 0.00117 0.00072 -0.00093
198555.594 0.00082 0.00021 -0.00155
198555.598 0.00208 -0.00051 -0.00051
198555.602 0.00045 0.00003 -0.00098
198555.606 0.00140 0.00033 -0.00171
198555.610 -0.00045 -0.00108 -0.00115
198555.614 0.00009 0.00049 -0.00070
198555.618 0.00068 0.00059 -0.00089
198555.622 0.00129 -0.00042 -0.00033
198555.626 0.00131 -0.00052 -0.00049
198555.630 0.00131 -0.00010 -0.00023
198555.634 0.00176 0.00014 -0.00166
198555.638 0.00143 -0.00098 -0.00113
198555.642 0.00058 -0.00098 -0.00190
198555.646 0.00037 -0.00068 -0.00120
198555.650 0.00031 -0.00045 -0.00072
198555.654 0.00134 -0.00009 -0.00105
198555.658 0.00072 -0.00150 -0.00068
198555.662 0.00056 0.00007 -0.00058
198555.666 0.00171 -0.00054 -0.00131
198555.670 0.00187 0.00017 -0.00134
198555.674 0.00115 0.00096 -0.00075
198555.678 0.00082 -0.00016 -0.00089
198555.682 0.00087 -0.00061 -0.00140
198555.686 0.00045 -0.00087 -0.00075
198555.690 0.00079 0.00023 -0.00120
198555.694 0.00103 0.00023 -0.00087
198555.698 0.00108 0.00084 -0.00047
198555.702 0.00155 -0.00019 -0.00188
198555.706 0.00197 -0.00033 -0.00120
198555.709 0.00119 0.00038 -0.00086
198555.714 0.00082 0.00072 -0.00199
198555.718 0.00044 0.00021 -0.00077
198555.722 0.00093 0.00023 0.00000
198555.726 0.00120 -0.00112 -0.00101
198555.730 0.00113 0.00002 -0.00021
198555.734 0.00157 0.00003 -0.00030
198555.738 0.00197 -0.00010 -0.00094
198555.742 0.00164 -0.00059 -0.00065
198555.746 0.00108 -0.00058 -0.00058
198555.750 0.00080 -0.00087 -0.00056
198555.754 0.00162 0.00609 -0.00009
198555.758 0.00290 0.01260 -0.00073
198555.762 0.00323 0.00963 -0.00195
198555.766 0.00120 -0.00077 -0.00182
198555.769 0.00082 -0.00258 -0.00103
198555.774 0.00012 -0.00276 -0.00096
198555.778 0.00115 -0.00188 -0.00035
198555.782 0.00127 -0.00016 -0.00110
198555.786 0.00070 0.00103 -0.00159
198555.790 0.00129 0.00119 -0.00187
198555.794 0.00176 0.00049 -0.00134
198555.798 0.00262 0.00030 -0.00166
198555.802 0.00271 -0.00049 -0.00175
198555.806 0.00227 -0.00115 -0.00176
198555.810 0.00246 -0.00133 -0.00087
198555.814 0.00115 -0.00168 0.00010
198555.818 0.00021 -0.00220 -0.00141
198555.822 0.00012 -0.00206 -0.00063
198555.826 0.00070 -0.00305 -0.00072
198555.829 -0.00019 -0.00243 -0.00194
198555.834 -0.00028 -0.00300 -0.00091
198555.838 -0.00014 -0.00286 -0.00079
198555.842 0.00063 -0.00192 -0.00120
198555.846 0.00188 -0.00136 -0.00117
198555.850 0.00101 -0.00168 -0.00131
198555.854 0.00079 -0.00147 -0.00239
198555.858 0.00042 -0.00035 -0.00164
