198465.718 0.00093 -0.00113 -0.00073
198465.722 0.00075 -0.00101 -0.00089
198465.726 0.00101 0.00019 -0.00140
198465.730 0.00093 0.00098 -0.00061
198465.734 0.00166 -0.00031 -0.00115
198465.738 0.00094 0.00084 -0.00101
198465.742 0.00091 -0.00035 -0.00157
198465.746 0.00150 -0.00066 -0.00112
198465.749 0.00241 0.00134 -0.00038
198465.754 0.00054 0.00112 -0.00065
198465.758 0.00096 0.00152 -0.00012
198465.762 -0.00028 -0.00031 -0.00044
198465.766 0.00014 -0.00110 -0.00157
198465.770 0.00115 -0.00101 -0.00096
198465.774 0.00127 -0.00129 -0.00005
198465.778 0.00145 -0.00045 -0.00056
198465.782 0.00164 -0.00023 -0.00099
198465.786 0.00246 0.00040 -0.00082
198465.790 0.00131 0.00012 -0.00061
198465.794 -0.00003 0.00126 -0.00131
198465.798 0.00096 0.00080 -0.00134
198465.802 0.00211 0.00023 -0.00061
198465.806 0.00229 0.00052 -0.00101
198465.810 0.00066 0.00061 -0.00112
198465.814 0.00068 0.00093 -0.00161
198465.818 0.00054 0.00056 -0.00052
198465.822 0.00051 0.00002 -0.00159
198465.826 0.00155 -0.00101 -0.00052
198465.830 -0.00042 -0.00038 -0.00145
198465.834 -0.00003 -0.00037 -0.00079
198465.838 0.00171 -0.00082 -0.00182
198465.842 0.00155 -0.00049 -0.00178
198465.846 0.00138 0.00049 -0.00072
198465.850 0.00117 0.00000 -0.00044
198465.854 0.00037 0.00047 -0.00052
198465.858 0.00031 -0.00089 -0.00068
198465.862 0.00195 0.00084 -0.00164
198465.866 0.00253 -0.00005 -0.00098
198465.870 0.00117 -0.00028 -0.00155
198465.874 0.00023 0.00129 -0.00155
198465.878 -0.00016 0.00110 -0.00171
198465.882 0.00077 0.00197 -0.00175
198465.886 0.00101 -0.00021 -0.00101
198465.890 0.00019 0.00010 -0.00096
198465.894 0.00026 -0.00099 -0.00126
198465.898 0.00058 -0.00007 -0.00103
198465.902 0.00023 0.00120 -0.00068
198465.906 0.00072 0.00079 -0.00058
198465.909 0.00145 -0.00037 -0.00115
198465.914 0.00209 0.00007 -0.00099
198465.918 0.00152 -0.00024 -0.00232
198465.922 0.00136 -0.00017 -0.00086
198465.926 0.00194 0.00058 -0.00063
198465.930 0.00117 0.00122 -0.00072
198465.934 0.00143 0.00079 -0.00180
198465.938 -0.00045 0.00113 -0.00117
198465.942 0.00038 0.00045 -0.00040
198465.946 0.00047 0.00059 -0.00096
198465.950 0.00108 0.00047 0.00009
198465.954 0.00096 0.00030 -0.00052
198465.958 0.00091 0.00070 -0.00115
198465.962 0.00061 -0.00038 -0.00145
198465.966 0.00066 0.00007 -0.00124
198465.970 0.00009 -0.00056 -0.00162
198465.974 0.00068 -0.00058 -0.00202
198465.978 0.00129 0.00031 -0.00154
198465.982 0.00192 0.00010 -0.00126
198465.986 0.00176 -0.00024 -0.00133
198465.991 0.00202 0.00010 -0.00075
198465.993 0.00209 0.00003 -0.00030
198465.998 0.00152 0.00124 -0.00063
198466.002 0.00166 0.00110 -0.00026
198466.006 0.00230 0.00016 -0.00063
198466.010 0.00202 -0.00023 -0.00117
198466.014 0.00105 -0.00017 -0.00192
198466.018 0.00094 0.00058 -0.00075
198466.022 -0.00044 -0.00012 -0.00105
198466.026 0.00054 -0.00045 -0.00023
198466.029 0.00037 -0.00129 -0.00016
198466.034 0.00106 0.00058 -0.00030
198466.038 0.00019 -0.00012 -0.00063
198466.042 0.00056 0.00148 -0.00026
198466.046 0.00173 0.00086 -0.00061
198466.050 0.00051 -0.00124 -0.00117
198466.054 0.00096 -0.00030 -0.00040
198466.058 0.00136 -0.00094 -0.00126
198466.062 0.00208 -0.00112 -0.00194
198466.066 0.00031 -0.00026 -0.00166
198466.070 0.00089 0.00054 -0.00023
198466.074 0.00075 0.00122 -0.00031
198466.078 0.00147 0.00169 -0.00169
198466.082 0.00030 0.00106 -0.00175
198466.086 0.00044 0.00030 -0.00147
198466.089 0.00108 -0.00108 -0.00049
198466.094 0.00065 -0.00040 -0.00007
198466.098 0.00054 0.00037 -0.00087
198466.102 0.00035 0.00087 -0.00138
198466.106 0.00061 0.00070 -0.00166
198466.110 0.00127 -0.00009 -0.00234
198466.114 0.00206 0.00014 -0.00147
198466.118 0.00105 0.00035 -0.00154
198466.122 0.00079 0.00026 -0.00110
198466.126 0.00117 -0.00005 -0.00250
198466.130 0.00112 0.00061 -0.00091
198466.134 0.00005 0.00093 -0.00003
198466.138 0.00082 -0.00003 -0.00072
198466.142 0.00119 0.00045 -0.00180
198466.146 0.00037 -0.00014 -0.00147
198466.150 0.00031 0.00073 -0.00094
198466.154 0.00045 0.00021 -0.00065
198466.158 0.00063 0.00007 -0.00012
198466.162 0.00052 -0.00009 0.00000
198466.166 0.00051 0.00014 -0.00056
198466.170 0.00005 0.00021 -0.00009
198466.174 0.00098 -0.00066 -0.00058
198466.178 0.00093 -0.00030 -0.00101
198466.182 0.00166 -0.00080 -0.00052
198466.186 0.00185 -0.00108 -0.00038
198466.189 0.00145 0.00003 0.00023
198466.194 0.00134 -0.00010 -0.00019
198466.198 0.00133 -0.00014 -0.00136
198466.202 0.00117 0.00012 -0.00150
198466.206 0.00143 -0.00084 -0.00169
198466.210 0.00103 0.00070 -0.00099
198466.214 0.00049 0.00096 -0.00096
198466.218 0.00110 -0.00002 -0.00005
198466.222 0.00065 0.00077 -0.00086
198466.226 0.00099 -0.00007 -0.00138
198466.230 0.00093 -0.00073 -0.00152
198466.234 0.00152 0.00058 -0.00080
198466.238 0.00091 -0.00026 -0.00166
198466.242 0.00045 -0.00033 -0.00173
198466.246 0.00094 0.00023 -0.00176
198466.249 0.00152 -0.00066 -0.00206
198466.254 0.00136 -0.00075 -0.00140
198466.258 0.00147 -0.00136 -0.00093
198466.262 0.00166 -0.00003 -0.00110
198466.266 0.00215 0.00061 0.00005
198466.270 0.00183 0.00063 -0.00023
198466.274 0.00129 0.00063 -0.00136
198466.278 0.00115 0.00154 -0.00061
198466.282 0.00157 0.00101 -0.00208
198466.286 0.00093 0.00059 -0.00140
198466.290 0.00061 -0.00012 -0.00197
198466.294 0.00007 0.00014 -0.00077
198466.298 -0.00035 0.00112 -0.00045
198466.302 0.00042 -0.00012 -0.00066
198466.306 0.00183 0.00012 -0.00103
198466.309 0.00145 -0.00084 -0.00052
198466.314 0.00239 0.00009 -0.00024
198466.318 0.00099 -0.00054 -0.00091
198466.322 0.00183 -0.00010 -0.00154
198466.326 0.00236 -0.00059 -0.00201
198466.330 0.00159 0.00016 -0.00093
198466.334 0.00183 0.00096 -0.00110
198466.339 0.00024 -0.00031 -0.00113
198466.342 0.00133 -0.00051 0.00019
198466.346 0.00072 -0.00131 -0.00110
198466.350 0.00056 -0.00061 0.00035
198466.354 0.00035 0.00045 -0.00016
198466.358 0.00120 -0.00014 -0.00164
198466.362 0.00054 0.00103 -0.00084
198466.366 0.00080 0.00180 -0.00047
198466.370 0.00148 0.00108 -0.00066
198466.374 0.00257 -0.00119 -0.00073
198466.378 0.00119 -0.00073 -0.00059
198466.382 0.00188 0.00028 -0.00117
198466.386 0.00206 -0.00003 -0.00010
198466.390 0.00150 -0.00012 0.00000
198466.394 0.00136 0.00028 -0.00086
198466.398 0.00101 0.00040 -0.00047
198466.402 0.00154 0.00042 -0.00127
198466.406 0.00257 0.00000 -0.00194
198466.410 0.00194 -0.00012 0.00028
198466.414 0.00058 -0.00045 -0.00108
198466.418 0.00082 0.00080 -0.00023
198466.422 0.00089 0.00023 -0.00045
198466.426 0.00105 -0.00005 -0.00113
198466.430 0.00110 -0.00059 -0.00054
198466.434 0.00005 -0.00103 -0.00054
198466.438 -0.00005 -0.00023 -0.00084
198466.442 0.00035 -0.00108 -0.00122
198466.446 0.00105 -0.00086 -0.00178
198466.450 0.00244 -0.00019 -0.00147
198466.454 0.00190 0.00026 -0.00079
198466.458 0.00117 0.00009 -0.00152
198466.462 0.00096 0.00003 -0.00201
198466.466 0.00122 -0.00040 -0.00138
198466.469 0.00038 -0.00052 -0.00136
198466.474 -0.00042 0.00063 0.00000
198466.478 0.00010 0.00049 -0.00024
198466.482 0.00084 0.00075 -0.00093
198466.486 0.00103 0.00051 -0.00155
198466.490 0.00108 0.00016 -0.00080
198466.494 0.00094 0.00035 -0.00093
198466.498 0.00106 0.00042 -0.00183
198466.502 0.00049 0.00012 -0.00223
198466.506 0.00065 0.00035 -0.00129
198466.510 0.00098 -0.00047 -0.00164
198466.514 0.00183 -0.00024 -0.00143
198466.518 0.00204 0.00026 -0.00047
198466.522 0.00120 -0.00110 -0.00068
198466.526 0.00038 -0.00040 -0.00119
198466.530 -0.00026 -0.00084 -0.00026
198466.534 -0.00030 0.00070 -0.00093
198466.538 0.00000 0.00051 -0.00065
198466.542 0.00051 0.00075 -0.00087
198466.546 0.00080 -0.00023 -0.00154
198466.550 0.00087 -0.00047 -0.00216
198466.554 -0.00030 -0.00010 -0.00112
198466.558 0.00103 0.00059 -0.00070
198466.562 0.00154 -0.00131 -0.00058
198466.566 0.00182 -0.00063 -0.00101
198466.570 0.00068 0.00136 -0.00066
198466.574 0.00099 0.00204 -0.00117
198466.578 0.00122 0.00070 -0.00056
198466.582 0.00084 0.00019 -0.00161
198466.586 0.00000 0.00023 -0.00098
198466.589 0.00005 0.00098 -0.00051
198466.594 0.00113 -0.00016 -0.00129
198466.598 0.00096 -0.00002 -0.00089
198466.602 0.00166 -0.00028 -0.00093
198466.606 0.00171 0.00040 -0.00065
198466.610 0.00112 0.00042 -0.00133
198466.614 0.00155 0.00148 -0.00059
198466.618 0.00213 0.00115 -0.00117
198466.622 0.00106 -0.00012 -0.00161
198466.626 0.00065 -0.00030 -0.00157
198466.630 0.00098 0.00038 -0.00066
198466.634 0.00108 0.00026 0.00016
198466.638 0.00049 -0.00051 -0.00112
198466.642 0.00110 -0.00024 -0.00145
198466.646 0.00140 -0.00003 -0.00122
198466.650 0.00284 -0.00058 -0.00087
198466.654 0.00171 0.00016 -0.00017
198466.658 0.00096 0.00007 -0.00030
198466.662 0.00047 -0.00056 -0.00138
198466.666 0.00110 0.00168 -0.00166
198466.670 0.00035 0.00045 -0.00084
198466.674 0.00030 0.00119 0.00026
198466.678 0.00120 0.00017 -0.00047
198466.682 0.00038 0.00066 -0.00082
198466.686 0.00091 0.00019 -0.00197
198466.691 0.00016 -0.00021 -0.00106
198466.694 0.00024 -0.00077 -0.00218
198466.698 0.00178 -0.00093 -0.00173
198466.702 0.00098 -0.00021 -0.00115
198466.706 0.00108 -0.00033 -0.00086
198466.710 0.00124 -0.00005 -0.00138
198466.714 0.00070 -0.00014 -0.00091
198466.718 0.00115 0.00000 -0.00065
198466.722 0.00082 -0.00194 -0.00133
198466.726 0.00012 0.00056 -0.00014
198466.730 0.00040 0.00002 -0.00028
198466.734 0.00138 0.00002 -0.00047
198466.738 0.00117 -0.00042 -0.00098
198466.742 0.00082 0.00021 -0.00248
198466.746 0.00089 -0.00082 -0.00105
198466.749 -0.00014 -0.00003 -0.00143
198466.754 -0.00026 0.00091 -0.00122
198466.758 0.00075 0.00161 -0.00133
198466.762 0.00010 0.00134 -0.00120
198466.766 0.00024 0.00157 -0.00012
198466.770 0.00058 0.00119 -0.00058
198466.774 0.00157 0.00017 -0.00115
198466.778 0.00063 -0.00023 -0.00176
198466.782 0.00082 0.00026 -0.00101
198466.786 0.00103 -0.00035 -0.00141
198466.790 0.00033 -0.00021 -0.00168
198466.794 0.00150 0.00026 -0.00175
198466.798 0.00106 0.00009 -0.00147
198466.802 0.00199 0.00019 -0.00108
198466.806 0.00330 0.00021 -0.00188
198466.809 0.00063 -0.00021 -0.00241
198466.814 -0.00021 0.00161 -0.00042
198466.818 0.00091 0.00059 -0.00037
198466.822 0.00166 0.00063 -0.00005
198466.826 0.00110 0.00017 -0.00026
198466.830 0.00110 0.00021 -0.00108
198466.834 0.00019 -0.00141 -0.00188
198466.838 0.00162 -0.00079 -0.00105
198466.842 0.00140 -0.00017 -0.00082
198466.846 0.00012 -0.00002 -0.00047
198466.850 0.00115 -0.00012 -0.00007
198466.854 0.00171 -0.00075 -0.00058
198466.858 0.00066 -0.00002 -0.00010
198466.862 0.00099 0.00047 -0.00087
198466.866 -0.00010 -0.00030 -0.00154
198466.869 -0.00056 -0.00080 -0.00276
198466.874 0.00082 0.00026 -0.00052
198466.878 0.00103 0.00068 0.00005
198466.882 0.00033 0.00051 -0.00068
198466.886 0.00091 -0.00028 -0.00119
198466.890 0.00059 -0.00096 -0.00162
198466.894 0.00098 -0.00021 -0.00098
198466.898 0.00002 0.00072 -0.00051
198466.902 0.00052 0.00035 0.00005
198466.906 0.00096 0.00086 -0.00098
198466.910 0.00120 -0.00003 -0.00021
198466.914 0.00113 0.00016 -0.00045
198466.918 0.00021 0.00037 0.00037
198466.922 0.00012 0.00042 -0.00105
198466.926 0.00190 -0.00031 -0.00113
198466.930 0.00101 0.00054 -0.00086
198466.934 0.00183 -0.00012 -0.00063
198466.938 0.00190 0.00059 -0.00056
198466.942 0.00086 -0.00012 -0.00054
198466.946 0.00028 -0.00059 -0.00099
198466.950 0.00134 -0.00028 -0.00096
198466.954 0.00012 0.00038 -0.00187
198466.958 0.00054 0.00087 -0.00133
198466.962 0.00082 -0.00019 -0.00150
198466.966 0.00133 0.00042 -0.00079
198466.969 0.00072 0.00028 -0.00091
198466.974 0.00086 -0.00049 -0.00124
198466.978 0.00119 0.00019 -0.00073
198466.982 0.00113 0.00052 -0.00059
198466.986 0.00171 0.00120 -0.00056
198466.990 0.00082 0.00094 -0.00145
198466.994 0.00237 0.00026 -0.00124
198466.998 0.00129 0.00145 -0.00072
198467.002 -0.00003 0.00086 -0.00089
198467.006 0.00080 0.00129 -0.00138
198467.010 0.00103 0.00096 0.00012
198467.014 0.00063 0.00072 -0.00051
198467.018 0.00098 -0.00098 -0.00113
198467.022 0.00183 -0.00068 -0.00070
198467.026 0.00113 -0.00045 -0.00073
198467.029 0.00082 0.00065 -0.00014
198467.034 0.00087 0.00094 -0.00119
198467.039 0.00150 0.00026 -0.00072
198467.042 0.00120 -0.00110 -0.00105
198467.046 0.00143 -0.00072 -0.00023
198467.050 0.00089 0.00044 -0.00045
198467.054 0.00166 0.00058 -0.00007
198467.058 0.00094 -0.00010 -0.00042
198467.062 0.00075 -0.00045 -0.00096
198467.066 0.00026 0.00005 -0.00126
198467.070 0.00089 0.00108 -0.00178
198467.074 0.00134 0.00091 -0.00131
198467.078 0.00133 0.00072 -0.00089
198467.082 0.00131 -0.00023 -0.00108
198467.086 0.00192 -0.00065 -0.00038
198467.090 0.00042 0.00000 -0.00155
198467.094 0.00077 0.00108 -0.00112
198467.098 0.00072 0.00000 -0.00145
198467.102 0.00145 -0.00072 -0.00108
198467.106 0.00030 0.00073 -0.00159
198467.110 0.00044 0.00112 -0.00202
198467.114 0.00093 0.00091 -0.00154
198467.118 0.00120 0.00176 -0.00126
198467.122 0.00175 0.00003 -0.00103
198467.126 0.00127 -0.00042 -0.00173
198467.130 0.00086 -0.00052 -0.00024
198467.134 0.00180 -0.00026 -0.00077
198467.138 0.00129 0.00054 -0.00120
198467.142 0.00145 -0.00028 -0.00178
198467.146 0.00164 -0.00110 -0.00237
198467.149 0.00080 -0.00040 -0.00176
198467.154 0.00026 0.00096 -0.00086
198467.158 0.00014 0.00012 -0.00183
198467.162 0.00147 0.00035 -0.00119
198467.166 0.00105 0.00086 -0.00131
198467.170 0.00108 -0.00019 -0.00059
198467.174 0.00094 0.00101 -0.00040
198467.178 0.00122 0.00134 0.00007
198467.182 0.00173 0.00202 -0.00052
198467.186 0.00157 0.00175 -0.00099
198467.190 0.00077 0.00033 -0.00216
198467.194 0.00176 0.00070 -0.00098
198467.198 0.00127 -0.00009 -0.00126
198467.202 0.00145 0.00014 -0.00103
198467.206 0.00105 0.00096 -0.00021
198467.210 0.00065 0.00178 -0.00045
198467.214 0.00188 0.00124 -0.00098
198467.218 0.00086 0.00003 -0.00021
198467.222 0.00059 0.00017 -0.00166
198467.226 0.00052 0.00007 -0.00129
198467.230 0.00096 0.00079 -0.00089
198467.234 -0.00058 0.00082 0.00010
198467.238 -0.00068 0.00038 -0.00143
198467.242 -0.00099 0.00072 -0.00154
198467.246 -0.00003 0.00037 -0.00169
198467.250 0.00066 -0.00047 -0.00175
198467.254 0.00188 0.00019 -0.00161
198467.258 0.00086 0.00023 -0.00052
198467.262 0.00134 0.00007 -0.00054
198467.266 0.00072 -0.00010 -0.00129
198467.270 0.00101 0.00000 -0.00014
198467.274 0.00168 0.00106 -0.00134
198467.278 0.00155 -0.00119 -0.00182
198467.282 0.00197 -0.00119 -0.00042
198467.286 0.00194 -0.00058 0.00007
198467.290 0.00133 0.00031 -0.00007
198467.294 0.00101 0.00040 -0.00026
198467.298 0.00079 -0.00106 -0.00063
198467.302 0.00058 0.00049 -0.00117
198467.306 0.00096 0.00014 -0.00162
198467.309 0.00077 0.00021 -0.00066
198467.314 0.00176 -0.00051 -0.00133
198467.318 0.00188 0.00033 -0.00045
198467.322 0.00175 -0.00033 -0.00127
198467.326 0.00173 0.00127 -0.00134
198467.330 0.00037 0.00035 -0.00150
198467.334 0.00241 0.00042 -0.00094
198467.338 0.00161 0.00000 -0.00065
198467.342 0.00154 -0.00028 -0.00072
198467.346 0.00136 -0.00003 -0.00103
198467.350 0.00117 -0.00073 -0.00098
198467.354 0.00112 0.00028 -0.00141
198467.358 0.00201 0.00038 -0.00152
198467.362 0.00134 0.00058 -0.00126
198467.366 0.00056 0.00106 -0.00133
198467.369 0.00082 -0.00044 -0.00059
198467.374 0.00028 -0.00099 -0.00161
198467.378 0.00089 0.00066 -0.00127
198467.382 0.00105 0.00019 -0.00180
198467.386 0.00079 -0.00052 -0.00101
198467.391 0.00178 -0.00086 -0.00051
198467.393 0.00204 -0.00094 -0.00038
198467.398 0.00059 0.00052 -0.00216
198467.402 0.00112 0.00075 -0.00127
198467.406 0.00035 0.00127 -0.00119
198467.410 0.00000 -0.00024 -0.00117
198467.414 0.00082 0.00010 -0.00131
198467.418 0.00119 0.00005 -0.00075
198467.422 0.00082 0.00063 -0.00044
198467.426 0.00119 0.00003 -0.00112
198467.430 -0.00021 0.00063 -0.00024
198467.434 0.00061 0.00033 -0.00166
198467.438 0.00159 0.00056 -0.00084
198467.442 0.00047 0.00091 -0.00047
198467.446 0.00169 0.00072 -0.00143
198467.450 0.00201 -0.00068 -0.00197
198467.454 0.00180 0.00028 -0.00093
198467.458 0.00188 0.00009 0.00009
198467.462 0.00190 0.00108 -0.00023
198467.466 0.00101 0.00061 0.00000
198467.470 0.00049 -0.00010 -0.00056
198467.474 0.00079 0.00000 -0.00054
198467.478 0.00208 0.00016 -0.00161
198467.482 0.00227 0.00096 -0.00112
198467.486 0.00126 0.00012 -0.00040
198467.490 0.00099 -0.00009 -0.00066
198467.494 0.00033 0.00089 -0.00117
198467.498 0.00166 0.00101 -0.00010
198467.502 0.00124 0.00103 -0.00103
198467.506 0.00038 0.00030 -0.00082
198467.510 0.00077 0.00024 -0.00031
198467.514 -0.00002 0.00143 -0.00003
198467.518 0.00021 0.00038 -0.00010
198467.522 -0.00002 0.00058 -0.00073
198467.526 0.00126 0.00031 -0.00105
198467.529 0.00099 -0.00079 -0.00173
198467.534 0.00138 -0.00017 -0.00101
198467.538 0.00178 0.00028 0.00007
198467.542 0.00127 0.00024 -0.00068
198467.546 0.00101 0.00188 0.00016
198467.550 0.00002 0.00052 0.00052
198467.554 0.00037 0.00059 -0.00040
198467.558 0.00197 0.00093 -0.00051
198467.562 0.00012 0.00026 -0.00099
198467.566 -0.00019 0.00054 -0.00112
198467.570 0.00091 0.00031 -0.00190
198467.574 0.00045 -0.00049 -0.00150
198467.578 0.00063 -0.00145 -0.00124
198467.582 0.00143 -0.00110 -0.00087
198467.586 0.00089 -0.00026 -0.00108
198467.589 0.00075 -0.00003 -0.00113
198467.594 0.00115 -0.00087 -0.00040
198467.598 0.00082 0.00084 -0.00035
198467.602 0.00119 0.00038 -0.00140
198467.606 0.00143 0.00012 -0.00168
198467.610 0.00028 0.00065 -0.00084
198467.614 0.00134 0.00079 -0.00138
198467.618 0.00101 0.00082 -0.00091
198467.622 0.00154 0.00068 -0.00124
198467.626 0.00136 0.00065 -0.00148
198467.630 0.00117 0.00110 -0.00017
198467.634 -0.00007 0.00150 -0.00016
198467.638 0.00019 0.00162 -0.00014
198467.642 0.00012 0.00000 -0.00089
198467.646 -0.00049 -0.00087 -0.00124
198467.650 0.00068 -0.00215 -0.00208
198467.654 -0.00035 -0.00173 -0.00080
198467.658 0.00058 -0.00058 -0.00091
198467.662 0.00157 -0.00042 -0.00094
198467.666 0.00079 0.00096 -0.00155
198467.670 0.00101 -0.00031 -0.00051
198467.674 0.00138 -0.00021 -0.00159
198467.678 0.00119 0.00010 -0.00096
198467.682 0.00187 0.00110 -0.00126
198467.686 0.00115 0.00061 -0.00073
198467.690 0.00066 0.00047 -0.00180
198467.694 -0.00096 -0.00014 -0.00026
198467.698 0.00012 -0.00045 -0.00047
198467.702 0.00040 -0.00084 -0.00037
198467.706 0.00047 -0.00019 -0.00051
198467.710 0.00065 -0.00016 -0.00084
198467.714 0.00113 -0.00063 -0.00182
198467.718 0.00141 0.00016 -0.00269
198467.722 0.00209 -0.00037 -0.00216
198467.726 0.00166 0.00066 -0.00127
198467.730 0.00035 0.00049 -0.00162
198467.734 0.00166 0.00030 -0.00204
198467.739 0.00155 -0.00019 -0.00093
198467.742 0.00106 -0.00002 -0.00110
198467.746 0.00065 -0.00012 -0.00099
198467.750 0.00098 -0.00030 -0.00171
198467.754 0.00108 -0.00005 -0.00086
198467.758 0.00019 -0.00028 -0.00108
198467.762 0.00101 0.00099 -0.00143
198467.766 0.00199 0.00044 -0.00079
198467.770 0.00073 0.00119 -0.00030
198467.774 -0.00079 -0.00040 -0.00154
198467.778 0.00016 -0.00038 -0.00126
198467.782 0.00040 0.00007 -0.00119
198467.786 0.00122 -0.00040 -0.00072
198467.790 0.00159 -0.00007 -0.00089
198467.794 0.00168 0.00105 -0.00033
198467.798 0.00112 0.00014 -0.00063
198467.802 0.00051 0.00110 -0.00147
198467.806 0.00035 0.00120 -0.00154
198467.810 0.00136 0.00049 0.00009
198467.814 0.00103 0.00030 -0.00052
198467.818 0.00079 -0.00019 -0.00099
198467.822 0.00101 0.00010 -0.00096
198467.826 0.00033 0.00080 -0.00096
198467.830 0.00075 0.00068 -0.00065
198467.834 0.00147 -0.00009 -0.00103
198467.838 0.00134 0.00073 -0.00141
198467.842 0.00072 0.00171 -0.00093
198467.846 0.00101 0.00047 -0.00110
198467.850 0.00047 -0.00014 -0.00113
198467.854 0.00155 -0.00077 -0.00040
198467.858 0.00168 -0.00016 -0.00065
198467.862 0.00080 -0.00031 -0.00148
198467.866 0.00103 -0.00005 -0.00124
198467.869 0.00063 -0.00028 -0.00162
198467.874 0.00218 -0.00049 -0.00038
198467.878 0.00183 0.00003 -0.00110
198467.882 0.00099 -0.00086 -0.00024
198467.886 0.00093 -0.00110 0.00028
198467.890 0.00061 0.00017 -0.00017
198467.894 0.00052 -0.00037 -0.00091
198467.898 0.00066 -0.00051 -0.00124
198467.902 -0.00035 -0.00056 -0.00223
198467.906 0.00103 -0.00056 -0.00113
198467.910 0.00003 0.00017 -0.00054
198467.914 0.00007 -0.00038 -0.00099
198467.918 0.00009 -0.00007 -0.00082
198467.922 -0.00065 -0.00073 -0.00152
198467.926 -0.00009 0.00028 -0.00155
198467.929 0.00003 -0.00019 -0.00171
198467.934 0.00143 0.00087 -0.00145
198467.938 0.00103 0.00009 -0.00154
198467.942 0.00124 0.00019 -0.00080
198467.946 0.00129 0.00023 -0.00091
198467.950 0.00040 -0.00035 -0.00033
198467.954 -0.00012 0.00068 -0.00124
198467.958 0.00033 0.00049 -0.00148
198467.962 0.00075 -0.00059 -0.00063
198467.966 0.00042 0.00002 -0.00042
198467.970 0.00002 -0.00042 -0.00066
198467.974 -0.00021 -0.00098 -0.00058
198467.978 0.00031 0.00005 -0.00115
198467.982 0.00014 0.00033 -0.00056
198467.986 -0.00063 0.00176 -0.00129
198467.990 -0.00054 0.00063 -0.00075
198467.994 0.00007 -0.00010 0.00044
198467.998 0.00068 0.00030 -0.00103
198468.002 0.00129 -0.00019 -0.00066
198468.006 0.00026 0.00042 -0.00119
198468.010 0.00028 -0.00016 -0.00072
198468.014 0.00000 0.00000 -0.00105
198468.018 0.00052 0.00047 -0.00098
198468.022 0.00094 0.00000 -0.00080
198468.026 0.00122 -0.00012 -0.00091
198468.030 0.00129 -0.00045 -0.00110
198468.034 -0.00049 -0.00038 -0.00129
198468.038 0.00009 -0.00082 -0.00134
198468.042 -0.00005 0.00040 -0.00166
198468.046 0.00096 -0.00031 -0.00113
198468.050 0.00016 0.00023 -0.00190
198468.054 0.00026 0.00023 -0.00134
198468.058 0.00089 -0.00096 -0.00120
198468.062 0.00014 -0.00143 -0.00133
198468.066 0.00070 -0.00080 -0.00150
198468.070 0.00054 -0.00017 -0.00140
198468.074 0.00216 0.00042 -0.00122
198468.078 0.00244 -0.00120 -0.00101
198468.082 0.00220 -0.00044 -0.00037
198468.086 0.00079 0.00080 -0.00080
198468.091 0.00012 -0.00035 -0.00061
198468.094 0.00040 -0.00052 -0.00192
198468.098 0.00168 -0.00026 -0.00180
198468.102 0.00110 0.00024 -0.00162
198468.106 0.00035 -0.00080 -0.00068
198468.110 0.00031 0.00010 -0.00058
198468.114 -0.00030 -0.00038 -0.00056
198468.118 0.00014 -0.00098 -0.00129
198468.122 0.00040 -0.00023 -0.00180
198468.126 0.00122 0.00010 -0.00012
198468.130 0.00143 -0.00024 -0.00044
198468.134 0.00180 0.00145 -0.00082
198468.138 0.00084 -0.00108 -0.00136
198468.142 0.00133 -0.00056 -0.00091
198468.146 0.00056 0.00077 -0.00110
198468.149 0.00126 0.00037 -0.00175
198468.154 0.00129 0.00012 -0.00176
198468.158 0.00086 -0.00038 -0.00117
198468.162 0.00119 0.00066 0.00003
198468.166 0.00068 0.00079 -0.00113
198468.170 0.00175 -0.00051 -0.00190
198468.174 -0.00112 -0.00040 -0.00059
198468.178 0.00037 0.00066 -0.00086
198468.182 -0.00028 0.00019 -0.00138
198468.186 0.00059 -0.00007 -0.00077
198468.190 0.00068 0.00045 -0.00120
198468.194 0.00038 0.00044 -0.00253
198468.198 0.00093 -0.00075 -0.00195
198468.202 0.00091 0.00012 -0.00093
198468.206 0.00030 0.00066 -0.00049
198468.210 0.00089 -0.00056 -0.00204
198468.214 0.00120 0.00138 -0.00108
198468.218 0.00143 -0.00005 -0.00052
198468.222 0.00103 0.00075 -0.00054
198468.226 0.00079 -0.00082 0.00019
198468.230 0.00058 -0.00110 -0.00051
198468.234 -0.00112 0.00063 -0.00084
198468.238 -0.00052 -0.00040 -0.00227
198468.242 0.00052 0.00066 -0.00115
198468.246 0.00126 0.00094 -0.00115
198468.250 0.00038 0.00072 -0.00145
198468.254 0.00106 -0.00054 -0.00169
198468.258 0.00049 0.00017 -0.00175
198468.262 0.00110 0.00127 -0.00131
198468.266 0.00140 -0.00024 -0.00164
198468.270 0.00014 -0.00017 -0.00127
198468.274 0.00099 0.00147 -0.00044
198468.278 0.00154 0.00010 -0.00021
198468.282 0.00091 -0.00145 -0.00061
198468.286 0.00150 0.00038 -0.00042
198468.290 0.00091 0.00103 -0.00066
198468.294 0.00075 0.00000 -0.00148
198468.298 0.00072 0.00031 -0.00154
198468.302 0.00024 0.00024 -0.00187
198468.306 0.00028 0.00099 -0.00073
198468.309 0.00073 -0.00031 -0.00044
198468.314 0.00056 -0.00051 -0.00082
198468.318 0.00066 0.00049 0.00012
198468.322 -0.00019 -0.00014 -0.00143
198468.326 0.00016 -0.00016 -0.00106
198468.330 0.00040 0.00000 -0.00052
198468.334 0.00093 0.00016 -0.00070
198468.338 0.00031 -0.00068 -0.00133
198468.342 -0.00014 -0.00091 -0.00166
198468.346 0.00079 -0.00096 -0.00188
198468.350 0.00101 -0.00082 -0.00059
198468.354 0.00154 0.00056 -0.00056
198468.358 0.00211 0.00091 -0.00054
198468.362 0.00243 0.00117 -0.00054
198468.366 0.00175 0.00002 -0.00086
198468.370 0.00112 0.00002 -0.00093
198468.374 0.00080 0.00031 -0.00080
198468.378 0.00133 0.00026 -0.00016
198468.382 0.00131 0.00084 -0.00044
198468.386 0.00072 0.00099 -0.00098
198468.390 -0.00063 -0.00061 -0.00065
198468.394 -0.00024 0.00091 -0.00042
198468.398 0.00059 0.00147 -0.00066
198468.402 0.00052 0.00040 -0.00058
198468.406 0.00155 -0.00047 0.00033
198468.410 0.00229 -0.00054 -0.00061
198468.414 0.00246 0.00047 -0.00117
198468.418 0.00147 0.00059 -0.00070
198468.422 0.00225 -0.00101 -0.00134
198468.426 0.00246 0.00019 -0.00045
198468.429 0.00145 -0.00126 -0.00052
198468.434 0.00134 0.00000 -0.00009
198468.439 0.00072 0.00106 -0.00087
198468.442 0.00086 0.00016 0.00010
198468.446 -0.00030 0.00005 -0.00052
198468.450 -0.00016 -0.00056 -0.00024
198468.454 -0.00026 0.00002 0.00000
198468.458 0.00089 -0.00026 -0.00086
198468.462 0.00075 0.00040 -0.00063
198468.466 -0.00003 0.00117 0.00017
198468.470 0.00005 0.00183 0.00143
198468.474 0.00129 0.00005 0.00072
198468.478 0.00129 0.00033 0.00007
198468.482 0.00161 0.00147 -0.00023
198468.486 0.00154 0.00101 -0.00106
198468.489 0.00227 0.00044 -0.00234
198468.494 0.00201 0.00103 -0.00086
198468.498 0.00105 0.00089 -0.00108
198468.502 0.00154 0.00161 -0.00084
198468.506 0.00002 0.00059 -0.00077
198468.510 -0.00021 0.00093 0.00000
198468.514 -0.00012 0.00010 -0.00101
198468.518 0.00063 0.00096 -0.00171
198468.522 0.00113 -0.00017 -0.00115
198468.526 0.00037 0.00010 -0.00040
198468.530 0.00061 0.00066 -0.00005
198468.534 0.00113 0.00094 -0.00056
198468.538 0.00080 0.00026 -0.00086
198468.542 0.00208 0.00054 -0.00183
198468.546 0.00061 0.00136 -0.00073
198468.550 0.00052 -0.00051 -0.00120
198468.554 0.00096 -0.00026 -0.00072
198468.558 0.00106 0.00070 -0.00105
198468.562 0.00080 -0.00068 -0.00218
198468.566 0.00117 -0.00045 -0.00112
198468.570 0.00173 0.00019 -0.00024
198468.574 0.00066 0.00037 -0.00016
198468.578 0.00099 -0.00061 -0.00030
198468.582 0.00093 -0.00014 -0.00033
198468.586 0.00120 0.00148 -0.00019
198468.589 0.00052 0.00086 -0.00061
198468.594 -0.00009 -0.00019 -0.00086
198468.598 0.00033 0.00042 -0.00033
198468.602 0.00105 0.00000 -0.00124
198468.606 0.00140 0.00031 -0.00058
198468.610 0.00000 0.00056 -0.00040
198468.614 0.00112 -0.00042 0.00023
198468.618 0.00096 -0.00098 -0.00049
198468.622 0.00257 -0.00098 -0.00098
198468.626 0.00180 0.00037 -0.00171
198468.630 0.00129 0.00087 -0.00161
198468.634 0.00010 0.00024 -0.00082
198468.638 0.00024 0.00052 -0.00077
198468.642 0.00012 0.00016 -0.00075
198468.646 0.00099 0.00051 -0.00089
198468.649 0.00122 0.00091 -0.00140
198468.654 0.00098 0.00026 -0.00047
198468.658 0.00031 -0.00126 -0.00112
198468.662 0.00016 -0.00030 -0.00054
198468.666 0.00101 0.00084 -0.00099
198468.670 0.00079 0.00084 -0.00037
198468.674 0.00101 0.00009 -0.00080
198468.678 0.00063 0.00094 -0.00061
198468.682 0.00038 0.00026 -0.00056
198468.686 0.00091 0.00009 -0.00054
198468.690 0.00120 0.00003 -0.00099
198468.694 0.00143 0.00033 -0.00155
198468.698 0.00105 -0.00049 -0.00127
198468.702 0.00094 0.00094 -0.00073
198468.706 0.00061 0.00192 -0.00134
198468.709 0.00052 0.00007 -0.00091
198468.714 -0.00038 -0.00115 -0.00019
198468.718 0.00161 -0.00042 -0.00105
198468.722 0.00155 -0.00113 -0.00173
198468.726 -0.00028 -0.00087 -0.00131
198468.730 0.00044 0.00084 -0.00073
198468.734 0.00183 -0.00003 -0.00014
198468.738 0.00175 -0.00028 -0.00075
198468.742 0.00187 -0.00019 -0.00119
198468.746 0.00237 0.00162 -0.00147
198468.750 0.00023 -0.00014 -0.00138
198468.754 0.00087 0.00028 -0.00182
198468.758 0.00105 0.00024 -0.00208
198468.762 0.00260 -0.00005 -0.00065
198468.766 0.00255 -0.00044 -0.00026
198468.770 0.00269 0.00051 0.00012
198468.774 0.00168 0.00075 -0.00112
198468.778 0.00094 -0.00007 0.00019
198468.782 0.00093 -0.00014 -0.00019
198468.786 0.00000 -0.00016 -0.00075
198468.791 0.00141 -0.00120 -0.00105
198468.794 0.00105 0.00091 -0.00068
198468.798 0.00183 0.00115 -0.00058
198468.802 0.00070 0.00031 -0.00024
198468.806 0.00024 0.00086 -0.00031
198468.810 0.00133 -0.00094 -0.00079
198468.814 0.00208 -0.00112 -0.00120
198468.818 0.00136 -0.00040 -0.00042
198468.822 0.00237 0.00066 -0.00096
198468.826 0.00188 -0.00024 -0.00080
198468.830 0.00161 -0.00049 -0.00182
198468.834 0.00093 0.00049 -0.00208
198468.838 0.00166 0.00059 -0.00169
198468.842 0.00094 0.00002 -0.00175
198468.846 0.00136 0.00033 -0.00131
198468.850 0.00087 0.00056 -0.00075
198468.854 -0.00014 0.00016 -0.00120
198468.858 0.00063 0.00096 -0.00147
198468.862 0.00052 0.00087 -0.00094
198468.866 0.00051 -0.00033 -0.00065
198468.869 0.00126 -0.00157 -0.00103
198468.874 0.00159 0.00080 -0.00127
198468.878 0.00093 0.00054 -0.00133
198468.882 0.00045 0.00045 -0.00136
198468.886 0.00049 0.00089 -0.00075
198468.890 0.00094 0.00086 -0.00089
198468.894 0.00152 0.00145 0.00010
198468.898 0.00211 0.00099 -0.00112
198468.902 0.00197 -0.00016 -0.00175
198468.906 0.00178 -0.00031 -0.00115
198468.910 0.00098 0.00009 -0.00056
198468.914 0.00017 0.00079 -0.00009
198468.918 0.00056 -0.00021 -0.00073
198468.922 0.00051 -0.00047 -0.00150
198468.926 0.00035 -0.00009 -0.00140
198468.930 0.00030 -0.00166 -0.00106
198468.934 0.00075 -0.00040 -0.00084
198468.938 0.00072 0.00037 -0.00122
198468.942 0.00056 -0.00017 -0.00162
198468.946 0.00126 -0.00047 -0.00098
198468.950 0.00281 0.00094 -0.00021
198468.954 0.00155 0.00042 -0.00120
198468.958 0.00031 0.00073 -0.00072
198468.962 0.00089 0.00035 -0.00089
198468.966 0.00030 0.00087 -0.00094
198468.970 0.00105 -0.00049 -0.00110
198468.974 0.00019 0.00108 -0.00038
198468.978 0.00042 0.00045 -0.00019
198468.982 0.00002 0.00000 -0.00031
198468.986 0.00143 0.00047 -0.00108
198468.989 0.00180 -0.00045 -0.00129
198468.994 0.00084 -0.00038 -0.00119
198468.998 0.00148 -0.00023 -0.00072
198469.002 0.00091 0.00042 -0.00059
198469.006 0.00030 -0.00045 -0.00115
198469.010 0.00105 -0.00175 -0.00115
198469.014 0.00199 -0.00042 -0.00251
198469.018 0.00103 -0.00038 -0.00211
198469.022 0.00003 0.00007 -0.00171
198469.026 0.00052 0.00079 -0.00131
198469.030 -0.00023 0.00038 -0.00164
198469.034 0.00045 0.00101 -0.00129
198469.038 0.00183 0.00089 -0.00134
198469.042 0.00145 -0.00003 -0.00030
198469.046 0.00119 -0.00087 -0.00093
198469.049 0.00098 0.00068 -0.00049
198469.054 0.00031 0.00005 -0.00113
198469.058 0.00150 0.00003 -0.00161
198469.062 0.00152 0.00049 -0.00127
198469.066 0.00091 0.00044 -0.00134
198469.070 0.00120 0.00028 -0.00120
198469.074 0.00218 -0.00035 -0.00026
198469.078 0.00094 -0.00037 -0.00017
198469.082 0.00045 -0.00051 0.00014
198469.086 -0.00040 0.00079 -0.00082
198469.090 0.00056 0.00143 -0.00106
198469.094 0.00112 -0.00065 0.00080
198469.098 0.00126 -0.00030 -0.00017
198469.102 0.00220 0.00024 -0.00030
198469.106 0.00108 0.00009 -0.00079
198469.110 0.00185 0.00035 -0.00136
198469.114 0.00145 0.00147 -0.00120
198469.118 0.00014 0.00131 -0.00087
198469.122 -0.00049 0.00096 -0.00033
198469.126 -0.00019 -0.00002 -0.00079
198469.130 -0.00012 -0.00028 -0.00016
198469.134 0.00243 -0.00019 0.00030
198469.139 0.00115 0.00012 -0.00093
198469.142 0.00007 0.00019 -0.00049
198469.146 0.00068 0.00127 0.00096
198469.149 0.00099 -0.00054 -0.00059
198469.154 0.00183 -0.00010 -0.00056
198469.158 0.00070 0.00089 -0.00086
198469.162 0.00190 0.00220 -0.00077
198469.166 0.00206 0.00075 -0.00061
198469.170 0.00120 0.00037 -0.00026
198469.174 0.00068 0.00072 0.00012
198469.178 0.00115 -0.00007 -0.00096
198469.182 0.00098 0.00059 -0.00096
198469.186 0.00061 0.00002 -0.00110
198469.190 0.00068 0.00017 -0.00054
198469.194 0.00040 -0.00023 -0.00009
198469.198 0.00031 -0.00049 -0.00103
198469.202 0.00059 0.00019 -0.00082
198469.206 0.00066 -0.00037 -0.00106
198469.209 0.00145 0.00052 -0.00098
198469.214 0.00089 -0.00012 -0.00096
198469.218 0.00089 -0.00091 -0.00005
198469.222 0.00195 -0.00082 -0.00147
198469.226 0.00058 -0.00093 -0.00169
198469.230 0.00112 -0.00096 -0.00145
198469.234 0.00112 0.00037 -0.00138
198469.238 0.00126 0.00147 -0.00106
198469.242 0.00236 0.00056 -0.00098
198469.246 0.00248 0.00000 -0.00035
198469.250 0.00072 0.00077 -0.00140
198469.254 -0.00003 0.00023 -0.00106
198469.258 0.00051 0.00084 -0.00084
198469.262 0.00094 0.00023 -0.00077
198469.266 0.00077 0.00052 -0.00045
198469.269 0.00101 0.00002 0.00021
198469.274 0.00094 -0.00012 0.00038
198469.278 0.00091 0.00000 0.00044
198469.282 0.00105 -0.00058 -0.00119
198469.286 0.00094 -0.00026 -0.00026
198469.290 0.00045 -0.00033 -0.00047
198469.294 0.00079 0.00052 -0.00098
198469.298 0.00072 0.00000 -0.00066
198469.302 0.00115 0.00077 -0.00073
198469.306 0.00157 0.00082 -0.00014
198469.310 0.00154 0.00009 -0.00164
198469.314 -0.00042 -0.00054 -0.00127
198469.318 0.00056 -0.00026 -0.00089
198469.322 0.00021 0.00145 -0.00093
198469.326 -0.00002 0.00086 -0.00140
198469.330 0.00080 -0.00049 -0.00122
198469.334 0.00087 -0.00010 -0.00072
198469.338 0.00044 -0.00030 -0.00059
198469.342 0.00108 0.00070 -0.00010
198469.346 0.00140 0.00080 -0.00058
198469.350 0.00089 0.00007 -0.00145
198469.354 0.00209 0.00065 -0.00140
198469.358 0.00168 0.00124 -0.00045
198469.362 0.00140 0.00019 -0.00143
198469.366 0.00133 -0.00021 -0.00168
198469.370 0.00147 0.00026 -0.00159
198469.374 0.00180 0.00009 -0.00173
198469.378 0.00099 0.00094 -0.00099
198469.382 0.00108 0.00072 -0.00187
198469.386 0.00080 -0.00113 -0.00014
198469.390 0.00178 -0.00056 -0.00014
198469.394 0.00113 0.00031 0.00014
198469.398 0.00157 0.00026 0.00084
198469.402 0.00079 0.00068 -0.00049
198469.406 0.00101 0.00005 -0.00038
198469.410 0.00108 0.00033 -0.00110
198469.414 0.00216 0.00070 -0.00129
198469.418 0.00122 0.00021 -0.00089
198469.422 0.00113 -0.00037 -0.00003
198469.426 0.00157 0.00023 -0.00072
198469.429 0.00122 -0.00021 -0.00089
198469.434 0.00113 0.00147 -0.00079
198469.438 0.00157 0.00056 -0.00106
198469.442 0.00093 0.00002 -0.00113
198469.446 0.00016 0.00017 -0.00175
198469.450 0.00161 0.00021 -0.00086
198469.454 0.00019 0.00218 -0.00063
198469.458 -0.00047 0.00073 -0.00117
198469.462 -0.00051 0.00021 -0.00192
198469.466 0.00054 0.00113 -0.00120
198469.470 -0.00038 0.00000 -0.00117
198469.474 0.00056 -0.00056 -0.00086
198469.478 0.00082 -0.00026 -0.00033
198469.482 -0.00045 -0.00094 -0.00017
198469.486 0.00129 -0.00082 -0.00105
198469.491 0.00086 -0.00079 -0.00023
198469.494 0.00105 -0.00002 -0.00077
198469.498 0.00260 0.00061 -0.00075
198469.502 0.00209 0.00079 0.00030
198469.506 0.00152 -0.00052 -0.00077
198469.510 0.00000 -0.00101 -0.00106
198469.514 0.00007 0.00005 -0.00068
198469.518 0.00099 0.00093 -0.00103
198469.522 0.00047 0.00072 -0.00082
198469.526 0.00110 -0.00038 -0.00152
198469.530 0.00065 0.00037 -0.00065
198469.534 0.00188 -0.00002 -0.00072
198469.538 0.00072 -0.00042 -0.00073
198469.542 -0.00003 -0.00113 -0.00105
198469.546 -0.00023 0.00093 -0.00068
198469.549 0.00075 -0.00002 -0.00194
198469.554 0.00131 -0.00073 -0.00152
198469.558 0.00161 0.00042 -0.00094
198469.562 0.00063 0.00103 -0.00185
198469.566 0.00113 0.00059 -0.00105
198469.570 0.00127 0.00002 -0.00068
198469.574 0.00054 0.00079 -0.00117
198469.578 0.00096 0.00037 -0.00115
198469.582 0.00077 -0.00077 -0.00161
198469.586 0.00087 -0.00031 -0.00127
198469.590 0.00000 0.00023 -0.00089
198469.594 -0.00038 -0.00021 -0.00047
198469.598 0.00012 -0.00002 -0.00143
198469.602 0.00024 0.00061 -0.00138
198469.606 0.00119 0.00063 -0.00077
198469.610 0.00007 -0.00072 -0.00014
198469.614 0.00084 0.00058 -0.00105
198469.618 0.00164 0.00108 -0.00052
198469.622 0.00094 -0.00059 -0.00054
198469.626 0.00152 0.00091 -0.00070
198469.630 0.00152 0.00026 -0.00105
198469.634 0.00120 -0.00035 -0.00023
198469.638 0.00159 -0.00005 -0.00077
198469.642 0.00168 0.00045 -0.00091
198469.646 0.00110 -0.00030 -0.00079
198469.650 0.00155 0.00084 -0.00120
198469.654 0.00017 -0.00005 -0.00103
198469.658 0.00042 -0.00028 -0.00112
198469.662 0.00063 0.00115 -0.00129
198469.666 0.00068 0.00031 -0.00164
198469.670 0.00024 0.00054 -0.00188
198469.674 0.00087 0.00122 -0.00180
198469.678 0.00059 0.00033 -0.00208
198469.682 0.00052 0.00115 -0.00003
198469.686 0.00051 0.00168 -0.00026
198469.690 0.00094 -0.00028 -0.00168
198469.694 0.00106 -0.00035 -0.00250
198469.698 0.00185 0.00188 -0.00136
198469.702 0.00220 0.00066 -0.00059
198469.706 0.00108 0.00019 -0.00072
198469.709 0.00065 0.00157 -0.00105
198469.714 0.00038 0.00014 -0.00068
198469.718 0.00061 0.00065 -0.00012
198469.722 0.00052 0.00110 -0.00073
198469.726 0.00096 0.00000 -0.00105
198469.730 0.00045 0.00061 -0.00082
198469.734 0.00094 0.00049 -0.00093
198469.738 0.00031 -0.00044 -0.00185
198469.742 -0.00028 0.00035 -0.00148
198469.746 0.00089 0.00087 -0.00169
198469.750 0.00059 -0.00124 -0.00129
198469.754 0.00143 0.00000 -0.00134
198469.758 0.00134 -0.00056 -0.00182
198469.762 0.00147 -0.00058 -0.00042
198469.766 0.00150 0.00047 -0.00126
198469.769 0.00061 -0.00028 -0.00103
198469.774 0.00173 -0.00065 -0.00157
198469.778 0.00096 0.00089 -0.00141
198469.782 0.00016 -0.00033 -0.00243
198469.786 0.00192 -0.00021 -0.00194
198469.790 0.00192 0.00012 -0.00120
198469.794 0.00042 -0.00070 -0.00012
198469.798 0.00138 -0.00075 -0.00134
198469.802 0.00117 -0.00031 -0.00091
198469.806 0.00143 -0.00126 -0.00108
198469.810 0.00134 0.00000 -0.00054
198469.814 0.00133 0.00047 -0.00145
198469.818 0.00147 0.00089 -0.00047
198469.822 0.00089 0.00115 0.00005
198469.826 0.00105 0.00138 -0.00038
198469.829 0.00110 -0.00066 -0.00110
198469.834 0.00215 -0.00014 -0.00099
198469.839 0.00122 0.00073 0.00007
198469.842 0.00188 -0.00007 -0.00023
198469.846 0.00192 0.00089 -0.00016
198469.850 0.00131 0.00101 0.00014
198469.854 0.00040 0.00044 -0.00021
198469.858 0.00154 0.00164 -0.00106
198469.862 0.00091 0.00241 -0.00068
198469.866 0.00061 0.00155 -0.00058
198469.870 0.00143 0.00058 -0.00176
198469.874 0.00014 -0.00147 -0.00101
198469.878 0.00054 -0.00021 -0.00171
198469.882 0.00051 0.00042 -0.00161
198469.886 0.00019 -0.00061 -0.00037
198469.890 0.00101 0.00075 -0.00065
198469.894 0.00154 0.00127 -0.00012
198469.898 0.00077 -0.00009 0.00016
198469.902 0.00115 0.00164 -0.00051
198469.906 0.00112 0.00106 -0.00113
198469.910 0.00096 0.00000 -0.00161
198469.914 0.00152 0.00091 -0.00112
198469.918 0.00136 0.00042 -0.00084
198469.922 0.00042 -0.00077 -0.00106
198469.926 0.00047 0.00026 -0.00143
198469.929 0.00003 0.00070 -0.00063
198469.934 -0.00021 0.00003 0.00017
198469.938 0.00152 0.00199 0.00054
198469.942 -0.00012 0.00068 0.00033
198469.946 -0.00010 -0.00024 -0.00152
198469.950 0.00154 0.00131 -0.00169
198469.954 0.00197 -0.00068 -0.00129
198469.958 0.00119 0.00089 -0.00073
198469.962 0.00157 0.00222 -0.00180
198469.966 0.00047 0.00119 -0.00162
198469.970 0.00079 0.00138 -0.00082
198469.974 0.00162 0.00129 -0.00077
198469.978 0.00003 -0.00159 -0.00045
198469.982 0.00157 0.00035 -0.00082
198469.986 0.00108 -0.00002 -0.00122
198469.989 0.00126 0.00030 -0.00117
198469.994 0.00099 0.00145 0.00003
198469.998 0.00033 -0.00003 -0.00070
198470.002 0.00045 -0.00058 -0.00133
198470.006 0.00138 0.00016 -0.00091
198470.010 0.00209 -0.00082 -0.00140
198470.014 0.00211 -0.00049 -0.00136
198470.018 0.00152 0.00049 -0.00091
198470.022 0.00077 -0.00073 -0.00003
198470.026 0.00162 0.00072 -0.00072
198470.030 0.00154 0.00082 -0.00105
198470.034 0.00152 -0.00005 -0.00127
198470.038 0.00211 0.00225 -0.00119
198470.042 0.00077 -0.00044 -0.00131
198470.047 0.00026 -0.00009 -0.00030
198470.050 0.00028 0.00089 -0.00033
198470.054 0.00014 0.00010 -0.00079
198470.058 0.00086 -0.00054 -0.00120
198470.062 0.00073 0.00002 -0.00192
198470.066 0.00101 0.00002 -0.00120
198470.070 0.00108 0.00138 -0.00086
198470.074 0.00080 0.00009 -0.00138
198470.078 0.00026 -0.00161 -0.00120
198470.082 0.00073 -0.00009 -0.00192
198470.086 0.00176 -0.00014 -0.00120
198470.090 0.00082 -0.00077 -0.00058
198470.094 0.00148 0.00042 -0.00070
198470.098 0.00045 -0.00045 -0.00194
198470.102 0.00079 -0.00070 -0.00061
198470.106 0.00087 0.00119 -0.00086
198470.110 -0.00044 -0.00101 -0.00079
198470.114 0.00070 0.00051 -0.00136
198470.118 0.00131 0.00225 -0.00045
198470.122 0.00040 0.00000 -0.00098
198470.126 0.00182 0.00106 -0.00110
198470.130 0.00159 0.00105 -0.00145
198470.134 0.00033 -0.00014 -0.00138
198470.138 0.00166 0.00028 -0.00122
198470.142 0.00110 0.00010 -0.00101
198470.146 0.00019 -0.00099 -0.00127
198470.150 0.00042 0.00141 -0.00028
198470.154 0.00077 0.00070 0.00010
198470.158 0.00072 0.00005 -0.00068
198470.162 0.00190 0.00094 -0.00073
198470.166 0.00162 0.00010 -0.00075
198470.170 0.00108 0.00094 -0.00089
198470.174 0.00216 0.00087 -0.00169
198470.178 0.00138 -0.00035 -0.00068
198470.182 0.00223 0.00082 -0.00073
198470.186 0.00094 0.00009 -0.00045
198470.191 0.00061 -0.00024 -0.00082
198470.194 0.00112 0.00056 -0.00258
198470.198 0.00005 -0.00072 -0.00122
198470.202 0.00023 0.00133 0.00002
198470.206 0.00042 0.00157 -0.00024
198470.210 0.00093 0.00000 -0.00077
198470.214 0.00136 -0.00012 -0.00150
198470.218 0.00208 -0.00089 -0.00169
198470.222 0.00061 -0.00171 -0.00040
198470.226 0.00157 0.00093 -0.00065
198470.230 0.00183 -0.00047 -0.00103
198470.234 0.00129 -0.00086 -0.00157
198470.238 0.00086 0.00010 -0.00171
198470.242 0.00000 -0.00038 -0.00115
198470.246 0.00080 -0.00038 -0.00206
198470.250 0.00119 0.00068 -0.00199
198470.254 -0.00051 -0.00024 -0.00106
198470.258 -0.00021 0.00145 -0.00173
198470.262 0.00061 0.00056 -0.00026
198470.266 0.00098 0.00047 -0.00016
198470.269 0.00182 0.00089 -0.00014
198470.274 0.00129 -0.00063 -0.00028
198470.278 0.00115 0.00000 -0.00033
198470.282 0.00143 0.00213 -0.00033
198470.286 0.00028 0.00058 -0.00049
198470.290 0.00180 0.00047 -0.00098
198470.294 0.00204 0.00059 -0.00051
198470.298 0.00044 -0.00087 -0.00023
198470.302 0.00258 -0.00110 0.00028
198470.306 0.00134 -0.00024 0.00040
198470.310 0.00042 -0.00033 0.00000
198470.314 0.00138 0.00188 0.00003
198470.318 0.00042 0.00005 -0.00038
198470.322 0.00077 0.00124 -0.00066
198470.326 0.00117 0.00094 -0.00042
198470.329 0.00037 -0.00063 -0.00051
198470.334 0.00016 0.00211 -0.00024
198470.338 0.00042 0.00133 0.00012
198470.342 -0.00056 0.00005 -0.00052
198470.346 0.00037 0.00065 -0.00068
198470.350 0.00136 -0.00115 -0.00119
198470.354 0.00026 -0.00058 -0.00147
198470.358 0.00000 0.00031 -0.00094
198470.362 -0.00084 -0.00079 -0.00110
198470.366 0.00134 0.00026 -0.00143
198470.370 0.00133 -0.00019 -0.00122
198470.374 0.00115 -0.00017 -0.00133
198470.378 0.00007 -0.00002 -0.00045
198470.382 -0.00035 0.00077 -0.00082
198470.386 0.00103 -0.00066 -0.00166
198470.389 0.00124 0.00089 -0.00113
198470.394 -0.00005 0.00024 -0.00145
198470.398 0.00094 0.00068 -0.00124
198470.402 0.00002 0.00005 -0.00087
198470.406 0.00066 0.00003 -0.00063
198470.410 0.00038 0.00124 -0.00042
198470.414 0.00031 -0.00040 -0.00096
198470.418 0.00044 0.00096 -0.00110
198470.422 0.00154 0.00087 -0.00099
198470.426 0.00093 0.00040 -0.00080
198470.430 0.00106 0.00028 -0.00047
198470.434 0.00140 0.00009 -0.00112
198470.438 0.00119 -0.00040 -0.00115
198470.442 0.00173 0.00052 -0.00145
198470.446 0.00037 -0.00148 -0.00169
198470.450 0.00120 0.00082 -0.00068
198470.454 0.00113 0.00250 -0.00133
198470.458 -0.00037 -0.00007 -0.00059
198470.462 0.00026 0.00150 -0.00010
198470.466 0.00044 0.00176 -0.00044
198470.470 0.00063 -0.00026 -0.00066
198470.474 -0.00021 0.00009 -0.00194
198470.478 -0.00042 -0.00084 -0.00150
198470.482 0.00040 0.00086 -0.00155
198470.486 0.00152 0.00099 -0.00051
198470.489 0.00197 -0.00166 -0.00129
198470.494 0.00223 -0.00086 -0.00059
198470.498 0.00080 -0.00065 -0.00040
198470.502 0.00087 -0.00164 -0.00051
198470.506 0.00180 0.00049 -0.00068
198470.510 0.00023 -0.00148 -0.00148
198470.514 0.00133 -0.00037 -0.00110
198470.518 0.00101 0.00052 -0.00098
198470.522 0.00047 -0.00073 -0.00112
198470.526 0.00094 0.00087 -0.00084
198470.530 0.00047 0.00056 -0.00108
198470.534 0.00017 0.00031 -0.00052
198470.539 0.00176 0.00101 -0.00145
198470.542 0.00023 -0.00075 -0.00108
198470.546 -0.00002 -0.00033 -0.00099
198470.549 0.00066 -0.00094 -0.00066
198470.554 0.00054 -0.00052 0.00016
198470.558 0.00005 0.00063 -0.00051
198470.562 0.00054 -0.00056 -0.00068
198470.566 0.00155 -0.00026 -0.00103
198470.570 0.00168 -0.00063 -0.00143
198470.574 0.00171 -0.00059 -0.00063
198470.578 0.00066 0.00016 -0.00117
198470.582 0.00129 -0.00037 -0.00161
198470.586 0.00129 0.00005 -0.00023
198470.590 0.00131 0.00154 -0.00106
198470.594 0.00086 0.00103 -0.00038
198470.598 0.00134 0.00103 0.00024
198470.602 0.00101 0.00119 -0.00019
198470.606 0.00017 0.00033 -0.00045
198470.610 0.00147 0.00131 -0.00068
198470.614 0.00059 0.00066 -0.00072
198470.618 0.00021 0.00033 -0.00059
198470.622 0.00148 0.00086 -0.00024
198470.626 0.00105 0.00009 -0.00077
198470.630 0.00140 -0.00054 -0.00150
198470.634 0.00194 -0.00056 -0.00079
198470.638 0.00042 0.00002 -0.00106
198470.642 0.00122 0.00093 -0.00084
198470.646 -0.00005 0.00056 -0.00061
198470.650 0.00035 0.00016 -0.00101
198470.654 0.00091 0.00082 -0.00141
198470.658 0.00016 -0.00080 -0.00093
198470.662 0.00040 0.00115 -0.00065
198470.666 0.00168 -0.00040 -0.00026
198470.669 0.00096 -0.00023 0.00026
198470.674 0.00091 0.00115 -0.00033
198470.678 0.00136 0.00002 -0.00140
198470.682 0.00072 0.00122 -0.00136
198470.686 0.00086 0.00094 -0.00075
198470.690 0.00119 0.00056 -0.00091
198470.694 0.00218 0.00047 -0.00154
198470.698 0.00183 -0.00134 -0.00216
198470.702 0.00175 -0.00033 -0.00187
198470.706 0.00188 0.00188 -0.00073
198470.710 0.00010 -0.00068 0.00000
198470.714 0.00145 0.00028 -0.00115
198470.718 0.00134 0.00040 -0.00101
198470.722 0.00072 0.00072 -0.00037
198470.726 0.00101 0.00066 -0.00065
198470.730 -0.00040 -0.00024 -0.00087
198470.734 -0.00094 -0.00019 -0.00138
198470.738 0.00072 0.00072 -0.00182
198470.742 0.00010 0.00051 -0.00087
198470.746 0.00129 0.00075 -0.00079
198470.750 0.00010 -0.00007 -0.00091
198470.754 -0.00019 -0.00014 -0.00033
198470.758 0.00047 0.00014 -0.00108
198470.762 -0.00070 -0.00023 -0.00129
198470.766 0.00047 0.00236 -0.00073
198470.770 0.00033 -0.00070 -0.00180
198470.774 0.00152 -0.00031 -0.00162
198470.778 0.00075 0.00113 -0.00082
198470.782 0.00042 0.00061 -0.00106
198470.786 0.00138 0.00079 -0.00113
198470.790 0.00133 0.00068 -0.00070
198470.794 0.00117 0.00094 -0.00089
198470.798 0.00173 0.00072 -0.00124
198470.802 0.00112 0.00021 -0.00103
198470.806 0.00005 0.00082 -0.00098
198470.810 0.00023 0.00054 -0.00080
198470.814 -0.00016 -0.00073 -0.00031
198470.818 0.00106 0.00058 -0.00094
198470.822 0.00126 -0.00026 -0.00005
198470.826 0.00024 -0.00065 -0.00056
198470.829 0.00164 -0.00044 -0.00145
198470.834 0.00110 -0.00023 -0.00108
198470.838 0.00155 0.00101 -0.00159
198470.842 0.00122 0.00000 -0.00141
198470.846 0.00188 -0.00012 -0.00182
198470.850 0.00161 0.00044 -0.00133
198470.854 0.00094 0.00014 -0.00120
198470.858 0.00182 0.00051 -0.00101
198470.862 0.00129 0.00120 -0.00066
198470.866 0.00086 0.00049 -0.00012
198470.870 0.00148 0.00120 -0.00044
198470.874 0.00030 -0.00086 -0.00007
198470.878 0.00120 0.00054 0.00002
198470.882 0.00098 0.00016 -0.00009
198470.886 0.00106 -0.00038 -0.00012
198470.891 0.00155 0.00098 -0.00058
198470.894 0.00016 -0.00152 -0.00026
198470.898 0.00072 -0.00037 -0.00122
198470.902 0.00190 0.00084 -0.00087
198470.906 0.00161 -0.00021 -0.00002
198470.910 0.00185 0.00087 0.00033
198470.914 0.00145 -0.00049 -0.00091
198470.918 0.00195 0.00049 -0.00079
198470.922 0.00148 0.00075 0.00000
198470.926 -0.00014 -0.00068 -0.00072
198470.930 0.00017 0.00044 -0.00073
198470.934 -0.00017 -0.00030 0.00014
198470.938 0.00168 0.00188 -0.00127
198470.942 0.00051 0.00157 -0.00103
198470.946 0.00019 -0.00091 -0.00112
198470.949 0.00087 0.00007 -0.00206
198470.954 0.00014 -0.00086 -0.00169
198470.958 0.00099 0.00024 -0.00040
198470.962 0.00138 0.00068 0.00038
198470.966 0.00103 -0.00009 -0.00089
198470.970 0.00124 0.00150 -0.00169
198470.974 0.00084 -0.00017 -0.00175
198470.978 0.00089 0.00072 -0.00086
198470.982 0.00180 0.00080 -0.00047
198470.986 0.00145 -0.00005 -0.00082
198470.990 0.00180 0.00271 -0.00168
198470.994 0.00023 0.00103 -0.00099
198470.998 0.00119 0.00058 -0.00112
198471.002 0.00173 0.00183 -0.00038
198471.006 0.00066 -0.00024 0.00009
198471.010 0.00159 0.00222 -0.00007
198471.014 -0.00026 -0.00073 -0.00042
198471.018 0.00120 0.00058 -0.00157
198471.022 0.00023 0.00106 -0.00187
198471.026 0.00087 -0.00059 -0.00105
198471.030 0.00166 0.00045 -0.00127
198471.034 0.00124 0.00030 -0.00134
198471.038 0.00175 0.00038 -0.00120
198471.042 0.00248 0.00148 0.00002
198471.046 0.00131 0.00024 -0.00099
198471.049 0.00161 0.00129 -0.00112
198471.054 0.00140 -0.00052 -0.00175
198471.058 0.00028 0.00033 -0.00161
198471.062 0.00194 0.00101 -0.00127
198471.066 0.00103 0.00073 -0.00148
198471.070 0.00229 0.00082 -0.00140
198471.074 0.00051 -0.00155 -0.00168
198471.078 0.00169 -0.00113 -0.00220
198471.082 0.00141 0.00002 -0.00098
198471.086 0.00073 -0.00056 -0.00051
198471.090 0.00056 -0.00056 -0.00188
198471.094 0.00066 0.00002 -0.00105
198471.098 0.00009 0.00033 -0.00157
198471.102 0.00054 0.00010 -0.00157
198471.106 0.00126 -0.00009 -0.00187
198471.109 0.00161 0.00089 -0.00148
198471.114 0.00183 0.00010 -0.00124
198471.118 0.00145 0.00185 -0.00042
198471.122 0.00209 0.00126 0.00037
198471.126 0.00168 -0.00038 0.00028
198471.130 0.00126 0.00051 -0.00138
198471.134 0.00070 0.00045 -0.00182
198471.138 0.00040 0.00103 -0.00028
198471.142 0.00031 0.00089 0.00010
198471.146 0.00014 -0.00017 0.00082
198471.150 0.00010 0.00072 -0.00063
198471.154 0.00009 -0.00007 -0.00117
198471.158 0.00145 0.00000 -0.00086
198471.162 0.00209 0.00002 -0.00017
198471.166 0.00106 0.00077 -0.00120
198471.170 0.00065 -0.00037 -0.00162
198471.174 0.00113 -0.00098 -0.00082
198471.178 0.00171 -0.00007 -0.00077
198471.182 0.00096 -0.00044 -0.00016
198471.186 0.00122 -0.00098 -0.00073
198471.190 0.00038 -0.00113 -0.00180
198471.194 0.00106 0.00016 -0.00087
198471.198 0.00140 0.00007 -0.00063
198471.202 0.00148 -0.00026 0.00017
198471.206 0.00182 0.00056 -0.00096
198471.210 0.00054 0.00016 -0.00051
198471.214 0.00035 0.00051 -0.00038
198471.218 0.00091 0.00030 0.00009
198471.222 0.00120 -0.00003 -0.00052
198471.226 0.00038 0.00091 -0.00084
198471.230 0.00106 0.00040 -0.00031
198471.234 0.00065 0.00012 -0.00017
198471.239 0.00129 0.00080 -0.00136
198471.242 0.00190 -0.00066 -0.00061
198471.246 0.00086 0.00105 -0.00056
198471.250 0.00030 -0.00014 -0.00086
198471.254 0.00150 0.00028 -0.00077
198471.258 0.00180 -0.00065 -0.00150
198471.262 0.00354 -0.00073 -0.00155
198471.266 0.00234 -0.00077 -0.00126
198471.270 0.00188 -0.00031 -0.00284
198471.274 0.00072 -0.00021 -0.00175
198471.278 0.00175 0.00087 -0.00056
198471.282 0.00068 0.00115 -0.00010
198471.286 -0.00005 0.00122 0.00016
198471.290 -0.00084 0.00019 -0.00141
198471.294 0.00075 -0.00007 -0.00122
198471.298 0.00176 0.00030 -0.00133
198471.302 0.00159 0.00010 -0.00255
198471.306 0.00017 -0.00038 -0.00138
198471.310 0.00147 -0.00023 -0.00061
198471.314 0.00105 0.00056 -0.00101
198471.318 0.00124 0.00002 -0.00066
198471.322 0.00129 -0.00010 -0.00117
198471.326 0.00190 -0.00091 -0.00131
198471.330 0.00206 0.00007 -0.00059
198471.334 0.00182 0.00110 0.00049
198471.338 0.00024 0.00227 0.00016
198471.342 0.00058 0.00000 -0.00110
198471.346 0.00127 0.00077 -0.00054
198471.350 0.00086 0.00157 -0.00070
198471.354 0.00103 0.00194 -0.00134
198471.358 0.00033 0.00127 -0.00045
198471.362 0.00045 -0.00038 -0.00066
198471.366 0.00033 0.00141 -0.00103
198471.370 0.00136 0.00145 -0.00157
198471.374 0.00237 0.00040 -0.00126
198471.378 0.00159 -0.00061 -0.00028
198471.382 0.00168 -0.00042 -0.00122
198471.386 0.00155 -0.00068 -0.00103
198471.389 0.00138 0.00089 -0.00052
198471.394 0.00087 0.00131 -0.00113
198471.398 0.00134 -0.00023 -0.00084
198471.402 0.00101 0.00101 -0.00047
198471.406 0.00122 0.00223 -0.00007
198471.410 -0.00035 0.00030 -0.00072
198471.414 -0.00002 0.00161 -0.00044
198471.418 0.00005 0.00014 -0.00052
198471.422 -0.00021 -0.00159 -0.00188
198471.426 -0.00089 -0.00054 -0.00150
198471.430 0.00058 -0.00086 -0.00065
198471.434 0.00023 -0.00094 -0.00101
198471.438 0.00117 -0.00023 -0.00037
198471.442 0.00082 -0.00033 -0.00019
198471.446 0.00058 0.00052 -0.00075
198471.449 0.00141 -0.00044 -0.00105
198471.454 0.00089 -0.00038 -0.00127
198471.458 0.00119 0.00066 -0.00058
198471.462 0.00143 0.00110 -0.00101
198471.466 0.00044 0.00016 -0.00082
198471.470 0.00047 0.00066 -0.00045
198471.474 0.00154 0.00065 -0.00068
198471.478 0.00138 0.00033 -0.00042
198471.482 0.00148 0.00190 -0.00051
198471.486 -0.00075 0.00157 -0.00054
198471.490 0.00017 0.00044 -0.00024
198471.494 0.00040 0.00133 0.00087
198471.498 0.00017 0.00112 0.00012
198471.502 0.00056 0.00106 -0.00052
198471.506 0.00157 0.00045 -0.00084
198471.510 0.00227 -0.00061 -0.00197
198471.514 0.00157 -0.00164 -0.00136
198471.518 0.00183 0.00019 -0.00150
198471.522 0.00129 0.00023 -0.00230
198471.526 0.00070 0.00157 -0.00099
198471.530 -0.00065 -0.00016 -0.00173
198471.534 -0.00024 -0.00045 -0.00086
198471.538 0.00150 0.00049 -0.00063
198471.542 0.00136 0.00075 -0.00056
198471.546 0.00117 0.00037 -0.00145
198471.550 0.00068 0.00117 -0.00033
198471.554 0.00159 0.00077 -0.00154
198471.558 0.00079 0.00082 -0.00171
198471.562 -0.00002 0.00113 -0.00115
198471.566 -0.00054 0.00031 -0.00070
198471.570 0.00098 -0.00003 -0.00103
198471.574 0.00138 -0.00028 -0.00143
198471.578 0.00087 -0.00033 -0.00093
198471.582 0.00119 0.00007 -0.00110
198471.586 0.00143 0.00049 -0.00023
198471.591 0.00134 0.00000 -0.00047
198471.594 0.00133 -0.00026 -0.00068
198471.598 0.00101 0.00086 -0.00073
198471.602 0.00077 0.00009 -0.00105
198471.606 0.00058 0.00049 -0.00202
198471.609 0.00066 0.00091 -0.00229
198471.614 -0.00019 -0.00047 -0.00099
198471.618 0.00136 0.00033 -0.00037
198471.622 0.00178 -0.00049 -0.00019
198471.626 0.00127 -0.00038 -0.00059
198471.630 0.00099 -0.00037 -0.00117
198471.634 0.00002 -0.00066 -0.00101
198471.638 0.00068 0.00014 -0.00082
198471.642 0.00054 0.00051 0.00087
198471.646 0.00155 0.00030 -0.00077
198471.650 0.00077 0.00010 -0.00061
198471.654 0.00117 0.00049 -0.00072
198471.658 0.00082 0.00120 -0.00044
198471.662 0.00162 0.00063 -0.00157
198471.666 0.00201 0.00047 -0.00037
198471.669 0.00134 0.00030 -0.00065
198471.674 0.00072 0.00086 -0.00042
198471.678 0.00056 0.00129 -0.00082
198471.682 0.00051 0.00126 -0.00061
198471.686 0.00080 0.00065 -0.00010
198471.690 0.00042 0.00065 -0.00028
198471.694 -0.00010 -0.00056 -0.00108
198471.698 0.00017 -0.00026 -0.00175
198471.702 0.00056 0.00040 -0.00024
198471.706 0.00005 -0.00002 -0.00002
198471.710 0.00009 -0.00042 -0.00010
198471.714 0.00113 0.00065 0.00000
198471.718 0.00066 0.00065 -0.00024
198471.722 0.00024 0.00049 0.00026
198471.726 0.00073 0.00075 -0.00002
198471.730 0.00056 0.00052 -0.00026
198471.734 0.00171 0.00075 -0.00061
198471.738 0.00126 0.00007 -0.00056
198471.742 0.00129 0.00079 -0.00054
198471.746 0.00176 0.00052 -0.00040
198471.750 -0.00005 0.00106 -0.00171
198471.754 -0.00009 0.00166 -0.00129
198471.758 -0.00054 0.00045 -0.00105
198471.762 -0.00037 0.00044 -0.00082
198471.766 0.00056 0.00000 -0.00061
198471.770 0.00066 0.00168 0.00017
198471.774 0.00054 0.00091 -0.00035
198471.778 0.00096 -0.00003 -0.00124
198471.782 0.00061 0.00030 -0.00012
198471.786 -0.00007 0.00131 -0.00089
198471.790 0.00126 0.00021 -0.00154
198471.794 0.00129 0.00023 -0.00080
198471.798 0.00131 0.00084 -0.00152
198471.802 0.00131 0.00054 -0.00049
198471.806 0.00010 0.00061 -0.00052
198471.810 0.00099 -0.00024 -0.00113
198471.814 0.00108 0.00024 -0.00070
198471.818 0.00051 0.00038 0.00000
198471.822 -0.00009 -0.00047 -0.00086
198471.826 0.00140 0.00110 -0.00093
198471.829 0.00103 0.00091 -0.00080
198471.834 0.00033 -0.00003 -0.00136
198471.838 0.00030 -0.00119 -0.00195
198471.842 -0.00030 -0.00119 -0.00168
198471.846 0.00014 -0.00073 -0.00113
198471.850 0.00086 -0.00045 0.00063
198471.854 0.00300 0.00019 0.00035
198471.858 0.00070 0.00037 -0.00016
198471.862 0.00099 0.00087 0.00000
198471.866 0.00168 0.00115 -0.00040
198471.870 0.00126 -0.00010 -0.00141
198471.874 0.00084 -0.00045 -0.00047
198471.878 0.00134 0.00140 0.00007
198471.882 0.00192 0.00129 -0.00113
198471.886 0.00178 0.00141 -0.00131
198471.890 0.00068 -0.00019 -0.00105
198471.894 0.00084 -0.00002 -0.00082
198471.898 0.00103 -0.00058 -0.00106
198471.902 0.00124 0.00093 -0.00127
198471.906 0.00188 0.00040 -0.00059
198471.910 0.00147 0.00044 -0.00026
198471.914 0.00120 0.00058 0.00026
198471.918 0.00159 0.00017 -0.00033
198471.922 0.00063 0.00037 -0.00110
198471.926 0.00113 0.00056 -0.00113
198471.930 0.00187 0.00002 -0.00009
198471.934 0.00176 0.00047 -0.00087
198471.939 0.00068 0.00014 -0.00140
198471.942 0.00054 0.00112 -0.00061
198471.946 0.00035 0.00106 -0.00026
198471.949 0.00045 0.00059 0.00012
198471.954 0.00049 -0.00010 0.00007
198471.958 -0.00024 0.00000 -0.00068
198471.962 0.00014 -0.00072 -0.00148
198471.966 0.00010 0.00000 -0.00124
198471.970 0.00175 0.00045 -0.00162
198471.974 0.00127 -0.00044 0.00021
198471.978 -0.00019 0.00051 -0.00065
198471.982 0.00091 0.00091 0.00016
198471.986 0.00075 0.00070 -0.00021
198471.990 0.00117 0.00080 0.00000
198471.994 0.00021 -0.00037 0.00003
198471.998 0.00087 -0.00066 -0.00038
198472.002 0.00164 0.00073 -0.00035
198472.006 0.00140 0.00127 -0.00065
198472.010 0.00178 0.00005 -0.00058
198472.014 0.00143 0.00124 -0.00024
198472.018 0.00089 -0.00009 -0.00091
198472.022 0.00091 0.00105 -0.00049
198472.026 0.00059 -0.00014 -0.00052
198472.030 0.00143 0.00000 -0.00129
198472.034 0.00014 -0.00042 -0.00089
198472.038 0.00070 -0.00113 -0.00108
198472.042 0.00129 -0.00176 0.00005
198472.046 0.00086 -0.00028 -0.00038
198472.050 0.00134 -0.00035 -0.00005
198472.054 0.00208 0.00052 -0.00010
198472.058 0.00211 0.00136 -0.00028
198472.062 0.00227 0.00082 -0.00108
198472.066 0.00187 -0.00005 -0.00068
198472.070 0.00024 0.00091 0.00016
198472.074 0.00119 0.00072 0.00023
198472.078 0.00127 0.00171 -0.00003
198472.082 0.00115 0.00077 -0.00056
198472.086 0.00112 0.00127 -0.00131
198472.090 0.00171 0.00080 -0.00030
198472.094 0.00112 0.00038 -0.00122
198472.098 0.00171 -0.00061 -0.00117
198472.102 0.00127 0.00000 -0.00086
198472.106 0.00054 0.00031 -0.00124
198472.109 0.00110 0.00010 -0.00058
198472.114 0.00126 0.00019 -0.00070
198472.118 0.00115 0.00037 -0.00030
198472.122 0.00037 0.00026 -0.00063
198472.126 0.00031 0.00084 -0.00072
198472.130 0.00105 0.00070 -0.00028
198472.134 0.00124 -0.00023 -0.00033
198472.138 0.00129 -0.00079 -0.00154
198472.142 0.00176 -0.00017 -0.00126
198472.146 0.00127 0.00012 -0.00133
198472.150 0.00070 -0.00023 -0.00075
198472.154 -0.00065 -0.00033 -0.00014
198472.158 0.00124 0.00052 -0.00089
198472.162 0.00159 -0.00044 -0.00185
198472.166 0.00169 0.00005 -0.00103
198472.169 0.00096 0.00019 -0.00218
198472.174 0.00077 -0.00066 -0.00157
198472.178 0.00117 0.00059 -0.00201
198472.182 0.00112 0.00047 -0.00124
198472.186 0.00216 0.00075 -0.00042
198472.190 0.00063 0.00082 -0.00066
198472.194 0.00127 0.00009 -0.00103
198472.198 0.00190 -0.00099 -0.00173
198472.202 0.00072 -0.00009 -0.00040
198472.206 -0.00003 0.00075 0.00052
198472.210 0.00065 -0.00068 -0.00086
198472.214 -0.00019 0.00044 -0.00093
198472.218 0.00031 0.00089 -0.00065
198472.222 -0.00014 -0.00019 0.00002
198472.226 -0.00042 0.00042 -0.00024
198472.229 0.00056 0.00000 -0.00093
198472.234 0.00080 0.00031 -0.00079
198472.238 0.00103 0.00101 0.00000
198472.242 0.00154 0.00087 -0.00026
198472.246 0.00077 0.00024 0.00028
198472.250 0.00087 0.00009 -0.00033
198472.254 0.00195 0.00003 -0.00108
198472.258 0.00058 -0.00010 -0.00054
198472.262 0.00096 0.00014 -0.00099
198472.266 0.00093 -0.00052 -0.00021
198472.270 0.00136 0.00033 -0.00045
198472.274 0.00133 0.00101 -0.00127
198472.278 0.00192 0.00028 -0.00089
198472.282 0.00101 0.00054 -0.00017
198472.286 0.00017 -0.00012 -0.00045
198472.291 0.00042 -0.00091 -0.00082
198472.294 0.00077 -0.00021 -0.00122
198472.298 0.00117 -0.00122 -0.00087
198472.302 0.00112 -0.00030 -0.00077
198472.306 -0.00023 0.00054 -0.00045
198472.310 -0.00014 0.00120 -0.00037
198472.314 0.00108 0.00049 -0.00094
198472.318 0.00215 0.00059 -0.00065
198472.322 0.00258 0.00031 -0.00148
198472.326 0.00194 0.00072 -0.00079
198472.330 0.00208 -0.00007 -0.00166
198472.334 0.00211 -0.00089 -0.00129
198472.338 0.00136 -0.00021 -0.00134
198472.342 0.00087 -0.00108 -0.00061
198472.346 0.00044 0.00019 0.00033
198472.350 0.00124 0.00037 -0.00016
198472.354 0.00038 -0.00002 -0.00089
198472.358 0.00122 -0.00012 -0.00138
198472.362 0.00159 0.00028 -0.00031
198472.366 0.00122 0.00024 -0.00169
198472.370 0.00264 0.00052 -0.00024
198472.374 0.00195 -0.00058 -0.00047
198472.378 0.00133 0.00016 -0.00112
198472.382 0.00147 0.00051 -0.00099
198472.386 0.00180 0.00030 -0.00157
198472.389 0.00204 0.00056 -0.00187
198472.394 0.00180 0.00031 -0.00119
198472.398 0.00054 0.00086 -0.00101
198472.402 0.00201 0.00038 -0.00232
198472.406 0.00164 0.00058 -0.00147
198472.410 0.00079 -0.00026 -0.00108
198472.414 0.00103 0.00070 -0.00038
198472.418 0.00183 0.00126 -0.00080
198472.422 0.00084 0.00094 -0.00106
198472.426 0.00073 -0.00093 -0.00098
198472.430 0.00070 0.00068 -0.00005
198472.434 0.00070 0.00035 -0.00087
198472.438 0.00115 -0.00017 -0.00063
198472.442 0.00112 -0.00061 0.00017
198472.446 0.00021 -0.00103 -0.00035
198472.450 -0.00002 -0.00009 -0.00169
198472.454 0.00035 -0.00044 -0.00070
198472.458 -0.00028 -0.00129 -0.00089
198472.462 0.00089 -0.00061 -0.00124
198472.466 0.00105 0.00106 -0.00072
198472.470 0.00108 0.00030 -0.00134
198472.474 0.00094 0.00040 -0.00075
198472.478 0.00093 -0.00077 -0.00120
198472.482 0.00136 0.00101 0.00002
198472.486 0.00117 -0.00059 0.00003
198472.490 0.00127 0.00061 -0.00068
198472.494 0.00054 0.00124 0.00016
198472.498 0.00021 0.00003 -0.00051
198472.502 0.00117 0.00033 -0.00023
198472.506 0.00187 0.00070 -0.00122
198472.509 0.00086 -0.00009 -0.00087
198472.514 0.00194 -0.00045 0.00010
198472.518 0.00223 -0.00023 -0.00052
198472.522 0.00246 0.00010 -0.00070
198472.526 0.00115 0.00035 -0.00012
198472.530 0.00187 0.00072 0.00000
198472.534 0.00145 0.00021 -0.00070
198472.538 0.00120 0.00023 -0.00134
198472.542 0.00127 -0.00035 -0.00105
198472.546 0.00131 -0.00007 -0.00007
198472.550 0.00099 0.00091 -0.00087
198472.554 0.00093 0.00101 -0.00033
198472.558 0.00136 0.00044 -0.00169
198472.562 0.00208 0.00194 -0.00070
198472.566 0.00227 0.00082 -0.00012
198472.569 0.00185 0.00023 -0.00058
198472.574 0.00131 0.00007 -0.00056
198472.578 0.00115 0.00065 -0.00129
198472.582 0.00157 0.00033 -0.00059
198472.586 0.00138 0.00056 0.00033
198472.590 0.00117 -0.00058 0.00012
198472.594 0.00202 -0.00072 -0.00157
198472.598 0.00194 0.00087 -0.00126
198472.602 0.00253 0.00024 -0.00089
198472.606 0.00223 -0.00021 -0.00063
198472.610 0.00140 -0.00002 -0.00026
198472.614 0.00044 -0.00012 0.00026
198472.618 0.00122 0.00119 0.00010
198472.622 0.00099 0.00108 -0.00082
198472.626 0.00152 -0.00014 -0.00077
198472.630 0.00031 0.00103 -0.00091
198472.634 -0.00044 0.00180 -0.00033
198472.639 0.00086 0.00065 -0.00154
198472.642 0.00119 -0.00086 -0.00110
198472.646 0.00082 0.00009 -0.00113
198472.650 0.00133 0.00035 -0.00054
198472.654 0.00162 0.00117 -0.00099
198472.658 0.00154 0.00002 -0.00082
198472.662 0.00122 -0.00026 -0.00122
198472.666 0.00084 0.00024 -0.00148
198472.669 0.00028 0.00023 -0.00229
198472.674 0.00028 0.00023 -0.00086
198472.678 0.00089 0.00037 0.00026
198472.682 0.00105 0.00162 0.00056
198472.686 0.00110 0.00105 0.00003
198472.690 0.00080 0.00030 0.00019
198472.694 -0.00047 0.00040 0.00009
198472.698 -0.00049 0.00072 0.00005
198472.702 0.00023 -0.00098 -0.00038
198472.706 0.00103 -0.00068 -0.00080
198472.710 0.00033 -0.00030 -0.00243
198472.714 0.00136 -0.00005 -0.00103
198472.718 0.00026 -0.00058 -0.00112
198472.722 0.00059 -0.00012 -0.00009
198472.726 0.00021 0.00073 -0.00012
198472.729 0.00133 0.00126 -0.00044
198472.734 0.00206 0.00019 0.00007
198472.738 0.00136 0.00023 -0.00023
198472.742 0.00162 0.00038 -0.00122
198472.746 0.00124 0.00042 -0.00133
198472.750 0.00129 0.00044 -0.00105
198472.754 0.00070 0.00073 -0.00082
198472.758 0.00054 0.00021 -0.00106
198472.762 0.00110 0.00082 -0.00098
198472.766 0.00096 0.00084 0.00084
198472.770 0.00061 -0.00065 -0.00093
198472.774 0.00037 0.00014 -0.00080
198472.778 0.00077 0.00021 -0.00045
198472.782 0.00042 0.00038 -0.00082
198472.786 0.00017 0.00010 -0.00077
198472.789 0.00131 -0.00084 -0.00059
198472.794 0.00222 -0.00033 -0.00101
198472.798 0.00140 0.00023 -0.00096
198472.802 0.00164 0.00023 -0.00126
198472.806 0.00169 -0.00021 -0.00119
198472.810 0.00066 0.00042 -0.00040
198472.814 0.00173 0.00042 0.00038
198472.818 0.00157 0.00044 0.00014
198472.822 0.00122 0.00014 -0.00096
198472.826 0.00129 -0.00009 -0.00110
198472.830 0.00115 0.00059 -0.00159
198472.834 0.00051 0.00047 -0.00098
198472.838 0.00035 0.00059 -0.00065
198472.842 0.00106 -0.00072 -0.00058
198472.846 0.00169 -0.00030 -0.00099
198472.850 0.00096 -0.00051 -0.00112
198472.854 0.00061 -0.00040 -0.00145
198472.858 0.00082 0.00112 0.00056
198472.862 0.00133 -0.00012 -0.00086
198472.866 0.00072 0.00028 -0.00063
198472.870 0.00115 0.00040 0.00017
198472.874 0.00096 -0.00047 -0.00005
198472.878 0.00182 0.00003 -0.00162
198472.882 0.00190 0.00063 -0.00202
198472.886 0.00147 0.00063 -0.00168
198472.890 0.00120 0.00169 -0.00159
198472.894 0.00023 0.00016 -0.00157
198472.898 0.00042 0.00035 -0.00126
198472.902 0.00168 0.00026 -0.00119
198472.906 0.00096 0.00070 -0.00101
198472.910 0.00106 0.00049 -0.00037
198472.914 0.00094 -0.00028 -0.00005
198472.918 0.00152 -0.00051 -0.00012
198472.922 0.00152 0.00094 -0.00012
198472.926 0.00016 0.00147 -0.00134
198472.930 0.00070 0.00056 -0.00045
198472.934 0.00145 0.00002 -0.00098
198472.938 0.00209 0.00063 -0.00141
198472.942 0.00197 0.00154 -0.00138
198472.946 0.00117 -0.00017 -0.00091
198472.949 0.00082 -0.00047 -0.00199
198472.954 0.00042 0.00003 -0.00243
198472.958 0.00033 0.00047 -0.00089
198472.962 0.00000 0.00059 0.00056
198472.966 0.00112 0.00002 -0.00054
198472.970 0.00216 0.00033 -0.00131
198472.974 0.00124 -0.00003 -0.00180
198472.978 0.00098 0.00106 -0.00072
198472.982 0.00108 0.00075 -0.00105
198472.986 0.00110 -0.00098 -0.00143
198472.991 0.00230 -0.00007 -0.00047
198472.994 0.00173 0.00030 -0.00127
198472.998 0.00112 0.00054 -0.00073
198473.002 0.00110 0.00091 -0.00075
198473.006 0.00080 -0.00047 -0.00030
198473.010 0.00028 -0.00024 -0.00138
198473.014 0.00000 0.00024 -0.00152
198473.018 0.00021 0.00084 -0.00155
198473.022 0.00162 0.00143 -0.00096
198473.026 0.00049 -0.00049 -0.00051
198473.030 0.00049 0.00138 0.00096
198473.034 0.00003 0.00098 -0.00030
198473.038 -0.00066 0.00028 -0.00138
198473.042 -0.00099 -0.00049 -0.00061
198473.046 0.00040 -0.00024 0.00017
198473.050 -0.00042 -0.00003 0.00023
198473.054 -0.00003 0.00000 -0.00049
198473.058 0.00065 -0.00056 -0.00023
198473.062 0.00038 -0.00028 -0.00166
198473.066 0.00091 0.00070 -0.00188
198473.069 0.00136 0.00021 -0.00073
198473.074 0.00253 -0.00037 -0.00075
198473.078 0.00223 -0.00127 -0.00059
198473.082 0.00065 0.00044 -0.00040
198473.086 0.00054 0.00044 -0.00037
198473.090 0.00141 0.00012 -0.00035
198473.094 0.00000 0.00080 -0.00140
198473.098 -0.00023 0.00054 -0.00061
198473.102 0.00091 -0.00164 -0.00147
198473.106 0.00120 -0.00086 -0.00124
198473.110 0.00129 -0.00033 -0.00162
198473.114 0.00054 -0.00037 -0.00157
198473.118 0.00021 0.00037 -0.00112
198473.122 0.00101 -0.00002 -0.00040
198473.126 0.00140 -0.00012 -0.00065
198473.130 0.00103 -0.00030 -0.00073
198473.134 0.00079 0.00024 -0.00044
198473.138 0.00133 0.00054 -0.00066
198473.142 0.00161 0.00075 -0.00012
198473.146 0.00065 -0.00007 -0.00105
198473.150 0.00084 0.00000 -0.00052
198473.154 0.00103 0.00002 0.00005
198473.158 0.00094 0.00063 -0.00068
198473.162 0.00077 0.00063 -0.00073
198473.166 0.00086 -0.00010 -0.00195
198473.170 0.00075 0.00089 -0.00136
198473.174 0.00115 -0.00003 -0.00195
198473.178 0.00082 0.00000 -0.00168
198473.182 0.00028 -0.00072 0.00035
198473.186 0.00059 -0.00106 -0.00016
198473.190 0.00096 -0.00129 0.00030
198473.194 0.00093 -0.00061 -0.00063
198473.198 0.00211 -0.00058 -0.00056
198473.202 0.00318 0.00002 -0.00099
198473.206 0.00105 0.00047 -0.00096
198473.210 0.00049 0.00075 -0.00080
198473.214 0.00140 0.00127 -0.00091
198473.218 0.00148 0.00049 -0.00065
198473.222 0.00150 0.00014 -0.00058
198473.226 0.00150 0.00021 -0.00145
198473.229 0.00166 0.00068 -0.00138
198473.234 0.00110 0.00155 -0.00031
198473.238 0.00155 0.00119 -0.00094
198473.242 -0.00012 0.00017 -0.00140
198473.246 -0.00026 0.00021 -0.00093
198473.250 0.00105 0.00007 -0.00110
198473.254 0.00154 -0.00070 -0.00054
198473.258 0.00093 -0.00030 -0.00086
198473.262 0.00091 0.00009 -0.00017
198473.266 0.00180 0.00003 -0.00120
198473.270 0.00038 -0.00070 -0.00026
198473.274 0.00061 0.00058 -0.00002
198473.278 0.00173 0.00138 -0.00010
198473.282 0.00187 0.00068 -0.00119
198473.286 0.00161 0.00110 -0.00176
198473.289 0.00108 0.00000 -0.00147
198473.294 0.00124 0.00031 -0.00049
198473.298 0.00054 -0.00003 -0.00023
198473.302 -0.00007 -0.00012 -0.00031
198473.306 0.00003 0.00044 -0.00124
198473.310 0.00082 0.00000 -0.00192
198473.314 0.00028 0.00031 -0.00182
198473.318 0.00059 0.00070 -0.00042
198473.322 0.00098 0.00096 0.00023
198473.326 0.00122 0.00058 -0.00065
198473.330 0.00098 -0.00012 -0.00042
198473.334 0.00168 -0.00016 0.00023
198473.339 0.00080 -0.00031 -0.00079
198473.342 0.00133 -0.00065 -0.00211
198473.346 0.00267 0.00059 -0.00110
198473.350 0.00106 0.00077 -0.00084
198473.354 0.00140 0.00113 0.00026
198473.358 0.00133 0.00091 0.00056
198473.362 0.00072 0.00010 0.00017
198473.366 0.00086 0.00019 -0.00051
198473.370 0.00073 0.00127 -0.00023
198473.374 0.00040 0.00141 -0.00002
198473.378 -0.00010 -0.00035 -0.00024
198473.382 0.00017 -0.00007 -0.00183
198473.386 0.00042 0.00075 -0.00133
198473.390 0.00122 0.00051 -0.00120
198473.394 0.00129 0.00045 -0.00101
198473.398 0.00115 -0.00014 -0.00082
198473.402 0.00096 0.00087 -0.00047
198473.406 0.00106 0.00175 -0.00037
198473.410 0.00005 0.00349 -0.00171
198473.414 0.00098 0.00410 -0.00175
198473.418 0.00138 0.00108 -0.00251
198473.422 0.00103 0.00136 -0.00166
198473.426 0.00093 -0.00052 -0.00220
198473.430 0.00106 -0.00222 -0.00112
198473.434 0.00035 -0.00115 -0.00115
198473.438 0.00000 -0.00162 -0.00099
198473.442 0.00007 0.00003 -0.00082
198473.446 -0.00005 0.00063 -0.00106
198473.449 0.00049 0.00003 -0.00098
198473.454 0.00065 -0.00056 -0.00080
198473.458 0.00099 -0.00133 -0.00045
198473.462 0.00108 0.00012 -0.00113
198473.466 0.00110 0.00035 0.00049
198473.470 0.00185 -0.00002 0.00016
198473.474 0.00250 -0.00058 -0.00216
198473.478 0.00253 0.00047 -0.00173
198473.482 0.00253 0.00014 -0.00086
