198109.026 -0.00058 -0.00185 -0.00002
198109.030 -0.00026 -0.00237 -0.00065
198109.034 0.00010 -0.00325 -0.00052
198109.038 0.00080 -0.00349 -0.00093
198109.042 0.00175 -0.00204 -0.00059
198109.046 0.00093 -0.00182 -0.00096
198109.050 0.00056 -0.00161 -0.00089
198109.054 0.00047 -0.00321 -0.00103
198109.058 0.00059 -0.00347 -0.00002
198109.062 0.00079 -0.00248 0.00054
198109.066 0.00127 -0.00223 -0.00021
198109.070 0.00126 -0.00187 -0.00099
198109.074 -0.00038 -0.00222 -0.00045
198109.078 0.00052 -0.00321 0.00012
198109.082 0.00106 -0.00211 -0.00031
198109.086 0.00166 -0.00154 -0.00012
198109.090 0.00120 -0.00154 -0.00098
198109.094 0.00065 -0.00017 0.00014
198109.098 0.00049 -0.00072 -0.00077
198109.102 0.00166 -0.00253 -0.00054
198109.106 0.00211 -0.00239 -0.00169
198109.110 0.00178 -0.00161 -0.00065
198109.114 0.00110 -0.00244 -0.00051
198109.118 0.00166 -0.00192 -0.00063
198109.122 0.00211 -0.00087 -0.00066
198109.126 0.00103 -0.00227 -0.00098
198109.130 0.00059 -0.00157 -0.00014
198109.134 0.00079 -0.00290 -0.00038
198109.138 0.00204 -0.00218 -0.00075
198109.142 0.00086 -0.00230 0.00003
198109.146 0.00084 -0.00173 -0.00108
198109.150 0.00115 -0.00248 -0.00138
198109.154 0.00047 -0.00162 -0.00042
198109.158 0.00014 -0.00171 0.00014
198109.162 0.00096 -0.00218 -0.00091
198109.166 0.00119 -0.00199 -0.00134
198109.170 0.00108 -0.00209 -0.00084
198109.174 0.00195 -0.00229 -0.00101
198109.178 0.00159 -0.00112 -0.00091
198109.182 0.00105 -0.00171 -0.00058
198109.186 0.00075 -0.00188 -0.00065
198109.190 0.00112 -0.00312 -0.00066
198109.194 0.00168 -0.00166 -0.00112
198109.198 0.00045 -0.00051 -0.00079
198109.202 0.00059 -0.00187 -0.00161
198109.206 0.00063 -0.00206 -0.00152
198109.210 0.00094 -0.00257 -0.00105
198109.214 0.00133 -0.00195 -0.00108
198109.218 0.00127 -0.00269 0.00026
198109.222 -0.00023 -0.00138 -0.00012
198109.226 0.00072 0.00000 0.00005
198109.230 0.00051 -0.00218 -0.00122
198109.234 0.00091 -0.00065 -0.00098
198109.238 0.00010 -0.00086 -0.00059
198109.242 0.00035 -0.00075 -0.00051
198109.246 0.00012 -0.00178 -0.00093
198109.250 0.00035 -0.00279 -0.00044
198109.254 0.00072 -0.00155 0.00058
198109.258 0.00051 -0.00229 0.00040
198109.262 0.00075 -0.00234 -0.00024
198109.266 0.00188 -0.00098 -0.00086
198109.270 0.00126 -0.00094 -0.00028
198109.274 0.00021 -0.00152 -0.00072
198109.278 -0.00007 -0.00229 -0.00068
198109.282 0.00061 -0.00112 -0.00082
198109.286 0.00017 -0.00307 -0.00131
198109.290 -0.00051 -0.00298 -0.00024
198109.294 0.00063 -0.00236 0.00017
198109.298 0.00110 -0.00084 -0.00075
198109.302 0.00091 -0.00195 -0.00099
198109.306 0.00072 -0.00284 -0.00091
198109.310 0.00080 -0.00157 -0.00133
198109.314 0.00143 -0.00124 0.00019
198109.318 0.00176 -0.00161 0.00030
198109.322 0.00017 -0.00201 0.00017
198109.326 0.00173 -0.00075 0.00000
198109.330 0.00017 -0.00178 -0.00005
198109.334 0.00262 -0.00234 -0.00080
198109.339 0.00161 -0.00145 -0.00086
198109.342 0.00150 -0.00241 -0.00147
198109.346 0.00072 -0.00147 -0.00103
198109.350 -0.00068 -0.00211 -0.00122
198109.354 -0.00030 -0.00183 -0.00112
198109.358 -0.00019 -0.00131 -0.00215
198109.362 -0.00002 -0.00253 -0.00016
198109.366 0.00031 -0.00239 -0.00068
198109.370 0.00086 -0.00265 -0.00037
198109.374 0.00115 -0.00243 -0.00089
198109.378 0.00122 -0.00161 -0.00119
198109.382 0.00094 -0.00126 -0.00021
198109.386 0.00012 -0.00070 -0.00099
198109.390 0.00005 -0.00267 -0.00166
198109.394 0.00169 -0.00229 -0.00124
198109.398 0.00093 -0.00202 -0.00098
198109.402 0.00131 -0.00195 -0.00089
198109.406 0.00112 -0.00194 -0.00087
198109.410 0.00182 -0.00164 -0.00119
198109.414 0.00155 -0.00201 -0.00065
198109.418 0.00178 -0.00211 -0.00052
198109.422 0.00154 -0.00229 -0.00033
198109.426 0.00194 -0.00098 0.00016
198109.430 0.00098 -0.00138 -0.00016
198109.434 0.00133 -0.00180 -0.00009
198109.438 0.00052 -0.00220 -0.00127
198109.442 0.00091 -0.00185 -0.00143
198109.446 0.00117 -0.00131 -0.00101
198109.450 0.00154 -0.00297 -0.00152
198109.454 0.00267 -0.00267 -0.00073
198109.458 0.00237 -0.00106 -0.00024
198109.462 0.00065 -0.00246 -0.00117
198109.466 0.00080 -0.00222 -0.00080
198109.470 -0.00005 -0.00262 0.00063
198109.474 0.00016 -0.00211 0.00056
198109.478 0.00021 -0.00349 -0.00065
198109.482 0.00068 -0.00265 -0.00066
198109.486 0.00021 -0.00106 0.00066
198109.490 0.00188 -0.00141 -0.00077
198109.494 0.00112 -0.00120 -0.00070
198109.498 0.00152 -0.00084 -0.00068
198109.502 0.00133 -0.00089 0.00037
198109.506 0.00173 -0.00257 0.00003
198109.510 0.00093 -0.00166 -0.00199
198109.514 0.00131 -0.00096 -0.00042
198109.518 0.00112 -0.00229 -0.00136
198109.522 0.00168 -0.00218 -0.00086
198109.526 0.00166 -0.00110 -0.00072
198109.530 0.00075 -0.00112 0.00005
198109.534 0.00052 -0.00232 -0.00033
198109.538 0.00091 -0.00188 -0.00103
198109.542 0.00026 -0.00131 -0.00061
198109.546 0.00024 -0.00162 -0.00080
198109.550 0.00038 -0.00216 -0.00040
198109.554 0.00148 -0.00079 0.00014
198109.558 0.00206 -0.00028 0.00058
198109.562 0.00237 -0.00030 -0.00019
198109.566 0.00140 -0.00182 0.00003
198109.570 0.00113 -0.00220 -0.00033
198109.574 0.00152 -0.00185 -0.00119
198109.578 0.00133 -0.00131 -0.00005
198109.582 0.00127 -0.00208 0.00037
198109.586 0.00155 -0.00168 -0.00054
198109.590 0.00103 -0.00157 -0.00079
198109.594 0.00134 -0.00138 -0.00056
198109.598 0.00023 -0.00178 -0.00049
198109.602 0.00099 -0.00326 -0.00047
198109.606 0.00103 -0.00183 -0.00047
198109.610 0.00134 -0.00161 -0.00047
198109.614 0.00082 -0.00140 -0.00122
198109.618 0.00145 -0.00164 0.00037
198109.622 0.00190 -0.00171 0.00035
198109.626 0.00052 -0.00173 -0.00070
198109.630 0.00120 -0.00202 -0.00052
198109.634 0.00079 -0.00318 -0.00033
198109.638 0.00052 -0.00134 -0.00044
198109.642 0.00002 -0.00194 -0.00045
198109.646 0.00047 -0.00194 -0.00061
198109.650 0.00030 -0.00119 -0.00021
198109.654 0.00024 -0.00175 0.00049
198109.658 0.00204 -0.00188 0.00023
198109.662 0.00131 -0.00208 -0.00134
198109.666 0.00082 -0.00182 -0.00024
198109.670 0.00220 -0.00295 -0.00026
198109.674 0.00195 -0.00281 -0.00101
198109.678 0.00052 -0.00246 -0.00002
198109.682 0.00061 -0.00267 0.00024
198109.686 0.00033 -0.00108 0.00045
198109.691 0.00072 -0.00126 -0.00007
198109.693 0.00141 -0.00190 -0.00141
198109.698 0.00070 -0.00103 -0.00026
198109.702 0.00080 -0.00140 -0.00131
198109.706 0.00129 -0.00180 -0.00099
198109.710 -0.00038 -0.00145 -0.00091
198109.714 0.00082 -0.00225 -0.00073
198109.718 0.00099 -0.00202 -0.00054
198109.722 0.00089 -0.00106 -0.00140
198109.726 0.00056 -0.00080 -0.00101
198109.730 0.00063 -0.00073 -0.00077
198109.734 0.00003 -0.00012 -0.00024
198109.738 0.00079 -0.00026 0.00017
198109.742 0.00052 -0.00091 0.00000
198109.746 -0.00012 -0.00197 0.00009
198109.750 0.00044 -0.00194 -0.00077
198109.754 0.00073 -0.00194 -0.00086
198109.758 0.00157 -0.00073 -0.00058
198109.762 0.00103 -0.00117 -0.00124
198109.766 -0.00044 -0.00098 -0.00007
198109.770 -0.00009 -0.00108 -0.00037
198109.774 0.00150 -0.00232 -0.00134
198109.778 0.00162 -0.00173 -0.00070
198109.782 0.00014 -0.00309 -0.00052
198109.786 0.00021 -0.00133 -0.00017
198109.790 0.00188 -0.00148 -0.00054
198109.794 0.00173 -0.00106 -0.00019
198109.798 0.00077 -0.00171 -0.00070
198109.802 0.00127 -0.00187 -0.00052
198109.806 0.00201 -0.00147 -0.00124
198109.810 0.00099 -0.00061 -0.00187
198109.814 0.00073 -0.00204 -0.00143
198109.818 0.00098 -0.00136 -0.00133
198109.822 0.00133 0.00016 0.00003
198109.826 0.00234 -0.00079 0.00010
198109.830 0.00003 -0.00298 0.00028
198109.834 0.00033 -0.00267 -0.00072
198109.838 0.00010 -0.00122 -0.00023
198109.842 0.00096 -0.00190 0.00017
198109.846 0.00117 -0.00223 -0.00030
198109.850 0.00049 -0.00201 0.00031
198109.854 0.00030 -0.00211 0.00017
198109.858 0.00054 -0.00168 0.00014
198109.862 0.00197 -0.00187 -0.00016
198109.866 -0.00003 -0.00176 -0.00038
198109.870 -0.00028 -0.00234 0.00028
198109.874 0.00129 -0.00175 0.00002
198109.878 0.00157 -0.00143 0.00040
198109.882 0.00164 -0.00059 -0.00099
198109.886 0.00195 -0.00038 0.00028
198109.890 0.00068 -0.00229 0.00031
198109.894 -0.00009 -0.00232 -0.00010
198109.898 0.00014 -0.00188 -0.00037
198109.902 0.00141 -0.00192 -0.00059
198109.906 0.00115 -0.00239 0.00038
198109.910 0.00108 -0.00190 -0.00009
198109.914 0.00091 -0.00178 -0.00037
198109.918 -0.00079 -0.00129 0.00030
198109.922 0.00042 -0.00147 -0.00026
198109.926 0.00044 -0.00136 -0.00012
198109.930 0.00134 -0.00194 -0.00082
198109.934 0.00052 -0.00148 -0.00056
198109.938 0.00120 -0.00138 -0.00155
198109.942 0.00094 -0.00103 -0.00030
198109.946 0.00072 -0.00201 -0.00072
198109.950 0.00157 -0.00211 -0.00113
198109.954 0.00133 -0.00213 -0.00003
198109.958 0.00218 -0.00244 -0.00126
198109.962 0.00120 -0.00237 -0.00098
198109.966 0.00124 -0.00190 -0.00091
198109.970 0.00094 -0.00147 -0.00164
198109.974 0.00087 -0.00106 -0.00063
198109.978 0.00131 -0.00262 -0.00155
198109.982 0.00126 -0.00182 -0.00136
198109.986 0.00155 -0.00099 -0.00131
198109.990 0.00028 -0.00124 0.00021
198109.994 0.00038 -0.00054 -0.00089
198109.998 0.00133 -0.00202 -0.00148
198110.002 0.00082 -0.00272 -0.00044
198110.006 0.00099 -0.00140 -0.00091
198110.010 0.00058 0.00030 0.00045
198110.014 0.00047 -0.00105 0.00007
198110.018 0.00059 -0.00185 -0.00047
198110.022 0.00063 -0.00222 -0.00077
198110.026 0.00019 -0.00216 -0.00040
198110.030 0.00037 -0.00215 -0.00030
198110.034 0.00222 -0.00199 -0.00058
198110.039 0.00195 -0.00075 -0.00005
198110.042 0.00143 -0.00267 -0.00066
198110.046 0.00131 -0.00394 -0.00082
198110.050 0.00096 -0.00230 0.00002
198110.054 0.00119 -0.00202 0.00056
198110.058 0.00122 -0.00227 0.00009
198110.062 0.00230 -0.00216 -0.00017
198110.066 0.00138 -0.00140 0.00003
198110.070 0.00143 -0.00105 -0.00154
198110.074 0.00131 -0.00126 -0.00195
198110.078 0.00096 -0.00145 0.00003
198110.082 0.00028 -0.00166 0.00115
198110.086 0.00086 -0.00187 0.00054
198110.090 0.00099 -0.00237 0.00009
198110.094 -0.00016 -0.00326 0.00026
198110.098 0.00000 -0.00138 0.00002
198110.102 0.00106 -0.00119 -0.00065
198110.106 0.00166 -0.00129 -0.00171
198110.110 0.00286 -0.00237 -0.00169
198110.114 0.00093 -0.00236 -0.00140
198110.118 0.00042 -0.00234 -0.00072
198110.122 0.00028 -0.00220 -0.00084
198110.126 0.00070 -0.00155 -0.00086
198110.130 0.00096 -0.00124 -0.00312
198110.134 0.00087 -0.00220 -0.00208
198110.138 0.00190 -0.00171 -0.00119
198110.142 0.00068 -0.00232 -0.00035
198110.146 0.00035 -0.00218 -0.00044
198110.150 0.00087 -0.00185 -0.00120
198110.154 0.00131 -0.00251 -0.00171
198110.158 0.00157 -0.00194 -0.00110
198110.162 0.00164 -0.00164 -0.00124
198110.166 0.00136 -0.00140 -0.00021
198110.170 0.00068 -0.00241 0.00033
198110.174 0.00005 -0.00145 0.00017
198110.178 0.00108 -0.00182 0.00000
198110.182 0.00077 -0.00206 -0.00035
198110.186 0.00127 -0.00045 -0.00073
198110.190 0.00051 -0.00260 0.00035
198110.194 0.00120 -0.00045 0.00003
198110.198 0.00065 -0.00140 -0.00094
198110.202 0.00124 -0.00209 -0.00030
198110.206 0.00185 -0.00213 -0.00103
198110.210 0.00232 -0.00093 -0.00122
198110.214 0.00108 -0.00168 -0.00066
198110.218 0.00182 -0.00082 -0.00023
198110.222 0.00110 -0.00089 -0.00024
198110.226 0.00136 -0.00182 -0.00026
198110.230 0.00159 -0.00281 -0.00026
198110.234 0.00119 -0.00187 0.00077
198110.238 0.00124 -0.00222 -0.00030
198110.242 0.00080 -0.00155 -0.00026
198110.246 0.00143 -0.00138 -0.00058
198110.250 0.00206 -0.00284 -0.00049
198110.254 0.00147 -0.00307 -0.00108
198110.258 0.00101 -0.00284 -0.00138
198110.262 0.00059 -0.00112 -0.00070
198110.266 -0.00026 -0.00112 -0.00023
198110.270 -0.00017 -0.00112 -0.00056
198110.274 0.00148 -0.00218 -0.00080
198110.278 0.00161 -0.00260 0.00003
198110.282 0.00150 -0.00241 -0.00033
198110.286 0.00176 -0.00147 0.00000
198110.290 0.00065 -0.00195 0.00009
198110.294 0.00003 -0.00194 -0.00077
198110.298 0.00063 -0.00103 -0.00145
198110.302 0.00049 -0.00185 -0.00162
198110.306 0.00091 -0.00131 -0.00002
198110.310 0.00010 -0.00162 -0.00065
198110.314 0.00051 -0.00126 -0.00021
198110.318 0.00075 -0.00101 0.00049
198110.322 0.00037 -0.00244 0.00052
198110.326 0.00042 -0.00192 -0.00037
198110.330 0.00180 -0.00208 -0.00014
198110.334 0.00140 -0.00122 -0.00023
198110.338 0.00143 -0.00070 -0.00040
198110.342 0.00115 -0.00192 0.00044
198110.346 0.00077 -0.00178 0.00021
198110.350 0.00052 -0.00311 -0.00059
198110.354 0.00091 -0.00239 -0.00140
198110.358 0.00147 -0.00161 -0.00208
198110.362 0.00145 -0.00230 -0.00058
198110.366 0.00236 -0.00082 -0.00051
198110.370 0.00260 -0.00073 -0.00002
198110.374 0.00145 -0.00133 -0.00140
198110.378 0.00251 -0.00148 -0.00101
198110.382 0.00204 -0.00197 -0.00016
198110.386 0.00115 -0.00119 0.00005
198110.391 0.00108 -0.00099 -0.00033
198110.394 0.00075 -0.00215 -0.00014
198110.398 -0.00052 -0.00229 -0.00007
198110.402 0.00079 -0.00202 -0.00098
198110.406 0.00113 -0.00091 -0.00105
198110.410 0.00077 -0.00211 -0.00122
198110.414 0.00127 -0.00154 -0.00127
198110.418 0.00201 -0.00333 -0.00159
198110.422 0.00161 -0.00305 -0.00136
198110.426 -0.00014 -0.00192 -0.00040
198110.430 0.00103 -0.00133 -0.00030
198110.434 0.00105 -0.00178 -0.00103
198110.438 0.00044 -0.00204 -0.00197
198110.442 0.00105 -0.00211 -0.00042
198110.446 0.00014 -0.00244 -0.00075
198110.450 0.00066 -0.00192 -0.00054
198110.454 0.00126 -0.00223 -0.00033
198110.458 0.00126 -0.00141 -0.00059
198110.462 0.00065 -0.00091 0.00009
198110.466 0.00035 -0.00075 0.00012
198110.470 0.00101 -0.00133 -0.00047
198110.474 0.00150 -0.00208 -0.00077
198110.478 0.00131 -0.00063 -0.00024
198110.482 0.00096 -0.00068 -0.00086
198110.486 0.00119 -0.00147 -0.00058
198110.490 0.00033 -0.00166 -0.00003
198110.494 0.00072 -0.00246 -0.00051
198110.498 0.00201 -0.00117 -0.00079
198110.502 0.00206 -0.00279 -0.00054
198110.506 0.00072 -0.00246 -0.00065
198110.510 -0.00023 -0.00117 -0.00037
198110.514 0.00162 -0.00159 -0.00014
198110.518 0.00105 -0.00094 0.00021
198110.522 0.00180 -0.00077 -0.00105
198110.526 0.00080 -0.00133 -0.00122
198110.530 0.00038 -0.00194 -0.00007
198110.534 0.00087 -0.00253 0.00007
198110.538 0.00010 -0.00180 -0.00002
198110.542 0.00096 -0.00115 -0.00065
198110.546 0.00162 -0.00202 -0.00066
198110.550 0.00091 -0.00106 -0.00052
198110.554 0.00056 -0.00096 -0.00094
198110.558 0.00093 -0.00122 -0.00089
198110.562 0.00176 -0.00161 -0.00028
198110.566 0.00124 -0.00124 -0.00117
198110.570 0.00126 -0.00236 -0.00110
198110.574 0.00080 -0.00161 -0.00124
198110.578 0.00084 -0.00140 -0.00112
198110.582 0.00054 -0.00164 -0.00019
198110.586 0.00213 -0.00216 -0.00009
198110.590 0.00133 -0.00215 -0.00127
198110.594 0.00112 -0.00183 -0.00127
198110.598 0.00061 -0.00161 0.00005
198110.602 0.00124 -0.00171 -0.00033
198110.606 0.00051 -0.00127 -0.00014
198110.610 0.00030 -0.00190 -0.00098
198110.614 0.00145 -0.00194 -0.00030
198110.618 0.00115 -0.00178 -0.00087
198110.622 0.00063 -0.00265 -0.00119
198110.626 0.00019 -0.00213 -0.00096
198110.630 -0.00037 -0.00213 -0.00089
198110.634 0.00052 -0.00258 -0.00133
198110.638 0.00122 -0.00271 -0.00054
198110.642 0.00065 -0.00199 -0.00063
198110.646 0.00140 -0.00059 -0.00127
198110.650 0.00038 -0.00099 -0.00052
198110.654 0.00012 -0.00063 0.00086
198110.658 0.00035 -0.00175 0.00063
198110.662 0.00208 -0.00084 0.00086
198110.666 0.00087 -0.00180 0.00002
198110.670 0.00099 -0.00190 -0.00080
198110.674 0.00148 -0.00147 -0.00070
198110.678 0.00147 -0.00152 -0.00098
198110.682 0.00070 -0.00272 -0.00059
198110.686 0.00080 -0.00305 -0.00066
198110.690 0.00084 -0.00162 -0.00007
198110.694 0.00086 -0.00185 -0.00066
198110.698 0.00084 -0.00176 -0.00143
198110.702 0.00099 -0.00129 -0.00178
198110.706 0.00119 -0.00147 -0.00080
198110.710 0.00108 -0.00091 -0.00026
198110.714 0.00195 -0.00152 0.00047
198110.718 0.00204 -0.00197 0.00007
198110.722 0.00101 -0.00255 -0.00033
198110.726 0.00073 -0.00209 0.00016
198110.730 0.00066 -0.00154 0.00014
198110.734 0.00140 -0.00183 0.00012
198110.739 0.00113 -0.00147 -0.00061
198110.742 0.00077 -0.00075 0.00023
198110.746 0.00052 -0.00103 0.00000
198110.750 0.00077 -0.00215 -0.00003
198110.754 -0.00051 -0.00260 -0.00021
198110.758 -0.00040 -0.00225 -0.00010
198110.762 0.00052 -0.00157 0.00066
198110.766 0.00045 -0.00230 0.00012
198110.770 0.00089 -0.00007 -0.00031
198110.774 0.00147 -0.00084 -0.00087
198110.778 0.00101 -0.00075 -0.00028
198110.782 0.00180 -0.00133 -0.00026
198110.786 0.00049 -0.00162 -0.00012
198110.790 0.00030 -0.00155 0.00051
198110.794 -0.00017 -0.00124 0.00023
198110.798 -0.00047 -0.00220 -0.00028
198110.802 0.00080 -0.00260 -0.00058
198110.806 0.00113 -0.00106 -0.00110
198110.810 0.00031 -0.00246 -0.00108
198110.814 0.00115 -0.00358 -0.00108
198110.818 0.00108 -0.00222 -0.00063
198110.822 0.00120 -0.00215 -0.00141
198110.826 0.00140 -0.00260 -0.00117
198110.830 0.00113 -0.00195 -0.00094
198110.834 0.00122 -0.00178 -0.00030
198110.838 0.00140 -0.00190 -0.00162
198110.842 0.00084 -0.00192 -0.00047
198110.846 0.00054 -0.00178 -0.00047
198110.850 0.00002 -0.00145 -0.00093
198110.854 0.00049 -0.00152 -0.00059
198110.858 0.00075 -0.00152 -0.00171
198110.862 0.00098 -0.00183 -0.00140
198110.866 -0.00031 -0.00311 -0.00222
198110.870 0.00099 -0.00269 -0.00093
198110.874 0.00103 -0.00199 -0.00089
198110.878 -0.00030 -0.00330 -0.00103
198110.882 0.00161 -0.00110 -0.00061
198110.886 0.00014 -0.00187 -0.00051
198110.890 0.00112 -0.00222 -0.00168
198110.894 0.00106 -0.00187 -0.00108
198110.898 0.00045 -0.00176 -0.00063
198110.902 -0.00030 -0.00159 -0.00082
198110.906 -0.00003 -0.00065 -0.00026
198110.910 0.00166 -0.00099 -0.00206
198110.914 0.00182 -0.00169 -0.00089
198110.918 0.00110 -0.00293 -0.00133
198110.922 0.00120 -0.00311 -0.00054
198110.926 0.00274 -0.00374 -0.00063
198110.930 0.00105 -0.00241 -0.00066
198110.934 0.00134 -0.00222 -0.00127
198110.938 0.00112 -0.00216 -0.00098
198110.942 0.00183 -0.00169 -0.00075
198110.946 0.00185 -0.00157 -0.00054
198110.950 0.00051 -0.00169 -0.00094
198110.954 0.00016 -0.00112 -0.00195
198110.958 0.00202 -0.00248 -0.00010
198110.962 0.00115 -0.00192 0.00021
198110.966 0.00063 -0.00087 0.00091
198110.970 0.00124 -0.00075 0.00033
198110.974 0.00126 -0.00103 -0.00056
198110.978 0.00094 -0.00065 -0.00035
198110.982 0.00148 -0.00161 -0.00028
198110.986 0.00236 -0.00155 -0.00042
198110.990 0.00110 -0.00154 0.00028
198110.994 0.00106 -0.00108 -0.00012
198110.998 0.00195 -0.00080 0.00035
198111.002 0.00009 -0.00105 0.00019
198111.006 0.00065 -0.00140 -0.00014
198111.010 0.00003 -0.00180 -0.00023
198111.014 0.00094 -0.00281 -0.00101
198111.018 0.00042 -0.00230 -0.00016
198111.022 0.00073 -0.00234 -0.00038
198111.026 0.00232 -0.00234 -0.00014
198111.030 0.00033 -0.00143 0.00021
198111.034 0.00086 -0.00195 -0.00030
198111.038 0.00115 -0.00150 -0.00042
198111.042 0.00213 -0.00136 -0.00030
198111.046 0.00178 -0.00223 -0.00148
198111.050 0.00185 -0.00291 -0.00119
198111.054 0.00080 -0.00325 -0.00065
198111.058 0.00009 -0.00227 -0.00141
198111.062 0.00005 -0.00218 -0.00176
198111.066 0.00033 -0.00140 -0.00157
198111.070 0.00072 -0.00164 -0.00075
198111.074 0.00005 -0.00216 -0.00084
198111.078 0.00124 -0.00154 -0.00176
198111.082 0.00065 -0.00229 0.00007
198111.086 0.00033 -0.00293 -0.00047
198111.091 0.00131 -0.00311 -0.00122
198111.094 0.00157 -0.00269 -0.00098
198111.098 0.00119 -0.00152 -0.00105
198111.102 0.00108 -0.00258 -0.00106
198111.106 0.00152 -0.00180 -0.00138
198111.110 0.00162 -0.00236 -0.00236
198111.114 0.00075 -0.00159 -0.00021
198111.118 0.00112 -0.00110 -0.00024
198111.122 0.00182 -0.00112 0.00002
198111.126 0.00126 -0.00127 -0.00063
198111.130 0.00155 -0.00222 -0.00141
198111.134 0.00148 -0.00155 -0.00101
198111.138 0.00101 -0.00138 -0.00106
198111.142 0.00105 -0.00300 -0.00033
198111.146 0.00089 -0.00222 -0.00044
198111.150 0.00072 -0.00201 -0.00091
198111.154 0.00155 -0.00136 -0.00058
198111.158 0.00073 -0.00237 -0.00080
198111.162 0.00066 -0.00161 -0.00070
198111.166 0.00140 -0.00140 -0.00084
198111.170 0.00159 -0.00105 0.00002
198111.174 0.00000 -0.00080 -0.00003
198111.178 0.00063 -0.00178 -0.00080
198111.182 0.00065 -0.00236 -0.00026
198111.186 -0.00024 -0.00204 -0.00162
198111.190 0.00056 -0.00302 -0.00122
198111.194 -0.00026 -0.00267 -0.00127
198111.198 0.00040 -0.00152 -0.00007
198111.202 0.00073 -0.00258 -0.00037
198111.206 0.00021 -0.00180 -0.00044
198111.210 0.00143 -0.00131 -0.00106
198111.214 0.00131 -0.00297 0.00042
198111.218 0.00021 -0.00206 0.00021
198111.222 0.00082 -0.00166 -0.00089
198111.226 0.00115 -0.00202 -0.00058
198111.230 0.00152 -0.00166 0.00024
198111.234 0.00087 -0.00201 0.00016
198111.238 0.00056 -0.00257 -0.00075
198111.242 0.00093 -0.00241 -0.00054
198111.246 0.00162 -0.00176 -0.00063
198111.250 0.00059 -0.00279 -0.00007
198111.254 0.00124 -0.00140 0.00082
198111.258 0.00169 -0.00225 -0.00133
198111.262 0.00122 -0.00232 -0.00129
198111.266 0.00124 -0.00143 -0.00113
198111.270 0.00140 -0.00211 -0.00019
198111.274 0.00054 -0.00168 -0.00161
198111.278 0.00106 -0.00278 -0.00122
198111.282 0.00091 -0.00262 -0.00021
198111.286 0.00056 -0.00152 -0.00010
198111.290 0.00031 -0.00197 -0.00082
198111.294 0.00040 -0.00271 -0.00161
198111.298 0.00089 -0.00290 -0.00197
198111.302 0.00056 -0.00368 -0.00115
198111.306 0.00002 -0.00271 -0.00080
198111.310 0.00168 -0.00154 -0.00040
198111.314 0.00047 -0.00017 0.00014
198111.318 0.00105 -0.00087 -0.00091
198111.322 0.00059 -0.00182 -0.00164
198111.326 0.00124 -0.00086 -0.00063
198111.330 0.00169 -0.00166 -0.00066
198111.334 0.00122 -0.00291 -0.00037
198111.338 0.00065 -0.00220 -0.00089
198111.342 0.00094 -0.00140 -0.00164
198111.346 0.00133 -0.00269 -0.00138
198111.350 0.00187 -0.00244 -0.00147
198111.354 0.00112 -0.00131 -0.00087
198111.358 0.00061 -0.00298 -0.00162
198111.362 0.00094 -0.00206 -0.00063
198111.366 0.00222 -0.00168 -0.00126
198111.370 0.00061 -0.00187 -0.00082
198111.374 0.00124 -0.00131 0.00033
198111.378 0.00110 -0.00237 -0.00115
198111.382 0.00077 -0.00265 -0.00201
198111.386 0.00007 -0.00333 -0.00072
198111.390 0.00049 -0.00215 -0.00084
198111.394 0.00000 -0.00185 -0.00042
198111.398 0.00154 -0.00161 0.00000
198111.402 -0.00047 -0.00124 0.00009
198111.406 0.00079 -0.00086 0.00058
198111.410 0.00054 -0.00225 -0.00155
198111.414 0.00152 -0.00232 -0.00136
198111.418 0.00072 -0.00264 -0.00024
198111.422 0.00066 -0.00243 0.00033
198111.426 0.00126 -0.00161 -0.00026
198111.430 0.00065 -0.00201 -0.00012
198111.434 0.00079 -0.00241 -0.00127
198111.439 0.00023 -0.00190 -0.00129
198111.442 -0.00005 -0.00164 -0.00098
198111.446 0.00061 -0.00110 -0.00075
198111.450 0.00094 -0.00187 -0.00159
198111.454 0.00072 -0.00222 -0.00197
198111.458 0.00051 -0.00126 -0.00131
198111.462 0.00000 -0.00251 -0.00129
198111.466 0.00033 -0.00209 -0.00052
198111.470 0.00072 -0.00106 -0.00065
198111.474 -0.00052 -0.00126 -0.00082
198111.478 0.00033 -0.00147 -0.00147
198111.482 0.00206 -0.00195 -0.00133
198111.486 0.00117 -0.00119 -0.00009
198111.490 0.00033 -0.00143 -0.00066
198111.494 0.00056 -0.00227 -0.00082
198111.498 0.00063 -0.00157 0.00002
198111.502 0.00079 -0.00230 0.00040
198111.506 0.00113 -0.00187 -0.00024
198111.510 0.00168 -0.00147 -0.00072
198111.514 0.00077 -0.00211 -0.00113
198111.518 0.00127 -0.00183 -0.00065
198111.522 0.00051 -0.00236 -0.00051
198111.526 0.00106 -0.00325 -0.00124
198111.530 0.00059 -0.00319 -0.00173
198111.534 0.00063 -0.00241 -0.00110
198111.538 0.00079 -0.00161 -0.00094
198111.542 0.00052 -0.00124 -0.00073
198111.546 0.00077 -0.00145 -0.00038
198111.550 0.00127 -0.00227 -0.00059
198111.554 0.00171 -0.00262 -0.00155
198111.558 0.00272 -0.00197 -0.00150
198111.562 0.00194 -0.00164 -0.00134
198111.566 0.00202 -0.00126 -0.00040
198111.570 0.00101 -0.00222 -0.00059
198111.574 0.00194 -0.00110 -0.00096
198111.578 0.00175 -0.00232 -0.00059
198111.582 0.00183 -0.00325 -0.00065
198111.586 0.00110 -0.00213 -0.00021
198111.590 0.00091 -0.00244 -0.00070
198111.594 0.00147 -0.00206 -0.00052
198111.598 0.00115 -0.00168 -0.00094
198111.602 0.00199 -0.00051 -0.00150
198111.606 0.00070 -0.00126 0.00016
198111.610 0.00051 -0.00072 -0.00120
198111.614 0.00000 -0.00192 -0.00066
198111.618 0.00063 -0.00194 -0.00127
198111.622 0.00049 -0.00298 -0.00007
198111.626 -0.00028 -0.00251 0.00068
198111.630 0.00009 -0.00148 -0.00093
198111.634 0.00094 -0.00031 -0.00180
198111.638 0.00117 -0.00120 -0.00066
198111.642 0.00124 -0.00175 -0.00037
198111.646 0.00065 -0.00173 -0.00150
198111.650 0.00033 -0.00143 -0.00164
198111.654 0.00087 -0.00166 -0.00031
198111.658 0.00190 -0.00307 -0.00119
198111.662 0.00127 -0.00298 -0.00155
198111.666 0.00080 -0.00190 -0.00061
198111.670 0.00084 -0.00237 -0.00035
198111.674 0.00115 -0.00204 -0.00073
198111.678 0.00047 -0.00257 -0.00115
198111.682 0.00180 -0.00166 -0.00094
198111.686 0.00169 -0.00155 -0.00089
198111.690 0.00093 -0.00108 -0.00119
198111.694 0.00086 -0.00187 -0.00080
198111.698 0.00010 -0.00147 -0.00010
198111.702 0.00005 -0.00166 -0.00052
198111.706 0.00094 -0.00246 -0.00108
198111.710 0.00058 -0.00312 -0.00138
198111.714 0.00079 -0.00284 -0.00056
198111.718 0.00202 -0.00248 -0.00049
198111.722 0.00086 -0.00237 0.00010
198111.726 0.00115 -0.00236 -0.00166
198111.730 0.00152 -0.00188 -0.00047
198111.734 0.00237 -0.00148 -0.00122
198111.738 0.00124 -0.00120 -0.00202
198111.742 0.00110 -0.00161 -0.00148
198111.746 0.00091 -0.00110 -0.00058
198111.750 0.00222 -0.00187 -0.00065
198111.754 0.00120 -0.00162 -0.00021
198111.758 0.00108 -0.00126 -0.00010
198111.762 0.00166 -0.00115 -0.00082
198111.766 0.00152 -0.00143 -0.00056
198111.770 0.00176 -0.00211 0.00024
198111.774 0.00108 -0.00152 -0.00042
198111.778 0.00061 -0.00213 -0.00106
198111.782 -0.00024 -0.00290 -0.00197
198111.786 0.00040 -0.00204 -0.00131
198111.791 0.00178 -0.00182 -0.00068
198111.794 0.00124 -0.00250 -0.00173
198111.798 0.00126 -0.00239 -0.00094
198111.802 0.00094 -0.00342 -0.00166
198111.806 0.00103 -0.00202 -0.00077
198111.810 0.00075 -0.00166 -0.00054
198111.814 0.00127 -0.00276 -0.00049
198111.818 0.00096 -0.00171 -0.00122
198111.822 0.00087 -0.00098 -0.00112
198111.826 0.00086 -0.00152 -0.00017
198111.830 0.00070 -0.00258 -0.00070
198111.834 0.00096 -0.00195 -0.00038
198111.838 0.00133 -0.00223 -0.00075
198111.842 0.00278 -0.00216 -0.00115
198111.846 0.00120 -0.00185 -0.00019
198111.850 0.00183 -0.00115 -0.00024
198111.854 0.00021 -0.00188 -0.00010
198111.858 0.00084 -0.00176 -0.00098
198111.862 0.00129 -0.00204 -0.00016
198111.866 0.00005 -0.00211 -0.00023
198111.870 0.00049 -0.00243 -0.00040
198111.874 -0.00073 -0.00176 -0.00150
198111.878 0.00012 -0.00295 -0.00180
198111.882 0.00171 -0.00190 -0.00126
198111.886 0.00138 -0.00178 -0.00098
198111.890 0.00052 -0.00234 0.00028
198111.894 0.00061 -0.00401 -0.00012
198111.898 0.00244 -0.00232 -0.00052
198111.902 0.00157 -0.00234 -0.00063
198111.906 0.00133 -0.00113 -0.00021
198111.910 0.00127 -0.00052 -0.00115
198111.914 -0.00009 -0.00112 -0.00005
198111.918 0.00134 -0.00112 0.00023
198111.922 0.00098 -0.00127 -0.00028
198111.926 0.00103 -0.00176 -0.00028
198111.930 0.00075 -0.00159 -0.00072
198111.934 0.00141 -0.00185 -0.00054
198111.938 0.00040 -0.00040 -0.00017
198111.942 0.00148 0.00040 -0.00024
198111.946 0.00131 -0.00101 -0.00101
198111.950 0.00037 -0.00230 -0.00152
198111.954 0.00237 -0.00293 -0.00134
198111.958 0.00199 -0.00145 -0.00070
198111.962 0.00009 -0.00195 -0.00098
198111.966 0.00065 -0.00180 -0.00136
198111.970 0.00155 -0.00161 -0.00070
198111.974 0.00223 -0.00185 -0.00113
198111.978 0.00120 -0.00236 -0.00169
198111.982 0.00124 -0.00220 -0.00185
198111.986 0.00065 -0.00230 -0.00129
198111.990 0.00049 -0.00173 -0.00143
198111.994 0.00120 -0.00173 -0.00133
198111.998 0.00199 -0.00143 -0.00113
198112.002 0.00204 -0.00075 -0.00169
198112.006 0.00176 -0.00133 -0.00063
198112.010 0.00033 -0.00269 -0.00037
198112.014 -0.00017 -0.00213 -0.00073
198112.018 0.00042 -0.00094 -0.00009
198112.022 -0.00030 -0.00152 -0.00066
198112.026 0.00054 -0.00047 0.00007
198112.030 0.00197 -0.00171 -0.00108
198112.034 0.00220 -0.00264 -0.00138
198112.038 0.00150 -0.00272 -0.00070
198112.042 0.00162 -0.00229 -0.00068
198112.046 -0.00014 -0.00188 -0.00052
198112.050 0.00073 -0.00162 -0.00094
198112.054 0.00157 -0.00140 -0.00075
198112.058 0.00073 -0.00271 -0.00054
198112.062 0.00066 -0.00304 -0.00094
198112.066 0.00049 -0.00147 -0.00073
198112.070 0.00061 -0.00243 -0.00159
198112.074 0.00138 -0.00161 -0.00122
198112.078 0.00145 -0.00171 -0.00126
198112.082 0.00161 -0.00187 -0.00173
198112.086 0.00073 -0.00283 -0.00110
198112.090 0.00173 -0.00232 -0.00079
198112.094 0.00108 -0.00264 -0.00099
198112.098 0.00120 -0.00168 0.00028
198112.102 0.00140 -0.00112 0.00017
198112.106 0.00068 -0.00202 -0.00150
198112.110 0.00066 -0.00195 -0.00119
198112.114 0.00065 -0.00134 -0.00155
198112.118 0.00126 -0.00239 -0.00150
198112.122 0.00049 -0.00222 -0.00103
198112.126 0.00000 -0.00260 -0.00061
198112.130 0.00063 -0.00166 -0.00066
198112.134 0.00065 -0.00232 -0.00127
198112.139 0.00140 -0.00188 -0.00143
198112.142 0.00023 -0.00237 -0.00103
198112.146 0.00038 -0.00145 -0.00061
198112.150 0.00103 -0.00136 -0.00035
198112.154 0.00059 -0.00239 -0.00134
198112.158 0.00079 -0.00220 -0.00175
198112.162 0.00023 -0.00185 -0.00171
198112.166 -0.00005 -0.00131 -0.00124
198112.170 0.00091 -0.00162 -0.00098
198112.174 0.00117 -0.00126 -0.00075
198112.178 0.00093 -0.00176 -0.00054
198112.182 0.00101 -0.00159 -0.00003
198112.186 0.00073 -0.00244 -0.00096
198112.190 0.00127 -0.00251 -0.00105
198112.194 0.00110 -0.00209 -0.00138
198112.198 0.00047 -0.00152 -0.00101
198112.202 -0.00059 -0.00197 -0.00045
198112.206 0.00031 -0.00089 0.00028
198112.210 0.00072 -0.00272 -0.00103
198112.214 0.00171 -0.00290 -0.00047
198112.218 0.00122 -0.00279 -0.00077
198112.222 0.00140 -0.00246 -0.00070
198112.226 0.00054 -0.00101 -0.00082
198112.230 0.00047 -0.00110 -0.00042
198112.234 0.00045 -0.00157 -0.00091
198112.238 0.00089 -0.00154 -0.00073
198112.242 0.00086 -0.00244 0.00005
198112.246 0.00099 -0.00192 -0.00033
198112.250 0.00073 -0.00073 0.00016
198112.254 0.00052 -0.00072 0.00089
198112.258 0.00031 -0.00222 -0.00101
198112.262 0.00131 -0.00187 -0.00031
198112.266 0.00127 -0.00267 -0.00058
198112.270 0.00110 -0.00347 -0.00140
198112.274 0.00120 -0.00279 -0.00072
198112.278 0.00124 -0.00126 -0.00098
198112.282 0.00080 -0.00190 -0.00075
198112.286 0.00188 -0.00133 -0.00070
198112.290 0.00037 -0.00208 -0.00068
198112.294 0.00072 -0.00093 -0.00098
198112.298 0.00037 -0.00227 -0.00045
198112.302 0.00147 -0.00157 -0.00047
198112.306 0.00115 -0.00124 -0.00077
198112.310 0.00124 -0.00206 -0.00070
198112.314 0.00049 -0.00211 -0.00143
198112.318 0.00120 -0.00213 -0.00087
198112.322 0.00110 -0.00183 -0.00058
198112.326 0.00045 -0.00176 -0.00019
198112.330 0.00089 -0.00220 -0.00129
198112.334 0.00026 -0.00290 -0.00250
198112.338 0.00009 -0.00340 -0.00145
198112.342 0.00140 -0.00126 -0.00133
198112.346 0.00159 -0.00161 -0.00115
198112.350 0.00000 -0.00185 -0.00126
198112.354 0.00063 -0.00176 -0.00143
198112.358 0.00049 -0.00220 -0.00087
198112.362 0.00000 -0.00140 -0.00058
198112.366 0.00017 -0.00164 -0.00049
198112.370 0.00127 -0.00051 -0.00017
198112.374 0.00155 -0.00066 -0.00070
198112.378 0.00073 -0.00070 -0.00023
198112.382 -0.00038 -0.00086 0.00003
198112.386 0.00068 -0.00166 -0.00049
198112.390 0.00019 -0.00262 -0.00047
198112.394 0.00188 -0.00241 -0.00122
198112.398 0.00141 -0.00131 -0.00127
198112.402 0.00129 -0.00147 -0.00068
198112.406 0.00112 -0.00182 0.00021
198112.410 -0.00012 -0.00070 0.00016
198112.414 0.00119 -0.00176 -0.00091
198112.418 0.00215 -0.00099 0.00030
198112.422 0.00103 -0.00215 -0.00086
198112.426 0.00105 -0.00260 -0.00103
198112.430 0.00089 -0.00150 -0.00047
198112.434 0.00117 -0.00182 -0.00031
198112.438 0.00063 -0.00220 0.00000
198112.442 0.00154 -0.00367 -0.00079
198112.446 0.00103 -0.00314 -0.00086
198112.450 0.00134 -0.00225 -0.00101
198112.454 0.00127 -0.00248 -0.00122
198112.458 0.00141 -0.00178 -0.00066
198112.462 0.00190 -0.00145 -0.00052
198112.466 0.00112 -0.00195 -0.00017
198112.470 0.00016 -0.00119 -0.00024
198112.474 -0.00037 -0.00204 -0.00040
198112.478 0.00082 -0.00150 -0.00075
198112.482 0.00038 -0.00243 -0.00115
198112.486 0.00058 -0.00281 -0.00094
198112.491 0.00017 -0.00291 -0.00180
198112.494 0.00007 -0.00279 -0.00141
198112.498 0.00094 -0.00321 -0.00162
198112.502 0.00103 -0.00227 -0.00106
198112.506 0.00119 -0.00262 -0.00017
198112.510 0.00094 -0.00182 0.00019
198112.514 0.00133 -0.00190 -0.00044
198112.518 0.00173 -0.00253 -0.00182
198112.522 0.00093 -0.00180 -0.00143
198112.526 0.00026 -0.00265 -0.00012
198112.530 0.00024 -0.00258 -0.00007
198112.534 0.00084 -0.00180 -0.00052
198112.538 0.00054 -0.00161 -0.00079
198112.542 0.00093 -0.00124 0.00065
198112.546 0.00162 -0.00222 -0.00168
198112.550 0.00075 -0.00262 -0.00124
198112.554 0.00216 -0.00166 -0.00141
198112.558 0.00180 -0.00246 -0.00192
198112.562 0.00079 -0.00237 -0.00129
198112.566 0.00038 -0.00129 -0.00113
198112.570 -0.00061 -0.00072 0.00038
198112.574 -0.00042 -0.00133 -0.00024
198112.578 0.00005 -0.00058 -0.00010
198112.582 0.00110 -0.00248 -0.00127
198112.586 0.00152 -0.00283 -0.00129
198112.590 0.00148 -0.00293 -0.00113
198112.594 0.00040 -0.00175 -0.00094
198112.598 0.00103 -0.00234 -0.00059
198112.602 0.00180 -0.00220 -0.00140
198112.606 0.00065 -0.00246 -0.00087
198112.610 0.00169 -0.00162 0.00106
198112.614 0.00136 -0.00094 0.00023
198112.618 0.00084 -0.00229 -0.00089
198112.622 0.00009 -0.00188 -0.00058
198112.626 0.00065 -0.00253 -0.00110
198112.630 0.00049 -0.00058 -0.00063
198112.634 0.00150 -0.00218 -0.00187
198112.638 0.00087 -0.00244 -0.00220
198112.642 0.00115 -0.00192 -0.00093
198112.646 0.00093 -0.00223 -0.00073
198112.650 0.00147 -0.00278 -0.00054
198112.654 0.00131 -0.00260 0.00024
198112.658 0.00007 -0.00257 0.00093
198112.662 0.00110 -0.00180 -0.00056
198112.666 0.00195 -0.00236 0.00098
198112.670 0.00129 -0.00250 0.00021
198112.674 0.00157 -0.00283 0.00105
198112.678 0.00044 -0.00232 0.00021
198112.682 0.00089 -0.00234 0.00000
198112.686 0.00026 -0.00129 -0.00140
198112.690 0.00099 -0.00147 -0.00147
198112.694 0.00089 -0.00166 -0.00117
198112.698 0.00070 -0.00157 -0.00321
198112.702 0.00066 -0.00169 -0.00209
198112.706 0.00080 -0.00098 -0.00209
198112.710 0.00204 -0.00213 -0.00105
198112.714 0.00086 -0.00199 -0.00106
198112.718 0.00115 -0.00134 -0.00031
198112.722 0.00138 -0.00194 -0.00087
198112.726 0.00279 -0.00208 0.00075
198112.730 0.00180 -0.00138 -0.00209
198112.734 0.00201 -0.00178 -0.00134
198112.738 0.00099 -0.00236 -0.00086
198112.742 0.00119 -0.00250 -0.00072
198112.746 0.00065 -0.00164 -0.00188
198112.750 0.00094 -0.00230 -0.00143
198112.754 0.00103 -0.00234 -0.00072
198112.758 0.00044 -0.00159 -0.00099
198112.762 0.00044 -0.00321 -0.00045
198112.766 0.00103 -0.00152 0.00042
198112.770 0.00150 -0.00183 -0.00129
198112.774 0.00117 -0.00026 -0.00175
198112.778 0.00169 -0.00225 -0.00033
198112.782 0.00136 -0.00202 -0.00073
198112.786 0.00068 -0.00286 -0.00054
198112.790 0.00096 -0.00234 -0.00183
198112.794 0.00148 -0.00113 -0.00052
198112.798 0.00131 -0.00127 -0.00003
198112.802 0.00082 -0.00147 -0.00080
198112.806 0.00204 -0.00077 -0.00222
198112.810 0.00281 -0.00058 -0.00093
198112.814 0.00106 -0.00143 -0.00089
198112.818 0.00059 -0.00225 0.00061
198112.822 0.00154 -0.00262 -0.00017
198112.826 0.00117 -0.00272 0.00003
198112.830 0.00049 -0.00169 -0.00019
198112.834 0.00059 -0.00187 0.00049
198112.839 -0.00026 -0.00117 -0.00187
198112.842 0.00070 -0.00038 -0.00129
198112.846 0.00021 -0.00154 -0.00370
198112.850 0.00129 -0.00229 -0.00040
198112.854 -0.00023 -0.00202 -0.00150
198112.858 0.00056 -0.00182 -0.00059
198112.862 0.00168 -0.00099 -0.00065
198112.866 0.00077 -0.00124 -0.00023
198112.870 0.00037 -0.00086 0.00017
198112.874 0.00087 -0.00195 -0.00075
198112.878 0.00101 -0.00346 -0.00054
198112.882 -0.00045 -0.00218 -0.00140
198112.886 0.00005 -0.00140 -0.00056
198112.890 -0.00024 -0.00180 -0.00019
198112.894 -0.00017 -0.00145 0.00003
198112.898 0.00042 -0.00225 -0.00154
198112.902 0.00073 -0.00264 -0.00120
198112.906 0.00127 -0.00227 -0.00141
198112.910 0.00141 -0.00414 -0.00101
198112.914 0.00084 -0.00342 -0.00075
198112.918 0.00206 -0.00307 -0.00099
198112.922 0.00190 -0.00133 -0.00075
198112.926 0.00202 -0.00253 0.00003
198112.930 0.00040 0.00000 -0.00079
198112.934 0.00028 -0.00157 -0.00131
198112.938 0.00115 -0.00169 -0.00145
198112.942 0.00063 -0.00127 -0.00178
198112.946 0.00065 -0.00072 -0.00230
198112.950 0.00154 -0.00117 -0.00065
198112.954 0.00073 -0.00264 -0.00051
198112.958 0.00007 -0.00077 -0.00093
198112.962 0.00110 -0.00208 -0.00089
198112.966 0.00120 -0.00213 0.00075
198112.970 0.00154 -0.00304 -0.00045
198112.974 0.00012 -0.00222 -0.00047
198112.978 0.00066 -0.00216 -0.00031
198112.982 0.00019 -0.00169 -0.00133
198112.986 0.00127 -0.00202 -0.00220
198112.990 0.00171 -0.00211 -0.00122
198112.994 0.00152 -0.00213 -0.00021
198112.998 0.00087 -0.00063 -0.00131
198113.002 0.00175 -0.00161 0.00051
198113.006 0.00094 0.00009 -0.00126
198113.010 0.00072 -0.00141 -0.00068
198113.014 -0.00007 -0.00134 -0.00234
198113.018 0.00105 -0.00269 -0.00124
198113.022 0.00105 -0.00288 -0.00007
198113.026 0.00180 -0.00188 0.00052
198113.030 0.00124 -0.00192 -0.00005
198113.034 0.00065 -0.00208 -0.00082
198113.038 0.00110 -0.00138 -0.00056
198113.042 0.00075 -0.00073 -0.00140
198113.046 0.00098 -0.00162 -0.00297
198113.050 0.00162 -0.00171 -0.00173
198113.054 0.00136 -0.00066 -0.00155
198113.058 0.00068 -0.00220 -0.00180
198113.062 0.00185 -0.00260 -0.00007
198113.066 0.00216 -0.00241 0.00098
198113.070 0.00269 -0.00236 -0.00084
198113.074 0.00208 -0.00204 -0.00087
198113.078 0.00117 -0.00257 -0.00058
198113.082 0.00108 -0.00211 -0.00094
198113.086 0.00120 -0.00318 -0.00089
198113.090 0.00140 -0.00286 -0.00119
198113.094 0.00129 -0.00202 -0.00185
198113.098 0.00141 -0.00180 -0.00099
198113.102 0.00099 -0.00251 0.00059
198113.106 0.00058 -0.00089 0.00024
198113.110 0.00093 -0.00075 -0.00058
198113.114 0.00087 -0.00072 -0.00124
198113.118 0.00070 -0.00133 -0.00007
198113.122 0.00080 -0.00148 0.00023
198113.126 0.00143 -0.00211 0.00120
198113.130 0.00099 -0.00063 -0.00079
198113.134 0.00103 -0.00234 -0.00147
198113.138 0.00105 -0.00190 -0.00058
198113.142 0.00164 -0.00162 -0.00080
198113.146 0.00091 -0.00187 -0.00099
198113.150 0.00026 -0.00208 -0.00077
198113.154 0.00129 -0.00120 0.00019
198113.158 0.00141 -0.00129 -0.00105
198113.162 0.00024 -0.00237 -0.00047
198113.166 0.00113 -0.00204 0.00072
198113.170 0.00122 -0.00211 -0.00061
198113.174 0.00079 -0.00258 -0.00051
198113.178 0.00054 -0.00211 0.00072
198113.182 0.00091 -0.00183 -0.00091
198113.186 0.00161 -0.00086 -0.00028
198113.191 0.00134 -0.00059 -0.00133
198113.194 0.00157 -0.00084 -0.00143
198113.198 0.00044 -0.00225 -0.00208
198113.202 0.00028 -0.00307 -0.00014
198113.206 0.00070 -0.00103 -0.00143
198113.210 0.00232 -0.00230 -0.00208
198113.214 0.00154 -0.00293 -0.00105
198113.218 0.00058 -0.00220 -0.00045
198113.222 0.00047 -0.00216 -0.00197
198113.226 0.00166 -0.00244 -0.00010
198113.230 0.00180 -0.00056 -0.00173
198113.234 0.00215 -0.00248 -0.00035
198113.238 0.00044 -0.00298 -0.00134
198113.242 0.00044 -0.00192 -0.00070
198113.246 -0.00030 -0.00223 -0.00021
198113.250 -0.00035 -0.00157 -0.00099
198113.254 0.00068 -0.00138 -0.00077
198113.258 0.00005 -0.00133 -0.00099
198113.262 -0.00010 -0.00269 -0.00075
198113.266 0.00089 -0.00258 0.00065
198113.270 0.00131 -0.00209 -0.00077
198113.274 0.00127 -0.00124 0.00003
198113.278 0.00096 -0.00206 -0.00033
198113.282 -0.00106 -0.00211 -0.00119
198113.286 0.00065 -0.00229 -0.00141
198113.290 -0.00009 -0.00264 -0.00056
198113.294 0.00000 -0.00197 -0.00019
198113.298 0.00093 -0.00089 -0.00072
198113.302 0.00026 -0.00182 -0.00023
198113.306 0.00040 -0.00131 -0.00222
198113.310 0.00239 -0.00208 -0.00244
198113.314 0.00126 -0.00213 -0.00082
198113.318 0.00096 -0.00138 0.00003
198113.322 0.00058 -0.00284 -0.00154
198113.326 0.00106 -0.00293 0.00000
198113.330 -0.00014 -0.00188 -0.00215
198113.334 0.00089 -0.00176 -0.00106
198113.338 0.00115 -0.00204 -0.00168
198113.342 0.00108 -0.00272 -0.00199
198113.346 0.00016 -0.00244 -0.00265
198113.350 0.00096 -0.00312 -0.00105
198113.354 0.00087 -0.00239 0.00000
198113.358 0.00070 -0.00145 -0.00019
198113.362 0.00171 -0.00286 -0.00145
198113.366 0.00152 -0.00188 -0.00044
198113.370 0.00042 -0.00072 0.00000
198113.374 0.00089 -0.00101 -0.00005
198113.378 0.00086 -0.00230 -0.00110
198113.382 0.00145 -0.00173 -0.00335
198113.386 0.00115 -0.00234 -0.00211
198113.390 0.00108 -0.00234 -0.00120
198113.394 0.00106 -0.00159 0.00038
198113.398 0.00044 -0.00215 -0.00070
198113.402 0.00120 -0.00169 -0.00082
198113.406 0.00049 -0.00187 -0.00086
198113.410 0.00150 -0.00147 0.00016
198113.414 0.00117 -0.00091 -0.00075
198113.418 0.00154 -0.00211 -0.00084
198113.422 0.00148 -0.00333 -0.00101
198113.426 0.00222 -0.00244 -0.00002
198113.430 0.00209 -0.00283 -0.00080
198113.434 0.00133 -0.00216 -0.00040
198113.438 0.00141 -0.00199 -0.00075
198113.442 0.00145 -0.00120 -0.00070
198113.446 0.00086 -0.00175 -0.00232
198113.450 0.00040 -0.00188 -0.00201
198113.454 0.00042 -0.00208 -0.00176
198113.458 0.00014 -0.00227 -0.00171
198113.462 0.00082 -0.00187 -0.00110
198113.466 0.00113 -0.00161 0.00086
198113.470 0.00182 -0.00201 -0.00222
198113.474 0.00171 -0.00120 -0.00079
198113.478 0.00243 -0.00176 0.00019
198113.482 0.00080 -0.00159 -0.00166
198113.486 0.00054 -0.00169 -0.00168
198113.490 0.00002 -0.00112 -0.00124
198113.494 0.00093 -0.00143 0.00052
198113.498 0.00072 -0.00075 -0.00126
198113.502 0.00157 -0.00237 -0.00023
198113.506 0.00028 -0.00190 -0.00161
198113.510 0.00161 -0.00133 -0.00031
198113.514 0.00134 -0.00178 -0.00042
198113.518 0.00159 -0.00236 -0.00045
198113.522 0.00103 -0.00113 0.00012
198113.526 0.00180 -0.00202 0.00012
198113.530 0.00140 -0.00136 -0.00061
198113.534 0.00054 -0.00178 -0.00035
198113.539 0.00091 -0.00161 -0.00164
198113.542 0.00162 -0.00169 -0.00093
198113.546 0.00089 -0.00157 -0.00134
198113.550 0.00161 -0.00110 -0.00024
198113.554 0.00195 -0.00187 -0.00131
198113.558 0.00143 -0.00086 -0.00129
198113.562 0.00281 -0.00136 0.00005
198113.566 0.00241 -0.00208 -0.00003
198113.570 0.00155 -0.00197 -0.00096
198113.574 0.00119 -0.00194 0.00000
198113.578 0.00079 -0.00194 0.00129
198113.582 0.00098 -0.00209 0.00028
198113.586 0.00119 -0.00229 0.00047
198113.590 0.00047 -0.00143 0.00066
198113.594 -0.00014 -0.00180 0.00058
198113.598 0.00012 -0.00190 0.00023
198113.602 0.00126 -0.00253 0.00075
198113.606 0.00110 -0.00180 0.00014
198113.610 0.00047 -0.00145 -0.00075
198113.614 0.00089 -0.00271 -0.00220
198113.618 0.00147 -0.00365 -0.00091
198113.622 0.00131 -0.00344 -0.00134
198113.626 0.00080 -0.00216 0.00094
198113.630 0.00068 -0.00215 -0.00115
198113.634 0.00155 -0.00215 -0.00080
198113.638 0.00119 -0.00183 -0.00161
198113.642 0.00108 -0.00326 -0.00047
198113.646 0.00031 -0.00365 -0.00211
198113.650 0.00086 -0.00208 -0.00091
198113.654 0.00070 -0.00272 -0.00164
198113.658 0.00080 -0.00229 -0.00108
198113.662 0.00038 -0.00323 0.00056
198113.666 0.00058 -0.00152 0.00084
198113.670 0.00047 -0.00213 -0.00012
198113.674 0.00045 -0.00199 -0.00009
198113.678 0.00105 -0.00150 0.00007
198113.682 0.00134 -0.00182 -0.00033
198113.686 0.00082 -0.00161 -0.00103
198113.690 0.00159 -0.00169 -0.00031
198113.694 0.00073 -0.00127 -0.00028
198113.698 0.00082 -0.00206 -0.00162
198113.702 -0.00005 -0.00061 -0.00063
198113.706 0.00077 -0.00159 -0.00051
198113.710 0.00023 -0.00260 -0.00124
198113.714 0.00084 -0.00152 -0.00112
198113.718 0.00086 -0.00258 -0.00079
198113.722 0.00115 -0.00105 -0.00161
198113.726 0.00108 -0.00124 -0.00002
198113.730 0.00091 -0.00131 -0.00141
198113.734 0.00131 -0.00192 -0.00147
198113.738 0.00082 -0.00148 -0.00162
198113.742 0.00145 -0.00197 -0.00122
198113.746 0.00115 -0.00089 -0.00155
198113.750 0.00183 -0.00197 -0.00016
198113.754 0.00155 -0.00164 -0.00009
198113.758 0.00044 -0.00185 -0.00098
198113.762 0.00119 -0.00267 -0.00030
198113.766 0.00049 -0.00243 -0.00012
198113.770 -0.00044 -0.00251 0.00005
198113.774 0.00021 -0.00134 -0.00124
198113.778 0.00143 -0.00164 -0.00037
198113.782 -0.00079 -0.00155 -0.00195
198113.786 -0.00047 -0.00183 -0.00145
198113.790 0.00019 -0.00222 -0.00028
198113.794 0.00068 -0.00216 -0.00056
198113.798 0.00094 -0.00154 -0.00112
198113.802 0.00133 -0.00197 -0.00077
198113.806 0.00127 -0.00150 -0.00101
198113.810 0.00141 -0.00168 -0.00061
198113.814 0.00159 -0.00248 -0.00096
198113.818 0.00059 -0.00117 0.00000
198113.822 0.00079 -0.00159 -0.00065
198113.826 0.00173 -0.00124 -0.00037
198113.830 0.00017 -0.00206 -0.00180
198113.834 0.00082 -0.00302 -0.00037
198113.838 0.00084 -0.00283 -0.00150
198113.842 0.00054 -0.00278 0.00000
198113.846 0.00002 -0.00185 -0.00229
198113.850 0.00124 -0.00237 -0.00035
198113.854 0.00155 -0.00265 -0.00058
198113.858 0.00119 -0.00182 -0.00080
198113.862 0.00063 -0.00206 -0.00026
198113.866 0.00063 -0.00122 0.00016
198113.870 -0.00009 -0.00234 0.00014
198113.874 0.00059 -0.00250 0.00012
198113.878 0.00108 -0.00178 0.00089
198113.882 0.00075 -0.00145 -0.00147
198113.886 0.00082 -0.00061 -0.00103
198113.891 0.00175 -0.00098 -0.00197
198113.894 0.00122 -0.00140 -0.00192
198113.898 0.00080 -0.00119 -0.00145
198113.902 0.00098 -0.00175 -0.00028
198113.906 0.00014 -0.00129 -0.00042
198113.910 0.00066 -0.00206 0.00044
198113.914 0.00019 -0.00258 0.00066
198113.918 0.00143 -0.00284 0.00042
198113.922 0.00129 -0.00188 -0.00023
198113.926 0.00232 -0.00251 -0.00010
198113.930 0.00079 -0.00300 -0.00068
198113.934 0.00127 -0.00265 -0.00023
198113.938 0.00080 -0.00227 -0.00056
198113.942 0.00068 -0.00202 -0.00065
198113.946 0.00126 -0.00211 -0.00291
198113.950 0.00065 -0.00290 -0.00171
198113.954 0.00035 -0.00218 -0.00229
198113.958 0.00086 -0.00199 -0.00140
198113.962 0.00099 -0.00195 -0.00101
198113.966 0.00103 -0.00346 0.00042
198113.970 0.00150 -0.00218 -0.00068
198113.974 0.00072 -0.00215 -0.00188
198113.978 0.00112 -0.00154 0.00080
198113.982 0.00106 -0.00108 0.00045
198113.986 0.00075 -0.00201 -0.00141
198113.990 0.00082 -0.00136 -0.00117
198113.994 0.00070 -0.00208 -0.00035
198113.998 0.00019 -0.00122 -0.00059
198114.002 0.00113 -0.00220 0.00188
198114.006 0.00033 -0.00126 -0.00120
198114.010 0.00040 -0.00297 -0.00082
198114.014 0.00133 -0.00176 -0.00010
198114.018 0.00127 -0.00159 -0.00082
198114.022 0.00126 -0.00169 -0.00056
198114.026 0.00201 -0.00202 0.00068
198114.030 0.00040 -0.00136 0.00042
198114.034 0.00028 -0.00223 -0.00009
198114.038 0.00070 -0.00246 -0.00066
198114.042 0.00096 -0.00253 -0.00037
198114.046 0.00012 -0.00194 -0.00089
198114.050 0.00066 -0.00178 0.00077
198114.054 0.00124 -0.00236 -0.00105
198114.058 0.00094 -0.00175 -0.00047
198114.062 0.00178 -0.00218 0.00012
198114.066 0.00140 -0.00305 -0.00002
198114.070 0.00098 -0.00208 -0.00201
198114.074 0.00044 -0.00243 -0.00178
198114.078 0.00164 -0.00237 -0.00035
198114.082 0.00030 -0.00340 -0.00073
198114.086 0.00099 -0.00157 0.00021
198114.090 0.00044 -0.00169 0.00000
198114.094 0.00044 -0.00096 -0.00003
198114.098 -0.00030 -0.00077 -0.00141
198114.102 0.00009 -0.00360 -0.00117
198114.106 -0.00038 -0.00117 -0.00126
198114.110 -0.00007 -0.00218 -0.00127
198114.114 0.00016 -0.00140 -0.00112
198114.118 0.00007 -0.00120 0.00010
198114.122 0.00110 -0.00113 -0.00152
198114.126 0.00166 -0.00143 0.00014
198114.130 0.00136 -0.00225 -0.00136
198114.134 0.00084 -0.00216 -0.00099
198114.138 -0.00005 -0.00274 -0.00152
198114.142 0.00166 -0.00321 -0.00089
198114.146 0.00136 -0.00257 -0.00192
198114.150 0.00129 -0.00225 -0.00070
198114.154 -0.00038 -0.00216 0.00005
198114.158 -0.00021 -0.00215 -0.00063
198114.162 0.00072 -0.00380 0.00037
198114.166 0.00037 -0.00136 0.00124
198114.170 0.00042 -0.00133 -0.00077
198114.174 0.00073 -0.00284 -0.00101
198114.178 0.00098 -0.00278 -0.00105
198114.182 0.00012 -0.00185 0.00026
198114.186 0.00051 -0.00342 -0.00087
198114.190 0.00031 -0.00248 -0.00178
198114.194 0.00040 -0.00298 -0.00112
198114.198 0.00028 -0.00161 -0.00185
198114.202 0.00115 -0.00155 -0.00098
198114.206 0.00033 -0.00124 -0.00091
198114.210 0.00101 -0.00086 0.00091
198114.214 0.00119 -0.00225 -0.00086
198114.218 0.00169 -0.00323 -0.00010
198114.222 0.00168 -0.00197 -0.00143
198114.226 0.00136 -0.00360 -0.00012
198114.230 0.00113 -0.00192 -0.00007
198114.234 0.00122 -0.00374 -0.00023
198114.239 0.00079 -0.00271 -0.00265
198114.242 0.00098 -0.00244 -0.00195
198114.246 -0.00075 -0.00237 -0.00236
198114.250 0.00087 -0.00281 0.00007
198114.254 0.00010 -0.00230 -0.00047
198114.258 -0.00038 -0.00234 -0.00122
198114.262 0.00007 -0.00204 -0.00021
198114.266 0.00019 -0.00120 0.00108
198114.270 0.00082 -0.00161 -0.00082
198114.274 0.00099 -0.00276 -0.00131
198114.278 0.00105 -0.00246 -0.00084
198114.282 0.00073 -0.00267 -0.00237
198114.286 0.00187 -0.00304 -0.00171
198114.290 0.00112 -0.00176 -0.00124
198114.294 0.00182 -0.00279 -0.00037
198114.298 0.00215 -0.00185 -0.00045
198114.302 0.00148 -0.00237 -0.00061
198114.306 0.00192 -0.00129 -0.00126
198114.310 0.00112 -0.00208 -0.00127
198114.314 0.00077 -0.00302 -0.00113
198114.318 0.00068 -0.00117 -0.00003
198114.322 -0.00009 -0.00188 -0.00187
198114.326 -0.00014 -0.00223 -0.00143
198114.330 0.00058 -0.00171 -0.00133
198114.334 0.00047 -0.00234 -0.00009
198114.338 -0.00044 -0.00279 -0.00098
198114.342 -0.00084 -0.00321 -0.00091
198114.346 0.00010 -0.00166 -0.00314
198114.350 0.00110 -0.00232 -0.00072
198114.354 0.00168 -0.00325 -0.00052
198114.358 0.00166 -0.00213 -0.00094
198114.362 0.00136 -0.00183 -0.00119
198114.366 0.00173 -0.00161 -0.00037
198114.370 0.00079 -0.00246 -0.00073
198114.374 0.00007 -0.00222 -0.00115
198114.378 0.00094 -0.00216 -0.00019
198114.382 0.00026 -0.00274 -0.00145
198114.386 0.00145 -0.00246 -0.00042
198114.390 0.00056 -0.00117 -0.00045
198114.394 0.00031 -0.00159 -0.00002
198114.398 0.00115 -0.00108 -0.00051
198114.402 0.00183 -0.00171 -0.00093
198114.406 0.00080 -0.00127 -0.00059
198114.410 0.00218 -0.00312 0.00099
198114.414 0.00089 -0.00330 0.00065
198114.418 0.00101 -0.00274 -0.00031
198114.422 0.00028 -0.00260 -0.00087
198114.426 0.00236 -0.00316 -0.00073
198114.430 0.00124 -0.00377 -0.00175
198114.434 0.00080 -0.00211 -0.00035
198114.438 0.00084 -0.00213 -0.00134
198114.442 0.00054 -0.00079 -0.00024
198114.446 -0.00042 -0.00148 -0.00131
198114.450 0.00080 -0.00152 -0.00084
198114.454 0.00024 -0.00122 -0.00162
198114.458 0.00038 -0.00161 -0.00016
198114.462 -0.00016 -0.00185 -0.00068
198114.466 0.00178 -0.00372 0.00005
198114.470 0.00140 -0.00271 -0.00017
198114.474 0.00098 -0.00213 -0.00086
198114.478 0.00105 -0.00199 0.00108
198114.482 0.00073 -0.00164 0.00023
198114.486 0.00082 -0.00171 0.00016
198114.490 0.00099 -0.00187 -0.00030
198114.494 0.00223 -0.00147 -0.00012
198114.498 0.00105 -0.00166 -0.00204
198114.502 0.00120 -0.00248 -0.00028
198114.506 -0.00024 -0.00042 -0.00072
198114.510 0.00086 -0.00199 -0.00054
198114.514 -0.00003 -0.00150 -0.00094
198114.518 0.00031 -0.00168 0.00000
198114.522 0.00056 -0.00232 -0.00094
198114.526 0.00168 -0.00218 0.00000
198114.530 0.00091 -0.00230 -0.00019
198114.534 0.00040 -0.00127 -0.00054
198114.538 0.00058 -0.00131 -0.00110
198114.542 0.00063 -0.00087 -0.00169
198114.546 0.00049 -0.00166 -0.00213
198114.550 0.00075 -0.00171 -0.00180
198114.554 0.00157 -0.00248 -0.00171
198114.558 0.00058 -0.00223 -0.00155
198114.562 0.00108 -0.00187 -0.00061
198114.566 0.00045 -0.00237 0.00068
198114.570 0.00134 -0.00220 0.00042
198114.574 0.00113 -0.00185 -0.00054
198114.578 0.00138 -0.00283 -0.00017
198114.582 0.00159 -0.00262 -0.00115
198114.586 0.00164 -0.00286 0.00040
198114.591 0.00075 -0.00248 -0.00115
198114.593 0.00098 -0.00073 -0.00140
198114.598 0.00028 -0.00086 -0.00283
198114.602 0.00040 -0.00182 -0.00077
198114.606 0.00000 -0.00099 -0.00040
198114.610 0.00061 -0.00185 0.00119
198114.614 0.00108 -0.00267 -0.00049
198114.618 0.00106 -0.00197 -0.00106
198114.622 0.00059 -0.00209 -0.00093
198114.626 0.00169 -0.00227 -0.00014
198114.630 0.00166 -0.00248 0.00035
198114.634 0.00075 -0.00237 0.00003
198114.638 -0.00005 -0.00206 -0.00003
198114.642 -0.00103 -0.00136 -0.00021
198114.646 0.00051 -0.00073 0.00019
198114.650 0.00000 -0.00223 -0.00059
198114.654 0.00033 -0.00291 -0.00051
198114.658 -0.00017 -0.00159 -0.00047
198114.662 0.00000 -0.00155 -0.00077
198114.666 0.00016 -0.00229 -0.00099
198114.670 0.00112 -0.00234 -0.00211
198114.674 0.00138 -0.00264 -0.00075
198114.678 0.00068 -0.00257 -0.00084
198114.682 -0.00009 -0.00241 -0.00042
198114.686 0.00075 -0.00236 -0.00030
198114.690 0.00037 -0.00159 -0.00087
198114.694 0.00117 -0.00215 -0.00148
198114.698 0.00079 -0.00124 -0.00044
198114.702 0.00038 -0.00206 -0.00016
198114.706 0.00103 -0.00272 -0.00068
198114.710 0.00105 -0.00319 -0.00112
198114.714 0.00105 -0.00241 -0.00140
198114.718 0.00120 -0.00267 0.00002
198114.722 0.00094 -0.00152 -0.00049
198114.726 0.00072 -0.00288 -0.00138
198114.730 0.00080 -0.00202 -0.00056
198114.734 0.00145 -0.00286 -0.00094
198114.738 0.00024 -0.00234 -0.00044
198114.742 0.00038 -0.00188 -0.00077
198114.746 0.00103 -0.00162 -0.00070
198114.750 0.00119 -0.00230 -0.00127
198114.754 0.00110 -0.00293 -0.00038
198114.758 0.00091 -0.00206 -0.00075
198114.762 0.00086 -0.00272 -0.00009
198114.766 0.00099 -0.00215 0.00021
198114.770 0.00073 -0.00154 -0.00044
198114.774 0.00021 -0.00199 -0.00091
198114.778 0.00052 -0.00180 0.00030
198114.782 0.00091 -0.00161 0.00047
198114.786 0.00072 -0.00124 0.00037
198114.790 0.00276 -0.00086 0.00003
198114.794 0.00225 -0.00257 -0.00154
198114.798 0.00106 -0.00134 -0.00120
198114.802 0.00059 -0.00119 -0.00080
198114.806 0.00033 -0.00143 -0.00040
198114.810 0.00056 -0.00045 -0.00061
198114.814 0.00031 -0.00185 -0.00096
198114.818 0.00101 -0.00176 -0.00014
198114.822 0.00089 -0.00145 -0.00098
198114.826 0.00115 -0.00257 -0.00091
198114.830 0.00138 -0.00284 -0.00058
198114.834 0.00038 -0.00293 -0.00005
198114.838 0.00028 -0.00145 -0.00080
198114.842 0.00099 -0.00180 -0.00040
198114.846 0.00089 -0.00251 -0.00166
198114.850 0.00026 -0.00133 -0.00079
198114.854 -0.00035 -0.00103 0.00003
198114.858 0.00007 -0.00155 -0.00108
198114.862 0.00065 -0.00304 -0.00124
198114.866 0.00124 -0.00223 -0.00171
198114.870 0.00065 -0.00321 -0.00169
198114.874 0.00124 -0.00257 -0.00110
198114.878 0.00140 -0.00150 -0.00033
198114.882 0.00099 -0.00152 -0.00058
198114.886 0.00000 -0.00197 -0.00094
198114.890 0.00168 -0.00119 -0.00105
198114.894 0.00120 -0.00129 -0.00227
198114.898 0.00065 -0.00192 -0.00244
198114.902 0.00019 -0.00162 -0.00113
198114.906 0.00143 -0.00230 -0.00110
198114.910 0.00161 -0.00188 0.00040
198114.914 0.00119 -0.00162 -0.00009
198114.918 0.00049 -0.00230 -0.00096
198114.922 0.00059 -0.00159 0.00000
198114.926 0.00063 -0.00140 0.00054
198114.930 0.00049 -0.00194 0.00038
198114.934 0.00045 -0.00239 -0.00099
198114.939 0.00089 -0.00250 -0.00061
198114.942 0.00147 -0.00178 0.00084
198114.946 -0.00003 -0.00175 0.00091
198114.950 0.00016 -0.00234 0.00017
198114.954 0.00037 -0.00220 0.00044
198114.958 0.00042 -0.00140 -0.00023
198114.962 0.00014 -0.00134 -0.00101
198114.966 0.00080 -0.00073 -0.00136
198114.970 0.00113 -0.00147 0.00003
198114.974 0.00093 -0.00166 0.00086
198114.978 0.00117 -0.00141 0.00017
198114.982 0.00079 -0.00241 -0.00059
198114.986 0.00098 -0.00236 -0.00110
198114.990 0.00087 -0.00190 -0.00033
198114.994 0.00070 -0.00208 -0.00058
198114.998 0.00141 -0.00272 -0.00110
198115.002 0.00145 -0.00244 -0.00049
198115.006 0.00040 -0.00251 -0.00108
198115.010 0.00044 -0.00148 -0.00033
198115.014 0.00058 -0.00091 0.00000
198115.018 0.00049 -0.00093 0.00054
198115.022 0.00030 -0.00211 -0.00126
198115.026 0.00056 -0.00215 -0.00098
198115.030 0.00031 -0.00124 -0.00016
198115.034 0.00101 -0.00040 -0.00009
198115.038 0.00089 -0.00154 -0.00052
198115.042 0.00086 -0.00213 -0.00017
198115.046 0.00024 -0.00140 -0.00024
198115.050 0.00084 -0.00239 0.00047
198115.054 0.00129 -0.00415 -0.00023
198115.058 0.00127 -0.00222 -0.00070
198115.062 0.00110 -0.00246 -0.00188
198115.066 0.00168 -0.00192 -0.00220
198115.070 0.00106 -0.00283 -0.00136
198115.074 0.00105 -0.00262 -0.00115
198115.078 0.00105 -0.00166 -0.00065
198115.082 0.00059 -0.00246 -0.00157
198115.086 0.00124 -0.00222 -0.00166
198115.090 0.00110 -0.00141 -0.00122
198115.094 0.00061 -0.00209 -0.00112
198115.098 0.00138 -0.00213 -0.00049
198115.102 0.00084 -0.00319 -0.00199
198115.106 0.00024 -0.00271 -0.00086
198115.110 0.00143 -0.00260 -0.00072
198115.114 0.00176 -0.00257 -0.00038
198115.118 0.00079 -0.00225 -0.00030
198115.122 0.00127 -0.00201 -0.00178
198115.126 0.00262 -0.00182 -0.00126
198115.130 0.00176 -0.00204 -0.00157
198115.134 0.00124 -0.00332 -0.00136
198115.138 0.00185 -0.00349 -0.00099
198115.142 0.00157 -0.00190 -0.00045
198115.146 0.00148 -0.00147 -0.00061
198115.150 0.00131 -0.00211 -0.00080
198115.154 0.00096 -0.00274 -0.00024
198115.158 0.00073 -0.00305 -0.00087
198115.162 0.00082 -0.00237 -0.00087
198115.166 0.00009 -0.00265 -0.00133
198115.170 0.00049 -0.00318 -0.00070
198115.174 0.00045 -0.00271 -0.00007
198115.178 0.00044 -0.00274 -0.00037
198115.182 0.00014 -0.00199 0.00000
198115.186 0.00112 -0.00180 -0.00035
198115.190 0.00016 -0.00175 -0.00044
198115.194 0.00007 -0.00188 -0.00091
198115.198 0.00019 -0.00237 0.00045
198115.202 0.00068 -0.00311 -0.00023
198115.206 0.00035 -0.00300 -0.00026
198115.210 0.00056 -0.00401 -0.00101
198115.214 0.00138 -0.00218 -0.00152
198115.218 0.00068 -0.00230 -0.00134
198115.222 0.00141 -0.00143 0.00003
198115.226 0.00070 -0.00195 -0.00003
198115.230 -0.00007 -0.00148 -0.00005
198115.234 0.00059 -0.00122 -0.00037
198115.238 0.00049 -0.00129 -0.00073
198115.242 0.00000 -0.00297 -0.00145
198115.246 0.00077 -0.00222 -0.00192
198115.250 0.00082 -0.00216 -0.00115
198115.254 0.00129 -0.00199 -0.00019
198115.258 0.00066 -0.00180 -0.00086
198115.262 0.00035 -0.00206 -0.00101
198115.266 0.00072 -0.00166 -0.00091
198115.270 0.00141 -0.00141 -0.00103
198115.274 0.00204 -0.00239 -0.00047
198115.278 0.00161 -0.00281 -0.00061
198115.282 0.00150 -0.00232 -0.00021
198115.286 0.00042 -0.00218 -0.00070
198115.291 0.00073 -0.00185 -0.00068
198115.294 0.00082 -0.00222 -0.00143
198115.298 0.00188 -0.00216 -0.00101
198115.302 0.00112 -0.00276 -0.00047
198115.306 0.00061 -0.00185 0.00012
198115.310 0.00108 -0.00176 -0.00031
198115.314 0.00152 -0.00113 0.00000
198115.318 0.00042 -0.00127 -0.00019
198115.322 0.00103 -0.00206 -0.00086
198115.326 0.00166 -0.00213 -0.00072
198115.330 0.00091 -0.00258 -0.00084
198115.334 0.00086 -0.00182 -0.00042
198115.338 0.00086 -0.00220 -0.00016
198115.342 0.00084 -0.00260 -0.00159
198115.346 0.00129 -0.00166 -0.00031
198115.350 0.00127 -0.00187 -0.00178
198115.354 0.00035 -0.00297 -0.00112
198115.358 0.00072 -0.00220 -0.00019
198115.362 0.00080 -0.00276 -0.00054
198115.366 0.00038 -0.00305 0.00010
198115.370 -0.00002 -0.00223 -0.00122
198115.374 0.00016 -0.00096 -0.00126
198115.378 0.00037 -0.00077 -0.00052
198115.382 0.00117 -0.00148 -0.00049
198115.386 0.00124 -0.00182 -0.00197
198115.390 0.00065 -0.00251 -0.00192
198115.394 0.00079 -0.00239 -0.00145
198115.398 0.00098 -0.00236 -0.00117
198115.402 0.00103 -0.00175 -0.00065
198115.406 0.00166 -0.00234 -0.00082
198115.410 0.00075 -0.00234 -0.00147
198115.414 0.00098 -0.00234 -0.00087
198115.418 0.00103 -0.00250 -0.00208
198115.422 0.00030 -0.00148 -0.00164
198115.426 0.00070 -0.00182 -0.00122
198115.430 0.00051 -0.00236 -0.00096
198115.434 0.00045 -0.00145 -0.00105
198115.438 0.00089 -0.00075 -0.00093
198115.442 0.00131 -0.00237 -0.00195
198115.446 0.00112 -0.00236 -0.00070
198115.450 0.00093 -0.00295 -0.00052
198115.454 0.00117 -0.00311 -0.00169
198115.458 0.00079 -0.00178 -0.00140
198115.462 0.00023 -0.00175 -0.00147
198115.466 0.00143 -0.00295 -0.00012
198115.470 0.00115 -0.00370 -0.00098
198115.474 0.00154 -0.00271 -0.00045
198115.478 0.00072 -0.00183 -0.00031
198115.482 0.00066 -0.00281 -0.00073
198115.486 0.00049 -0.00262 -0.00009
198115.490 0.00030 -0.00257 -0.00007
198115.494 0.00086 -0.00255 -0.00021
198115.498 0.00115 -0.00239 -0.00010
198115.502 0.00093 -0.00281 -0.00052
198115.506 0.00147 -0.00262 -0.00079
198115.510 0.00176 -0.00227 -0.00056
198115.514 0.00124 -0.00188 -0.00065
198115.518 0.00124 -0.00086 0.00007
198115.522 0.00110 -0.00225 -0.00017
198115.526 0.00000 -0.00264 -0.00084
198115.530 0.00033 -0.00241 -0.00042
198115.534 0.00086 -0.00161 -0.00030
198115.538 0.00040 -0.00140 -0.00103
198115.542 0.00103 -0.00150 -0.00138
198115.546 0.00059 -0.00197 -0.00086
198115.550 0.00079 -0.00180 0.00002
198115.554 0.00068 -0.00175 -0.00033
198115.558 0.00021 -0.00218 0.00030
198115.562 0.00098 -0.00321 -0.00056
198115.566 0.00028 -0.00332 -0.00035
198115.570 0.00131 -0.00230 -0.00030
198115.574 -0.00052 -0.00218 0.00016
198115.578 0.00154 -0.00244 -0.00059
198115.582 0.00103 -0.00283 -0.00096
198115.586 -0.00030 -0.00216 -0.00075
198115.590 0.00070 -0.00124 -0.00175
198115.594 0.00141 -0.00099 -0.00171
198115.598 0.00113 -0.00199 -0.00154
198115.602 -0.00010 -0.00089 -0.00091
198115.606 -0.00044 -0.00106 -0.00148
198115.610 -0.00023 -0.00080 -0.00164
198115.614 0.00072 -0.00164 -0.00122
198115.618 0.00082 -0.00246 -0.00098
198115.622 0.00127 -0.00222 -0.00059
198115.626 0.00066 -0.00171 -0.00185
198115.630 0.00065 -0.00218 -0.00068
198115.634 0.00140 -0.00215 -0.00143
198115.639 0.00054 -0.00290 -0.00117
198115.642 0.00093 -0.00175 -0.00005
198115.646 0.00072 -0.00082 -0.00005
198115.650 0.00066 -0.00150 -0.00037
198115.654 0.00035 -0.00093 -0.00044
198115.658 0.00101 -0.00168 -0.00166
198115.662 0.00105 -0.00051 -0.00124
198115.666 0.00030 -0.00202 -0.00157
198115.670 0.00010 -0.00257 -0.00106
198115.674 0.00051 -0.00150 -0.00122
198115.678 0.00061 -0.00168 -0.00082
198115.682 0.00094 -0.00126 -0.00056
198115.686 0.00162 -0.00192 -0.00124
198115.690 0.00150 -0.00103 -0.00007
198115.694 0.00072 -0.00169 -0.00126
198115.698 0.00112 -0.00098 -0.00023
198115.702 0.00045 -0.00138 -0.00010
198115.706 0.00044 -0.00073 -0.00052
198115.710 0.00044 -0.00192 -0.00063
198115.714 0.00000 -0.00253 -0.00066
198115.718 0.00093 -0.00194 -0.00098
198115.722 0.00133 -0.00330 -0.00211
198115.726 0.00096 -0.00199 -0.00030
198115.730 0.00148 -0.00257 0.00016
198115.734 0.00161 -0.00119 0.00028
198115.738 0.00075 -0.00129 0.00002
198115.742 0.00112 -0.00072 -0.00019
198115.746 0.00016 -0.00162 -0.00009
198115.750 0.00157 -0.00230 -0.00127
198115.754 0.00014 -0.00218 -0.00038
198115.758 -0.00052 -0.00140 -0.00044
198115.762 0.00049 -0.00164 -0.00136
198115.766 0.00030 -0.00035 -0.00101
198115.770 0.00056 -0.00168 -0.00120
198115.774 0.00122 -0.00232 -0.00126
198115.778 0.00124 -0.00234 -0.00038
198115.782 0.00049 -0.00188 -0.00014
198115.786 0.00211 -0.00223 -0.00084
198115.790 0.00087 -0.00230 -0.00117
198115.794 0.00086 -0.00068 -0.00051
198115.798 0.00084 -0.00115 -0.00017
198115.802 0.00115 -0.00175 -0.00054
198115.806 0.00138 -0.00264 -0.00154
198115.810 0.00188 -0.00227 -0.00211
198115.814 0.00157 -0.00141 -0.00014
198115.818 0.00044 -0.00195 -0.00098
198115.822 0.00103 -0.00194 -0.00211
198115.826 0.00075 -0.00148 -0.00075
198115.830 0.00127 -0.00243 -0.00068
198115.834 0.00185 -0.00251 -0.00068
198115.838 0.00187 -0.00208 -0.00068
198115.842 0.00201 -0.00093 0.00007
198115.846 0.00190 -0.00106 -0.00063
198115.850 0.00173 -0.00141 -0.00112
198115.854 0.00093 -0.00119 -0.00063
198115.858 0.00131 -0.00159 -0.00051
198115.862 0.00052 -0.00155 -0.00093
198115.866 0.00031 -0.00229 -0.00030
198115.870 0.00101 -0.00068 0.00047
198115.874 0.00119 -0.00070 -0.00068
198115.878 0.00033 -0.00161 -0.00066
198115.882 0.00072 -0.00126 -0.00188
198115.886 0.00157 -0.00281 -0.00099
198115.890 0.00194 -0.00216 0.00014
198115.894 0.00098 -0.00260 -0.00061
198115.898 0.00028 -0.00195 -0.00021
198115.902 0.00040 -0.00103 -0.00054
198115.906 0.00103 -0.00035 -0.00094
198115.910 0.00180 -0.00106 -0.00030
198115.914 0.00169 -0.00262 -0.00058
198115.918 0.00093 -0.00227 -0.00065
198115.922 0.00072 -0.00173 -0.00021
198115.926 0.00051 -0.00264 -0.00176
198115.930 0.00030 -0.00166 -0.00110
198115.934 0.00115 -0.00082 -0.00124
198115.938 0.00183 -0.00269 -0.00127
198115.942 0.00080 -0.00229 -0.00066
198115.946 0.00143 -0.00248 -0.00143
198115.950 0.00115 -0.00208 -0.00026
198115.954 0.00033 -0.00182 -0.00056
198115.958 0.00026 -0.00161 -0.00049
198115.962 0.00129 -0.00169 -0.00063
198115.966 0.00157 -0.00113 -0.00112
198115.970 0.00073 -0.00127 -0.00185
198115.974 0.00051 -0.00192 -0.00052
198115.978 0.00045 -0.00253 -0.00079
198115.982 0.00059 -0.00209 -0.00099
198115.986 0.00108 -0.00213 -0.00059
198115.991 0.00045 -0.00154 -0.00037
198115.993 0.00150 -0.00258 -0.00105
198115.998 0.00087 -0.00166 -0.00061
198116.002 0.00115 -0.00232 -0.00037
198116.006 0.00213 -0.00159 -0.00014
198116.010 0.00223 -0.00124 -0.00038
198116.014 0.00152 -0.00131 -0.00059
198116.018 0.00117 -0.00162 0.00023
198116.022 0.00017 -0.00171 -0.00073
198116.026 -0.00007 -0.00157 -0.00068
198116.030 0.00061 -0.00108 -0.00052
198116.034 0.00033 -0.00126 -0.00108
198116.038 0.00042 -0.00236 -0.00169
198116.042 0.00073 -0.00115 -0.00065
198116.046 0.00127 -0.00188 -0.00082
198116.050 0.00051 -0.00222 0.00063
198116.054 0.00030 -0.00232 0.00072
198116.058 0.00161 -0.00143 -0.00120
198116.062 0.00180 -0.00182 -0.00051
198116.066 0.00079 -0.00250 0.00010
198116.070 -0.00066 -0.00103 -0.00077
198116.074 0.00030 -0.00169 -0.00070
198116.078 0.00115 -0.00262 -0.00143
198116.082 0.00183 -0.00136 -0.00103
198116.086 0.00080 -0.00133 -0.00091
198116.090 0.00129 -0.00087 -0.00073
198116.094 0.00080 -0.00106 -0.00099
198116.098 0.00175 -0.00096 -0.00075
198116.102 0.00079 -0.00152 -0.00070
198116.106 0.00082 -0.00138 0.00005
198116.110 0.00023 -0.00255 -0.00093
198116.114 0.00054 -0.00178 0.00000
198116.118 0.00047 -0.00190 0.00024
198116.122 0.00120 -0.00133 -0.00073
198116.126 0.00079 -0.00192 -0.00054
198116.130 0.00038 -0.00178 -0.00065
198116.134 0.00103 -0.00175 0.00007
198116.138 0.00119 -0.00188 -0.00002
198116.142 0.00199 -0.00178 -0.00096
198116.146 0.00145 -0.00159 -0.00030
198116.150 -0.00033 -0.00185 -0.00087
198116.154 0.00009 -0.00222 -0.00087
198116.158 0.00246 -0.00171 -0.00178
198116.162 0.00141 -0.00248 -0.00112
198116.166 0.00024 -0.00162 -0.00063
198116.170 0.00084 -0.00110 -0.00037
198116.174 -0.00003 -0.00246 -0.00044
198116.178 0.00091 -0.00133 -0.00016
198116.182 0.00101 -0.00148 -0.00113
198116.186 0.00073 -0.00122 -0.00094
198116.190 0.00007 -0.00204 -0.00148
198116.194 0.00049 -0.00106 0.00045
198116.198 0.00075 -0.00126 0.00051
198116.202 0.00082 -0.00176 0.00038
198116.206 0.00054 -0.00145 -0.00070
198116.210 0.00136 0.00014 -0.00143
198116.214 0.00038 -0.00154 -0.00117
198116.218 0.00117 -0.00229 -0.00171
198116.222 0.00124 -0.00232 -0.00049
198116.226 0.00169 -0.00264 0.00010
198116.230 0.00093 -0.00213 -0.00031
198116.234 0.00056 -0.00258 -0.00058
198116.238 0.00108 -0.00120 -0.00035
198116.242 0.00091 -0.00190 -0.00014
198116.246 0.00101 -0.00117 0.00051
198116.250 0.00073 -0.00023 -0.00005
198116.254 0.00127 -0.00178 -0.00171
198116.258 0.00201 -0.00251 -0.00155
198116.262 0.00086 -0.00223 -0.00150
198116.266 0.00099 -0.00171 -0.00150
198116.270 0.00119 -0.00112 -0.00133
198116.274 0.00063 -0.00232 -0.00099
198116.278 0.00140 -0.00204 -0.00106
198116.282 0.00188 -0.00243 -0.00108
198116.286 0.00082 -0.00206 -0.00108
198116.290 0.00175 -0.00197 -0.00093
198116.294 0.00124 -0.00194 -0.00225
198116.298 0.00154 -0.00103 -0.00124
198116.302 0.00073 -0.00126 -0.00141
198116.306 -0.00007 -0.00086 -0.00162
198116.310 -0.00089 -0.00211 -0.00017
198116.314 0.00070 -0.00093 -0.00070
198116.318 0.00112 -0.00093 -0.00113
198116.322 0.00182 -0.00106 -0.00065
198116.326 0.00141 -0.00171 -0.00126
198116.330 0.00084 -0.00218 -0.00023
198116.334 0.00129 -0.00079 -0.00161
198116.339 0.00112 -0.00148 0.00026
198116.342 0.00016 -0.00152 -0.00042
198116.346 0.00096 -0.00304 0.00087
198116.350 0.00073 -0.00283 -0.00117
198116.354 0.00096 -0.00127 -0.00110
198116.358 0.00178 -0.00147 -0.00049
198116.362 0.00110 -0.00166 -0.00093
198116.366 0.00122 -0.00187 -0.00223
198116.370 0.00110 -0.00222 -0.00124
198116.374 0.00136 -0.00171 -0.00112
198116.378 0.00007 -0.00264 -0.00169
198116.382 0.00035 -0.00227 0.00056
198116.386 -0.00031 -0.00082 -0.00005
198116.390 0.00068 -0.00225 -0.00080
198116.394 0.00096 -0.00173 -0.00147
198116.398 0.00058 -0.00068 0.00002
198116.402 0.00154 -0.00206 -0.00049
198116.406 0.00178 -0.00182 0.00054
198116.410 0.00154 -0.00115 -0.00155
198116.414 0.00058 -0.00202 -0.00091
198116.418 0.00017 -0.00302 -0.00103
198116.422 0.00082 -0.00298 -0.00002
198116.426 0.00099 -0.00161 0.00054
198116.430 0.00058 -0.00185 0.00009
198116.434 0.00093 -0.00312 -0.00047
198116.438 -0.00077 -0.00194 -0.00213
198116.442 0.00056 -0.00344 -0.00030
198116.446 0.00093 -0.00143 0.00045
198116.450 0.00162 -0.00225 -0.00023
198116.454 0.00030 -0.00037 0.00017
198116.458 0.00115 -0.00213 0.00016
198116.462 0.00017 -0.00304 0.00028
198116.466 0.00187 -0.00283 0.00016
198116.470 0.00066 -0.00112 -0.00091
198116.474 0.00035 -0.00127 -0.00059
198116.478 0.00026 -0.00206 -0.00126
198116.482 -0.00019 -0.00168 -0.00143
198116.486 0.00012 -0.00262 -0.00192
198116.490 0.00080 -0.00182 -0.00084
198116.494 0.00023 -0.00161 -0.00072
198116.498 0.00084 -0.00169 -0.00037
198116.502 0.00129 -0.00188 -0.00014
198116.506 0.00141 -0.00147 0.00065
198116.510 0.00129 -0.00120 0.00042
198116.514 0.00216 -0.00145 0.00065
198116.518 0.00164 -0.00166 -0.00047
198116.522 0.00105 -0.00171 -0.00122
198116.526 0.00045 -0.00112 -0.00157
198116.530 0.00030 -0.00143 -0.00136
198116.534 0.00086 -0.00195 -0.00084
198116.538 -0.00003 -0.00253 -0.00269
198116.542 0.00091 -0.00271 -0.00044
198116.546 0.00010 -0.00183 -0.00031
198116.550 0.00080 -0.00222 -0.00087
198116.554 0.00113 -0.00187 -0.00087
198116.558 0.00154 -0.00178 -0.00042
198116.562 0.00042 -0.00038 -0.00227
198116.566 0.00087 -0.00168 -0.00108
198116.570 -0.00003 -0.00173 -0.00258
198116.574 0.00211 -0.00143 -0.00192
198116.578 0.00178 -0.00241 -0.00115
198116.582 0.00140 -0.00040 -0.00080
198116.586 0.00023 -0.00079 -0.00086
198116.590 0.00129 -0.00223 0.00031
198116.594 0.00096 -0.00353 0.00017
198116.598 0.00072 -0.00311 0.00059
198116.602 0.00127 -0.00330 -0.00019
198116.606 0.00141 -0.00244 0.00079
198116.610 0.00054 -0.00147 -0.00089
198116.614 0.00047 -0.00257 0.00000
198116.618 0.00134 -0.00241 -0.00049
198116.622 0.00082 -0.00115 -0.00047
198116.626 0.00099 -0.00082 -0.00136
198116.630 0.00089 -0.00195 -0.00024
198116.634 0.00070 -0.00178 -0.00072
198116.638 0.00080 -0.00024 -0.00009
198116.642 0.00068 -0.00134 -0.00082
198116.646 0.00065 -0.00162 -0.00087
198116.650 0.00155 -0.00110 0.00002
198116.654 0.00148 -0.00216 0.00040
198116.658 0.00162 -0.00276 0.00080
198116.662 0.00105 -0.00246 -0.00103
198116.666 0.00120 -0.00147 -0.00047
198116.670 0.00108 -0.00136 -0.00077
198116.674 0.00075 -0.00148 0.00033
198116.678 0.00127 -0.00182 -0.00072
198116.682 0.00080 -0.00281 -0.00143
198116.686 -0.00035 -0.00187 -0.00283
198116.691 0.00038 -0.00237 -0.00124
198116.694 0.00103 -0.00281 -0.00037
198116.698 0.00044 -0.00276 -0.00073
198116.702 0.00059 -0.00185 -0.00038
198116.706 0.00122 -0.00236 0.00000
198116.710 0.00080 -0.00204 -0.00051
198116.714 0.00113 -0.00166 -0.00033
198116.718 0.00047 -0.00112 -0.00073
198116.722 0.00014 -0.00066 -0.00309
198116.726 0.00021 -0.00161 -0.00281
198116.730 0.00113 -0.00276 -0.00168
198116.734 0.00077 -0.00260 -0.00047
198116.738 0.00066 -0.00225 -0.00138
198116.742 0.00185 -0.00202 -0.00190
198116.746 0.00171 -0.00182 -0.00086
198116.750 0.00077 -0.00340 -0.00101
198116.754 0.00007 -0.00307 -0.00136
198116.758 0.00185 -0.00162 0.00124
198116.762 0.00096 -0.00019 -0.00106
198116.766 0.00042 -0.00223 0.00010
198116.770 0.00073 -0.00157 -0.00106
198116.774 0.00157 -0.00169 -0.00063
198116.778 0.00178 -0.00082 0.00007
198116.782 0.00124 -0.00164 0.00056
198116.786 0.00096 -0.00126 -0.00169
198116.790 0.00148 -0.00236 -0.00169
198116.794 -0.00017 -0.00204 -0.00169
198116.798 0.00073 -0.00182 -0.00124
198116.802 0.00126 -0.00161 -0.00052
198116.806 0.00276 -0.00244 -0.00003
198116.810 0.00164 -0.00162 -0.00126
198116.814 0.00120 -0.00169 -0.00143
198116.818 0.00154 -0.00248 -0.00101
198116.822 0.00087 -0.00087 -0.00182
198116.826 0.00070 -0.00257 -0.00216
198116.830 0.00080 -0.00241 -0.00061
198116.834 0.00084 -0.00251 -0.00110
198116.838 0.00084 -0.00208 -0.00094
198116.842 0.00190 -0.00229 0.00014
198116.846 0.00143 -0.00187 0.00012
198116.850 0.00070 -0.00056 -0.00061
198116.854 0.00096 -0.00127 -0.00112
198116.858 0.00103 -0.00208 -0.00017
198116.862 0.00119 -0.00272 -0.00070
198116.866 0.00258 -0.00169 -0.00023
198116.870 0.00206 -0.00157 0.00003
198116.874 0.00101 -0.00183 -0.00154
198116.878 0.00089 -0.00145 -0.00211
198116.882 0.00010 -0.00152 -0.00120
198116.886 0.00005 -0.00138 -0.00051
198116.890 0.00049 -0.00148 0.00026
198116.894 0.00030 -0.00197 -0.00072
198116.898 0.00115 -0.00209 -0.00054
198116.902 0.00243 -0.00183 -0.00065
198116.906 0.00171 -0.00206 0.00082
198116.910 0.00138 -0.00272 -0.00133
198116.914 0.00068 -0.00244 -0.00099
198116.918 0.00021 -0.00237 -0.00075
198116.922 -0.00035 -0.00295 -0.00070
198116.926 -0.00005 -0.00326 -0.00052
198116.930 0.00136 -0.00197 -0.00049
198116.934 0.00113 -0.00134 -0.00077
198116.938 0.00077 -0.00117 -0.00147
198116.942 0.00188 -0.00218 0.00045
198116.946 0.00171 -0.00215 -0.00038
198116.950 0.00168 -0.00244 -0.00150
198116.954 0.00061 -0.00208 -0.00134
198116.958 0.00063 -0.00138 -0.00113
198116.962 0.00079 -0.00209 -0.00155
198116.966 0.00127 -0.00168 0.00014
198116.970 0.00126 -0.00187 -0.00075
198116.974 0.00230 -0.00192 -0.00086
198116.978 0.00077 -0.00148 -0.00087
198116.982 0.00098 -0.00288 -0.00119
198116.986 0.00044 -0.00323 -0.00155
198116.990 0.00164 -0.00122 0.00000
198116.994 0.00106 -0.00161 -0.00019
198116.998 0.00014 -0.00201 0.00019
198117.002 0.00082 -0.00271 0.00000
198117.006 0.00098 -0.00258 0.00009
198117.010 0.00134 -0.00316 0.00010
198117.014 0.00127 -0.00211 -0.00016
198117.018 0.00051 -0.00213 -0.00099
198117.022 0.00045 -0.00213 -0.00091
198117.026 0.00014 -0.00108 -0.00103
198117.030 0.00066 -0.00127 0.00028
198117.034 0.00080 -0.00131 -0.00012
198117.039 0.00037 -0.00133 -0.00145
198117.042 0.00133 -0.00208 -0.00147
198117.046 0.00082 -0.00138 -0.00089
198117.050 0.00084 -0.00194 -0.00044
198117.054 0.00054 -0.00133 -0.00061
198117.058 0.00122 -0.00148 -0.00005
198117.062 0.00080 -0.00197 -0.00112
198117.066 0.00084 -0.00239 -0.00017
198117.070 0.00024 -0.00145 -0.00281
198117.074 0.00143 -0.00166 -0.00199
198117.078 0.00129 -0.00232 -0.00058
198117.082 0.00232 -0.00234 -0.00110
198117.086 0.00108 -0.00084 -0.00154
198117.090 0.00136 -0.00134 -0.00089
198117.094 0.00159 -0.00133 -0.00028
198117.098 0.00059 -0.00208 -0.00042
198117.102 0.00047 -0.00393 -0.00016
198117.106 0.00105 -0.00321 0.00065
198117.110 0.00089 -0.00318 -0.00124
198117.114 0.00101 -0.00316 -0.00037
198117.118 0.00134 -0.00271 -0.00030
198117.122 0.00068 -0.00213 -0.00087
198117.126 0.00051 -0.00215 -0.00178
198117.130 0.00182 -0.00108 -0.00141
198117.134 0.00110 -0.00141 -0.00117
198117.138 0.00075 -0.00134 -0.00110
198117.142 -0.00021 -0.00044 -0.00003
198117.146 0.00042 -0.00079 -0.00037
198117.150 0.00073 -0.00178 0.00000
198117.154 0.00141 -0.00250 -0.00065
198117.158 -0.00003 -0.00330 0.00009
198117.162 -0.00012 -0.00304 -0.00197
198117.166 0.00030 -0.00267 -0.00026
198117.170 -0.00079 -0.00183 -0.00117
198117.174 0.00117 -0.00401 -0.00066
198117.178 0.00199 -0.00232 -0.00037
198117.182 0.00099 -0.00370 -0.00075
198117.186 0.00028 -0.00075 -0.00113
198117.190 0.00190 -0.00178 0.00009
198117.194 0.00112 -0.00115 0.00042
198117.198 0.00168 -0.00187 0.00035
198117.202 0.00077 -0.00192 -0.00070
198117.206 0.00021 -0.00194 0.00005
198117.210 0.00098 -0.00162 -0.00047
198117.214 0.00194 -0.00066 -0.00063
198117.218 0.00175 -0.00070 0.00038
198117.222 0.00168 0.00093 0.00019
198117.226 0.00093 -0.00012 -0.00105
198117.230 0.00176 -0.00087 -0.00016
198117.234 0.00079 -0.00016 -0.00068
198117.238 0.00052 -0.00072 -0.00052
198117.242 0.00077 -0.00192 0.00010
198117.246 0.00143 -0.00147 0.00058
198117.250 0.00115 -0.00258 0.00099
198117.254 0.00033 -0.00180 0.00065
198117.258 0.00161 -0.00129 -0.00002
198117.262 0.00209 -0.00131 -0.00065
198117.266 0.00148 -0.00117 0.00037
198117.270 0.00147 -0.00098 -0.00040
198117.274 0.00131 -0.00154 -0.00180
198117.278 0.00096 -0.00168 -0.00202
198117.282 0.00162 -0.00202 -0.00058
198117.286 0.00030 -0.00211 -0.00169
198117.290 0.00190 -0.00244 -0.00049
198117.294 0.00082 -0.00222 -0.00227
198117.298 0.00098 -0.00110 -0.00065
198117.302 0.00134 -0.00202 -0.00126
198117.306 0.00218 -0.00241 0.00035
198117.310 0.00105 -0.00176 -0.00024
198117.314 0.00105 -0.00159 -0.00026
198117.318 0.00075 -0.00246 -0.00117
198117.322 0.00052 -0.00056 -0.00155
198117.326 0.00061 -0.00023 -0.00134
198117.330 0.00124 -0.00073 -0.00070
198117.334 0.00110 -0.00058 0.00037
198117.338 0.00075 -0.00023 -0.00026
198117.342 0.00202 -0.00089 0.00063
198117.346 0.00101 -0.00106 -0.00079
198117.350 0.00164 -0.00080 0.00003
198117.354 0.00061 -0.00119 0.00056
198117.358 0.00079 -0.00099 0.00040
198117.362 0.00082 -0.00140 -0.00009
198117.366 0.00234 -0.00225 0.00082
198117.370 0.00049 -0.00141 -0.00012
198117.374 0.00105 -0.00150 -0.00068
198117.378 0.00044 -0.00152 -0.00113
198117.382 0.00089 -0.00152 -0.00094
198117.386 0.00010 -0.00063 -0.00120
198117.391 0.00110 -0.00190 0.00084
198117.394 0.00106 -0.00269 0.00106
198117.398 0.00195 -0.00258 0.00023
198117.402 0.00143 -0.00300 -0.00119
198117.406 0.00159 -0.00192 0.00157
198117.410 0.00073 -0.00237 0.00021
198117.414 0.00173 -0.00190 0.00075
198117.418 0.00108 -0.00178 -0.00044
198117.422 0.00075 -0.00084 -0.00106
198117.426 0.00098 -0.00045 -0.00168
198117.430 0.00103 -0.00003 -0.00213
198117.434 0.00150 -0.00175 -0.00075
198117.438 0.00115 -0.00143 -0.00145
198117.442 0.00274 -0.00241 -0.00028
198117.446 0.00194 -0.00206 -0.00012
198117.450 0.00038 -0.00197 -0.00084
198117.454 -0.00031 -0.00105 -0.00147
198117.458 0.00038 -0.00155 -0.00012
198117.462 0.00000 -0.00244 -0.00038
198117.466 0.00136 -0.00222 0.00059
198117.470 0.00054 -0.00066 -0.00079
198117.474 0.00122 -0.00250 -0.00070
198117.478 0.00124 -0.00239 -0.00054
198117.482 0.00201 -0.00129 -0.00003
198117.486 0.00086 -0.00072 -0.00096
198117.490 0.00099 -0.00176 -0.00014
198117.494 0.00073 -0.00220 -0.00068
198117.498 -0.00007 -0.00201 -0.00037
198117.502 0.00030 -0.00180 0.00014
198117.506 0.00145 -0.00220 -0.00002
198117.510 0.00099 -0.00140 -0.00049
198117.514 0.00194 -0.00105 -0.00094
198117.518 0.00173 -0.00260 -0.00089
198117.522 0.00138 -0.00302 -0.00103
198117.526 0.00068 -0.00251 -0.00182
198117.530 0.00065 -0.00253 -0.00112
198117.534 0.00124 -0.00194 -0.00063
198117.538 0.00080 -0.00223 -0.00218
198117.542 0.00098 -0.00216 -0.00122
198117.546 0.00087 -0.00154 -0.00066
198117.550 0.00040 -0.00274 -0.00127
198117.554 -0.00045 -0.00290 -0.00113
198117.558 0.00110 -0.00234 -0.00124
198117.562 0.00002 -0.00265 -0.00248
198117.566 0.00077 -0.00227 0.00049
198117.570 0.00143 -0.00262 0.00098
198117.574 0.00190 -0.00243 0.00094
198117.578 0.00112 -0.00161 -0.00070
198117.582 0.00168 -0.00185 -0.00007
198117.586 0.00106 -0.00133 -0.00096
198117.590 0.00166 -0.00283 0.00030
198117.594 0.00061 -0.00216 0.00031
198117.598 0.00138 -0.00079 -0.00040
198117.602 0.00023 -0.00148 0.00000
198117.606 0.00084 -0.00272 0.00009
198117.610 0.00084 -0.00244 -0.00093
198117.614 0.00131 -0.00161 -0.00059
198117.618 0.00127 -0.00185 -0.00005
198117.622 0.00035 -0.00251 -0.00171
198117.626 -0.00138 -0.00255 -0.00169
198117.630 0.00072 -0.00255 -0.00108
198117.634 0.00141 -0.00360 -0.00154
198117.638 0.00099 -0.00251 -0.00089
198117.642 0.00058 -0.00239 0.00016
198117.646 -0.00042 -0.00206 0.00012
198117.650 0.00096 -0.00197 0.00012
198117.654 0.00148 -0.00255 -0.00031
198117.658 0.00162 -0.00316 -0.00026
198117.662 0.00000 -0.00300 -0.00208
198117.666 0.00093 -0.00267 -0.00089
198117.670 0.00101 -0.00168 -0.00087
198117.674 0.00180 -0.00112 0.00106
198117.678 0.00185 -0.00141 -0.00023
198117.682 0.00201 -0.00255 -0.00010
198117.686 0.00054 -0.00120 -0.00112
198117.690 0.00168 -0.00279 0.00070
198117.694 0.00122 -0.00141 0.00000
198117.698 0.00003 -0.00150 0.00009
198117.702 0.00079 -0.00168 0.00012
198117.706 0.00157 -0.00187 -0.00031
198117.710 0.00164 -0.00176 -0.00058
198117.714 0.00209 -0.00250 -0.00051
198117.718 0.00194 -0.00223 -0.00093
198117.722 0.00082 -0.00216 -0.00180
198117.726 0.00115 -0.00049 -0.00171
198117.730 0.00108 -0.00066 -0.00003
198117.734 0.00105 -0.00145 0.00007
198117.739 0.00089 -0.00241 0.00010
198117.742 0.00117 -0.00206 -0.00047
198117.746 0.00168 -0.00182 -0.00002
198117.750 0.00197 -0.00145 -0.00021
198117.754 0.00129 -0.00195 -0.00024
198117.758 0.00216 -0.00255 0.00079
198117.762 0.00271 -0.00209 0.00030
198117.766 0.00133 -0.00302 -0.00010
198117.770 0.00127 -0.00253 -0.00007
198117.774 0.00110 -0.00269 -0.00096
198117.778 -0.00012 -0.00213 -0.00211
198117.782 0.00059 -0.00079 -0.00045
198117.786 0.00047 -0.00012 -0.00182
198117.790 0.00075 -0.00117 -0.00098
198117.794 0.00082 -0.00052 -0.00030
198117.798 0.00113 -0.00112 0.00031
198117.802 0.00138 -0.00248 0.00047
198117.806 0.00264 -0.00208 0.00157
198117.810 0.00086 -0.00243 -0.00159
198117.814 -0.00003 -0.00267 -0.00120
198117.818 0.00031 -0.00227 0.00068
198117.822 0.00086 -0.00202 0.00058
198117.826 0.00040 -0.00091 -0.00033
198117.830 0.00012 -0.00091 -0.00089
198117.834 -0.00007 -0.00106 -0.00119
198117.838 -0.00014 -0.00171 -0.00126
198117.842 0.00119 -0.00234 0.00037
198117.846 0.00063 -0.00068 0.00003
198117.850 0.00140 -0.00131 -0.00033
198117.854 0.00068 -0.00117 -0.00028
198117.858 0.00066 -0.00190 -0.00012
198117.862 0.00124 -0.00133 -0.00038
198117.866 0.00155 -0.00178 -0.00059
198117.870 0.00164 -0.00220 -0.00080
198117.874 0.00150 -0.00185 -0.00040
198117.878 0.00042 -0.00236 -0.00182
198117.882 0.00089 -0.00236 -0.00023
198117.886 0.00070 -0.00175 -0.00099
198117.890 0.00096 -0.00339 -0.00075
198117.894 0.00103 -0.00262 -0.00145
198117.898 0.00059 -0.00227 0.00016
198117.902 0.00154 -0.00232 0.00028
198117.906 0.00131 -0.00188 0.00091
198117.910 0.00157 -0.00237 -0.00024
198117.914 0.00073 -0.00161 -0.00026
198117.918 0.00112 -0.00185 -0.00042
198117.922 0.00136 -0.00192 -0.00045
198117.926 0.00098 -0.00103 -0.00061
198117.930 0.00058 -0.00215 -0.00096
198117.934 0.00077 -0.00274 -0.00180
198117.938 0.00082 -0.00079 -0.00173
198117.942 0.00084 -0.00269 0.00086
198117.946 0.00099 -0.00124 -0.00058
198117.950 0.00119 -0.00190 -0.00051
198117.954 0.00033 -0.00119 -0.00002
198117.958 0.00042 -0.00264 0.00009
198117.962 0.00000 -0.00122 -0.00047
198117.966 0.00197 -0.00250 -0.00047
198117.970 0.00175 -0.00058 -0.00106
198117.974 0.00122 -0.00173 -0.00108
198117.978 0.00079 -0.00173 -0.00033
198117.982 0.00099 -0.00127 0.00030
198117.986 0.00119 -0.00101 -0.00101
198117.990 0.00094 -0.00230 -0.00031
198117.994 0.00087 -0.00173 0.00106
198117.998 0.00070 -0.00248 0.00052
198118.002 0.00080 -0.00237 0.00038
198118.006 0.00127 -0.00265 0.00079
198118.010 0.00112 -0.00363 -0.00105
198118.014 0.00077 -0.00269 -0.00017
198118.018 0.00143 -0.00183 0.00049
198118.022 0.00024 -0.00176 -0.00051
198118.026 -0.00019 -0.00234 -0.00122
198118.030 0.00026 -0.00159 0.00127
198118.034 0.00070 -0.00274 0.00133
198118.038 0.00080 -0.00155 -0.00136
198118.042 0.00098 -0.00063 0.00065
198118.046 0.00012 -0.00159 -0.00049
198118.050 0.00021 -0.00276 0.00101
198118.054 0.00098 -0.00260 0.00051
198118.058 0.00103 -0.00166 0.00129
198118.062 0.00044 -0.00096 -0.00077
198118.066 0.00148 -0.00258 0.00019
198118.070 0.00176 -0.00134 0.00014
198118.074 0.00183 -0.00253 -0.00016
198118.078 0.00141 -0.00103 -0.00115
198118.082 0.00054 -0.00169 -0.00094
198118.086 0.00002 -0.00127 -0.00119
198118.091 0.00093 -0.00086 0.00084
198118.094 0.00042 -0.00346 0.00061
198118.098 0.00000 -0.00202 0.00024
198118.102 -0.00012 -0.00316 0.00077
198118.106 0.00073 -0.00332 0.00119
198118.110 0.00082 -0.00169 -0.00033
198118.114 -0.00035 -0.00157 -0.00059
198118.118 0.00007 -0.00199 -0.00051
198118.122 0.00019 -0.00150 -0.00138
198118.126 -0.00021 -0.00017 -0.00220
198118.130 0.00026 -0.00178 -0.00152
198118.134 0.00129 -0.00159 -0.00059
198118.138 0.00066 -0.00124 -0.00155
198118.142 0.00110 -0.00190 -0.00091
198118.146 0.00197 -0.00042 0.00000
198118.150 0.00099 -0.00183 -0.00049
198118.154 0.00028 -0.00117 -0.00047
198118.158 0.00131 -0.00204 0.00000
198118.162 0.00052 -0.00182 -0.00126
198118.166 0.00091 -0.00161 -0.00068
198118.170 0.00117 -0.00215 -0.00021
198118.174 0.00168 -0.00260 0.00002
198118.178 0.00197 -0.00257 -0.00065
198118.182 0.00188 -0.00180 -0.00082
198118.186 0.00082 -0.00086 -0.00206
198118.190 0.00188 -0.00150 0.00000
198118.194 0.00173 -0.00243 -0.00019
198118.198 0.00077 -0.00206 -0.00070
198118.202 0.00023 -0.00047 -0.00113
198118.206 0.00038 -0.00215 0.00024
198118.210 0.00042 -0.00199 0.00016
198118.214 0.00000 -0.00134 0.00000
198118.218 0.00138 -0.00134 0.00023
198118.222 0.00023 -0.00026 0.00061
198118.226 -0.00005 -0.00211 -0.00108
198118.230 0.00120 -0.00124 -0.00017
198118.234 0.00110 -0.00190 -0.00115
198118.238 0.00091 -0.00237 -0.00155
198118.242 0.00147 -0.00236 -0.00089
198118.246 0.00115 -0.00084 0.00000
198118.250 0.00138 -0.00120 0.00038
198118.254 0.00084 -0.00220 0.00005
198118.258 0.00086 -0.00246 -0.00033
198118.262 0.00129 -0.00087 -0.00058
198118.266 0.00157 -0.00241 -0.00094
198118.270 0.00119 -0.00236 -0.00030
198118.274 0.00033 -0.00250 -0.00087
198118.278 -0.00033 -0.00269 -0.00180
198118.282 0.00023 -0.00154 -0.00066
198118.286 0.00038 -0.00154 -0.00262
198118.290 0.00103 -0.00258 -0.00269
198118.294 0.00225 -0.00105 -0.00180
198118.298 0.00077 -0.00126 -0.00112
198118.302 0.00202 -0.00145 -0.00079
198118.306 0.00281 -0.00302 -0.00117
198118.310 0.00182 -0.00267 -0.00185
198118.314 0.00110 -0.00138 -0.00099
198118.318 0.00166 -0.00103 0.00014
198118.322 0.00075 -0.00065 -0.00016
198118.326 0.00082 -0.00101 0.00005
198118.330 0.00084 -0.00154 -0.00063
198118.334 0.00175 -0.00183 -0.00005
198118.338 0.00079 -0.00251 -0.00082
198118.342 0.00068 -0.00314 -0.00147
198118.346 0.00051 -0.00375 -0.00148
198118.350 0.00000 -0.00286 -0.00133
198118.354 0.00093 -0.00323 -0.00040
198118.358 0.00178 -0.00183 -0.00045
198118.362 0.00079 -0.00236 -0.00168
198118.366 0.00023 -0.00265 -0.00229
198118.370 0.00113 -0.00302 -0.00140
198118.374 0.00093 -0.00147 -0.00010
198118.378 0.00147 -0.00195 -0.00068
198118.382 0.00176 -0.00209 -0.00007
198118.386 0.00079 -0.00063 0.00023
198118.390 0.00068 -0.00129 -0.00044
198118.394 0.00096 -0.00147 0.00012
198118.398 0.00087 -0.00182 0.00042
198118.402 -0.00049 -0.00265 -0.00052
198118.407 0.00079 -0.00227 -0.00094
198118.410 0.00220 -0.00278 -0.00134
198118.414 0.00209 -0.00246 -0.00086
198118.418 0.00117 -0.00312 -0.00026
198118.422 0.00077 -0.00134 -0.00010
198118.426 0.00159 -0.00178 -0.00052
198118.430 0.00089 -0.00038 -0.00124
198118.434 0.00086 -0.00108 -0.00112
198118.439 0.00145 -0.00155 -0.00108
198118.442 0.00131 -0.00124 0.00010
198118.446 0.00126 -0.00220 -0.00077
198118.450 0.00096 -0.00321 0.00019
198118.454 0.00119 -0.00168 -0.00014
198118.458 0.00154 -0.00187 -0.00038
198118.462 0.00178 -0.00087 -0.00120
198118.466 0.00154 -0.00195 -0.00066
198118.470 0.00058 -0.00239 -0.00037
198118.474 0.00033 -0.00265 -0.00105
198118.478 0.00010 -0.00183 -0.00061
198118.482 0.00035 -0.00190 -0.00096
198118.486 -0.00002 -0.00178 -0.00075
198118.490 0.00031 -0.00204 -0.00099
198118.494 0.00101 -0.00182 -0.00195
198118.498 0.00255 -0.00220 -0.00131
198118.502 0.00068 -0.00230 -0.00143
198118.506 0.00110 -0.00248 -0.00208
198118.510 0.00077 -0.00298 -0.00148
198118.514 0.00113 -0.00281 -0.00194
198118.518 0.00168 -0.00246 0.00003
198118.522 0.00197 -0.00087 0.00010
198118.526 0.00113 -0.00182 -0.00047
198118.530 0.00122 -0.00206 -0.00138
198118.534 0.00140 -0.00211 -0.00220
198118.538 0.00084 -0.00154 -0.00122
198118.542 0.00054 -0.00213 -0.00066
198118.546 0.00077 -0.00258 -0.00068
198118.550 0.00127 -0.00241 -0.00066
198118.554 0.00126 -0.00206 -0.00007
198118.558 0.00051 -0.00166 -0.00082
198118.562 0.00000 -0.00126 -0.00026
198118.566 0.00093 -0.00222 -0.00042
198118.570 0.00176 -0.00230 -0.00120
198118.574 0.00124 -0.00159 -0.00082
198118.578 0.00065 -0.00229 -0.00131
198118.582 0.00110 -0.00309 -0.00129
198118.586 0.00152 -0.00239 -0.00052
198118.590 0.00162 -0.00356 -0.00065
198118.594 0.00134 -0.00222 0.00023
198118.598 0.00052 -0.00246 -0.00073
198118.602 0.00061 -0.00178 -0.00113
198118.606 0.00049 -0.00084 -0.00035
198118.610 0.00091 -0.00134 -0.00148
198118.614 0.00101 -0.00119 -0.00059
198118.618 0.00073 -0.00099 -0.00110
198118.622 0.00173 -0.00140 -0.00049
198118.626 0.00152 -0.00119 -0.00002
198118.630 0.00133 -0.00309 -0.00094
198118.634 0.00066 -0.00223 -0.00045
198118.638 0.00035 -0.00171 -0.00047
198118.642 0.00176 -0.00127 -0.00047
198118.646 0.00169 -0.00222 -0.00047
198118.650 0.00091 -0.00262 -0.00108
198118.654 0.00297 -0.00075 0.00026
198118.658 0.00065 -0.00117 0.00002
198118.662 0.00065 -0.00143 -0.00049
198118.666 0.00169 -0.00120 -0.00031
198118.670 0.00106 -0.00175 -0.00164
198118.674 0.00030 -0.00129 -0.00017
198118.678 0.00099 -0.00192 -0.00145
198118.682 0.00059 -0.00164 -0.00028
198118.687 0.00047 -0.00230 -0.00147
198118.690 0.00030 -0.00173 -0.00044
198118.694 0.00056 -0.00204 -0.00045
198118.698 0.00047 -0.00195 -0.00093
198118.702 0.00059 -0.00105 -0.00089
198118.706 0.00124 -0.00094 0.00016
198118.710 0.00171 -0.00213 0.00059
198118.714 0.00168 -0.00199 -0.00019
198118.718 0.00031 -0.00164 -0.00086
198118.722 0.00099 -0.00126 -0.00056
198118.726 0.00180 -0.00161 -0.00230
198118.730 0.00154 -0.00276 -0.00140
198118.734 0.00087 -0.00215 -0.00072
198118.738 0.00056 -0.00185 -0.00143
198118.742 0.00077 -0.00206 -0.00133
198118.746 0.00157 -0.00211 -0.00024
198118.750 0.00148 -0.00274 -0.00026
198118.754 0.00117 -0.00290 -0.00072
198118.758 0.00199 -0.00204 -0.00084
198118.762 0.00129 -0.00241 -0.00192
198118.766 0.00157 -0.00192 -0.00086
198118.770 0.00089 -0.00162 -0.00192
198118.774 0.00010 -0.00185 -0.00099
198118.778 0.00140 -0.00267 -0.00030
198118.782 0.00220 -0.00274 -0.00028
198118.786 0.00105 -0.00185 -0.00058
198118.791 0.00089 -0.00176 0.00038
198118.794 0.00147 -0.00220 -0.00054
198118.798 0.00070 -0.00230 -0.00019
198118.802 0.00112 -0.00218 -0.00024
198118.806 -0.00028 -0.00246 -0.00101
198118.810 0.00024 -0.00342 -0.00061
198118.814 0.00068 -0.00232 -0.00080
198118.818 0.00035 -0.00159 -0.00101
198118.822 -0.00031 -0.00305 -0.00152
198118.826 0.00204 -0.00223 -0.00089
198118.830 0.00147 -0.00202 -0.00058
198118.834 0.00115 -0.00089 -0.00035
198118.838 0.00063 -0.00211 -0.00073
198118.842 0.00199 -0.00290 -0.00054
198118.846 0.00161 -0.00188 -0.00017
198118.850 0.00148 -0.00162 -0.00070
198118.854 0.00056 -0.00260 -0.00084
198118.858 0.00061 -0.00257 0.00002
198118.862 0.00094 -0.00150 -0.00049
198118.866 0.00117 -0.00211 -0.00093
198118.870 0.00093 -0.00274 -0.00119
198118.874 0.00087 -0.00199 -0.00096
198118.878 0.00040 -0.00255 -0.00059
198118.882 0.00073 -0.00209 -0.00080
198118.886 0.00141 -0.00197 0.00003
198118.890 0.00161 -0.00225 -0.00094
198118.894 0.00148 -0.00202 -0.00089
198118.898 0.00147 -0.00241 -0.00073
198118.902 0.00147 -0.00236 -0.00038
198118.906 0.00145 -0.00236 -0.00045
198118.910 0.00072 -0.00113 -0.00136
198118.914 0.00080 -0.00098 0.00003
198118.918 0.00084 -0.00213 -0.00033
198118.922 0.00070 -0.00199 -0.00059
198118.926 0.00171 -0.00089 -0.00021
198118.930 0.00122 -0.00106 0.00049
198118.934 0.00155 -0.00187 -0.00007
198118.938 0.00119 -0.00251 -0.00096
198118.942 0.00094 -0.00164 0.00000
198118.946 0.00087 -0.00337 -0.00110
198118.950 0.00099 -0.00262 -0.00154
198118.954 0.00148 -0.00106 -0.00089
198118.958 0.00101 -0.00110 -0.00103
198118.962 0.00148 -0.00141 -0.00061
198118.966 0.00192 -0.00180 -0.00051
198118.970 0.00127 -0.00220 -0.00047
198118.974 0.00051 -0.00230 -0.00047
198118.978 0.00150 -0.00098 -0.00077
198118.982 0.00058 -0.00138 -0.00190
198118.986 0.00093 -0.00164 -0.00038
198118.990 0.00131 -0.00262 -0.00059
198118.994 0.00112 -0.00241 -0.00096
198118.998 0.00168 -0.00236 -0.00180
198119.002 0.00075 -0.00236 -0.00127
198119.006 0.00052 -0.00145 -0.00127
198119.010 0.00091 -0.00105 -0.00084
198119.014 0.00161 -0.00126 -0.00117
198119.018 0.00180 -0.00222 -0.00080
198119.022 0.00140 -0.00262 -0.00101
198119.026 0.00068 -0.00286 -0.00091
198119.030 0.00005 -0.00323 -0.00103
198119.034 0.00065 -0.00243 -0.00061
198119.038 -0.00009 -0.00176 0.00052
198119.042 -0.00075 -0.00204 -0.00005
198119.046 0.00058 -0.00182 -0.00112
198119.050 0.00093 -0.00190 -0.00183
198119.054 0.00117 -0.00223 -0.00052
198119.058 0.00017 -0.00216 -0.00108
198119.062 0.00023 -0.00154 -0.00122
198119.066 0.00084 -0.00169 -0.00082
198119.070 0.00084 -0.00202 -0.00072
198119.074 0.00024 -0.00195 -0.00052
198119.078 0.00113 -0.00119 -0.00065
198119.082 0.00106 -0.00129 -0.00037
198119.086 0.00061 -0.00176 0.00000
198119.090 0.00003 -0.00143 -0.00215
198119.094 0.00049 -0.00120 -0.00182
198119.098 0.00061 -0.00009 0.00037
198119.102 0.00138 -0.00161 -0.00054
198119.106 0.00175 -0.00094 -0.00049
198119.110 0.00047 -0.00122 -0.00077
198119.114 0.00091 -0.00056 -0.00040
198119.118 0.00101 -0.00098 -0.00075
198119.122 0.00089 -0.00229 -0.00024
198119.126 0.00101 -0.00113 0.00002
198119.130 0.00105 -0.00248 -0.00094
198119.134 0.00195 -0.00223 -0.00150
198119.139 0.00113 -0.00262 -0.00073
198119.142 0.00136 -0.00197 -0.00145
198119.146 0.00218 -0.00194 -0.00117
198119.150 0.00120 -0.00209 -0.00080
198119.154 0.00199 -0.00138 -0.00072
198119.158 0.00113 -0.00103 -0.00009
198119.162 0.00152 -0.00140 -0.00021
198119.166 0.00087 -0.00134 -0.00070
198119.170 0.00131 -0.00119 0.00080
198119.174 0.00052 -0.00204 0.00031
198119.178 0.00045 -0.00197 -0.00162
198119.182 0.00120 -0.00239 -0.00017
198119.186 0.00108 -0.00251 -0.00009
198119.190 0.00182 -0.00164 -0.00007
198119.194 0.00094 -0.00155 -0.00052
198119.198 0.00103 -0.00213 -0.00093
198119.202 0.00119 -0.00244 -0.00119
198119.206 0.00124 -0.00131 -0.00112
198119.210 0.00080 -0.00208 -0.00108
198119.214 0.00068 -0.00213 -0.00079
198119.218 0.00080 -0.00169 -0.00010
198119.222 0.00009 -0.00216 -0.00187
198119.226 0.00080 -0.00260 -0.00054
198119.230 0.00068 -0.00182 -0.00049
198119.234 0.00035 -0.00161 -0.00122
198119.238 -0.00031 -0.00230 -0.00082
198119.242 0.00023 -0.00204 -0.00072
198119.246 0.00054 -0.00225 -0.00068
198119.250 0.00182 -0.00202 0.00082
198119.254 0.00171 -0.00016 0.00000
198119.258 0.00122 -0.00042 -0.00049
198119.262 0.00019 -0.00229 -0.00031
198119.266 0.00052 -0.00218 -0.00044
198119.270 0.00136 -0.00110 -0.00106
198119.274 0.00143 -0.00126 -0.00063
198119.278 0.00131 -0.00312 -0.00080
198119.282 0.00201 -0.00255 -0.00115
198119.286 0.00161 -0.00119 -0.00096
198119.290 0.00059 -0.00159 -0.00059
198119.294 0.00017 -0.00079 -0.00065
198119.298 0.00082 -0.00089 -0.00052
198119.302 0.00084 -0.00166 0.00010
198119.306 0.00054 -0.00141 -0.00061
198119.310 0.00031 -0.00300 -0.00021
198119.314 0.00086 -0.00206 -0.00040
198119.318 0.00115 -0.00227 -0.00045
198119.322 0.00063 -0.00264 -0.00002
198119.326 0.00124 -0.00091 0.00084
198119.330 0.00126 -0.00091 0.00016
198119.334 0.00171 -0.00122 0.00000
198119.338 0.00093 -0.00070 -0.00110
198119.342 0.00026 -0.00206 -0.00094
198119.346 0.00099 -0.00213 -0.00044
198119.350 0.00059 -0.00154 -0.00091
198119.354 0.00122 -0.00122 -0.00028
198119.358 0.00094 -0.00175 -0.00133
198119.362 0.00103 -0.00204 -0.00070
198119.366 0.00075 -0.00136 -0.00068
198119.370 -0.00007 -0.00133 -0.00113
198119.374 0.00059 -0.00103 -0.00065
198119.378 0.00003 -0.00215 -0.00126
198119.382 0.00094 -0.00230 -0.00082
198119.386 -0.00017 -0.00279 -0.00010
198119.390 0.00072 -0.00171 -0.00068
198119.394 0.00112 -0.00157 -0.00068
198119.398 0.00061 -0.00229 -0.00098
198119.402 0.00019 -0.00309 -0.00059
198119.406 0.00037 -0.00269 -0.00141
198119.410 0.00072 -0.00272 -0.00131
198119.414 0.00171 -0.00260 -0.00250
198119.418 0.00213 -0.00302 -0.00175
198119.422 0.00133 -0.00206 -0.00035
198119.426 0.00082 -0.00168 0.00030
198119.430 0.00099 -0.00307 -0.00072
198119.434 0.00119 -0.00253 -0.00084
198119.438 0.00063 -0.00148 -0.00026
198119.442 0.00063 -0.00168 0.00047
198119.446 0.00080 -0.00066 0.00037
198119.450 0.00129 -0.00222 -0.00040
198119.454 0.00051 -0.00096 -0.00030
198119.458 0.00241 0.00731 -0.00042
198119.462 0.00503 0.01658 -0.00091
198119.466 0.00360 0.00998 -0.00058
198119.470 0.00005 -0.00456 -0.00051
198119.474 -0.00010 -0.00730 -0.00047
198119.478 0.00014 -0.00318 -0.00077
198119.482 0.00096 0.00000 -0.00070
198119.486 0.00208 0.00202 -0.00113
198119.491 0.00176 0.00044 -0.00244
198119.494 0.00124 -0.00117 -0.00175
198119.498 0.00155 -0.00204 -0.00126
198119.502 0.00162 -0.00332 -0.00098
198119.506 0.00105 -0.00185 -0.00091
198119.510 0.00166 -0.00281 -0.00058
198119.514 0.00120 -0.00216 -0.00080
198119.518 0.00079 -0.00274 -0.00040
198119.522 0.00023 -0.00305 0.00028
198119.526 -0.00051 -0.00312 -0.00058
198119.530 0.00003 -0.00316 -0.00140
198119.534 0.00063 -0.00361 -0.00237
198119.538 0.00019 -0.00449 -0.00157
198119.542 0.00098 -0.00410 -0.00091
198119.546 0.00044 -0.00445 -0.00058
198119.550 0.00000 -0.00440 -0.00005
198119.554 0.00031 -0.00363 0.00082
198119.558 0.00115 -0.00464 -0.00073
198119.562 0.00108 -0.00354 -0.00068
198119.566 0.00075 -0.00206 -0.00023
198119.570 0.00157 -0.00361 -0.00086
198119.574 0.00103 -0.00253 -0.00103
