198022.766 0.00080 -0.00192 0.00052
198022.770 0.00052 -0.00162 -0.00051
198022.774 0.00106 -0.00185 0.00101
198022.778 0.00195 -0.00192 -0.00052
198022.782 0.00218 -0.00148 -0.00033
198022.786 0.00150 -0.00120 -0.00059
198022.790 0.00162 -0.00054 0.00009
198022.794 0.00045 -0.00082 -0.00017
198022.798 0.00073 -0.00134 -0.00054
198022.802 0.00173 -0.00162 0.00040
198022.806 0.00154 -0.00171 0.00003
198022.810 0.00072 -0.00264 -0.00002
198022.814 0.00021 -0.00106 -0.00065
198022.818 0.00038 -0.00187 -0.00082
198022.822 0.00012 -0.00206 0.00063
198022.826 0.00051 -0.00077 0.00086
198022.830 0.00045 -0.00103 0.00002
198022.834 0.00119 -0.00140 -0.00003
198022.838 0.00063 -0.00164 -0.00035
198022.842 0.00124 -0.00155 -0.00028
198022.846 0.00124 -0.00124 0.00002
198022.850 0.00035 -0.00101 -0.00033
198022.854 -0.00002 0.00010 -0.00028
198022.858 0.00002 -0.00049 -0.00028
198022.862 0.00154 -0.00066 0.00047
198022.866 0.00058 -0.00161 0.00007
198022.870 0.00063 -0.00065 0.00101
198022.874 0.00079 -0.00054 0.00037
198022.878 0.00023 -0.00143 -0.00040
198022.882 0.00009 0.00014 0.00028
198022.886 0.00065 0.00009 0.00106
198022.891 0.00094 -0.00185 0.00007
198022.894 0.00058 -0.00206 0.00010
198022.898 0.00031 -0.00108 -0.00002
198022.902 0.00115 -0.00005 -0.00005
198022.906 0.00017 -0.00099 -0.00005
198022.910 0.00082 -0.00169 -0.00082
198022.914 0.00190 0.00037 -0.00042
198022.918 0.00112 0.00047 -0.00016
198022.922 0.00136 -0.00086 0.00035
198022.926 0.00159 -0.00105 0.00033
198022.930 0.00134 -0.00155 -0.00026
198022.934 0.00112 -0.00168 0.00017
198022.938 0.00136 -0.00066 0.00103
198022.942 0.00188 -0.00024 -0.00023
198022.946 0.00187 -0.00105 0.00049
198022.950 0.00141 -0.00155 -0.00021
198022.954 0.00070 -0.00063 -0.00010
198022.958 0.00230 -0.00145 -0.00023
198022.962 0.00108 -0.00166 -0.00070
198022.966 0.00136 -0.00096 -0.00038
198022.970 0.00143 -0.00199 -0.00059
198022.974 0.00070 -0.00089 -0.00126
198022.978 -0.00038 0.00000 0.00051
198022.982 -0.00007 -0.00054 0.00052
198022.986 0.00045 -0.00082 -0.00126
198022.990 0.00014 0.00030 0.00021
198022.994 0.00066 -0.00091 0.00000
198022.998 0.00110 -0.00091 0.00024
198023.002 0.00077 -0.00152 0.00016
198023.006 0.00098 -0.00002 -0.00016
198023.010 0.00133 -0.00084 0.00035
198023.014 0.00202 -0.00075 0.00003
198023.018 0.00161 -0.00042 0.00086
198023.022 0.00180 -0.00035 -0.00087
198023.026 0.00169 -0.00047 -0.00042
198023.030 0.00093 -0.00215 -0.00106
198023.034 0.00176 -0.00154 0.00042
198023.038 0.00094 -0.00049 -0.00129
198023.042 0.00101 -0.00051 -0.00009
198023.046 0.00059 -0.00127 -0.00066
198023.050 0.00002 -0.00145 -0.00052
198023.054 0.00063 -0.00091 -0.00079
198023.058 0.00124 -0.00016 -0.00070
198023.062 0.00230 -0.00012 -0.00143
198023.066 0.00243 -0.00056 0.00002
198023.070 0.00126 -0.00157 -0.00094
198023.074 0.00276 -0.00108 0.00089
198023.078 0.00209 -0.00082 0.00017
198023.082 0.00162 -0.00044 0.00089
198023.086 0.00089 -0.00094 0.00033
198023.090 0.00056 -0.00002 0.00017
198023.094 0.00047 -0.00068 -0.00030
198023.098 0.00120 -0.00101 -0.00042
198023.102 0.00108 -0.00019 0.00000
198023.106 0.00091 -0.00058 -0.00065
198023.110 0.00147 -0.00159 -0.00112
198023.114 0.00115 -0.00215 0.00024
198023.118 0.00168 -0.00154 0.00091
198023.122 0.00106 -0.00108 0.00063
198023.126 0.00120 -0.00082 0.00115
198023.130 -0.00024 -0.00044 -0.00019
198023.134 0.00099 -0.00124 -0.00040
198023.138 0.00134 -0.00115 -0.00014
198023.142 0.00037 -0.00113 -0.00159
198023.146 0.00101 -0.00143 -0.00077
198023.150 0.00150 -0.00075 -0.00054
198023.154 0.00162 -0.00072 -0.00033
198023.158 0.00059 -0.00087 0.00014
198023.162 0.00063 -0.00061 0.00000
198023.166 0.00065 -0.00084 -0.00049
198023.170 0.00003 0.00000 -0.00093
198023.174 0.00033 -0.00052 -0.00044
198023.178 0.00117 -0.00112 0.00012
198023.182 0.00079 -0.00082 0.00028
198023.186 0.00082 -0.00164 0.00002
198023.190 0.00250 0.00052 -0.00094
198023.194 0.00173 0.00035 -0.00105
198023.198 0.00093 -0.00119 -0.00168
198023.202 0.00056 -0.00113 -0.00003
198023.206 0.00077 0.00066 0.00054
198023.210 0.00068 -0.00035 -0.00035
198023.214 0.00051 -0.00152 0.00014
198023.218 0.00120 -0.00122 0.00028
198023.222 -0.00010 -0.00129 0.00016
198023.226 0.00075 -0.00072 0.00044
198023.230 0.00127 0.00031 0.00066
198023.234 0.00185 0.00030 -0.00002
198023.239 0.00278 0.00073 0.00009
198023.242 0.00164 -0.00079 -0.00077
198023.246 0.00120 -0.00073 -0.00070
198023.250 -0.00010 -0.00103 0.00037
198023.254 0.00089 0.00024 0.00019
198023.258 0.00072 -0.00061 -0.00089
198023.262 -0.00052 0.00096 -0.00058
198023.266 0.00063 -0.00044 -0.00019
198023.270 0.00110 0.00010 0.00003
198023.274 0.00197 -0.00080 -0.00003
198023.278 0.00204 -0.00028 0.00009
198023.282 0.00176 -0.00182 -0.00063
198023.286 0.00183 -0.00176 -0.00021
198023.290 0.00201 -0.00113 -0.00024
198023.294 0.00250 -0.00127 -0.00072
198023.298 0.00173 -0.00192 -0.00113
198023.302 0.00047 -0.00103 -0.00035
198023.306 0.00045 -0.00035 -0.00058
198023.310 0.00030 -0.00047 0.00099
198023.314 0.00070 -0.00185 0.00126
198023.318 0.00037 -0.00251 -0.00031
198023.322 0.00087 -0.00133 0.00061
198023.326 0.00056 -0.00058 0.00040
198023.330 0.00122 -0.00038 -0.00054
198023.334 0.00201 -0.00031 -0.00065
198023.338 0.00115 -0.00168 -0.00005
198023.342 0.00077 -0.00037 0.00052
198023.346 0.00127 0.00026 0.00068
198023.350 0.00187 -0.00045 -0.00077
198023.354 0.00141 0.00024 -0.00040
198023.358 0.00070 0.00012 0.00000
198023.362 0.00051 -0.00003 0.00084
198023.366 0.00061 -0.00024 0.00047
198023.370 0.00199 -0.00105 0.00082
198023.374 0.00129 0.00054 0.00016
198023.378 0.00246 -0.00024 0.00014
198023.382 0.00232 -0.00028 0.00087
198023.386 0.00169 0.00012 0.00079
198023.390 0.00136 -0.00079 -0.00030
198023.394 0.00113 -0.00164 -0.00042
198023.398 0.00061 -0.00080 -0.00061
198023.402 0.00140 -0.00119 0.00009
198023.406 0.00190 -0.00113 -0.00031
198023.410 0.00066 -0.00173 -0.00073
198023.414 0.00110 -0.00188 -0.00113
198023.418 0.00182 -0.00072 0.00009
198023.422 0.00094 -0.00012 0.00147
198023.426 0.00162 -0.00086 -0.00010
198023.430 0.00105 -0.00105 -0.00068
198023.434 0.00014 -0.00080 -0.00007
198023.438 0.00037 0.00000 0.00052
198023.442 0.00147 -0.00202 -0.00005
198023.446 0.00147 -0.00152 0.00052
198023.450 0.00145 -0.00122 -0.00066
198023.454 0.00161 -0.00129 0.00021
198023.458 0.00119 -0.00087 0.00091
198023.462 0.00094 -0.00030 0.00033
198023.466 0.00058 -0.00061 -0.00101
198023.470 0.00061 -0.00099 -0.00077
198023.474 0.00124 -0.00065 0.00003
198023.478 0.00140 -0.00115 -0.00003
198023.482 0.00099 -0.00052 -0.00051
198023.486 0.00164 -0.00007 -0.00017
198023.490 0.00134 -0.00009 0.00049
198023.494 0.00113 -0.00070 0.00007
198023.498 0.00077 -0.00026 -0.00063
198023.502 0.00143 -0.00075 -0.00007
198023.506 0.00040 -0.00103 -0.00021
198023.510 0.00058 -0.00003 -0.00040
198023.514 0.00108 0.00005 0.00028
198023.518 0.00257 -0.00052 0.00047
198023.522 0.00220 -0.00080 0.00082
198023.526 0.00180 -0.00164 0.00030
198023.530 0.00140 -0.00171 -0.00010
198023.534 0.00038 -0.00098 -0.00007
198023.538 0.00103 -0.00063 0.00007
198023.542 0.00075 0.00003 0.00072
198023.546 0.00066 0.00007 0.00087
198023.550 0.00110 -0.00216 0.00017
198023.554 0.00106 -0.00094 0.00028
198023.558 0.00150 -0.00063 0.00002
198023.562 0.00087 0.00035 0.00086
198023.566 0.00010 -0.00028 0.00002
198023.570 0.00065 0.00000 0.00024
198023.574 0.00215 -0.00068 0.00061
198023.578 0.00194 -0.00040 -0.00003
198023.582 0.00007 -0.00079 -0.00021
198023.586 0.00005 -0.00194 -0.00040
198023.591 0.00094 -0.00089 0.00028
198023.594 0.00147 -0.00166 0.00031
198023.598 0.00161 -0.00096 0.00002
198023.602 0.00195 -0.00063 -0.00079
198023.606 0.00175 -0.00161 0.00002
198023.610 0.00017 -0.00079 0.00026
198023.614 0.00037 -0.00059 -0.00012
198023.618 0.00072 -0.00098 0.00126
198023.622 0.00096 -0.00094 0.00012
198023.626 0.00119 -0.00047 0.00042
198023.630 0.00108 -0.00065 0.00080
198023.634 0.00106 -0.00086 -0.00028
198023.638 0.00105 -0.00045 -0.00042
198023.642 0.00134 -0.00035 0.00012
198023.646 0.00127 -0.00108 -0.00031
198023.650 0.00066 -0.00185 -0.00148
198023.654 0.00049 -0.00131 -0.00014
198023.658 0.00075 -0.00012 -0.00052
198023.662 0.00143 -0.00072 0.00024
198023.666 0.00086 -0.00087 0.00016
198023.670 0.00084 -0.00045 0.00044
198023.674 0.00070 -0.00051 0.00035
198023.678 0.00021 -0.00035 0.00049
198023.682 0.00098 -0.00138 0.00098
198023.686 0.00073 -0.00044 0.00035
198023.690 0.00007 -0.00110 0.00154
198023.694 0.00035 -0.00126 0.00110
198023.698 0.00026 -0.00147 0.00127
198023.702 0.00099 -0.00152 0.00044
198023.706 0.00194 0.00087 -0.00024
198023.710 0.00098 -0.00075 0.00079
198023.714 0.00087 -0.00058 0.00030
198023.718 0.00056 -0.00023 0.00047
198023.722 0.00031 -0.00164 -0.00023
198023.726 0.00010 -0.00155 0.00019
198023.730 0.00035 -0.00063 -0.00091
198023.734 -0.00002 -0.00054 -0.00087
198023.738 0.00077 0.00037 0.00106
198023.742 0.00007 -0.00119 -0.00051
198023.746 0.00035 -0.00098 -0.00033
198023.750 0.00042 -0.00063 -0.00058
198023.754 0.00209 -0.00115 0.00024
198023.758 0.00101 -0.00157 0.00000
198023.762 0.00075 -0.00185 -0.00005
198023.766 0.00066 -0.00072 0.00009
198023.770 0.00065 -0.00162 -0.00063
198023.774 0.00140 -0.00065 -0.00037
198023.778 0.00054 -0.00054 -0.00014
198023.782 0.00047 -0.00082 -0.00054
198023.786 0.00150 -0.00059 -0.00065
198023.790 0.00101 -0.00084 -0.00005
198023.794 0.00014 -0.00150 0.00023
198023.798 0.00021 -0.00168 -0.00119
198023.802 0.00143 -0.00141 -0.00187
198023.806 0.00115 -0.00150 -0.00204
198023.810 0.00077 -0.00106 -0.00148
198023.814 0.00082 -0.00187 -0.00089
198023.818 0.00070 -0.00208 -0.00058
198023.822 0.00051 -0.00120 -0.00005
198023.826 -0.00073 -0.00161 0.00068
198023.830 -0.00045 -0.00110 -0.00061
198023.834 0.00051 -0.00141 -0.00082
198023.838 0.00136 -0.00030 -0.00010
198023.842 0.00159 -0.00045 -0.00023
198023.846 0.00134 -0.00126 0.00003
198023.850 0.00068 -0.00086 -0.00063
198023.854 0.00126 0.00028 -0.00037
198023.858 0.00155 0.00073 0.00030
198023.862 0.00087 0.00040 0.00047
198023.866 0.00056 -0.00042 0.00007
198023.870 0.00077 -0.00063 -0.00047
198023.874 0.00023 -0.00145 -0.00031
198023.878 0.00054 -0.00061 -0.00073
198023.882 0.00106 -0.00084 0.00019
198023.886 0.00091 -0.00150 0.00000
198023.890 0.00161 -0.00047 0.00070
198023.894 0.00089 -0.00080 -0.00061
198023.898 0.00176 -0.00089 -0.00037
198023.902 0.00169 0.00012 -0.00059
198023.906 0.00061 -0.00094 -0.00005
198023.910 -0.00040 -0.00183 -0.00037
198023.914 0.00112 -0.00086 0.00000
198023.918 0.00061 -0.00120 -0.00003
198023.922 0.00215 -0.00145 -0.00112
198023.926 0.00178 -0.00091 -0.00094
198023.930 0.00108 -0.00061 -0.00134
198023.934 0.00061 -0.00115 -0.00099
198023.939 0.00124 -0.00157 -0.00105
198023.942 0.00080 -0.00003 -0.00017
198023.946 0.00098 -0.00009 0.00019
198023.950 0.00044 -0.00070 -0.00075
198023.954 0.00028 0.00033 0.00065
198023.958 0.00145 -0.00028 -0.00047
198023.962 0.00101 -0.00061 -0.00063
198023.966 0.00134 -0.00068 -0.00051
198023.970 0.00023 -0.00145 -0.00079
198023.974 0.00038 -0.00016 0.00019
198023.978 0.00012 -0.00072 -0.00119
198023.982 0.00080 -0.00026 -0.00051
198023.986 0.00084 -0.00150 -0.00003
198023.990 0.00145 -0.00122 -0.00005
198023.994 0.00056 -0.00099 0.00082
198023.998 0.00061 -0.00049 0.00016
198024.002 0.00183 -0.00096 -0.00016
198024.006 0.00141 -0.00077 -0.00038
198024.010 0.00129 -0.00087 -0.00089
198024.014 0.00141 -0.00120 -0.00119
198024.018 0.00115 -0.00145 -0.00051
198024.022 0.00108 -0.00166 -0.00017
198024.026 0.00061 0.00038 -0.00009
198024.030 0.00063 -0.00133 -0.00066
198024.034 0.00094 -0.00042 -0.00052
198024.038 0.00072 -0.00154 -0.00124
198024.042 0.00173 -0.00199 -0.00143
198024.046 0.00017 -0.00164 -0.00086
198024.050 0.00037 -0.00051 -0.00058
198024.054 0.00012 0.00037 -0.00080
198024.058 0.00126 0.00002 -0.00070
198024.062 0.00201 0.00051 -0.00052
198024.066 0.00250 -0.00145 -0.00154
198024.070 0.00188 -0.00211 0.00000
198024.074 0.00248 -0.00063 -0.00049
198024.078 0.00098 -0.00054 -0.00063
198024.082 -0.00047 -0.00037 0.00023
198024.086 0.00005 -0.00063 -0.00148
198024.090 0.00033 -0.00115 -0.00044
198024.094 0.00042 -0.00052 -0.00031
198024.098 0.00089 0.00007 -0.00087
198024.102 0.00072 -0.00005 -0.00028
198024.106 0.00066 -0.00115 -0.00026
198024.110 0.00019 -0.00082 -0.00072
198024.114 0.00113 -0.00105 0.00035
198024.118 0.00122 -0.00096 -0.00024
198024.122 0.00065 -0.00047 0.00017
198024.126 0.00079 -0.00096 0.00030
198024.130 0.00038 -0.00108 -0.00042
198024.134 -0.00047 -0.00187 -0.00045
198024.138 0.00019 -0.00087 -0.00047
198024.142 -0.00021 -0.00166 0.00042
198024.146 0.00072 -0.00126 -0.00024
198024.150 0.00080 -0.00010 -0.00056
198024.154 0.00143 0.00003 -0.00080
198024.158 0.00131 0.00037 0.00079
198024.162 0.00037 -0.00012 0.00075
198024.166 0.00026 -0.00101 0.00073
198024.170 0.00084 -0.00110 -0.00120
198024.174 0.00159 -0.00201 -0.00037
198024.178 0.00180 -0.00271 -0.00059
198024.182 0.00094 -0.00183 0.00129
198024.186 0.00072 -0.00086 0.00012
198024.190 0.00141 -0.00105 -0.00031
198024.194 0.00145 -0.00155 -0.00042
198024.198 0.00099 -0.00079 -0.00045
198024.202 0.00073 -0.00103 -0.00122
198024.206 0.00127 -0.00005 -0.00052
198024.210 0.00126 -0.00084 -0.00017
198024.214 0.00019 -0.00134 -0.00129
198024.218 0.00188 -0.00073 -0.00084
198024.222 0.00173 -0.00133 -0.00131
198024.226 0.00047 -0.00072 -0.00175
198024.230 0.00059 -0.00131 -0.00080
198024.234 0.00079 -0.00178 0.00017
198024.238 0.00068 -0.00145 -0.00089
198024.242 0.00035 0.00000 -0.00028
198024.246 0.00042 0.00051 -0.00042
198024.250 0.00089 0.00005 -0.00061
198024.254 0.00101 -0.00066 -0.00065
198024.258 0.00044 -0.00131 0.00007
198024.262 0.00134 -0.00178 -0.00122
198024.266 0.00173 -0.00159 -0.00052
198024.270 0.00093 -0.00155 -0.00079
198024.274 0.00176 -0.00122 -0.00086
198024.278 0.00094 -0.00176 -0.00147
198024.282 0.00058 -0.00038 -0.00028
198024.286 0.00122 -0.00079 -0.00072
198024.291 0.00124 0.00000 -0.00023
198024.294 0.00140 -0.00037 0.00017
198024.298 0.00145 -0.00033 -0.00045
198024.302 0.00131 -0.00075 -0.00016
198024.306 0.00173 -0.00028 -0.00099
198024.310 0.00047 0.00028 -0.00061
198024.314 0.00075 -0.00045 -0.00035
198024.318 0.00098 -0.00110 -0.00014
198024.322 0.00058 -0.00127 -0.00038
198024.326 0.00197 -0.00056 -0.00045
198024.330 0.00220 -0.00052 -0.00002
198024.334 0.00166 -0.00112 -0.00094
198024.338 0.00166 -0.00157 0.00000
198024.342 0.00075 -0.00110 -0.00080
198024.346 0.00127 -0.00126 0.00049
198024.350 0.00155 -0.00101 -0.00096
198024.354 0.00119 -0.00049 -0.00045
198024.358 0.00229 -0.00065 -0.00122
198024.362 0.00122 -0.00070 -0.00037
198024.366 0.00110 -0.00040 0.00000
198024.370 0.00016 -0.00108 -0.00035
198024.374 0.00112 -0.00051 -0.00044
198024.378 0.00152 -0.00037 0.00058
198024.382 0.00162 -0.00047 0.00024
198024.386 0.00225 -0.00110 0.00045
198024.390 0.00257 -0.00066 -0.00038
198024.394 0.00175 -0.00145 -0.00030
198024.398 0.00108 -0.00030 -0.00042
198024.402 0.00061 -0.00075 0.00012
198024.406 0.00003 -0.00058 0.00058
198024.410 0.00168 -0.00175 -0.00065
198024.414 0.00227 -0.00023 -0.00066
198024.418 0.00122 -0.00089 -0.00023
198024.422 0.00124 -0.00106 0.00019
198024.426 0.00110 -0.00171 -0.00105
198024.430 0.00045 -0.00248 -0.00077
198024.434 0.00075 -0.00073 0.00019
198024.438 0.00112 -0.00026 -0.00014
198024.442 0.00091 -0.00089 -0.00068
198024.446 0.00101 -0.00197 -0.00098
198024.450 0.00089 -0.00209 -0.00120
198024.454 0.00161 -0.00108 -0.00021
198024.458 0.00120 -0.00155 -0.00056
198024.462 0.00079 -0.00154 0.00024
198024.466 0.00068 -0.00047 0.00045
198024.470 0.00035 -0.00110 -0.00052
198024.474 0.00087 -0.00082 -0.00017
198024.478 0.00131 -0.00105 -0.00009
198024.482 0.00127 -0.00110 -0.00052
198024.486 0.00110 -0.00157 -0.00033
198024.490 0.00075 -0.00094 -0.00058
198024.494 0.00068 -0.00061 -0.00051
198024.498 0.00155 -0.00115 -0.00093
198024.502 0.00044 -0.00082 -0.00073
198024.506 0.00103 -0.00044 -0.00084
198024.510 0.00150 -0.00169 -0.00042
198024.514 0.00192 -0.00141 -0.00030
198024.518 0.00113 -0.00059 -0.00117
198024.522 0.00093 -0.00220 -0.00126
198024.526 0.00192 -0.00140 -0.00052
198024.530 0.00202 -0.00030 0.00056
198024.534 0.00145 -0.00016 0.00009
198024.538 0.00101 0.00017 -0.00033
198024.542 -0.00030 0.00010 0.00091
198024.546 -0.00035 -0.00019 0.00017
198024.550 0.00098 -0.00012 0.00105
198024.554 -0.00016 0.00002 -0.00082
198024.558 0.00028 -0.00082 -0.00101
198024.562 0.00054 -0.00014 -0.00168
198024.566 0.00077 -0.00117 -0.00079
198024.570 0.00173 -0.00159 -0.00054
198024.574 0.00213 -0.00169 -0.00124
198024.578 0.00178 -0.00127 -0.00098
198024.582 0.00169 -0.00131 -0.00120
198024.586 0.00168 -0.00087 -0.00126
198024.590 0.00166 -0.00136 -0.00113
198024.594 0.00061 -0.00073 -0.00019
198024.598 0.00003 -0.00072 0.00033
198024.602 0.00079 -0.00072 -0.00010
198024.606 0.00129 -0.00117 -0.00037
198024.610 0.00112 -0.00113 0.00000
198024.614 0.00091 -0.00052 -0.00065
198024.618 0.00222 -0.00066 -0.00051
198024.622 0.00120 -0.00222 -0.00108
198024.626 0.00049 -0.00171 -0.00017
198024.630 0.00030 -0.00202 -0.00204
198024.634 0.00115 -0.00091 -0.00044
198024.639 0.00108 -0.00047 0.00073
198024.642 0.00091 -0.00155 -0.00061
198024.646 0.00162 -0.00049 -0.00096
198024.650 0.00105 -0.00140 -0.00089
198024.654 0.00150 -0.00209 -0.00044
198024.658 0.00133 -0.00077 -0.00031
198024.662 0.00082 -0.00012 -0.00042
198024.666 0.00068 -0.00026 -0.00045
198024.670 0.00141 -0.00150 -0.00002
198024.674 0.00099 -0.00106 0.00084
198024.678 0.00134 -0.00157 0.00016
198024.682 0.00082 -0.00108 -0.00061
198024.686 -0.00019 0.00007 -0.00035
198024.690 -0.00077 -0.00126 0.00059
198024.694 0.00042 -0.00040 0.00056
198024.698 0.00044 -0.00183 -0.00094
198024.702 0.00148 -0.00131 -0.00045
198024.706 0.00162 -0.00117 -0.00031
198024.710 0.00105 -0.00218 0.00000
198024.714 0.00134 0.00009 -0.00003
198024.718 0.00173 -0.00094 -0.00096
198024.722 0.00138 -0.00047 -0.00120
198024.726 0.00099 -0.00094 -0.00051
198024.730 0.00164 -0.00108 -0.00154
198024.734 0.00180 -0.00051 -0.00030
198024.738 0.00169 -0.00126 -0.00026
198024.742 0.00031 -0.00026 -0.00103
198024.746 0.00086 0.00014 -0.00091
198024.750 0.00054 -0.00049 -0.00073
198024.754 0.00093 -0.00110 -0.00054
198024.758 0.00086 -0.00052 -0.00049
198024.762 0.00222 -0.00066 -0.00017
198024.766 0.00120 -0.00054 0.00003
198024.770 0.00079 -0.00113 0.00026
198024.774 0.00113 -0.00037 0.00000
198024.778 0.00077 -0.00077 0.00054
198024.782 0.00218 -0.00044 0.00023
198024.786 0.00075 -0.00079 0.00000
198024.790 0.00082 -0.00059 -0.00169
198024.794 0.00113 -0.00113 -0.00110
198024.798 0.00108 -0.00082 -0.00093
198024.802 0.00166 -0.00166 -0.00014
198024.806 0.00166 -0.00096 0.00080
198024.810 0.00182 -0.00213 -0.00089
198024.814 0.00140 -0.00124 -0.00012
198024.818 0.00113 -0.00070 -0.00009
198024.822 0.00031 -0.00147 0.00052
198024.826 0.00026 -0.00016 0.00098
198024.830 0.00113 -0.00012 0.00019
198024.834 0.00093 -0.00101 0.00044
198024.838 0.00056 -0.00035 0.00037
198024.842 0.00122 0.00058 -0.00054
198024.846 0.00185 -0.00082 -0.00049
198024.850 0.00141 -0.00089 -0.00047
198024.854 0.00113 -0.00106 0.00042
198024.858 0.00108 -0.00126 0.00035
198024.862 0.00061 -0.00040 0.00094
198024.866 0.00017 -0.00093 -0.00024
198024.870 -0.00007 -0.00063 -0.00010
198024.874 0.00091 -0.00188 -0.00068
198024.878 0.00072 -0.00087 -0.00023
198024.882 0.00126 -0.00136 -0.00101
198024.886 0.00005 -0.00014 0.00028
198024.890 0.00049 -0.00131 -0.00026
198024.894 0.00016 -0.00087 -0.00087
198024.898 0.00037 -0.00152 -0.00042
198024.902 0.00072 -0.00168 -0.00061
198024.906 0.00112 -0.00141 -0.00051
198024.910 0.00136 -0.00030 -0.00063
198024.914 0.00279 -0.00136 0.00023
198024.918 0.00136 -0.00073 0.00030
198024.922 0.00023 -0.00178 -0.00026
198024.926 0.00113 -0.00129 -0.00026
198024.930 0.00031 -0.00312 -0.00087
198024.934 0.00072 -0.00059 -0.00028
198024.938 0.00066 -0.00113 0.00122
198024.942 0.00080 -0.00159 0.00117
198024.946 0.00143 -0.00079 0.00129
198024.950 0.00040 -0.00162 -0.00045
198024.954 0.00119 -0.00080 0.00026
198024.958 0.00063 -0.00103 -0.00073
198024.962 0.00094 -0.00140 0.00019
198024.966 0.00101 -0.00105 0.00000
198024.970 0.00073 -0.00110 0.00024
198024.974 0.00098 -0.00037 -0.00012
198024.978 0.00103 -0.00002 0.00021
198024.982 0.00105 -0.00038 0.00150
198024.986 0.00089 -0.00077 0.00033
198024.991 0.00101 -0.00103 0.00003
198024.994 0.00073 -0.00035 0.00070
198024.998 0.00127 -0.00106 -0.00031
198025.002 0.00185 -0.00066 0.00016
198025.006 0.00066 -0.00131 -0.00045
198025.010 0.00126 -0.00072 0.00087
198025.014 0.00155 -0.00042 -0.00042
198025.018 0.00087 -0.00079 -0.00016
198025.022 0.00010 -0.00044 -0.00068
198025.026 0.00051 -0.00079 0.00021
198025.030 0.00061 -0.00089 0.00059
198025.034 0.00124 -0.00045 0.00086
198025.038 0.00126 -0.00080 -0.00058
198025.042 0.00035 -0.00119 -0.00110
198025.046 0.00042 -0.00113 -0.00124
198025.050 0.00014 -0.00127 -0.00157
198025.054 0.00035 -0.00147 -0.00061
198025.058 0.00147 -0.00045 -0.00005
198025.062 0.00147 -0.00019 -0.00051
198025.066 0.00101 -0.00089 0.00026
198025.070 0.00134 -0.00106 0.00016
198025.074 0.00202 -0.00155 -0.00059
198025.078 0.00190 -0.00229 -0.00141
198025.082 0.00112 -0.00279 -0.00042
198025.086 0.00106 -0.00065 -0.00045
198025.090 0.00045 -0.00099 0.00026
198025.094 0.00030 -0.00110 -0.00058
198025.098 0.00086 -0.00005 0.00038
198025.102 -0.00003 -0.00024 -0.00009
198025.106 0.00016 -0.00075 0.00007
198025.110 0.00112 -0.00087 -0.00017
198025.114 0.00122 -0.00061 0.00049
198025.118 0.00065 -0.00098 -0.00021
198025.122 0.00049 -0.00140 -0.00024
198025.126 0.00091 -0.00194 0.00077
198025.130 0.00131 -0.00014 -0.00014
198025.134 0.00096 -0.00056 -0.00113
198025.138 0.00000 -0.00082 -0.00035
198025.142 0.00002 -0.00089 0.00030
198025.146 -0.00010 0.00000 0.00002
198025.150 0.00089 -0.00023 -0.00003
198025.154 0.00040 -0.00119 -0.00066
198025.158 0.00148 -0.00084 -0.00037
198025.162 0.00072 -0.00180 -0.00059
198025.166 0.00051 -0.00161 -0.00051
198025.170 0.00075 -0.00185 -0.00093
198025.174 0.00068 -0.00222 0.00030
198025.178 0.00080 -0.00187 -0.00026
198025.182 0.00113 -0.00147 -0.00087
198025.186 0.00047 -0.00045 0.00045
198025.190 0.00134 -0.00035 -0.00037
198025.194 0.00082 -0.00061 0.00075
198025.198 0.00175 -0.00068 0.00000
198025.202 0.00199 -0.00176 -0.00035
198025.206 0.00190 -0.00143 -0.00044
198025.210 0.00112 -0.00136 -0.00045
198025.214 0.00031 -0.00028 -0.00047
198025.218 0.00131 -0.00059 -0.00093
198025.222 0.00157 -0.00038 -0.00028
198025.226 0.00059 -0.00154 0.00031
198025.230 0.00047 -0.00154 -0.00072
198025.234 0.00059 -0.00047 0.00005
198025.238 0.00047 -0.00140 0.00026
198025.242 0.00150 -0.00044 -0.00073
198025.246 0.00147 0.00009 -0.00009
198025.250 0.00131 -0.00065 -0.00023
198025.254 0.00037 -0.00145 -0.00040
198025.258 0.00101 -0.00075 -0.00016
198025.262 0.00119 -0.00058 -0.00099
198025.266 0.00094 -0.00023 0.00000
198025.270 0.00117 -0.00134 -0.00035
198025.274 0.00168 -0.00178 0.00030
198025.278 0.00182 -0.00204 0.00093
198025.282 0.00110 -0.00045 0.00063
198025.286 0.00120 -0.00110 0.00026
198025.290 0.00049 -0.00005 -0.00103
198025.294 0.00120 -0.00099 -0.00045
198025.298 0.00154 -0.00110 -0.00002
198025.302 0.00042 -0.00096 -0.00051
198025.306 0.00073 -0.00079 -0.00047
198025.310 0.00021 -0.00194 -0.00063
198025.314 0.00082 -0.00148 0.00023
198025.318 0.00175 -0.00031 -0.00058
198025.322 0.00108 -0.00077 0.00099
198025.326 0.00030 -0.00028 0.00021
198025.330 0.00024 -0.00045 0.00014
198025.334 0.00099 -0.00110 -0.00030
198025.339 0.00103 0.00037 0.00031
198025.342 0.00089 0.00016 0.00063
198025.346 0.00176 -0.00063 0.00056
198025.350 0.00154 -0.00129 -0.00035
198025.354 0.00073 -0.00176 0.00000
198025.358 0.00021 -0.00129 -0.00019
198025.362 0.00127 -0.00012 -0.00024
198025.366 0.00066 -0.00024 0.00017
198025.370 0.00169 -0.00120 -0.00075
198025.374 0.00168 -0.00009 0.00019
198025.378 0.00152 -0.00161 0.00075
198025.382 0.00117 0.00024 -0.00075
198025.386 0.00033 -0.00077 -0.00038
198025.390 0.00010 -0.00117 -0.00016
198025.394 -0.00009 -0.00054 0.00051
198025.398 0.00134 -0.00037 0.00052
198025.402 0.00143 -0.00077 -0.00037
198025.406 0.00054 0.00031 0.00030
198025.410 0.00002 -0.00030 0.00031
198025.414 0.00169 -0.00045 0.00031
198025.418 0.00227 -0.00005 0.00033
198025.422 0.00197 -0.00084 0.00108
198025.426 0.00129 -0.00150 -0.00007
198025.430 0.00157 -0.00093 0.00007
198025.434 0.00119 -0.00091 0.00056
198025.438 0.00124 -0.00136 -0.00049
198025.442 0.00169 -0.00089 -0.00017
198025.446 0.00106 -0.00075 -0.00054
198025.450 0.00120 -0.00087 -0.00033
198025.454 0.00124 0.00000 0.00045
198025.458 0.00080 -0.00068 -0.00052
198025.462 0.00098 -0.00161 -0.00093
198025.466 0.00058 -0.00155 -0.00150
198025.470 0.00122 -0.00108 -0.00028
198025.474 0.00201 -0.00066 -0.00042
198025.478 0.00129 -0.00086 -0.00091
198025.482 0.00202 0.00000 -0.00089
198025.486 0.00220 -0.00127 0.00000
198025.490 0.00150 -0.00131 -0.00049
198025.494 0.00056 -0.00026 0.00010
198025.498 0.00108 0.00030 0.00103
198025.502 0.00166 -0.00014 -0.00038
198025.506 0.00195 0.00016 0.00044
198025.510 0.00220 -0.00047 -0.00023
198025.514 0.00195 -0.00096 0.00033
198025.518 0.00234 -0.00154 0.00033
198025.522 0.00124 -0.00168 0.00033
198025.526 0.00094 -0.00202 -0.00010
198025.530 0.00058 -0.00091 0.00005
198025.534 0.00122 -0.00122 0.00040
198025.538 0.00124 -0.00086 0.00126
198025.542 0.00049 -0.00075 0.00087
198025.546 0.00061 -0.00133 0.00031
198025.550 0.00049 -0.00103 -0.00056
198025.554 0.00120 -0.00094 -0.00049
198025.558 0.00124 -0.00093 0.00026
198025.562 0.00080 -0.00122 -0.00012
198025.566 0.00052 -0.00115 0.00005
198025.570 0.00152 -0.00023 0.00040
198025.574 0.00162 -0.00103 0.00019
198025.578 0.00105 -0.00126 0.00014
198025.582 0.00044 -0.00086 0.00058
198025.586 0.00028 0.00000 -0.00019
198025.590 0.00131 -0.00052 -0.00099
198025.594 0.00082 -0.00007 0.00012
198025.598 0.00145 -0.00070 -0.00031
198025.602 0.00070 -0.00131 0.00000
198025.606 0.00080 -0.00087 -0.00035
198025.610 0.00038 -0.00106 0.00089
198025.614 0.00103 -0.00155 0.00079
198025.618 0.00120 -0.00108 -0.00014
198025.622 0.00033 -0.00112 -0.00084
198025.626 0.00056 0.00068 -0.00086
198025.630 0.00063 0.00009 0.00002
198025.634 0.00140 -0.00096 0.00054
198025.638 0.00113 -0.00154 -0.00051
198025.642 0.00138 -0.00183 -0.00002
198025.646 0.00188 -0.00131 0.00009
198025.650 0.00066 -0.00297 -0.00063
198025.654 0.00155 -0.00086 -0.00037
198025.658 0.00208 -0.00045 0.00045
198025.662 0.00087 -0.00080 0.00037
198025.666 0.00070 0.00000 0.00019
198025.670 0.00066 -0.00113 0.00073
198025.674 0.00019 -0.00112 0.00044
198025.678 0.00052 -0.00157 0.00096
198025.682 0.00152 -0.00079 0.00094
198025.686 0.00208 -0.00119 0.00079
198025.691 0.00162 -0.00099 0.00030
198025.693 0.00089 -0.00063 -0.00072
198025.698 0.00056 -0.00024 -0.00009
198025.702 0.00047 -0.00028 -0.00052
198025.706 0.00075 -0.00061 -0.00017
198025.710 0.00066 -0.00084 -0.00054
198025.714 0.00019 0.00000 0.00010
198025.718 0.00098 -0.00143 -0.00031
198025.722 0.00148 0.00014 0.00075
198025.726 0.00176 -0.00035 -0.00014
198025.730 0.00079 -0.00182 -0.00038
198025.734 0.00082 -0.00115 -0.00075
198025.738 0.00145 -0.00127 -0.00024
198025.742 0.00115 -0.00131 0.00079
198025.746 0.00197 -0.00208 -0.00014
198025.750 0.00204 -0.00168 -0.00009
198025.754 0.00222 -0.00021 0.00037
198025.758 0.00120 0.00091 -0.00009
198025.762 0.00065 -0.00044 -0.00082
198025.766 0.00019 0.00009 -0.00010
198025.770 0.00052 -0.00110 0.00037
198025.774 0.00031 -0.00051 0.00065
198025.778 0.00010 -0.00066 0.00042
198025.782 0.00155 -0.00101 -0.00024
198025.786 0.00103 -0.00079 -0.00101
198025.790 0.00105 -0.00014 -0.00091
198025.794 0.00119 -0.00026 -0.00103
198025.798 0.00094 -0.00120 -0.00061
198025.802 0.00087 -0.00113 -0.00096
198025.806 0.00099 -0.00173 -0.00089
198025.810 0.00148 -0.00159 -0.00028
198025.814 0.00162 -0.00154 -0.00042
198025.818 0.00089 -0.00138 -0.00075
198025.822 0.00086 -0.00073 -0.00040
198025.826 0.00099 -0.00117 -0.00030
198025.830 0.00073 -0.00023 -0.00058
198025.834 0.00127 -0.00134 0.00009
198025.838 0.00110 -0.00133 0.00087
198025.842 0.00136 -0.00058 0.00047
198025.846 0.00143 -0.00098 0.00007
198025.850 0.00175 -0.00108 -0.00093
198025.854 0.00154 -0.00037 -0.00119
198025.858 0.00192 -0.00047 0.00007
198025.862 0.00143 -0.00065 0.00056
198025.866 0.00115 0.00003 -0.00019
198025.870 0.00138 -0.00096 0.00019
198025.874 0.00038 -0.00047 0.00014
198025.878 0.00087 -0.00201 -0.00120
198025.882 0.00070 -0.00195 -0.00037
198025.886 0.00126 0.00016 -0.00014
198025.890 0.00171 -0.00140 0.00035
198025.894 0.00227 -0.00030 -0.00115
198025.898 0.00211 0.00014 0.00009
198025.902 0.00164 -0.00108 -0.00017
198025.906 0.00045 -0.00127 -0.00038
198025.910 0.00030 0.00017 -0.00091
198025.914 0.00056 -0.00002 -0.00012
198025.918 0.00031 -0.00084 -0.00068
198025.922 -0.00003 0.00000 -0.00082
198025.926 0.00182 -0.00127 -0.00010
198025.930 0.00140 -0.00117 -0.00023
198025.934 0.00129 -0.00007 -0.00040
198025.938 0.00021 -0.00024 0.00000
198025.942 0.00038 -0.00150 0.00023
198025.946 0.00042 -0.00122 -0.00044
198025.950 0.00089 -0.00054 -0.00091
198025.954 0.00086 0.00021 -0.00044
198025.958 0.00070 -0.00136 -0.00091
198025.962 0.00096 -0.00209 -0.00058
198025.966 0.00058 -0.00138 -0.00051
198025.970 0.00002 -0.00028 0.00010
198025.974 0.00108 0.00000 -0.00016
198025.978 0.00075 -0.00113 -0.00038
198025.982 0.00007 -0.00082 -0.00014
198025.986 -0.00024 -0.00164 -0.00023
198025.990 0.00056 -0.00005 0.00047
198025.994 0.00061 -0.00113 -0.00005
198025.998 0.00094 -0.00068 -0.00052
198026.002 0.00192 -0.00115 -0.00154
198026.006 0.00068 -0.00052 -0.00059
198026.010 0.00065 0.00007 0.00038
198026.014 0.00094 -0.00051 0.00019
198026.018 0.00192 -0.00052 -0.00030
198026.022 0.00143 -0.00051 -0.00042
198026.026 0.00175 -0.00157 0.00073
198026.030 0.00229 -0.00124 0.00014
198026.034 0.00077 -0.00070 -0.00120
198026.039 0.00082 0.00002 -0.00037
198026.042 0.00054 -0.00112 -0.00014
198026.046 0.00061 -0.00173 0.00066
198026.050 0.00199 -0.00127 -0.00063
198026.054 0.00113 -0.00161 0.00068
198026.058 0.00168 -0.00110 0.00026
198026.062 0.00077 -0.00112 -0.00058
198026.066 0.00188 0.00007 0.00024
198026.070 0.00141 -0.00005 -0.00058
198026.074 0.00040 -0.00009 0.00113
198026.078 0.00058 0.00019 0.00038
198026.082 0.00017 -0.00063 0.00035
198026.086 0.00112 -0.00084 0.00003
198026.090 0.00213 0.00014 0.00070
198026.094 0.00012 -0.00169 0.00012
198026.098 0.00021 -0.00143 -0.00031
198026.102 0.00159 0.00000 0.00016
198026.106 0.00058 -0.00052 0.00000
198026.110 0.00154 -0.00082 0.00054
198026.114 0.00162 -0.00089 -0.00005
198026.118 0.00180 -0.00031 -0.00066
198026.122 0.00094 -0.00182 -0.00066
198026.126 0.00072 -0.00281 -0.00052
198026.130 0.00171 -0.00112 -0.00124
198026.134 0.00183 -0.00141 -0.00157
198026.138 0.00171 -0.00044 -0.00091
198026.142 0.00138 -0.00065 -0.00073
198026.146 0.00068 -0.00040 0.00035
198026.150 0.00141 -0.00047 0.00017
198026.154 0.00113 -0.00126 0.00119
198026.158 0.00047 -0.00040 0.00086
198026.162 0.00166 -0.00033 0.00002
198026.166 0.00136 -0.00166 -0.00003
198026.170 0.00159 -0.00112 0.00009
198026.174 0.00089 -0.00127 -0.00077
198026.178 0.00115 -0.00101 0.00003
198026.182 0.00152 -0.00124 -0.00033
198026.186 0.00178 -0.00024 -0.00028
198026.190 0.00140 -0.00120 0.00017
198026.194 0.00175 -0.00009 -0.00091
198026.198 0.00213 0.00049 -0.00058
198026.202 0.00239 -0.00070 -0.00126
198026.206 0.00110 -0.00040 -0.00068
198026.210 0.00136 0.00024 0.00066
198026.214 0.00084 -0.00045 -0.00002
198026.218 0.00054 0.00009 0.00084
198026.222 0.00168 -0.00065 -0.00028
198026.226 0.00166 0.00033 -0.00058
198026.230 0.00106 -0.00119 -0.00003
198026.234 0.00045 -0.00145 -0.00005
198026.238 0.00089 0.00028 -0.00021
198026.242 0.00070 0.00089 -0.00040
198026.246 0.00112 -0.00044 0.00089
198026.250 0.00152 -0.00110 0.00108
198026.254 0.00162 -0.00141 0.00082
198026.258 0.00045 -0.00059 0.00000
198026.262 0.00089 0.00065 -0.00035
198026.266 0.00040 -0.00021 -0.00059
198026.270 0.00103 -0.00058 0.00084
198026.274 0.00014 -0.00143 0.00031
198026.278 0.00066 -0.00091 0.00063
198026.282 0.00065 -0.00031 0.00026
198026.286 0.00185 -0.00016 0.00061
198026.290 0.00171 0.00016 -0.00019
198026.294 0.00077 0.00010 -0.00009
198026.298 0.00098 -0.00035 -0.00112
198026.302 0.00042 -0.00138 0.00054
198026.306 0.00105 -0.00058 0.00129
198026.310 0.00059 -0.00129 0.00012
198026.314 0.00093 -0.00192 0.00087
198026.318 0.00133 0.00002 -0.00026
198026.322 0.00218 -0.00007 -0.00058
198026.326 0.00119 -0.00040 -0.00110
198026.330 0.00229 -0.00003 -0.00094
198026.334 0.00197 -0.00023 -0.00105
198026.338 0.00145 -0.00164 -0.00136
198026.342 0.00145 -0.00157 -0.00101
198026.346 0.00131 -0.00079 -0.00030
198026.350 -0.00007 -0.00209 0.00045
198026.354 0.00016 -0.00138 -0.00023
198026.358 -0.00037 -0.00044 -0.00040
198026.362 0.00052 -0.00094 -0.00045
198026.366 0.00152 -0.00122 -0.00047
198026.370 0.00148 -0.00056 -0.00002
198026.374 0.00026 -0.00098 -0.00065
198026.378 0.00145 -0.00093 0.00082
198026.382 0.00251 -0.00122 -0.00073
198026.386 0.00159 -0.00040 -0.00099
198026.391 0.00089 -0.00033 -0.00061
198026.394 0.00131 -0.00091 -0.00035
198026.398 0.00173 -0.00093 -0.00014
198026.402 0.00047 -0.00031 -0.00054
198026.406 0.00075 -0.00136 -0.00140
198026.410 0.00127 -0.00134 -0.00115
198026.414 0.00155 -0.00162 -0.00110
198026.418 0.00164 -0.00171 -0.00017
198026.422 0.00136 -0.00187 -0.00084
198026.426 0.00082 -0.00133 -0.00026
198026.430 -0.00035 -0.00162 -0.00010
198026.434 -0.00005 -0.00141 -0.00023
198026.438 0.00091 -0.00134 -0.00115
198026.442 0.00115 -0.00194 -0.00035
198026.446 0.00168 -0.00164 -0.00073
198026.450 0.00166 -0.00080 -0.00009
198026.454 0.00241 -0.00148 -0.00021
198026.458 0.00246 -0.00093 0.00017
198026.462 0.00127 -0.00017 0.00014
198026.466 0.00051 -0.00072 0.00058
198026.470 0.00120 -0.00101 -0.00033
198026.474 0.00033 -0.00035 -0.00014
198026.478 0.00117 -0.00047 -0.00038
198026.482 0.00108 -0.00185 -0.00075
198026.486 0.00075 -0.00042 -0.00070
198026.490 0.00023 -0.00108 -0.00023
198026.494 0.00082 -0.00096 -0.00040
198026.498 0.00084 -0.00079 -0.00105
198026.502 0.00038 -0.00209 -0.00138
198026.506 0.00087 -0.00229 -0.00147
198026.510 0.00070 -0.00248 -0.00073
198026.514 0.00110 -0.00162 0.00019
198026.518 0.00152 -0.00051 0.00014
198026.522 0.00058 -0.00155 -0.00016
198026.526 0.00152 0.00010 0.00035
198026.530 0.00194 -0.00019 -0.00010
198026.534 0.00112 -0.00044 -0.00023
198026.538 0.00047 -0.00033 -0.00010
198026.542 0.00030 -0.00002 -0.00068
198026.546 0.00086 -0.00052 -0.00143
198026.550 0.00054 -0.00037 -0.00012
198026.554 0.00122 -0.00002 -0.00068
198026.558 0.00124 -0.00159 -0.00052
198026.562 0.00094 -0.00246 0.00010
198026.566 0.00117 -0.00117 0.00042
198026.570 0.00093 -0.00127 -0.00023
198026.574 0.00101 -0.00192 -0.00040
198026.578 0.00089 -0.00042 0.00012
198026.582 0.00099 -0.00033 0.00103
198026.586 0.00134 -0.00168 0.00141
198026.590 0.00112 -0.00082 0.00152
198026.594 0.00182 0.00000 0.00049
198026.598 0.00185 -0.00127 -0.00066
198026.602 0.00201 -0.00147 -0.00098
198026.606 0.00175 -0.00106 -0.00014
198026.610 0.00093 -0.00065 -0.00038
198026.614 0.00042 -0.00131 -0.00075
198026.618 0.00134 -0.00072 -0.00009
198026.622 0.00232 -0.00192 0.00021
198026.626 0.00154 -0.00223 0.00045
198026.630 0.00162 -0.00141 -0.00007
198026.634 0.00105 -0.00134 0.00037
198026.638 0.00061 -0.00194 -0.00009
198026.642 0.00108 -0.00103 -0.00007
198026.646 0.00106 -0.00049 -0.00112
198026.650 0.00180 -0.00112 -0.00035
198026.654 0.00140 -0.00007 -0.00044
198026.658 0.00113 -0.00145 -0.00031
198026.662 0.00152 -0.00182 0.00061
198026.666 0.00162 -0.00054 0.00056
198026.670 0.00091 -0.00037 0.00068
198026.674 0.00131 -0.00063 0.00117
198026.678 0.00098 0.00035 0.00056
198026.682 0.00103 0.00016 -0.00096
198026.686 0.00119 -0.00063 -0.00030
198026.690 0.00108 -0.00115 0.00031
198026.694 0.00257 -0.00143 -0.00040
198026.698 0.00175 -0.00150 0.00012
198026.702 0.00213 -0.00197 -0.00045
198026.706 0.00223 -0.00134 -0.00031
198026.710 0.00120 -0.00194 -0.00073
198026.714 0.00124 -0.00119 -0.00038
198026.718 0.00126 0.00005 0.00059
198026.722 0.00035 -0.00005 0.00054
198026.726 0.00056 -0.00024 -0.00005
198026.730 -0.00086 0.00044 -0.00021
198026.734 0.00024 0.00003 -0.00010
198026.739 0.00038 -0.00082 -0.00037
198026.742 0.00058 -0.00030 -0.00045
198026.746 0.00063 -0.00059 0.00012
198026.750 0.00065 -0.00250 0.00058
198026.754 0.00124 -0.00119 0.00054
198026.758 0.00215 -0.00099 0.00038
198026.762 0.00180 -0.00154 -0.00070
198026.766 0.00154 -0.00138 -0.00082
198026.770 0.00042 -0.00059 -0.00056
198026.774 0.00044 -0.00098 -0.00065
198026.778 0.00119 -0.00124 0.00037
198026.782 0.00094 -0.00086 -0.00054
198026.786 0.00087 0.00075 0.00009
198026.790 0.00099 -0.00079 0.00026
198026.794 0.00119 -0.00014 0.00091
198026.798 0.00049 -0.00010 -0.00010
198026.802 0.00180 -0.00131 -0.00143
198026.806 0.00126 -0.00058 -0.00072
198026.810 -0.00009 -0.00082 0.00051
198026.814 0.00164 -0.00075 0.00098
198026.818 0.00136 -0.00058 0.00080
198026.822 0.00084 -0.00098 -0.00134
198026.826 0.00129 -0.00108 -0.00070
198026.830 0.00112 -0.00127 -0.00038
198026.834 0.00061 0.00003 0.00059
198026.838 0.00108 -0.00007 0.00131
198026.842 0.00106 -0.00086 0.00089
198026.846 0.00091 -0.00091 0.00031
198026.850 0.00072 -0.00045 -0.00010
198026.854 0.00080 -0.00051 -0.00023
198026.858 0.00129 -0.00005 -0.00040
198026.862 0.00066 -0.00129 -0.00075
198026.866 0.00065 0.00017 -0.00054
198026.870 0.00126 -0.00093 -0.00094
198026.874 -0.00024 -0.00093 0.00014
198026.878 0.00086 -0.00093 0.00028
198026.882 0.00145 -0.00106 0.00002
198026.886 0.00115 -0.00110 0.00040
198026.890 0.00063 -0.00096 0.00140
198026.894 0.00094 -0.00079 0.00045
198026.898 0.00058 0.00016 -0.00052
198026.902 0.00017 -0.00049 -0.00049
198026.906 0.00127 -0.00021 0.00056
198026.910 0.00110 0.00106 0.00024
198026.914 0.00136 -0.00040 -0.00028
198026.918 0.00068 -0.00108 -0.00087
198026.922 0.00021 -0.00187 -0.00042
198026.926 0.00098 -0.00147 -0.00030
198026.930 0.00073 -0.00152 -0.00117
198026.934 0.00141 -0.00152 -0.00171
198026.938 0.00115 -0.00017 -0.00094
198026.942 0.00122 -0.00026 -0.00014
198026.946 0.00065 -0.00182 -0.00007
198026.950 0.00124 -0.00086 0.00021
198026.954 0.00155 -0.00120 0.00030
198026.958 0.00164 -0.00070 -0.00010
198026.962 0.00195 -0.00115 -0.00173
198026.966 0.00234 -0.00038 -0.00019
198026.970 0.00154 -0.00154 0.00079
198026.974 0.00058 -0.00108 -0.00028
198026.978 0.00079 -0.00080 -0.00028
198026.982 0.00007 -0.00164 0.00031
198026.986 0.00108 -0.00080 -0.00010
198026.990 0.00136 -0.00150 0.00035
198026.994 0.00084 -0.00168 0.00035
198026.998 0.00054 -0.00157 -0.00040
198027.002 0.00077 -0.00140 -0.00061
198027.007 0.00127 -0.00148 -0.00019
198027.010 0.00080 -0.00138 0.00108
198027.014 0.00098 -0.00058 0.00098
198027.018 0.00148 0.00035 0.00035
198027.022 0.00162 -0.00119 -0.00145
198027.026 0.00059 -0.00099 -0.00012
198027.030 0.00138 -0.00199 -0.00023
198027.034 0.00220 -0.00075 -0.00040
198027.038 0.00255 -0.00208 -0.00030
198027.042 0.00159 -0.00197 -0.00073
198027.046 0.00059 -0.00059 -0.00038
198027.050 0.00077 -0.00084 0.00119
198027.054 0.00159 -0.00059 0.00040
198027.058 0.00209 -0.00068 0.00065
198027.062 0.00162 -0.00131 0.00072
198027.066 0.00105 -0.00101 -0.00045
198027.070 0.00030 -0.00124 -0.00122
198027.074 0.00101 -0.00101 -0.00082
198027.078 -0.00016 -0.00063 -0.00010
198027.082 0.00103 -0.00010 0.00051
198027.086 0.00089 -0.00220 -0.00096
198027.091 0.00056 -0.00291 -0.00075
198027.094 0.00152 -0.00188 -0.00159
198027.098 0.00133 -0.00192 -0.00152
198027.102 0.00082 -0.00044 -0.00089
198027.106 0.00129 -0.00003 -0.00012
198027.110 0.00126 -0.00038 -0.00098
198027.114 0.00096 -0.00033 -0.00030
198027.118 0.00237 -0.00061 -0.00012
198027.122 0.00169 -0.00023 -0.00023
198027.126 0.00168 -0.00073 0.00003
198027.130 0.00152 -0.00101 0.00040
198027.134 0.00087 -0.00169 0.00035
198027.138 0.00040 -0.00052 0.00017
198027.142 0.00087 -0.00052 0.00000
198027.146 0.00101 0.00007 0.00024
198027.150 0.00103 -0.00126 -0.00028
198027.154 0.00059 -0.00101 -0.00117
198027.158 0.00093 -0.00049 -0.00005
198027.162 0.00042 -0.00187 0.00098
198027.166 0.00087 0.00017 0.00080
198027.170 0.00190 -0.00063 0.00045
198027.174 0.00173 -0.00038 0.00021
198027.178 0.00168 -0.00079 0.00000
198027.182 0.00136 -0.00028 -0.00003
198027.186 0.00113 -0.00075 -0.00021
198027.190 -0.00012 -0.00119 0.00003
198027.194 0.00089 -0.00159 0.00070
198027.198 0.00072 -0.00079 -0.00016
198027.202 0.00126 -0.00028 -0.00068
198027.206 0.00035 -0.00091 -0.00084
198027.210 0.00042 -0.00211 -0.00010
198027.214 0.00148 -0.00183 -0.00068
198027.218 0.00101 -0.00161 -0.00023
198027.222 0.00180 -0.00110 0.00049
198027.226 0.00169 -0.00171 -0.00082
198027.230 0.00168 -0.00082 -0.00072
198027.234 0.00182 -0.00134 -0.00052
198027.238 0.00155 -0.00087 0.00070
198027.242 0.00194 -0.00227 0.00073
198027.246 0.00188 -0.00157 0.00073
198027.250 0.00171 -0.00169 0.00073
198027.254 0.00168 -0.00112 0.00119
198027.258 0.00120 -0.00157 -0.00003
198027.262 0.00049 -0.00079 -0.00037
198027.266 0.00059 -0.00073 -0.00119
198027.270 -0.00010 -0.00133 -0.00021
198027.274 0.00044 0.00031 0.00079
198027.278 0.00164 -0.00134 0.00059
198027.282 0.00150 -0.00209 0.00101
198027.286 0.00131 -0.00168 -0.00038
198027.290 0.00023 -0.00187 -0.00105
198027.294 0.00127 -0.00222 -0.00093
198027.298 0.00141 -0.00201 -0.00103
198027.302 0.00115 -0.00195 -0.00106
198027.306 0.00213 -0.00058 -0.00079
198027.310 0.00194 -0.00159 -0.00070
198027.314 0.00098 -0.00110 0.00005
198027.318 0.00012 -0.00066 -0.00063
198027.322 0.00066 -0.00161 -0.00037
198027.326 0.00065 -0.00140 -0.00030
198027.330 0.00199 -0.00105 -0.00012
198027.334 0.00131 -0.00140 -0.00023
198027.338 0.00080 -0.00180 0.00003
198027.342 0.00113 -0.00115 -0.00033
198027.346 0.00031 -0.00098 -0.00028
198027.350 0.00026 -0.00108 0.00016
198027.354 0.00145 -0.00037 -0.00059
198027.358 0.00101 -0.00138 -0.00021
198027.362 0.00134 -0.00148 -0.00086
198027.366 0.00157 -0.00077 0.00061
198027.370 0.00119 -0.00073 0.00131
198027.374 0.00169 -0.00162 0.00134
198027.378 0.00152 -0.00169 0.00089
198027.382 0.00133 -0.00188 0.00033
198027.386 0.00096 -0.00117 0.00049
198027.390 0.00103 -0.00173 -0.00082
198027.394 0.00075 -0.00218 -0.00056
198027.398 0.00143 -0.00019 -0.00049
198027.402 0.00070 -0.00087 -0.00017
198027.406 0.00005 -0.00091 0.00049
198027.410 0.00108 -0.00077 -0.00037
198027.414 0.00120 -0.00087 0.00014
198027.418 0.00033 -0.00150 0.00073
198027.422 0.00176 -0.00093 -0.00016
198027.426 0.00199 -0.00031 -0.00009
198027.430 0.00068 -0.00106 -0.00021
198027.434 0.00187 -0.00051 -0.00072
198027.439 0.00201 -0.00066 0.00096
198027.442 0.00040 -0.00131 -0.00070
198027.446 0.00103 -0.00087 -0.00023
198027.450 0.00120 -0.00166 -0.00010
198027.454 0.00017 -0.00096 -0.00023
198027.458 0.00143 0.00010 -0.00040
198027.462 0.00115 -0.00199 -0.00016
198027.466 0.00106 -0.00105 -0.00009
198027.470 0.00091 -0.00141 -0.00052
198027.474 0.00056 -0.00059 -0.00003
198027.478 0.00152 -0.00068 0.00038
198027.482 0.00162 -0.00176 0.00005
198027.486 0.00105 -0.00175 0.00086
198027.490 0.00089 -0.00175 0.00016
198027.494 0.00086 -0.00127 -0.00014
198027.498 0.00070 -0.00131 0.00051
198027.502 0.00216 -0.00148 0.00023
198027.506 0.00164 -0.00152 -0.00028
198027.510 0.00045 -0.00122 0.00047
198027.514 0.00073 -0.00115 -0.00052
198027.518 0.00141 -0.00159 -0.00079
198027.522 0.00175 -0.00110 -0.00040
198027.526 0.00093 -0.00005 -0.00016
198027.530 0.00042 -0.00009 0.00021
198027.534 0.00073 -0.00024 0.00000
198027.538 0.00082 -0.00105 0.00009
198027.542 0.00175 -0.00185 0.00042
198027.546 0.00138 -0.00131 -0.00023
198027.550 0.00129 -0.00133 0.00017
198027.554 0.00112 -0.00133 0.00059
198027.558 0.00182 -0.00087 -0.00003
198027.562 0.00094 -0.00105 -0.00112
198027.566 0.00087 -0.00080 -0.00033
198027.570 0.00145 -0.00089 -0.00089
198027.574 0.00206 -0.00106 -0.00028
198027.578 0.00056 -0.00066 -0.00042
198027.582 0.00093 -0.00009 0.00014
198027.586 0.00056 -0.00115 0.00042
198027.590 0.00168 -0.00068 0.00066
198027.594 0.00152 -0.00115 -0.00047
198027.598 0.00192 -0.00052 -0.00138
198027.602 0.00112 -0.00082 -0.00040
198027.606 0.00152 -0.00059 -0.00030
198027.610 0.00087 -0.00113 0.00045
198027.614 0.00010 -0.00098 0.00021
198027.618 0.00126 -0.00033 -0.00059
198027.622 0.00080 -0.00152 -0.00019
198027.626 0.00113 -0.00017 0.00049
198027.630 0.00002 -0.00117 0.00007
198027.634 0.00063 -0.00159 0.00026
198027.638 0.00169 -0.00035 0.00000
198027.642 0.00168 -0.00136 -0.00019
198027.646 0.00136 -0.00164 0.00003
198027.650 0.00068 -0.00065 -0.00033
198027.654 0.00065 -0.00131 -0.00028
198027.658 0.00035 -0.00103 -0.00028
198027.662 0.00042 0.00054 0.00047
198027.666 0.00119 -0.00113 -0.00007
198027.670 0.00154 -0.00098 -0.00037
198027.674 0.00162 -0.00033 0.00075
198027.678 0.00091 -0.00077 0.00044
198027.682 0.00086 -0.00119 -0.00188
198027.686 0.00115 -0.00143 -0.00009
198027.690 0.00017 -0.00211 -0.00052
198027.694 0.00157 -0.00093 -0.00003
198027.698 0.00164 -0.00106 -0.00065
198027.702 0.00136 -0.00066 0.00021
198027.706 0.00159 0.00033 0.00000
198027.710 0.00089 -0.00073 -0.00065
198027.714 0.00070 -0.00148 -0.00037
198027.718 0.00141 -0.00152 -0.00089
198027.722 0.00115 -0.00031 0.00061
198027.726 0.00108 -0.00136 0.00099
198027.730 -0.00028 -0.00194 0.00112
198027.734 -0.00003 -0.00314 0.00023
198027.738 0.00136 -0.00150 -0.00058
198027.742 0.00188 -0.00093 0.00054
198027.746 0.00066 -0.00168 0.00084
198027.750 0.00094 -0.00157 0.00122
198027.754 0.00072 -0.00108 0.00010
198027.758 0.00096 -0.00052 -0.00031
198027.762 0.00058 0.00038 0.00045
198027.766 0.00093 -0.00133 -0.00098
198027.770 0.00176 -0.00237 -0.00045
198027.774 0.00140 -0.00054 0.00012
198027.778 0.00023 -0.00202 -0.00002
198027.782 0.00188 -0.00120 0.00024
198027.786 0.00112 -0.00068 -0.00103
198027.791 0.00061 -0.00101 -0.00047
198027.794 0.00124 -0.00108 -0.00106
198027.798 0.00215 -0.00141 -0.00079
198027.802 0.00073 -0.00195 -0.00054
198027.806 0.00141 -0.00105 -0.00094
198027.810 0.00161 -0.00140 0.00000
198027.814 0.00164 -0.00089 0.00024
198027.818 0.00166 -0.00106 0.00000
198027.822 0.00091 -0.00035 -0.00065
198027.826 0.00161 -0.00063 -0.00141
198027.830 0.00211 0.00005 -0.00162
198027.834 -0.00047 -0.00127 -0.00106
198027.838 0.00126 -0.00040 0.00056
198027.842 0.00035 -0.00169 -0.00049
198027.846 -0.00002 -0.00098 -0.00017
198027.850 0.00106 -0.00017 0.00003
198027.854 0.00105 -0.00058 0.00026
198027.858 0.00150 -0.00113 -0.00058
198027.862 0.00133 -0.00127 0.00009
198027.866 0.00112 -0.00147 0.00056
198027.870 0.00091 -0.00152 0.00115
198027.874 0.00176 -0.00122 0.00009
198027.878 0.00079 -0.00115 -0.00031
198027.882 0.00113 -0.00127 -0.00119
198027.886 0.00093 -0.00192 -0.00096
198027.890 0.00026 -0.00194 0.00000
198027.894 0.00054 -0.00164 0.00113
198027.898 0.00031 -0.00260 0.00009
198027.902 0.00070 -0.00257 -0.00138
198027.906 0.00141 -0.00105 -0.00040
198027.910 0.00129 -0.00171 -0.00105
198027.914 0.00157 -0.00007 0.00042
198027.918 0.00119 -0.00084 -0.00038
198027.922 0.00079 -0.00211 0.00044
198027.926 0.00143 -0.00047 -0.00007
198027.930 0.00161 -0.00080 -0.00007
198027.934 0.00150 -0.00255 -0.00066
198027.938 0.00162 -0.00164 -0.00023
198027.942 0.00180 -0.00126 -0.00099
198027.946 0.00110 0.00003 0.00012
198027.950 0.00227 -0.00037 0.00058
198027.954 0.00122 -0.00152 -0.00079
198027.958 0.00185 -0.00199 -0.00161
198027.962 0.00096 -0.00150 -0.00031
198027.966 0.00028 -0.00016 0.00031
198027.970 0.00040 -0.00117 -0.00131
198027.974 0.00042 -0.00129 -0.00115
198027.978 0.00148 -0.00010 -0.00019
198027.982 0.00192 -0.00086 0.00094
198027.986 0.00068 -0.00075 0.00003
198027.990 0.00126 -0.00012 -0.00063
198027.994 0.00216 -0.00070 -0.00037
198027.998 0.00103 -0.00056 -0.00014
198028.002 0.00044 -0.00082 -0.00068
198028.006 0.00059 -0.00119 -0.00143
198028.010 0.00033 -0.00084 -0.00103
198028.014 0.00131 -0.00059 0.00000
198028.018 0.00021 -0.00250 -0.00171
198028.022 0.00068 -0.00119 0.00009
198028.026 0.00065 -0.00084 -0.00093
198028.030 0.00110 -0.00271 0.00016
198028.034 0.00106 -0.00108 0.00058
198028.038 0.00091 -0.00141 0.00024
198028.042 0.00131 -0.00075 0.00031
198028.046 0.00082 -0.00072 0.00031
198028.050 0.00054 -0.00117 0.00079
198028.054 0.00031 -0.00038 0.00030
198028.058 0.00026 -0.00077 -0.00117
198028.062 -0.00019 -0.00119 -0.00096
198028.066 0.00117 -0.00129 -0.00059
198028.070 0.00122 -0.00101 -0.00051
198028.074 0.00049 -0.00080 -0.00093
198028.078 0.00166 0.00000 -0.00059
198028.082 0.00061 -0.00068 -0.00051
198028.086 -0.00010 -0.00056 -0.00063
198028.090 -0.00044 -0.00066 -0.00171
198028.094 -0.00098 -0.00099 -0.00035
198028.098 0.00096 -0.00065 -0.00044
198028.102 0.00119 -0.00115 0.00000
198028.106 0.00017 -0.00098 0.00038
198028.110 0.00037 -0.00063 0.00005
198028.114 0.00087 -0.00129 -0.00063
198028.118 0.00176 -0.00026 -0.00037
198028.122 0.00079 -0.00014 -0.00073
198028.126 0.00113 -0.00042 -0.00024
198028.130 0.00093 -0.00094 -0.00040
198028.134 0.00162 -0.00077 -0.00030
198028.139 0.00166 -0.00073 -0.00028
198028.142 0.00075 -0.00042 0.00047
198028.146 0.00082 -0.00003 0.00066
198028.150 0.00113 -0.00068 0.00026
198028.154 0.00138 -0.00070 -0.00012
198028.158 0.00084 -0.00042 -0.00023
198028.162 0.00054 -0.00094 -0.00026
198028.166 0.00136 -0.00122 -0.00086
198028.170 0.00188 -0.00115 -0.00058
198028.174 0.00096 0.00051 0.00038
198028.178 0.00058 -0.00054 0.00065
198028.182 0.00122 -0.00082 0.00101
198028.186 0.00049 -0.00073 0.00112
198028.190 0.00059 -0.00192 -0.00035
198028.194 0.00213 -0.00164 0.00030
198028.198 0.00194 -0.00185 -0.00056
198028.202 0.00068 -0.00251 -0.00035
198028.206 0.00126 -0.00148 -0.00028
198028.210 -0.00009 -0.00091 -0.00072
198028.214 0.00105 -0.00093 0.00019
198028.218 0.00134 -0.00016 -0.00028
198028.222 0.00082 -0.00042 -0.00042
198028.226 0.00070 -0.00003 0.00073
198028.230 0.00035 -0.00098 0.00000
198028.234 0.00117 -0.00230 -0.00005
198028.238 0.00138 -0.00023 0.00052
198028.242 0.00129 -0.00059 0.00068
198028.246 0.00157 -0.00202 -0.00002
198028.250 0.00089 -0.00197 -0.00005
198028.254 0.00115 -0.00180 -0.00051
198028.258 0.00122 -0.00175 -0.00063
198028.262 0.00049 -0.00175 -0.00037
198028.266 0.00134 0.00005 0.00000
198028.270 0.00143 -0.00080 -0.00035
198028.274 0.00024 -0.00195 -0.00030
198028.278 -0.00005 -0.00209 -0.00042
198028.282 0.00061 -0.00168 0.00014
198028.286 0.00049 -0.00173 -0.00120
198028.290 0.00120 -0.00007 0.00007
198028.294 0.00049 -0.00070 0.00010
198028.298 0.00120 -0.00040 0.00012
198028.302 0.00108 -0.00079 -0.00031
198028.306 0.00106 -0.00058 0.00016
198028.310 0.00241 -0.00007 0.00000
198028.314 0.00155 -0.00161 -0.00110
198028.318 0.00103 -0.00126 -0.00108
198028.322 0.00075 -0.00070 0.00040
198028.326 0.00052 -0.00056 0.00035
198028.330 0.00061 -0.00052 -0.00056
198028.334 0.00124 -0.00007 -0.00019
198028.338 0.00065 -0.00145 -0.00070
198028.342 0.00079 -0.00225 0.00037
198028.346 -0.00051 -0.00082 0.00049
198028.350 0.00079 -0.00044 -0.00007
198028.354 0.00113 -0.00065 0.00052
198028.358 0.00093 -0.00009 -0.00021
198028.362 0.00222 -0.00161 -0.00040
198028.366 0.00120 -0.00094 -0.00030
198028.370 0.00094 -0.00108 -0.00058
198028.374 0.00101 0.00007 -0.00005
198028.378 0.00089 -0.00051 0.00068
198028.382 0.00070 -0.00157 0.00073
198028.386 0.00112 -0.00079 -0.00075
198028.390 0.00091 -0.00134 0.00003
198028.394 -0.00063 -0.00133 0.00010
198028.398 0.00002 -0.00178 -0.00047
198028.402 -0.00042 -0.00145 -0.00061
198028.406 0.00066 -0.00075 0.00007
198028.410 0.00005 -0.00223 -0.00108
198028.414 0.00124 -0.00171 0.00026
198028.418 0.00094 -0.00173 0.00016
198028.422 0.00028 -0.00038 0.00028
198028.426 0.00115 -0.00079 0.00002
198028.430 0.00138 -0.00133 -0.00094
198028.434 0.00129 -0.00133 -0.00089
198028.438 0.00021 -0.00103 -0.00087
198028.442 0.00037 -0.00051 -0.00087
198028.446 0.00058 0.00038 -0.00148
198028.450 0.00152 -0.00058 -0.00073
198028.454 0.00103 -0.00052 0.00019
198028.458 0.00059 -0.00066 0.00180
198028.462 0.00002 -0.00056 0.00056
198028.466 0.00154 -0.00023 -0.00051
198028.470 0.00133 -0.00148 -0.00033
198028.474 0.00098 -0.00152 -0.00103
198028.478 0.00103 -0.00063 -0.00002
198028.482 0.00089 -0.00070 -0.00005
198028.486 0.00040 0.00003 -0.00037
198028.491 0.00044 0.00007 -0.00028
198028.493 0.00148 -0.00155 -0.00087
198028.498 0.00131 -0.00065 0.00000
198028.502 0.00037 -0.00038 0.00070
198028.506 0.00087 0.00010 0.00000
198028.510 0.00072 -0.00065 -0.00110
198028.514 0.00021 -0.00145 -0.00033
198028.518 0.00127 -0.00271 -0.00164
198028.522 0.00080 -0.00138 0.00026
198028.526 0.00023 -0.00119 0.00031
198028.530 0.00084 -0.00250 0.00002
198028.534 0.00054 -0.00164 0.00056
198028.538 0.00136 0.00038 -0.00005
198028.542 0.00129 -0.00103 -0.00126
198028.546 0.00201 -0.00080 -0.00038
198028.550 0.00190 -0.00133 0.00000
198028.554 0.00082 -0.00058 0.00115
198028.558 0.00084 -0.00023 0.00070
198028.562 0.00009 -0.00103 -0.00031
198028.566 -0.00038 -0.00185 -0.00103
198028.570 -0.00021 -0.00206 -0.00047
198028.574 0.00010 -0.00122 -0.00002
198028.578 0.00171 -0.00086 -0.00066
198028.582 0.00138 0.00059 0.00007
198028.586 0.00068 -0.00098 -0.00063
198028.590 0.00096 -0.00093 -0.00066
198028.594 -0.00016 -0.00213 -0.00112
198028.598 0.00117 -0.00108 -0.00049
198028.602 0.00154 -0.00080 -0.00047
198028.606 0.00117 -0.00209 -0.00077
198028.610 0.00169 -0.00122 -0.00024
198028.614 0.00168 -0.00040 0.00047
198028.618 0.00136 -0.00047 0.00021
198028.622 0.00023 -0.00126 -0.00044
198028.626 0.00113 -0.00147 -0.00106
198028.630 0.00197 -0.00152 -0.00108
198028.634 0.00054 -0.00108 0.00040
198028.638 0.00168 0.00054 0.00065
198028.642 0.00152 -0.00038 -0.00017
198028.646 0.00131 -0.00049 0.00124
198028.650 0.00112 -0.00096 -0.00016
198028.654 0.00122 -0.00213 -0.00113
198028.658 0.00094 -0.00124 -0.00140
198028.662 0.00087 -0.00086 -0.00117
198028.666 0.00040 -0.00120 -0.00019
198028.670 0.00087 -0.00023 -0.00024
198028.674 0.00056 0.00000 0.00077
198028.678 0.00077 0.00066 0.00000
198028.682 0.00188 -0.00201 -0.00035
198028.686 0.00157 -0.00075 -0.00014
198028.690 0.00134 -0.00058 -0.00023
198028.694 0.00052 -0.00127 -0.00040
198028.698 0.00091 -0.00101 -0.00091
198028.702 0.00056 -0.00094 0.00016
198028.706 -0.00012 -0.00154 0.00000
198028.710 0.00134 -0.00063 -0.00019
198028.714 0.00173 -0.00113 -0.00024
198028.718 0.00093 -0.00052 0.00077
198028.722 0.00026 -0.00096 0.00030
198028.726 0.00145 -0.00168 0.00077
198028.730 0.00161 -0.00173 0.00044
198028.734 0.00044 -0.00113 -0.00037
198028.738 0.00119 -0.00023 -0.00044
198028.742 0.00063 -0.00044 -0.00016
198028.746 0.00080 0.00009 -0.00084
198028.750 0.00038 -0.00019 -0.00072
198028.754 0.00162 0.00000 0.00021
198028.758 0.00134 0.00021 0.00014
198028.762 0.00068 -0.00106 0.00012
198028.766 0.00096 -0.00141 0.00058
198028.770 0.00148 -0.00089 -0.00019
198028.774 0.00115 -0.00091 -0.00115
198028.778 0.00108 -0.00152 -0.00051
198028.782 0.00075 -0.00063 -0.00017
198028.786 0.00066 -0.00175 -0.00054
198028.790 0.00140 0.00005 -0.00003
198028.794 0.00265 -0.00035 -0.00005
198028.798 0.00176 0.00026 0.00023
198028.802 0.00049 0.00000 -0.00044
198028.806 0.00075 -0.00113 -0.00061
198028.810 -0.00007 0.00005 -0.00141
198028.814 0.00016 -0.00035 -0.00042
198028.818 0.00141 -0.00033 -0.00016
198028.822 0.00190 -0.00061 0.00051
198028.826 0.00082 -0.00084 -0.00021
198028.830 0.00084 -0.00105 0.00003
198028.834 0.00220 -0.00126 -0.00049
198028.839 0.00211 -0.00101 -0.00033
198028.842 0.00117 -0.00155 -0.00014
198028.846 0.00138 -0.00154 -0.00038
198028.850 0.00068 -0.00243 -0.00089
198028.854 0.00019 -0.00117 -0.00044
198028.858 0.00173 -0.00143 0.00012
198028.862 0.00122 -0.00120 0.00042
198028.866 0.00185 -0.00009 0.00066
198028.870 0.00112 -0.00086 -0.00093
198028.874 0.00197 -0.00045 -0.00073
198028.878 0.00175 -0.00049 -0.00009
198028.882 0.00122 -0.00187 -0.00096
198028.886 0.00094 -0.00056 0.00014
198028.890 0.00058 -0.00082 -0.00031
198028.894 0.00063 -0.00180 0.00000
198028.898 0.00065 -0.00220 0.00009
198028.902 0.00049 -0.00260 0.00012
198028.906 0.00105 -0.00182 -0.00016
198028.910 0.00030 -0.00145 -0.00024
198028.914 0.00161 -0.00106 -0.00040
198028.918 0.00166 -0.00096 -0.00120
198028.922 0.00166 -0.00258 -0.00141
198028.926 0.00120 -0.00180 0.00063
198028.930 0.00033 -0.00161 0.00010
198028.934 0.00147 -0.00140 -0.00045
198028.938 0.00010 -0.00089 -0.00031
198028.942 0.00065 -0.00136 0.00030
198028.946 0.00110 -0.00103 -0.00026
198028.950 0.00136 -0.00049 0.00033
198028.954 0.00129 -0.00051 -0.00042
198028.958 0.00141 -0.00187 -0.00136
198028.962 0.00070 -0.00042 -0.00040
198028.966 0.00187 -0.00154 -0.00075
198028.970 0.00126 -0.00124 0.00094
198028.974 0.00051 -0.00175 0.00035
198028.978 0.00061 -0.00143 -0.00040
198028.982 0.00049 -0.00195 0.00000
198028.986 0.00075 -0.00164 -0.00051
198028.990 0.00066 -0.00171 -0.00063
198028.994 0.00051 -0.00173 -0.00112
198028.998 0.00061 -0.00068 -0.00033
198029.002 0.00079 -0.00026 0.00061
198029.006 0.00068 -0.00089 -0.00065
198029.010 0.00126 0.00012 0.00023
198029.014 0.00155 -0.00003 0.00061
198029.018 0.00194 -0.00129 -0.00079
198029.022 0.00143 -0.00176 -0.00086
198029.026 0.00086 -0.00159 -0.00087
198029.030 0.00084 -0.00169 -0.00042
198029.034 0.00040 -0.00157 0.00012
198029.038 0.00073 -0.00003 0.00028
198029.042 0.00037 -0.00054 -0.00012
198029.046 0.00148 -0.00023 0.00005
198029.050 0.00026 0.00045 0.00086
198029.054 0.00070 -0.00086 -0.00058
198029.058 0.00096 -0.00091 0.00009
198029.062 0.00073 -0.00031 0.00026
198029.066 0.00096 0.00012 0.00000
198029.070 0.00133 -0.00124 0.00024
198029.074 0.00157 -0.00115 -0.00042
198029.078 0.00073 -0.00188 -0.00031
198029.082 0.00112 -0.00176 0.00031
198029.086 0.00047 -0.00115 -0.00040
198029.090 0.00044 -0.00066 0.00000
198029.094 0.00134 -0.00176 -0.00201
198029.098 0.00157 -0.00099 -0.00178
198029.102 0.00105 -0.00003 -0.00082
198029.106 0.00030 -0.00038 0.00017
198029.110 0.00131 0.00010 0.00073
198029.114 0.00052 -0.00110 0.00044
198029.118 0.00075 -0.00082 0.00021
198029.122 0.00052 0.00016 0.00014
198029.126 0.00031 -0.00019 0.00012
198029.130 0.00086 -0.00073 -0.00016
198029.134 0.00190 -0.00133 -0.00068
198029.138 0.00098 -0.00058 -0.00068
198029.142 0.00058 -0.00127 0.00005
198029.146 0.00213 -0.00312 -0.00047
198029.150 0.00178 -0.00314 -0.00152
198029.154 0.00215 -0.00120 -0.00089
198029.158 0.00178 -0.00084 -0.00028
198029.162 0.00065 -0.00105 -0.00042
198029.166 0.00065 -0.00065 -0.00045
198029.170 0.00035 -0.00099 -0.00016
198029.174 0.00072 -0.00063 -0.00024
198029.178 0.00051 -0.00099 0.00017
198029.182 0.00075 -0.00094 -0.00091
198029.186 0.00173 -0.00077 -0.00028
198029.191 0.00154 -0.00089 -0.00042
198029.194 0.00103 -0.00061 0.00000
198029.198 0.00119 -0.00234 0.00070
198029.202 0.00033 -0.00129 -0.00077
198029.206 0.00026 -0.00056 0.00003
198029.210 0.00115 -0.00068 -0.00019
198029.214 0.00122 -0.00101 0.00094
198029.218 0.00035 0.00024 0.00155
198029.222 -0.00017 0.00058 -0.00009
198029.226 0.00208 0.00037 0.00052
198029.230 0.00208 -0.00012 0.00068
198029.234 0.00101 -0.00101 0.00072
198029.238 0.00014 -0.00169 0.00000
198029.242 0.00037 -0.00173 -0.00110
198029.246 0.00058 -0.00188 -0.00033
198029.250 0.00077 -0.00222 -0.00073
198029.254 0.00127 -0.00080 -0.00038
198029.258 0.00126 -0.00044 0.00044
198029.262 0.00096 -0.00003 -0.00038
198029.266 0.00087 -0.00070 0.00014
198029.270 0.00086 -0.00070 0.00028
198029.274 0.00161 -0.00101 0.00047
198029.278 0.00134 -0.00094 0.00037
198029.282 0.00082 -0.00047 0.00003
198029.286 0.00054 -0.00126 0.00010
198029.290 0.00047 -0.00147 -0.00136
198029.294 0.00089 -0.00136 -0.00056
198029.298 0.00072 -0.00223 -0.00079
198029.302 0.00005 -0.00187 -0.00086
198029.306 0.00019 -0.00056 -0.00058
198029.310 0.00112 -0.00052 -0.00049
198029.314 0.00197 -0.00096 0.00010
198029.318 0.00145 -0.00168 -0.00091
198029.322 0.00099 -0.00173 -0.00148
198029.326 0.00058 -0.00127 -0.00164
198029.330 0.00138 -0.00131 -0.00138
198029.334 0.00113 -0.00072 -0.00101
198029.338 0.00152 -0.00147 -0.00197
198029.342 0.00042 -0.00166 -0.00072
198029.346 0.00073 -0.00066 -0.00038
198029.350 0.00141 -0.00161 -0.00045
198029.354 0.00145 -0.00140 0.00058
198029.358 0.00222 -0.00180 -0.00065
198029.362 0.00180 -0.00129 -0.00157
198029.366 0.00215 -0.00087 -0.00091
198029.370 0.00209 -0.00166 -0.00073
198029.374 0.00267 -0.00171 -0.00113
198029.378 0.00133 -0.00068 -0.00035
198029.382 0.00127 -0.00115 -0.00058
198029.386 0.00141 -0.00113 -0.00019
198029.390 0.00099 -0.00113 -0.00010
198029.394 0.00119 -0.00082 0.00021
198029.398 0.00108 -0.00119 0.00045
198029.402 0.00091 -0.00129 0.00037
198029.406 0.00086 -0.00176 -0.00024
198029.410 0.00161 0.00019 0.00033
198029.414 0.00134 -0.00108 -0.00040
198029.418 0.00068 -0.00080 0.00012
198029.422 -0.00009 -0.00119 0.00012
198029.426 -0.00014 -0.00129 0.00073
198029.430 0.00103 -0.00117 0.00012
198029.434 0.00075 -0.00068 -0.00061
198029.438 0.00127 0.00017 -0.00051
198029.442 0.00005 -0.00002 0.00026
198029.446 0.00033 -0.00084 0.00091
198029.450 0.00056 -0.00105 -0.00010
198029.454 0.00061 -0.00201 -0.00037
198029.458 0.00140 -0.00180 -0.00059
198029.462 0.00099 -0.00115 -0.00005
198029.466 0.00073 -0.00052 0.00007
198029.470 0.00066 -0.00051 -0.00017
198029.474 0.00051 -0.00051 0.00005
198029.478 0.00105 -0.00126 -0.00124
198029.482 0.00061 -0.00101 -0.00052
198029.486 0.00063 -0.00019 -0.00017
198029.490 0.00140 -0.00058 -0.00024
198029.494 0.00068 -0.00084 0.00063
198029.498 0.00216 -0.00044 0.00072
198029.502 0.00164 -0.00110 -0.00031
198029.506 0.00120 -0.00066 -0.00044
198029.510 0.00108 -0.00040 -0.00061
198029.514 0.00152 -0.00063 -0.00112
198029.518 0.00042 -0.00084 0.00086
198029.522 0.00058 -0.00134 0.00061
198029.526 0.00063 -0.00209 0.00026
198029.530 0.00094 -0.00002 0.00030
198029.534 0.00117 -0.00052 0.00017
198029.539 0.00154 -0.00066 0.00014
198029.542 0.00178 -0.00161 0.00012
198029.546 0.00140 -0.00079 -0.00075
198029.550 0.00129 -0.00134 0.00003
198029.554 0.00171 -0.00164 0.00010
198029.558 0.00093 -0.00155 0.00028
198029.562 0.00072 -0.00154 0.00002
198029.566 -0.00038 -0.00017 -0.00003
198029.570 0.00098 -0.00058 -0.00005
198029.574 0.00058 -0.00113 -0.00082
198029.578 0.00168 -0.00127 0.00002
198029.582 0.00077 -0.00176 0.00040
198029.586 0.00127 -0.00113 -0.00038
198029.590 0.00201 -0.00202 -0.00014
198029.594 0.00115 -0.00061 -0.00024
198029.598 0.00017 0.00065 -0.00026
198029.602 0.00037 -0.00005 -0.00042
198029.606 -0.00061 -0.00024 -0.00091
198029.610 0.00047 -0.00089 -0.00103
198029.614 0.00059 -0.00093 -0.00016
198029.618 0.00124 -0.00045 -0.00113
198029.622 0.00049 -0.00140 -0.00140
198029.626 0.00091 -0.00059 -0.00026
198029.630 0.00117 -0.00279 -0.00101
198029.634 0.00152 -0.00171 -0.00106
198029.638 0.00148 -0.00173 -0.00154
198029.642 0.00101 -0.00098 -0.00134
198029.646 0.00119 -0.00124 -0.00040
198029.650 0.00108 -0.00115 0.00059
198029.654 0.00152 -0.00143 -0.00003
198029.658 0.00087 -0.00134 -0.00005
198029.662 -0.00003 -0.00089 0.00023
198029.666 0.00031 -0.00091 0.00030
198029.670 -0.00033 -0.00077 -0.00101
198029.674 0.00038 -0.00028 -0.00016
198029.678 0.00012 -0.00120 -0.00054
198029.682 -0.00052 -0.00236 0.00040
198029.686 -0.00040 -0.00099 -0.00038
198029.690 0.00112 -0.00169 -0.00014
198029.694 0.00093 -0.00127 -0.00009
198029.698 0.00117 -0.00101 -0.00021
198029.702 0.00124 -0.00154 -0.00070
198029.706 0.00080 -0.00183 -0.00023
198029.710 0.00098 -0.00117 -0.00040
198029.714 0.00255 -0.00052 0.00000
198029.718 0.00113 -0.00066 0.00038
198029.722 0.00063 -0.00131 0.00035
198029.726 0.00049 -0.00117 -0.00070
198029.730 0.00166 -0.00052 -0.00052
198029.734 0.00195 -0.00082 -0.00049
198029.738 0.00143 -0.00073 -0.00017
198029.742 0.00115 -0.00073 -0.00024
198029.746 0.00077 0.00031 -0.00040
198029.750 0.00052 0.00014 0.00000
198029.754 0.00122 -0.00049 0.00023
198029.758 0.00094 -0.00080 0.00075
198029.762 0.00133 -0.00073 0.00044
198029.766 0.00066 -0.00103 -0.00038
198029.770 0.00126 -0.00094 0.00000
198029.774 0.00080 -0.00063 0.00054
198029.778 0.00129 -0.00113 0.00038
198029.782 0.00126 -0.00173 -0.00024
198029.786 0.00110 -0.00098 -0.00026
198029.790 0.00106 -0.00229 -0.00101
198029.794 0.00091 -0.00143 0.00042
198029.798 0.00176 -0.00030 0.00080
198029.802 0.00138 -0.00059 0.00045
198029.806 0.00113 -0.00054 0.00066
198029.810 0.00047 -0.00068 -0.00063
198029.814 0.00089 -0.00145 -0.00080
198029.818 0.00192 -0.00195 -0.00026
198029.822 0.00218 -0.00150 -0.00117
198029.826 0.00195 -0.00047 -0.00021
198029.830 0.00098 -0.00080 0.00065
198029.834 0.00087 -0.00180 -0.00002
198029.838 0.00101 -0.00099 -0.00005
198029.842 0.00119 -0.00094 0.00068
198029.846 0.00169 -0.00138 -0.00017
198029.850 0.00136 -0.00148 -0.00084
198029.854 0.00159 -0.00093 -0.00010
198029.858 0.00164 -0.00047 0.00037
198029.862 0.00061 -0.00110 -0.00054
198029.866 0.00154 -0.00112 -0.00079
198029.870 0.00087 -0.00127 -0.00115
198029.874 0.00040 -0.00161 -0.00065
198029.878 0.00044 -0.00110 -0.00112
198029.882 0.00105 -0.00173 -0.00035
198029.886 0.00059 -0.00218 -0.00028
198029.891 0.00033 -0.00110 -0.00101
198029.894 0.00010 -0.00066 -0.00077
198029.898 0.00035 -0.00145 -0.00054
198029.902 0.00042 -0.00045 0.00040
198029.906 0.00014 -0.00019 -0.00024
198029.910 -0.00007 -0.00103 0.00033
198029.914 -0.00014 -0.00155 0.00033
198029.918 0.00059 -0.00122 -0.00101
198029.922 0.00017 -0.00161 -0.00061
198029.926 0.00052 -0.00110 -0.00037
198029.930 0.00106 -0.00052 0.00014
198029.934 0.00059 -0.00080 0.00059
198029.938 0.00108 -0.00134 -0.00019
198029.942 0.00182 -0.00194 -0.00070
198029.946 0.00201 -0.00148 -0.00068
198029.950 0.00038 -0.00168 -0.00052
198029.954 0.00058 -0.00187 -0.00079
198029.958 0.00047 -0.00042 -0.00040
198029.962 0.00075 -0.00049 0.00014
198029.966 0.00066 -0.00080 0.00042
198029.970 0.00051 -0.00089 -0.00009
198029.974 0.00045 -0.00106 0.00037
198029.978 0.00089 -0.00080 0.00035
198029.982 0.00026 -0.00119 0.00003
198029.986 0.00099 -0.00143 0.00086
198029.990 0.00103 -0.00061 0.00061
198029.994 0.00075 -0.00098 -0.00003
198029.998 0.00098 -0.00079 -0.00005
198030.002 0.00103 -0.00209 -0.00127
198030.006 0.00075 -0.00061 -0.00082
198030.010 0.00066 -0.00175 0.00079
198030.014 0.00140 -0.00143 -0.00044
198030.018 0.00054 -0.00075 -0.00002
198030.022 0.00031 -0.00072 -0.00035
198030.026 0.00161 0.00047 0.00000
198030.030 0.00089 0.00019 0.00038
198030.034 0.00101 -0.00063 -0.00009
198030.038 0.00089 -0.00084 -0.00037
198030.042 0.00147 -0.00059 -0.00014
198030.046 0.00056 -0.00098 0.00051
198030.050 0.00061 -0.00094 -0.00037
198030.054 0.00065 -0.00229 -0.00105
198030.058 0.00019 -0.00248 -0.00002
198030.062 0.00023 -0.00133 -0.00021
198030.066 0.00038 -0.00042 0.00019
198030.070 0.00042 -0.00108 -0.00134
198030.074 0.00073 -0.00082 -0.00054
198030.078 0.00066 -0.00059 -0.00049
198030.082 0.00126 -0.00113 -0.00017
198030.086 0.00096 -0.00082 0.00019
198030.090 -0.00031 -0.00073 -0.00105
198030.094 0.00113 -0.00073 -0.00168
198030.098 0.00138 -0.00117 0.00024
198030.102 0.00098 -0.00113 0.00002
198030.106 0.00119 -0.00021 0.00009
198030.110 0.00108 -0.00089 -0.00002
198030.114 0.00045 -0.00136 -0.00019
198030.118 0.00105 -0.00194 -0.00070
198030.122 0.00105 -0.00089 -0.00098
198030.126 0.00134 -0.00030 -0.00120
198030.130 0.00098 -0.00106 -0.00021
198030.134 0.00028 -0.00141 -0.00070
198030.138 0.00131 -0.00089 -0.00098
198030.142 0.00112 -0.00182 -0.00045
198030.146 0.00031 -0.00054 0.00012
198030.150 0.00115 -0.00127 -0.00106
198030.154 0.00108 -0.00101 0.00042
198030.158 0.00045 -0.00140 -0.00009
198030.162 0.00105 -0.00044 0.00082
198030.166 0.00105 -0.00124 0.00016
198030.170 0.00120 -0.00024 -0.00016
198030.174 0.00063 -0.00089 0.00035
198030.178 0.00049 -0.00152 -0.00010
198030.182 0.00045 -0.00258 -0.00068
198030.186 0.00044 -0.00089 -0.00037
198030.190 0.00089 -0.00091 -0.00059
198030.194 0.00056 -0.00106 -0.00065
198030.198 0.00077 -0.00080 -0.00066
198030.202 0.00143 -0.00059 -0.00037
198030.206 0.00040 -0.00068 0.00014
198030.210 0.00133 -0.00131 -0.00045
198030.214 0.00112 -0.00101 -0.00045
198030.218 0.00061 -0.00049 -0.00077
198030.222 0.00019 -0.00080 -0.00175
198030.226 0.00098 -0.00105 -0.00005
198030.230 0.00119 -0.00155 -0.00021
198030.234 0.00168 -0.00063 -0.00056
198030.239 0.00197 -0.00145 -0.00094
198030.242 0.00188 -0.00075 -0.00089
198030.246 0.00202 -0.00148 -0.00044
198030.250 0.00086 -0.00152 0.00012
198030.254 0.00129 -0.00063 -0.00016
198030.258 0.00171 -0.00084 0.00110
198030.262 0.00122 -0.00120 -0.00080
198030.266 0.00124 -0.00054 0.00017
198030.270 0.00126 -0.00066 -0.00044
198030.274 0.00065 -0.00040 -0.00122
198030.278 0.00185 -0.00079 -0.00052
198030.282 0.00021 -0.00148 -0.00124
198030.286 -0.00005 0.00042 0.00021
198030.290 0.00016 -0.00040 0.00000
198030.294 0.00141 -0.00094 0.00009
198030.298 0.00175 -0.00093 -0.00047
198030.302 0.00138 -0.00138 -0.00031
198030.306 0.00129 -0.00028 -0.00087
198030.310 0.00080 -0.00075 -0.00103
198030.314 0.00099 -0.00028 -0.00061
198030.318 0.00148 -0.00120 -0.00051
198030.322 0.00086 -0.00145 -0.00138
198030.326 0.00024 -0.00166 -0.00026
198030.330 0.00024 -0.00080 -0.00147
198030.334 0.00038 -0.00059 -0.00103
198030.338 0.00058 -0.00084 -0.00002
198030.342 0.00063 -0.00195 -0.00066
198030.346 0.00094 -0.00178 0.00082
198030.350 0.00026 -0.00159 0.00075
198030.354 0.00040 -0.00124 -0.00030
198030.358 0.00028 -0.00086 -0.00012
198030.362 0.00175 -0.00195 -0.00052
198030.366 0.00169 -0.00103 -0.00017
198030.370 0.00166 -0.00216 -0.00099
198030.374 0.00166 -0.00183 -0.00031
198030.378 0.00061 -0.00131 -0.00012
198030.382 0.00063 -0.00162 -0.00113
198030.386 0.00065 -0.00126 -0.00124
198030.390 0.00124 -0.00206 -0.00037
198030.394 0.00246 -0.00077 -0.00105
198030.398 0.00112 -0.00058 -0.00047
198030.402 0.00061 0.00051 -0.00017
198030.406 0.00108 -0.00009 -0.00038
198030.410 0.00061 -0.00161 -0.00059
198030.414 0.00093 -0.00140 0.00054
198030.418 0.00058 -0.00195 0.00007
198030.422 0.00106 -0.00058 -0.00031
198030.426 0.00136 -0.00023 -0.00058
198030.430 0.00068 -0.00073 -0.00126
198030.434 0.00094 -0.00192 -0.00082
198030.438 0.00162 -0.00133 -0.00056
198030.442 0.00180 -0.00087 -0.00019
198030.446 -0.00024 -0.00030 -0.00010
198030.450 0.00040 -0.00166 -0.00037
198030.454 0.00133 -0.00216 -0.00014
198030.458 0.00052 -0.00110 -0.00054
198030.462 -0.00012 -0.00096 0.00010
198030.466 0.00044 -0.00169 -0.00002
198030.470 0.00059 -0.00246 -0.00051
198030.474 0.00017 -0.00148 0.00040
198030.478 0.00066 -0.00045 0.00051
198030.482 0.00065 -0.00051 0.00007
198030.486 0.00035 -0.00051 -0.00017
198030.490 0.00072 -0.00112 -0.00038
198030.494 0.00112 -0.00127 -0.00091
198030.498 0.00091 0.00017 0.00016
198030.502 0.00117 -0.00002 0.00000
198030.506 0.00093 -0.00188 -0.00126
198030.510 0.00042 -0.00101 -0.00112
198030.514 0.00134 -0.00094 -0.00124
198030.518 0.00157 -0.00213 0.00007
198030.522 0.00180 -0.00185 0.00026
198030.526 0.00169 -0.00070 0.00045
198030.530 0.00213 -0.00086 -0.00037
198030.534 0.00178 -0.00152 0.00000
198030.538 0.00215 -0.00031 -0.00065
198030.542 0.00133 -0.00152 -0.00112
198030.546 0.00127 -0.00243 -0.00108
198030.550 0.00066 -0.00281 -0.00154
198030.554 0.00094 -0.00187 -0.00059
198030.558 0.00103 -0.00192 -0.00080
198030.562 0.00030 -0.00073 0.00047
198030.566 0.00009 -0.00056 0.00023
198030.570 0.00051 -0.00023 -0.00028
198030.574 0.00091 -0.00134 -0.00028
198030.578 0.00101 -0.00133 0.00017
198030.582 0.00105 -0.00103 -0.00030
198030.586 0.00044 -0.00124 0.00002
198030.591 0.00164 -0.00131 -0.00110
198030.593 0.00075 -0.00072 -0.00124
198030.598 0.00141 -0.00072 0.00007
198030.602 0.00175 -0.00117 0.00042
198030.606 0.00093 -0.00143 -0.00023
198030.610 0.00162 -0.00166 -0.00206
198030.614 0.00150 -0.00096 -0.00089
198030.618 0.00072 -0.00063 0.00002
198030.622 0.00096 -0.00084 -0.00033
198030.626 0.00103 -0.00195 0.00045
198030.630 0.00134 -0.00194 -0.00052
198030.634 0.00202 -0.00073 0.00024
198030.638 0.00101 -0.00147 -0.00148
198030.642 0.00134 -0.00152 -0.00058
198030.646 0.00143 -0.00168 -0.00080
198030.650 0.00009 -0.00173 -0.00010
198030.654 0.00035 -0.00098 -0.00037
198030.658 0.00117 -0.00138 -0.00089
198030.662 0.00124 -0.00209 -0.00073
198030.666 0.00094 -0.00061 -0.00038
198030.670 0.00072 -0.00175 -0.00059
198030.674 0.00157 0.00021 -0.00035
198030.678 0.00073 -0.00031 -0.00119
198030.682 -0.00007 -0.00045 -0.00005
198030.686 0.00075 -0.00065 -0.00021
198030.690 0.00157 -0.00070 -0.00056
198030.694 0.00164 -0.00192 -0.00065
198030.698 0.00150 -0.00087 0.00007
198030.702 0.00192 -0.00075 0.00010
198030.706 0.00082 -0.00117 0.00012
198030.710 0.00190 -0.00143 0.00042
198030.714 0.00098 -0.00136 -0.00068
198030.718 0.00133 -0.00148 -0.00023
198030.722 0.00157 -0.00168 -0.00010
198030.726 0.00073 -0.00112 -0.00023
198030.730 0.00066 -0.00248 -0.00010
198030.734 0.00051 -0.00253 0.00066
198030.738 0.00136 -0.00148 0.00010
198030.742 0.00068 -0.00122 -0.00077
198030.746 0.00096 -0.00086 -0.00024
198030.750 0.00087 -0.00091 0.00017
198030.754 0.00115 -0.00211 -0.00075
198030.758 0.00168 -0.00063 -0.00113
198030.762 0.01222 0.00079 -0.00185
198030.766 0.00501 0.00661 -0.00023
198030.770 0.00208 0.00042 0.00003
198030.774 0.00147 0.00002 -0.00049
198030.778 0.00176 -0.00007 0.00010
198030.782 0.00244 -0.00009 -0.00077
198030.786 0.00171 0.00017 -0.00099
198030.790 0.00031 -0.00122 -0.00106
198030.794 0.00056 -0.00220 -0.00017
198030.798 -0.00026 -0.00260 -0.00009
198030.802 -0.00049 -0.00332 0.00037
198030.806 0.00035 -0.00244 -0.00040
198030.810 -0.00063 -0.00251 0.00073
198030.814 0.00061 -0.00269 0.00044
198030.818 0.00124 -0.00394 -0.00052
198030.822 0.00110 -0.00262 0.00010
198030.826 0.00061 -0.00182 0.00026
198030.830 0.00063 -0.00236 0.00045
198030.834 0.00033 -0.00220 -0.00052
198030.838 0.00117 -0.00110 0.00040
198030.842 0.00138 -0.00278 -0.00009
198030.846 0.00068 -0.00155 -0.00052
198030.850 0.00155 -0.00215 -0.00003
198030.854 0.00119 -0.00049 0.00009
198030.858 0.00168 -0.00155 -0.00017
